year    month   day   hour  minute  B_enl V_enl   n_enl       T_enl
[year] [month] [day] [hour][minute] [nT]  [km/s]  [cm-3]      [kK]
2012   12        9     0   3    3.03   360.6   14.0      32.499
2012   12        9     0  13    3.02   361.0   13.9      32.449
2012   12        9     0  23    3.01   361.3   13.8      32.393
2012   12        9     0  33    2.99   361.6   13.7      32.326
2012   12        9     0  43    2.98   361.9   13.6      32.250
2012   12        9     0  53    2.97   362.2   13.5      32.168
2012   12        9     1   3    2.96   362.4   13.4      32.081
2012   12        9     1  13    2.95   362.6   13.3      31.987
2012   12        9     1  23    2.94   362.9   13.2      31.895
2012   12        9     1  32    2.93   363.1   13.2      31.806
2012   12        9     1  42    2.91   363.3   13.1      31.719
2012   12        9     1  52    2.90   363.6   13.0      31.634
2012   12        9     2   2    2.89   363.8   12.9      31.550
2012   12        9     2  12    2.88   364.0   12.9      31.468
2012   12        9     2  22    2.87   364.2   12.8      31.387
2012   12        9     2  32    2.86   364.4   12.7      31.308
2012   12        9     2  42    2.85   364.7   12.6      31.229
2012   12        9     2  52    2.84   364.9   12.6      31.151
2012   12        9     3   2    2.83   365.1   12.5      31.073
2012   12        9     3  11    2.82   365.3   12.4      30.996
2012   12        9     3  21    2.81   365.5   12.4      30.920
2012   12        9     3  31    2.80   365.7   12.3      30.845
2012   12        9     3  41    2.79   365.9   12.2      30.770
2012   12        9     3  51    2.78   366.1   12.2      30.695
2012   12        9     4   1    2.77   366.3   12.1      30.620
2012   12        9     4  11    2.76   366.5   12.1      30.544
2012   12        9     4  21    2.75   366.7   12.0      30.467
2012   12        9     4  31    2.74   366.9   11.9      30.389
2012   12        9     4  41    2.73   367.1   11.9      30.309
2012   12        9     4  51    2.72   367.3   11.8      30.228
2012   12        9     5   1    2.71   367.5   11.7      30.143
2012   12        9     5  11    2.70   367.6   11.7      30.055
2012   12        9     5  21    2.69   367.8   11.6      29.966
2012   12        9     5  31    2.68   368.0   11.5      29.874
2012   12        9     5  41    2.67   368.1   11.5      29.775
2012   12        9     5  50    2.66   368.3   11.4      29.673
2012   12        9     6   0    2.65   368.4   11.3      29.568
2012   12        9     6  10    2.64   368.5   11.3      29.461
2012   12        9     6  20    2.63   368.6   11.2      29.350
2012   12        9     6  30    2.62   368.7   11.2      29.243
2012   12        9     6  40    2.61   368.8   11.1      29.137
2012   12        9     6  50    2.60   368.8   11.0      29.033
2012   12        9     7   0    2.59   368.9   11.0      28.932
2012   12        9     7  10    2.58   369.0   10.9      28.833
2012   12        9     7  20    2.57   369.0   10.9      28.735
2012   12        9     7  30    2.56   369.1   10.8      28.641
2012   12        9     7  40    2.55   369.1   10.8      28.547
2012   12        9     7  50    2.54   369.2   10.7      28.457
2012   12        9     8   0    2.53   369.2   10.7      28.367
2012   12        9     8  10    2.52   369.3   10.6      28.280
2012   12        9     8  20    2.52   369.3   10.6      28.194
2012   12        9     8  30    2.51   369.4   10.6      28.109
2012   12        9     8  40    2.50   369.4   10.5      28.026
2012   12        9     8  50    2.49   369.4   10.5      27.944
2012   12        9     8  59    2.49   369.4   10.4      27.863
2012   12        9     9   9    2.48   369.5   10.4      27.783
2012   12        9     9  19    2.47   369.5   10.4      27.704
2012   12        9     9  29    2.46   369.5   10.3      27.626
2012   12        9     9  39    2.46   369.5   10.3      27.548
2012   12        9     9  49    2.45   369.5   10.2      27.472
2012   12        9     9  59    2.44   369.5   10.2      27.394
2012   12        9    10   9    2.43   369.6   10.2      27.317
2012   12        9    10  19    2.43   369.6   10.1      27.240
2012   12        9    10  29    2.42   369.6   10.1      27.163
2012   12        9    10  38    2.41   369.6   10.1      27.085
2012   12        9    10  48    2.41   369.5   10.0      27.007
2012   12        9    10  58    2.40   369.5   10.0      26.929
2012   12        9    11   8    2.39   369.5   10.0      26.852
2012   12        9    11  18    2.39   369.5   10.0      26.774
2012   12        9    11  28    2.38   369.5    9.9      26.697
2012   12        9    11  38    2.37   369.5    9.9      26.619
2012   12        9    11  48    2.37   369.4    9.9      26.543
2012   12        9    11  58    2.36   369.4    9.8      26.467
2012   12        9    12   8    2.35   369.4    9.8      26.393
2012   12        9    12  18    2.35   369.4    9.8      26.319
2012   12        9    12  28    2.34   369.3    9.8      26.247
2012   12        9    12  38    2.34   369.3    9.7      26.176
2012   12        9    12  48    2.33   369.2    9.7      26.107
2012   12        9    12  58    2.33   369.2    9.7      26.039
2012   12        9    13   8    2.32   369.1    9.7      25.972
2012   12        9    13  18    2.31   369.1    9.7      25.907
2012   12        9    13  28    2.31   369.0    9.6      25.843
2012   12        9    13  38    2.30   369.0    9.6      25.780
2012   12        9    13  48    2.30   368.9    9.6      25.718
2012   12        9    13  58    2.29   368.9    9.6      25.658
2012   12        9    14   7    2.29   368.8    9.5      25.598
2012   12        9    14  17    2.28   368.7    9.5      25.540
2012   12        9    14  27    2.28   368.7    9.5      25.483
2012   12        9    14  37    2.27   368.6    9.5      25.426
2012   12        9    14  47    2.27   368.5    9.5      25.371
2012   12        9    14  57    2.26   368.5    9.4      25.316
2012   12        9    15   7    2.26   368.4    9.4      25.261
2012   12        9    15  17    2.26   368.4    9.4      25.208
2012   12        9    15  27    2.25   368.3    9.4      25.155
2012   12        9    15  37    2.25   368.2    9.4      25.102
2012   12        9    15  47    2.24   368.2    9.3      25.050
2012   12        9    15  57    2.24   368.1    9.3      24.999
2012   12        9    16   7    2.23   368.0    9.3      24.948
2012   12        9    16  17    2.23   368.0    9.3      24.897
2012   12        9    16  26    2.23   367.9    9.3      24.846
2012   12        9    16  36    2.22   367.8    9.3      24.796
2012   12        9    16  46    2.22   367.8    9.2      24.746
2012   12        9    16  56    2.21   367.7    9.2      24.695
2012   12        9    17   6    2.21   367.6    9.2      24.645
2012   12        9    17  16    2.21   367.5    9.2      24.595
2012   12        9    17  26    2.20   367.4    9.2      24.544
2012   12        9    17  36    2.20   367.3    9.2      24.493
2012   12        9    17  46    2.19   367.2    9.1      24.443
2012   12        9    17  56    2.19   367.1    9.1      24.392
2012   12        9    18   5    2.19   367.0    9.1      24.341
2012   12        9    18  15    2.18   366.9    9.1      24.291
2012   12        9    18  25    2.18   366.8    9.1      24.241
2012   12        9    18  35    2.18   366.7    9.1      24.191
2012   12        9    18  45    2.17   366.6    9.1      24.142
2012   12        9    18  55    2.17   366.5    9.1      24.094
2012   12        9    19   5    2.17   366.4    9.1      24.047
2012   12        9    19  15    2.16   366.3    9.0      24.000
2012   12        9    19  25    2.16   366.2    9.0      23.955
2012   12        9    19  35    2.16   366.1    9.0      23.911
2012   12        9    19  45    2.15   366.0    9.0      23.870
2012   12        9    19  55    2.15   365.9    9.0      23.830
2012   12        9    20   5    2.15   365.8    9.0      23.792
2012   12        9    20  15    2.15   365.7    9.0      23.755
2012   12        9    20  25    2.14   365.6    9.0      23.719
2012   12        9    20  35    2.14   365.5    9.0      23.685
2012   12        9    20  45    2.14   365.4    9.0      23.650
2012   12        9    20  55    2.13   365.3    9.0      23.616
2012   12        9    21   5    2.13   365.2    9.0      23.583
2012   12        9    21  15    2.13   365.1    9.0      23.550
2012   12        9    21  25    2.13   365.0    9.0      23.517
2012   12        9    21  35    2.12   364.9    9.0      23.484
2012   12        9    21  45    2.12   364.8    8.9      23.452
2012   12        9    21  55    2.12   364.7    8.9      23.419
2012   12        9    22   4    2.12   364.6    8.9      23.386
2012   12        9    22  14    2.11   364.5    8.9      23.353
2012   12        9    22  24    2.11   364.3    8.9      23.321
2012   12        9    22  34    2.11   364.2    8.9      23.288
2012   12        9    22  44    2.11   364.1    8.9      23.255
2012   12        9    22  54    2.10   364.0    8.9      23.221
2012   12        9    23   4    2.10   363.9    8.9      23.188
2012   12        9    23  14    2.10   363.8    8.9      23.154
2012   12        9    23  24    2.10   363.7    8.9      23.121
2012   12        9    23  34    2.09   363.6    8.9      23.087
2012   12        9    23  44    2.09   363.5    8.9      23.053
2012   12        9    23  53    2.09   363.4    8.9      23.018
2012   12       10     0   3    2.09   363.3    8.9      22.984
2012   12       10     0  13    2.08   363.2    8.8      22.950
2012   12       10     0  23    2.08   363.1    8.8      22.916
2012   12       10     0  33    2.08   363.0    8.8      22.882
2012   12       10     0  43    2.08   362.9    8.8      22.848
2012   12       10     0  53    2.08   362.7    8.8      22.814
2012   12       10     1   3    2.07   362.6    8.8      22.781
2012   12       10     1  13    2.07   362.5    8.8      22.748
2012   12       10     1  23    2.07   362.4    8.8      22.715
2012   12       10     1  33    2.07   362.3    8.8      22.682
2012   12       10     1  42    2.06   362.2    8.8      22.650
2012   12       10     1  52    2.06   362.1    8.8      22.619
2012   12       10     2   2    2.06   362.0    8.8      22.587
2012   12       10     2  12    2.06   361.8    8.8      22.557
2012   12       10     2  22    2.06   361.7    8.8      22.526
2012   12       10     2  32    2.05   361.6    8.8      22.497
2012   12       10     2  42    2.05   361.5    8.8      22.468
2012   12       10     2  52    2.05   361.4    8.8      22.439
2012   12       10     3   2    2.05   361.3    8.8      22.412
2012   12       10     3  12    2.05   361.1    8.8      22.385
2012   12       10     3  22    2.04   361.0    8.8      22.359
2012   12       10     3  32    2.04   360.9    8.8      22.334
2012   12       10     3  42    2.04   360.8    8.8      22.309
2012   12       10     3  52    2.04   360.7    8.8      22.284
2012   12       10     4   2    2.04   360.6    8.8      22.260
2012   12       10     4  12    2.04   360.5    8.7      22.235
2012   12       10     4  22    2.03   360.3    8.7      22.211
2012   12       10     4  32    2.03   360.2    8.7      22.186
2012   12       10     4  42    2.03   360.1    8.7      22.161
2012   12       10     4  52    2.03   360.0    8.7      22.137
2012   12       10     5   2    2.03   359.9    8.7      22.112
2012   12       10     5  12    2.03   359.8    8.7      22.088
2012   12       10     5  22    2.02   359.7    8.7      22.063
2012   12       10     5  32    2.02   359.6    8.7      22.039
2012   12       10     5  41    2.02   359.4    8.7      22.015
2012   12       10     5  51    2.02   359.3    8.7      21.990
2012   12       10     6   1    2.02   359.2    8.7      21.966
2012   12       10     6  11    2.02   359.1    8.7      21.942
2012   12       10     6  21    2.02   359.0    8.7      21.918
2012   12       10     6  31    2.01   358.9    8.7      21.894
2012   12       10     6  41    2.01   358.8    8.7      21.870
2012   12       10     6  51    2.01   358.6    8.7      21.847
2012   12       10     7   1    2.01   358.5    8.7      21.823
2012   12       10     7  11    2.01   358.4    8.7      21.800
2012   12       10     7  20    2.01   358.3    8.7      21.777
2012   12       10     7  30    2.01   358.2    8.7      21.754
2012   12       10     7  40    2.00   358.1    8.7      21.731
2012   12       10     7  50    2.00   358.0    8.7      21.708
2012   12       10     8   0    2.00   357.9    8.7      21.686
2012   12       10     8  10    2.00   357.7    8.7      21.663
2012   12       10     8  20    2.00   357.6    8.7      21.641
2012   12       10     8  30    2.00   357.5    8.7      21.619
2012   12       10     8  40    2.00   357.4    8.7      21.597
2012   12       10     8  50    1.99   357.3    8.7      21.575
2012   12       10     9   0    1.99   357.2    8.7      21.554
2012   12       10     9  10    1.99   357.1    8.7      21.532
2012   12       10     9  19    1.99   357.0    8.7      21.511
2012   12       10     9  29    1.99   356.9    8.7      21.490
2012   12       10     9  39    1.99   356.8    8.7      21.469
2012   12       10     9  49    1.99   356.7    8.7      21.447
2012   12       10     9  59    1.99   356.6    8.7      21.426
2012   12       10    10   9    1.98   356.4    8.7      21.405
2012   12       10    10  19    1.98   356.3    8.7      21.383
2012   12       10    10  29    1.98   356.2    8.7      21.362
2012   12       10    10  39    1.98   356.1    8.7      21.341
2012   12       10    10  49    1.98   356.0    8.7      21.320
2012   12       10    10  59    1.98   355.9    8.7      21.298
2012   12       10    11   9    1.98   355.8    8.7      21.277
2012   12       10    11  19    1.98   355.7    8.7      21.256
2012   12       10    11  29    1.98   355.6    8.7      21.235
2012   12       10    11  39    1.97   355.5    8.7      21.214
2012   12       10    11  49    1.97   355.4    8.7      21.192
2012   12       10    11  59    1.97   355.3    8.7      21.171
2012   12       10    12   9    1.97   355.2    8.7      21.150
2012   12       10    12  19    1.97   355.0    8.7      21.130
2012   12       10    12  29    1.97   354.9    8.7      21.109
2012   12       10    12  39    1.97   354.8    8.7      21.088
2012   12       10    12  49    1.97   354.7    8.7      21.067
2012   12       10    12  59    1.97   354.6    8.7      21.047
2012   12       10    13   9    1.96   354.5    8.7      21.027
2012   12       10    13  18    1.96   354.4    8.7      21.007
2012   12       10    13  28    1.96   354.3    8.7      20.988
2012   12       10    13  38    1.96   354.1    8.7      20.968
2012   12       10    13  48    1.96   354.0    8.7      20.949
2012   12       10    13  58    1.96   353.9    8.7      20.931
2012   12       10    14   8    1.96   353.8    8.7      20.912
2012   12       10    14  18    1.96   353.7    8.7      20.895
2012   12       10    14  28    1.96   353.6    8.7      20.877
2012   12       10    14  38    1.96   353.4    8.7      20.860
2012   12       10    14  47    1.96   353.3    8.7      20.844
2012   12       10    14  57    1.95   353.2    8.7      20.828
2012   12       10    15   7    1.95   353.1    8.7      20.812
2012   12       10    15  17    1.95   353.0    8.7      20.797
2012   12       10    15  27    1.95   352.9    8.7      20.782
2012   12       10    15  37    1.95   352.8    8.7      20.768
2012   12       10    15  47    1.95   352.6    8.7      20.754
2012   12       10    15  57    1.95   352.5    8.7      20.741
2012   12       10    16   7    1.95   352.4    8.7      20.727
2012   12       10    16  17    1.95   352.3    8.7      20.715
2012   12       10    16  27    1.95   352.2    8.7      20.702
2012   12       10    16  37    1.95   352.1    8.7      20.690
2012   12       10    16  47    1.95   352.0    8.7      20.678
2012   12       10    16  56    1.95   351.9    8.7      20.666
2012   12       10    17   6    1.95   351.7    8.7      20.654
2012   12       10    17  16    1.95   351.6    8.7      20.642
2012   12       10    17  26    1.95   351.5    8.7      20.631
2012   12       10    17  36    1.95   351.4    8.7      20.620
2012   12       10    17  46    1.95   351.3    8.7      20.608
2012   12       10    17  56    1.95   351.2    8.7      20.597
2012   12       10    18   6    1.95   351.1    8.7      20.586
2012   12       10    18  16    1.95   350.9    8.8      20.576
2012   12       10    18  26    1.95   350.8    8.8      20.565
2012   12       10    18  36    1.94   350.7    8.8      20.555
2012   12       10    18  46    1.94   350.6    8.8      20.545
2012   12       10    18  56    1.94   350.5    8.8      20.535
2012   12       10    19   6    1.94   350.4    8.8      20.525
2012   12       10    19  16    1.94   350.3    8.8      20.515
2012   12       10    19  26    1.94   350.2    8.8      20.506
2012   12       10    19  36    1.94   350.1    8.8      20.496
2012   12       10    19  46    1.94   349.9    8.8      20.487
2012   12       10    19  56    1.94   349.8    8.8      20.479
2012   12       10    20   6    1.94   349.7    8.8      20.470
2012   12       10    20  16    1.94   349.6    8.8      20.462
2012   12       10    20  26    1.94   349.5    8.8      20.453
2012   12       10    20  36    1.94   349.4    8.8      20.446
2012   12       10    20  46    1.94   349.3    8.8      20.438
2012   12       10    20  55    1.94   349.2    8.9      20.431
2012   12       10    21   5    1.95   349.1    8.9      20.423
2012   12       10    21  15    1.95   349.0    8.9      20.416
2012   12       10    21  25    1.95   348.9    8.9      20.410
2012   12       10    21  35    1.95   348.8    8.9      20.404
2012   12       10    21  45    1.95   348.7    8.9      20.397
2012   12       10    21  55    1.95   348.5    8.9      20.392
2012   12       10    22   5    1.95   348.4    8.9      20.386
2012   12       10    22  15    1.95   348.3    8.9      20.381
2012   12       10    22  24    1.95   348.2    8.9      20.376
2012   12       10    22  34    1.95   348.1    8.9      20.371
2012   12       10    22  44    1.95   348.0    8.9      20.367
2012   12       10    22  54    1.95   347.9    9.0      20.363
2012   12       10    23   4    1.95   347.8    9.0      20.359
2012   12       10    23  14    1.95   347.7    9.0      20.355
2012   12       10    23  24    1.95   347.6    9.0      20.352
2012   12       10    23  34    1.95   347.5    9.0      20.349
2012   12       10    23  44    1.95   347.4    9.0      20.346
2012   12       10    23  54    1.95   347.3    9.0      20.344
2012   12       11     0   4    1.95   347.2    9.0      20.342
2012   12       11     0  14    1.95   347.1    9.0      20.341
2012   12       11     0  24    1.96   347.0    9.0      20.339
2012   12       11     0  34    1.96   346.9    9.1      20.339
2012   12       11     0  44    1.96   346.8    9.1      20.338
2012   12       11     0  53    1.96   346.7    9.1      20.338
2012   12       11     1   3    1.96   346.6    9.1      20.338
2012   12       11     1  13    1.96   346.5    9.1      20.339
2012   12       11     1  23    1.96   346.4    9.1      20.341
2012   12       11     1  33    1.96   346.3    9.1      20.342
2012   12       11     1  43    1.96   346.2    9.1      20.345
2012   12       11     1  53    1.97   346.1    9.2      20.348
2012   12       11     2   3    1.97   346.0    9.2      20.351
2012   12       11     2  13    1.97   345.9    9.2      20.355
2012   12       11     2  23    1.97   345.8    9.2      20.360
2012   12       11     2  33    1.97   345.7    9.2      20.364
2012   12       11     2  43    1.97   345.6    9.2      20.369
2012   12       11     2  53    1.97   345.6    9.2      20.374
2012   12       11     3   3    1.98   345.5    9.3      20.379
2012   12       11     3  13    1.98   345.4    9.3      20.384
2012   12       11     3  23    1.98   345.3    9.3      20.389
2012   12       11     3  33    1.98   345.2    9.3      20.394
2012   12       11     3  43    1.98   345.1    9.3      20.399
2012   12       11     3  53    1.98   345.0    9.3      20.404
2012   12       11     4   3    1.99   345.0    9.3      20.409
2012   12       11     4  13    1.99   344.9    9.4      20.414
2012   12       11     4  23    1.99   344.8    9.4      20.419
2012   12       11     4  33    1.99   344.7    9.4      20.424
2012   12       11     4  43    1.99   344.6    9.4      20.429
2012   12       11     4  53    2.00   344.5    9.4      20.434
2012   12       11     5   3    2.00   344.5    9.4      20.439
2012   12       11     5  13    2.00   344.4    9.4      20.444
2012   12       11     5  23    2.00   344.3    9.4      20.449
2012   12       11     5  33    2.00   344.2    9.5      20.454
2012   12       11     5  43    2.01   344.2    9.5      20.458
2012   12       11     5  53    2.01   344.1    9.5      20.463
2012   12       11     6   3    2.01   344.0    9.5      20.467
2012   12       11     6  13    2.01   343.9    9.5      20.472
2012   12       11     6  23    2.01   343.8    9.5      20.476
2012   12       11     6  33    2.02   343.8    9.5      20.481
2012   12       11     6  43    2.02   343.7    9.6      20.485
2012   12       11     6  53    2.02   343.6    9.6      20.490
2012   12       11     7   3    2.02   343.5    9.6      20.494
2012   12       11     7  13    2.03   343.5    9.6      20.499
2012   12       11     7  23    2.03   343.4    9.6      20.503
2012   12       11     7  33    2.03   343.3    9.6      20.508
2012   12       11     7  43    2.03   343.2    9.6      20.513
2012   12       11     7  53    2.03   343.2    9.6      20.518
2012   12       11     8   3    2.04   343.1    9.7      20.524
2012   12       11     8  13    2.04   343.0    9.7      20.529
2012   12       11     8  23    2.04   343.0    9.7      20.535
2012   12       11     8  33    2.05   342.9    9.7      20.541
2012   12       11     8  43    2.05   342.8    9.7      20.548
2012   12       11     8  53    2.05   342.7    9.7      20.555
2012   12       11     9   3    2.05   342.7    9.7      20.563
2012   12       11     9  13    2.06   342.6    9.8      20.571
2012   12       11     9  23    2.06   342.5    9.8      20.580
2012   12       11     9  33    2.06   342.4    9.8      20.590
2012   12       11     9  43    2.07   342.4    9.8      20.600
2012   12       11     9  53    2.07   342.3    9.8      20.610
2012   12       11    10   3    2.07   342.2    9.8      20.621
2012   12       11    10  13    2.08   342.2    9.9      20.633
2012   12       11    10  23    2.08   342.1    9.9      20.645
2012   12       11    10  33    2.08   342.0    9.9      20.657
2012   12       11    10  43    2.09   342.0    9.9      20.670
2012   12       11    10  53    2.09   341.9    9.9      20.684
2012   12       11    11   3    2.09   341.9   10.0      20.698
2012   12       11    11  13    2.10   341.8   10.0      20.712
2012   12       11    11  23    2.10   341.7   10.0      20.727
2012   12       11    11  33    2.11   341.7   10.0      20.744
2012   12       11    11  43    2.11   341.6   10.0      20.761
2012   12       11    11  53    2.11   341.6   10.1      20.780
2012   12       11    12   3    2.12   341.5   10.1      20.800
2012   12       11    12  13    2.12   341.5   10.1      20.820
2012   12       11    12  23    2.13   341.4   10.1      20.840
2012   12       11    12  33    2.13   341.4   10.2      20.861
2012   12       11    12  43    2.14   341.4   10.2      20.883
2012   12       11    12  53    2.14   341.3   10.2      20.905
2012   12       11    13   3    2.14   341.3   10.2      20.929
2012   12       11    13  13    2.15   341.2   10.2      20.953
2012   12       11    13  23    2.15   341.2   10.3      20.977
2012   12       11    13  33    2.16   341.2   10.3      21.002
2012   12       11    13  43    2.16   341.1   10.3      21.026
2012   12       11    13  53    2.16   341.1   10.3      21.049
2012   12       11    14   3    2.17   341.1   10.3      21.072
2012   12       11    14  13    2.17   341.0   10.4      21.094
2012   12       11    14  23    2.18   341.0   10.4      21.116
2012   12       11    14  33    2.18   341.0   10.4      21.137
2012   12       11    14  43    2.18   340.9   10.4      21.158
2012   12       11    14  53    2.19   340.9   10.4      21.178
2012   12       11    15   2    2.19   340.9   10.4      21.198
2012   12       11    15  12    2.20   340.9   10.5      21.217
2012   12       11    15  22    2.20   340.8   10.5      21.237
2012   12       11    15  32    2.20   340.8   10.5      21.256
2012   12       11    15  42    2.21   340.8   10.5      21.275
2012   12       11    15  52    2.21   340.7   10.5      21.294
2012   12       11    16   2    2.22   340.7   10.5      21.312
2012   12       11    16  12    2.22   340.7   10.6      21.331
2012   12       11    16  22    2.22   340.6   10.6      21.350
2012   12       11    16  32    2.23   340.6   10.6      21.369
2012   12       11    16  42    2.23   340.6   10.6      21.388
2012   12       11    16  52    2.24   340.5   10.6      21.407
2012   12       11    17   2    2.24   340.5   10.7      21.427
2012   12       11    17  12    2.25   340.5   10.7      21.447
2012   12       11    17  22    2.25   340.5   10.7      21.468
2012   12       11    17  32    2.26   340.4   10.7      21.489
2012   12       11    17  42    2.26   340.4   10.7      21.511
2012   12       11    17  52    2.26   340.4   10.8      21.534
2012   12       11    18   2    2.27   340.4   10.8      21.558
2012   12       11    18  12    2.27   340.4   10.8      21.583
2012   12       11    18  22    2.28   340.3   10.8      21.609
2012   12       11    18  32    2.28   340.3   10.9      21.636
2012   12       11    18  42    2.29   340.3   10.9      21.665
2012   12       11    18  52    2.30   340.3   10.9      21.698
2012   12       11    19   2    2.30   340.3   11.0      21.733
2012   12       11    19  12    2.31   340.4   11.0      21.770
2012   12       11    19  22    2.31   340.4   11.0      21.810
2012   12       11    19  32    2.32   340.4   11.1      21.850
2012   12       11    19  42    2.32   340.4   11.1      21.891
2012   12       11    19  52    2.33   340.4   11.1      21.933
2012   12       11    20   2    2.33   340.4   11.2      21.978
2012   12       11    20  12    2.34   340.5   11.2      22.025
2012   12       11    20  22    2.35   340.5   11.2      22.074
2012   12       11    20  32    2.35   340.6   11.2      22.125
2012   12       11    20  42    2.36   340.6   11.3      22.177
2012   12       11    20  52    2.36   340.6   11.3      22.228
2012   12       11    21   2    2.37   340.7   11.3      22.277
2012   12       11    21  12    2.37   340.7   11.4      22.324
2012   12       11    21  22    2.37   340.8   11.4      22.370
2012   12       11    21  32    2.38   340.8   11.4      22.415
2012   12       11    21  42    2.38   340.9   11.4      22.458
2012   12       11    21  52    2.39   340.9   11.4      22.500
2012   12       11    22   2    2.39   341.0   11.5      22.540
2012   12       11    22  12    2.40   341.0   11.5      22.579
2012   12       11    22  22    2.40   341.1   11.5      22.617
2012   12       11    22  32    2.40   341.1   11.5      22.654
2012   12       11    22  42    2.41   341.2   11.5      22.689
2012   12       11    22  52    2.41   341.3   11.5      22.724
2012   12       11    23   2    2.42   341.3   11.5      22.758
2012   12       11    23  12    2.42   341.4   11.6      22.791
2012   12       11    23  22    2.42   341.4   11.6      22.823
2012   12       11    23  32    2.43   341.5   11.6      22.855
2012   12       11    23  42    2.43   341.5   11.6      22.886
2012   12       11    23  52    2.43   341.6   11.6      22.916
2012   12       12     0   2    2.44   341.6   11.6      22.946
2012   12       12     0  12    2.44   341.7   11.6      22.975
2012   12       12     0  22    2.44   341.7   11.6      23.004
2012   12       12     0  32    2.45   341.8   11.7      23.032
2012   12       12     0  42    2.45   341.8   11.7      23.061
2012   12       12     0  52    2.45   341.9   11.7      23.089
2012   12       12     1   2    2.46   342.0   11.7      23.117
2012   12       12     1  12    2.46   342.0   11.7      23.144
2012   12       12     1  22    2.47   342.1   11.7      23.172
2012   12       12     1  31    2.47   342.1   11.7      23.200
2012   12       12     1  41    2.47   342.2   11.7      23.228
2012   12       12     1  51    2.48   342.2   11.8      23.256
2012   12       12     2   1    2.48   342.3   11.8      23.286
2012   12       12     2  11    2.48   342.4   11.8      23.317
2012   12       12     2  21    2.49   342.4   11.8      23.350
2012   12       12     2  31    2.49   342.5   11.8      23.383
2012   12       12     2  41    2.49   342.6   11.8      23.418
2012   12       12     2  51    2.50   342.6   11.9      23.452
2012   12       12     3   1    2.50   342.7   11.9      23.486
2012   12       12     3  11    2.50   342.8   11.9      23.522
2012   12       12     3  21    2.51   342.8   11.9      23.559
2012   12       12     3  31    2.51   342.9   11.9      23.598
2012   12       12     3  41    2.52   343.0   11.9      23.638
2012   12       12     3  51    2.52   343.1   12.0      23.680
2012   12       12     4   1    2.52   343.2   12.0      23.721
2012   12       12     4  11    2.53   343.3   12.0      23.763
2012   12       12     4  21    2.53   343.4   12.0      23.805
2012   12       12     4  31    2.53   343.5   12.0      23.847
2012   12       12     4  41    2.53   343.6   12.0      23.888
2012   12       12     4  51    2.54   343.7   12.1      23.930
2012   12       12     5   1    2.54   343.8   12.1      23.970
2012   12       12     5  11    2.54   343.9   12.1      24.008
2012   12       12     5  21    2.54   344.0   12.1      24.046
2012   12       12     5  31    2.55   344.1   12.1      24.083
2012   12       12     5  41    2.55   344.2   12.1      24.119
2012   12       12     5  51    2.55   344.3   12.1      24.154
2012   12       12     6   1    2.55   344.4   12.1      24.188
2012   12       12     6  11    2.56   344.5   12.1      24.222
2012   12       12     6  21    2.56   344.6   12.1      24.255
2012   12       12     6  31    2.56   344.7   12.1      24.288
2012   12       12     6  41    2.56   344.8   12.1      24.322
2012   12       12     6  51    2.56   344.9   12.1      24.356
2012   12       12     7   1    2.56   345.0   12.1      24.390
2012   12       12     7  11    2.57   345.1   12.2      24.424
2012   12       12     7  21    2.57   345.3   12.2      24.457
2012   12       12     7  31    2.57   345.4   12.2      24.489
2012   12       12     7  41    2.57   345.5   12.2      24.520
2012   12       12     7  51    2.57   345.6   12.2      24.549
2012   12       12     8   1    2.57   345.7   12.2      24.578
2012   12       12     8  11    2.57   345.8   12.2      24.606
2012   12       12     8  21    2.57   345.9   12.2      24.633
2012   12       12     8  31    2.58   346.0   12.2      24.659
2012   12       12     8  41    2.58   346.2   12.2      24.684
2012   12       12     8  51    2.58   346.3   12.1      24.708
2012   12       12     9   1    2.58   346.4   12.1      24.732
2012   12       12     9  11    2.58   346.5   12.1      24.755
2012   12       12     9  20    2.58   346.6   12.1      24.778
2012   12       12     9  30    2.58   346.7   12.1      24.800
2012   12       12     9  40    2.58   346.8   12.1      24.821
2012   12       12     9  50    2.58   346.9   12.1      24.843
2012   12       12    10   0    2.58   347.0   12.1      24.864
2012   12       12    10  10    2.59   347.1   12.1      24.885
2012   12       12    10  20    2.59   347.2   12.1      24.906
2012   12       12    10  30    2.59   347.4   12.1      24.928
2012   12       12    10  40    2.59   347.5   12.1      24.951
2012   12       12    10  50    2.59   347.6   12.1      24.974
2012   12       12    11   0    2.59   347.7   12.1      24.998
2012   12       12    11  10    2.59   347.8   12.1      25.022
2012   12       12    11  20    2.59   347.9   12.1      25.047
2012   12       12    11  30    2.59   348.1   12.1      25.072
2012   12       12    11  40    2.59   348.2   12.1      25.097
2012   12       12    11  50    2.59   348.3   12.1      25.121
2012   12       12    12   0    2.59   348.4   12.1      25.146
2012   12       12    12  10    2.59   348.6   12.1      25.170
2012   12       12    12  20    2.59   348.7   12.1      25.192
2012   12       12    12  30    2.59   348.8   12.1      25.213
2012   12       12    12  40    2.59   349.0   12.1      25.233
2012   12       12    12  50    2.59   349.1   12.1      25.253
2012   12       12    13   0    2.59   349.2   12.1      25.271
2012   12       12    13  10    2.59   349.3   12.1      25.289
2012   12       12    13  20    2.59   349.4   12.1      25.306
2012   12       12    13  30    2.59   349.5   12.1      25.322
2012   12       12    13  40    2.59   349.6   12.1      25.339
2012   12       12    13  50    2.59   349.7   12.1      25.357
2012   12       12    14   0    2.59   349.8   12.1      25.376
2012   12       12    14  10    2.59   350.0   12.0      25.395
2012   12       12    14  20    2.59   350.1   12.0      25.416
2012   12       12    14  30    2.59   350.2   12.0      25.437
2012   12       12    14  40    2.59   350.3   12.0      25.457
2012   12       12    14  50    2.58   350.4   12.0      25.475
2012   12       12    15   0    2.58   350.6   12.0      25.493
2012   12       12    15  10    2.58   350.7   12.0      25.510
2012   12       12    15  20    2.58   350.8   12.0      25.525
2012   12       12    15  30    2.58   350.9   12.0      25.540
2012   12       12    15  40    2.58   351.1   12.0      25.553
2012   12       12    15  49    2.58   351.2   12.0      25.566
2012   12       12    15  59    2.57   351.3   11.9      25.577
2012   12       12    16   9    2.57   351.4   11.9      25.588
2012   12       12    16  19    2.57   351.6   11.9      25.598
2012   12       12    16  29    2.57   351.7   11.9      25.607
2012   12       12    16  39    2.57   351.8   11.9      25.615
2012   12       12    16  49    2.56   351.9   11.9      25.622
2012   12       12    16  59    2.56   352.1   11.9      25.629
2012   12       12    17   9    2.56   352.2   11.8      25.636
2012   12       12    17  19    2.56   352.3   11.8      25.642
2012   12       12    17  29    2.56   352.4   11.8      25.647
2012   12       12    17  39    2.55   352.6   11.8      25.652
2012   12       12    17  49    2.55   352.7   11.8      25.658
2012   12       12    17  59    2.55   352.8   11.8      25.663
2012   12       12    18   9    2.55   352.9   11.7      25.669
2012   12       12    18  19    2.54   353.1   11.7      25.675
2012   12       12    18  29    2.54   353.2   11.7      25.681
2012   12       12    18  39    2.54   353.4   11.7      25.687
2012   12       12    18  49    2.54   353.5   11.7      25.691
2012   12       12    18  59    2.53   353.6   11.6      25.693
2012   12       12    19   9    2.53   353.8   11.6      25.694
2012   12       12    19  19    2.53   353.9   11.6      25.694
2012   12       12    19  29    2.52   354.0   11.6      25.691
2012   12       12    19  39    2.52   354.2   11.6      25.687
2012   12       12    19  49    2.52   354.3   11.5      25.681
2012   12       12    19  59    2.51   354.4   11.5      25.673
2012   12       12    20   9    2.51   354.5   11.5      25.663
2012   12       12    20  19    2.50   354.6   11.4      25.651
2012   12       12    20  28    2.50   354.7   11.4      25.639
2012   12       12    20  38    2.50   354.8   11.4      25.624
2012   12       12    20  48    2.49   354.9   11.4      25.607
2012   12       12    20  58    2.49   355.0   11.3      25.589
2012   12       12    21   8    2.48   355.1   11.3      25.570
2012   12       12    21  18    2.48   355.2   11.3      25.549
2012   12       12    21  28    2.47   355.2   11.2      25.529
2012   12       12    21  38    2.47   355.3   11.2      25.509
2012   12       12    21  48    2.46   355.4   11.2      25.489
2012   12       12    21  58    2.46   355.5   11.2      25.469
2012   12       12    22   8    2.45   355.6   11.1      25.448
2012   12       12    22  18    2.45   355.7   11.1      25.428
2012   12       12    22  28    2.44   355.7   11.1      25.407
2012   12       12    22  38    2.44   355.8   11.1      25.386
2012   12       12    22  48    2.44   355.9   11.0      25.364
2012   12       12    22  58    2.43   356.0   11.0      25.342
2012   12       12    23   8    2.43   356.1   11.0      25.319
2012   12       12    23  18    2.42   356.2   10.9      25.296
2012   12       12    23  28    2.42   356.2   10.9      25.271
2012   12       12    23  38    2.41   356.3   10.9      25.245
2012   12       12    23  48    2.41   356.4   10.8      25.218
2012   12       12    23  58    2.40   356.4   10.8      25.189
2012   12       13     0   8    2.39   356.5   10.8      25.159
2012   12       13     0  18    2.39   356.6   10.8      25.129
2012   12       13     0  28    2.38   356.6   10.7      25.097
2012   12       13     0  38    2.38   356.7   10.7      25.065
2012   12       13     0  48    2.37   356.7   10.7      25.032
2012   12       13     0  58    2.37   356.8   10.6      24.999
2012   12       13     1   8    2.36   356.9   10.6      24.965
2012   12       13     1  18    2.36   356.9   10.6      24.930
2012   12       13     1  28    2.35   357.0   10.5      24.895
2012   12       13     1  38    2.35   357.0   10.5      24.859
2012   12       13     1  48    2.34   357.1   10.5      24.823
2012   12       13     1  58    2.34   357.2   10.4      24.787
2012   12       13     2   7    2.33   357.2   10.4      24.749
2012   12       13     2  17    2.33   357.3   10.4      24.711
2012   12       13     2  27    2.32   357.3   10.4      24.673
2012   12       13     2  37    2.32   357.3   10.3      24.633
2012   12       13     2  47    2.31   357.4   10.3      24.592
2012   12       13     2  57    2.31   357.4   10.3      24.550
2012   12       13     3   7    2.30   357.4   10.2      24.508
2012   12       13     3  17    2.30   357.5   10.2      24.464
2012   12       13     3  27    2.29   357.5   10.2      24.419
2012   12       13     3  37    2.28   357.5   10.1      24.373
2012   12       13     3  47    2.28   357.5   10.1      24.327
2012   12       13     3  57    2.27   357.6   10.1      24.278
2012   12       13     4   7    2.27   357.6   10.0      24.228
2012   12       13     4  17    2.26   357.6   10.0      24.176
2012   12       13     4  27    2.26   357.6   10.0      24.123
2012   12       13     4  37    2.25   357.6    9.9      24.069
2012   12       13     4  47    2.24   357.6    9.9      24.015
2012   12       13     4  57    2.24   357.6    9.8      23.962
2012   12       13     5   7    2.23   357.6    9.8      23.909
2012   12       13     5  17    2.23   357.6    9.8      23.857
2012   12       13     5  27    2.22   357.6    9.8      23.806
2012   12       13     5  37    2.22   357.5    9.7      23.755
2012   12       13     5  47    2.21   357.5    9.7      23.704
2012   12       13     5  57    2.21   357.5    9.7      23.654
2012   12       13     6   7    2.20   357.5    9.6      23.604
2012   12       13     6  17    2.20   357.5    9.6      23.554
2012   12       13     6  27    2.19   357.5    9.6      23.504
2012   12       13     6  37    2.19   357.5    9.5      23.453
2012   12       13     6  47    2.18   357.4    9.5      23.401
2012   12       13     6  57    2.18   357.4    9.5      23.348
2012   12       13     7   7    2.17   357.3    9.4      23.294
2012   12       13     7  17    2.17   357.2    9.4      23.238
2012   12       13     7  27    2.16   357.2    9.4      23.181
2012   12       13     7  36    2.16   357.1    9.4      23.123
2012   12       13     7  46    2.15   357.0    9.3      23.064
2012   12       13     7  56    2.15   357.0    9.3      23.005
2012   12       13     8   6    2.15   356.9    9.3      22.946
2012   12       13     8  16    2.14   356.8    9.3      22.887
2012   12       13     8  26    2.14   356.7    9.3      22.830
2012   12       13     8  36    2.13   356.6    9.2      22.772
2012   12       13     8  46    2.13   356.5    9.2      22.716
2012   12       13     8  56    2.12   356.5    9.2      22.661
2012   12       13     9   6    2.12   356.4    9.2      22.608
2012   12       13     9  16    2.12   356.3    9.2      22.556
2012   12       13     9  26    2.11   356.2    9.2      22.507
2012   12       13     9  36    2.11   356.1    9.1      22.459
2012   12       13     9  46    2.11   356.0    9.1      22.412
2012   12       13     9  56    2.10   355.9    9.1      22.365
2012   12       13    10   6    2.10   355.8    9.1      22.320
2012   12       13    10  16    2.10   355.8    9.1      22.274
2012   12       13    10  26    2.09   355.7    9.1      22.228
2012   12       13    10  36    2.09   355.6    9.0      22.182
2012   12       13    10  46    2.09   355.5    9.0      22.137
2012   12       13    10  56    2.08   355.4    9.0      22.091
2012   12       13    11   5    2.08   355.3    9.0      22.045
2012   12       13    11  15    2.08   355.2    9.0      21.999
2012   12       13    11  25    2.07   355.1    9.0      21.954
2012   12       13    11  35    2.07   355.0    8.9      21.908
2012   12       13    11  45    2.07   354.9    8.9      21.863
2012   12       13    11  55    2.06   354.8    8.9      21.818
2012   12       13    12   5    2.06   354.7    8.9      21.774
2012   12       13    12  15    2.06   354.6    8.9      21.729
2012   12       13    12  25    2.05   354.5    8.9      21.685
2012   12       13    12  35    2.05   354.4    8.9      21.642
2012   12       13    12  45    2.05   354.3    8.8      21.598
2012   12       13    12  55    2.05   354.2    8.8      21.555
2012   12       13    13   5    2.04   354.1    8.8      21.513
2012   12       13    13  15    2.04   354.0    8.8      21.471
2012   12       13    13  25    2.04   353.9    8.8      21.429
2012   12       13    13  35    2.04   353.8    8.8      21.388
2012   12       13    13  45    2.03   353.7    8.8      21.347
2012   12       13    13  55    2.03   353.6    8.7      21.307
2012   12       13    14   5    2.03   353.4    8.7      21.266
2012   12       13    14  15    2.03   353.3    8.7      21.226
2012   12       13    14  25    2.02   353.2    8.7      21.185
2012   12       13    14  35    2.02   353.1    8.7      21.144
2012   12       13    14  45    2.02   352.9    8.7      21.103
2012   12       13    14  55    2.02   352.8    8.7      21.061
2012   12       13    15   5    2.02   352.7    8.7      21.020
2012   12       13    15  15    2.02   352.5    8.7      20.979
2012   12       13    15  25    2.01   352.4    8.7      20.940
2012   12       13    15  35    2.01   352.2    8.7      20.901
2012   12       13    15  44    2.01   352.1    8.7      20.864
2012   12       13    15  54    2.01   352.0    8.7      20.828
2012   12       13    16   4    2.01   351.8    8.7      20.794
2012   12       13    16  14    2.01   351.7    8.7      20.762
2012   12       13    16  24    2.01   351.6    8.7      20.732
2012   12       13    16  34    2.00   351.4    8.7      20.704
2012   12       13    16  44    2.00   351.3    8.7      20.678
2012   12       13    16  54    2.00   351.2    8.7      20.653
2012   12       13    17   4    2.00   351.1    8.7      20.630
2012   12       13    17  14    2.00   350.9    8.7      20.607
2012   12       13    17  24    2.00   350.8    8.7      20.585
2012   12       13    17  34    2.00   350.7    8.7      20.562
2012   12       13    17  44    2.00   350.5    8.7      20.539
2012   12       13    17  54    2.00   350.4    8.7      20.515
2012   12       13    18   4    1.99   350.3    8.7      20.491
2012   12       13    18  14    1.99   350.1    8.7      20.467
2012   12       13    18  24    1.99   350.0    8.7      20.443
2012   12       13    18  34    1.99   349.9    8.7      20.418
2012   12       13    18  44    1.99   349.7    8.7      20.394
2012   12       13    18  54    1.99   349.6    8.7      20.369
2012   12       13    19   4    1.99   349.5    8.6      20.344
2012   12       13    19  14    1.99   349.3    8.6      20.319
2012   12       13    19  24    1.99   349.2    8.6      20.294
2012   12       13    19  34    1.99   349.1    8.6      20.269
2012   12       13    19  44    1.99   348.9    8.6      20.244
2012   12       13    19  54    1.99   348.8    8.6      20.219
2012   12       13    20   4    1.98   348.7    8.6      20.194
2012   12       13    20  14    1.98   348.5    8.6      20.169
2012   12       13    20  24    1.98   348.4    8.6      20.144
2012   12       13    20  33    1.98   348.3    8.6      20.119
2012   12       13    20  43    1.98   348.1    8.6      20.094
2012   12       13    20  53    1.98   348.0    8.6      20.069
2012   12       13    21   3    1.98   347.9    8.6      20.045
2012   12       13    21  13    1.98   347.7    8.6      20.020
2012   12       13    21  23    1.98   347.6    8.6      19.996
2012   12       13    21  33    1.98   347.5    8.6      19.972
2012   12       13    21  43    1.98   347.4    8.6      19.949
2012   12       13    21  53    1.98   347.2    8.6      19.925
2012   12       13    22   3    1.98   347.1    8.6      19.902
2012   12       13    22  13    1.98   347.0    8.6      19.879
2012   12       13    22  23    1.98   346.9    8.6      19.856
2012   12       13    22  33    1.98   346.7    8.6      19.834
2012   12       13    22  43    1.98   346.6    8.6      19.812
2012   12       13    22  53    1.98   346.5    8.6      19.790
2012   12       13    23   3    1.98   346.4    8.6      19.769
2012   12       13    23  13    1.98   346.2    8.6      19.748
2012   12       13    23  22    1.98   346.1    8.6      19.727
2012   12       13    23  32    1.98   346.0    8.6      19.708
2012   12       13    23  42    1.98   345.8    8.6      19.688
2012   12       13    23  52    1.98   345.7    8.6      19.669
2012   12       14     0   2    1.98   345.6    8.6      19.651
2012   12       14     0  12    1.98   345.4    8.6      19.633
2012   12       14     0  22    1.98   345.3    8.6      19.615
2012   12       14     0  32    1.98   345.2    8.6      19.598
2012   12       14     0  42    1.98   345.0    8.6      19.581
2012   12       14     0  52    1.98   344.9    8.6      19.565
2012   12       14     1   2    1.98   344.8    8.6      19.550
2012   12       14     1  12    1.98   344.6    8.6      19.535
2012   12       14     1  22    1.98   344.5    8.6      19.520
2012   12       14     1  32    1.98   344.4    8.7      19.506
2012   12       14     1  42    1.98   344.3    8.7      19.492
2012   12       14     1  52    1.98   344.1    8.7      19.479
2012   12       14     2   2    1.98   344.0    8.7      19.466
2012   12       14     2  12    1.98   343.9    8.7      19.453
2012   12       14     2  22    1.99   343.7    8.7      19.441
2012   12       14     2  32    1.99   343.6    8.7      19.430
2012   12       14     2  42    1.99   343.5    8.7      19.419
2012   12       14     2  52    1.99   343.4    8.7      19.408
2012   12       14     3   2    1.99   343.2    8.7      19.397
2012   12       14     3  12    1.99   343.1    8.7      19.387
2012   12       14     3  22    1.99   343.0    8.7      19.377
2012   12       14     3  32    1.99   342.9    8.7      19.367
2012   12       14     3  42    1.99   342.7    8.7      19.357
2012   12       14     3  52    2.00   342.6    8.7      19.347
2012   12       14     4   1    2.00   342.5    8.7      19.337
2012   12       14     4  11    2.00   342.4    8.7      19.328
2012   12       14     4  21    2.00   342.2    8.7      19.318
2012   12       14     4  31    2.00   342.1    8.8      19.308
2012   12       14     4  41    2.00   342.0    8.8      19.298
2012   12       14     4  51    2.00   341.8    8.8      19.288
2012   12       14     5   1    2.01   341.7    8.8      19.278
2012   12       14     5  11    2.01   341.6    8.8      19.268
2012   12       14     5  21    2.01   341.5    8.8      19.258
2012   12       14     5  31    2.01   341.3    8.8      19.247
2012   12       14     5  41    2.01   341.2    8.8      19.236
2012   12       14     5  51    2.01   341.1    8.8      19.226
2012   12       14     6   1    2.01   340.9    8.8      19.215
2012   12       14     6  11    2.02   340.8    8.8      19.205
2012   12       14     6  21    2.02   340.7    8.8      19.194
2012   12       14     6  30    2.02   340.5    8.8      19.183
2012   12       14     6  40    2.02   340.4    8.8      19.173
2012   12       14     6  50    2.02   340.3    8.8      19.163
2012   12       14     7   0    2.03   340.1    8.8      19.152
2012   12       14     7  10    2.03   340.0    8.8      19.142
2012   12       14     7  20    2.03   339.9    8.9      19.133
2012   12       14     7  30    2.03   339.7    8.9      19.123
2012   12       14     7  40    2.03   339.6    8.9      19.114
2012   12       14     7  50    2.04   339.5    8.9      19.106
2012   12       14     8   0    2.04   339.3    8.9      19.098
2012   12       14     8  10    2.04   339.2    8.9      19.090
2012   12       14     8  20    2.04   339.1    8.9      19.083
2012   12       14     8  30    2.05   339.0    8.9      19.077
2012   12       14     8  40    2.05   338.8    8.9      19.072
2012   12       14     8  50    2.05   338.7    8.9      19.067
2012   12       14     9   0    2.06   338.6    9.0      19.063
2012   12       14     9  10    2.06   338.4    9.0      19.060
2012   12       14     9  20    2.06   338.3    9.0      19.058
2012   12       14     9  30    2.06   338.2    9.0      19.058
2012   12       14     9  40    2.07   338.1    9.0      19.058
2012   12       14     9  50    2.07   338.0    9.0      19.059
2012   12       14    10   0    2.08   337.8    9.0      19.062
2012   12       14    10  10    2.08   337.7    9.1      19.065
2012   12       14    10  19    2.08   337.6    9.1      19.070
2012   12       14    10  30    2.09   337.5    9.1      19.076
2012   12       14    10  39    2.09   337.4    9.1      19.083
2012   12       14    10  49    2.10   337.3    9.2      19.092
2012   12       14    10  59    2.10   337.2    9.2      19.102
2012   12       14    11   9    2.11   337.1    9.2      19.113
2012   12       14    11  19    2.11   337.0    9.2      19.125
2012   12       14    11  29    2.12   336.9    9.3      19.138
2012   12       14    11  39    2.12   336.8    9.3      19.153
2012   12       14    11  49    2.13   336.7    9.3      19.169
2012   12       14    11  59    2.13   336.6    9.3      19.186
2012   12       14    12   9    2.14   336.5    9.4      19.203
2012   12       14    12  19    2.14   336.4    9.4      19.222
2012   12       14    12  29    2.15   336.4    9.4      19.242
2012   12       14    12  39    2.15   336.3    9.5      19.264
2012   12       14    12  49    2.16   336.2    9.5      19.288
2012   12       14    12  59    2.17   336.2    9.5      19.314
2012   12       14    13   9    2.17   336.1    9.6      19.344
2012   12       14    13  18    2.18   336.1    9.6      19.377
2012   12       14    13  28    2.18   336.0    9.6      19.412
2012   12       14    13  38    2.19   336.0    9.6      19.449
2012   12       14    13  48    2.19   336.0    9.7      19.486
2012   12       14    13  58    2.20   335.9    9.7      19.523
2012   12       14    14   8    2.21   335.9    9.7      19.560
2012   12       14    14  18    2.21   335.8    9.8      19.595
2012   12       14    14  28    2.22   335.8    9.8      19.630
2012   12       14    14  38    2.22   335.7    9.8      19.663
2012   12       14    14  48    2.23   335.7    9.8      19.697
2012   12       14    14  58    2.23   335.6    9.9      19.729
2012   12       14    15   8    2.24   335.6    9.9      19.760
2012   12       14    15  18    2.24   335.5    9.9      19.791
2012   12       14    15  28    2.25   335.5    9.9      19.822
2012   12       14    15  38    2.25   335.4   10.0      19.851
2012   12       14    15  48    2.26   335.4   10.0      19.881
2012   12       14    15  57    2.27   335.3   10.0      19.910
2012   12       14    16   7    2.27   335.3   10.0      19.939
2012   12       14    16  17    2.28   335.2   10.1      19.967
2012   12       14    16  27    2.28   335.2   10.1      19.996
2012   12       14    16  37    2.29   335.2   10.1      20.024
2012   12       14    16  47    2.29   335.1   10.1      20.053
2012   12       14    16  57    2.30   335.1   10.2      20.081
2012   12       14    17   7    2.31   335.0   10.2      20.110
2012   12       14    17  17    2.31   335.0   10.2      20.140
2012   12       14    17  27    2.32   335.0   10.3      20.170
2012   12       14    17  37    2.33   334.9   10.3      20.200
2012   12       14    17  47    2.33   334.9   10.3      20.231
2012   12       14    17  57    2.34   334.8   10.4      20.263
2012   12       14    18   7    2.35   334.8   10.4      20.297
2012   12       14    18  17    2.35   334.8   10.4      20.331
2012   12       14    18  27    2.36   334.8   10.5      20.367
2012   12       14    18  37    2.37   334.7   10.5      20.404
2012   12       14    18  47    2.38   334.7   10.5      20.443
2012   12       14    18  57    2.38   334.7   10.6      20.484
2012   12       14    19   7    2.39   334.7   10.6      20.529
2012   12       14    19  17    2.40   334.7   10.7      20.576
2012   12       14    19  27    2.41   334.7   10.7      20.626
2012   12       14    19  37    2.42   334.7   10.8      20.680
2012   12       14    19  47    2.43   334.7   10.8      20.735
2012   12       14    19  56    2.44   334.7   10.9      20.793
2012   12       14    20   6    2.44   334.8   10.9      20.854
2012   12       14    20  16    2.45   334.8   11.0      20.921
2012   12       14    20  26    2.46   334.9   11.1      20.995
2012   12       14    20  36    2.47   334.9   11.1      21.074
2012   12       14    20  46    2.48   335.0   11.2      21.158
2012   12       14    20  56    2.49   335.1   11.2      21.245
2012   12       14    21   6    2.50   335.2   11.2      21.332
2012   12       14    21  16    2.50   335.3   11.3      21.416
2012   12       14    21  26    2.51   335.4   11.3      21.498
2012   12       14    21  36    2.52   335.5   11.4      21.577
2012   12       14    21  45    2.53   335.6   11.4      21.653
2012   12       14    21  55    2.54   335.7   11.4      21.728
2012   12       14    22   5    2.54   335.8   11.5      21.799
2012   12       14    22  15    2.55   335.9   11.5      21.869
2012   12       14    22  25    2.56   336.0   11.5      21.936
2012   12       14    22  35    2.56   336.1   11.6      22.001
2012   12       14    22  45    2.57   336.2   11.6      22.064
2012   12       14    22  55    2.58   336.3   11.6      22.125
2012   12       14    23   5    2.58   336.4   11.7      22.185
2012   12       14    23  15    2.59   336.5   11.7      22.242
2012   12       14    23  25    2.60   336.7   11.7      22.299
2012   12       14    23  35    2.60   336.8   11.7      22.353
2012   12       14    23  45    2.61   336.9   11.8      22.407
2012   12       14    23  55    2.62   337.0   11.8      22.459
2012   12       15     0   5    2.62   337.1   11.8      22.510
2012   12       15     0  15    2.63   337.2   11.8      22.560
2012   12       15     0  25    2.63   337.3   11.8      22.609
2012   12       15     0  35    2.64   337.5   11.9      22.656
2012   12       15     0  45    2.65   337.6   11.9      22.704
2012   12       15     0  55    2.65   337.7   11.9      22.750
2012   12       15     1   5    2.66   337.8   11.9      22.796
2012   12       15     1  15    2.67   337.9   11.9      22.841
2012   12       15     1  25    2.67   338.0   12.0      22.886
2012   12       15     1  35    2.68   338.1   12.0      22.931
2012   12       15     1  45    2.68   338.2   12.0      22.976
2012   12       15     1  54    2.69   338.3   12.0      23.021
2012   12       15     2   4    2.70   338.4   12.1      23.066
2012   12       15     2  14    2.70   338.5   12.1      23.112
2012   12       15     2  24    2.71   338.7   12.1      23.160
2012   12       15     2  34    2.72   338.8   12.1      23.209
2012   12       15     2  44    2.72   338.9   12.2      23.260
2012   12       15     2  54    2.73   339.0   12.2      23.313
2012   12       15     3   4    2.74   339.1   12.2      23.367
2012   12       15     3  14    2.74   339.2   12.3      23.421
2012   12       15     3  24    2.75   339.3   12.3      23.478
2012   12       15     3  34    2.76   339.4   12.3      23.538
2012   12       15     3  44    2.77   339.6   12.3      23.601
2012   12       15     3  53    2.77   339.7   12.4      23.668
2012   12       15     4   3    2.78   339.9   12.4      23.739
2012   12       15     4  13    2.79   340.0   12.4      23.812
2012   12       15     4  23    2.79   340.2   12.5      23.885
2012   12       15     4  33    2.80   340.3   12.5      23.958
2012   12       15     4  43    2.81   340.5   12.5      24.029
2012   12       15     4  53    2.81   340.7   12.5      24.099
2012   12       15     5   3    2.82   340.9   12.6      24.168
2012   12       15     5  13    2.83   341.1   12.6      24.236
2012   12       15     5  23    2.83   341.2   12.6      24.303
2012   12       15     5  33    2.84   341.4   12.6      24.368
2012   12       15     5  43    2.84   341.6   12.6      24.433
2012   12       15     5  53    2.85   341.8   12.7      24.496
2012   12       15     6   2    2.85   342.0   12.7      24.558
2012   12       15     6  12    2.86   342.2   12.7      24.617
2012   12       15     6  22    2.86   342.4   12.7      24.676
2012   12       15     6  32    2.87   342.6   12.7      24.733
2012   12       15     6  42    2.87   342.8   12.7      24.788
2012   12       15     6  52    2.88   343.0   12.7      24.843
2012   12       15     7   2    2.88   343.2   12.7      24.896
2012   12       15     7  12    2.89   343.4   12.8      24.948
2012   12       15     7  22    2.89   343.7   12.8      24.999
2012   12       15     7  32    2.89   343.9   12.8      25.050
2012   12       15     7  42    2.90   344.1   12.8      25.100
2012   12       15     7  52    2.90   344.3   12.8      25.149
2012   12       15     8   2    2.91   344.5   12.8      25.197
2012   12       15     8  12    2.91   344.7   12.8      25.247
2012   12       15     8  22    2.92   344.9   12.8      25.296
2012   12       15     8  32    2.92   345.1   12.8      25.346
2012   12       15     8  42    2.93   345.3   12.8      25.397
2012   12       15     8  52    2.93   345.6   12.8      25.447
2012   12       15     9   2    2.93   345.8   12.8      25.498
2012   12       15     9  12    2.94   346.0   12.8      25.547
2012   12       15     9  22    2.94   346.2   12.8      25.595
2012   12       15     9  32    2.95   346.5   12.8      25.643
2012   12       15     9  42    2.95   346.7   12.8      25.690
2012   12       15     9  51    2.95   346.9   12.8      25.736
2012   12       15    10   1    2.96   347.1   12.8      25.782
2012   12       15    10  11    2.96   347.3   12.8      25.828
2012   12       15    10  21    2.97   347.5   12.8      25.873
2012   12       15    10  31    2.97   347.7   12.8      25.917
2012   12       15    10  41    2.97   348.0   12.8      25.962
2012   12       15    10  51    2.98   348.2   12.9      26.006
2012   12       15    11   1    2.98   348.4   12.9      26.051
2012   12       15    11  11    2.99   348.6   12.9      26.095
2012   12       15    11  21    2.99   348.8   12.9      26.140
2012   12       15    11  30    2.99   349.0   12.9      26.186
2012   12       15    11  40    3.00   349.2   12.9      26.232
2012   12       15    11  50    3.00   349.4   12.9      26.279
2012   12       15    12   0    3.00   349.7   12.9      26.325
2012   12       15    12  10    3.01   349.9   12.9      26.372
2012   12       15    12  20    3.01   350.1   12.9      26.418
2012   12       15    12  30    3.01   350.3   12.9      26.464
2012   12       15    12  40    3.02   350.5   12.9      26.510
2012   12       15    12  50    3.02   350.7   12.9      26.556
2012   12       15    13   0    3.02   351.0   12.9      26.602
2012   12       15    13  10    3.03   351.2   12.9      26.647
2012   12       15    13  20    3.03   351.4   12.9      26.692
2012   12       15    13  29    3.03   351.6   12.9      26.737
2012   12       15    13  39    3.04   351.8   12.9      26.781
2012   12       15    13  49    3.04   352.1   12.9      26.824
2012   12       15    13  59    3.04   352.3   12.9      26.867
2012   12       15    14   9    3.05   352.5   12.9      26.910
2012   12       15    14  19    3.05   352.7   12.9      26.952
2012   12       15    14  29    3.05   353.0   12.8      26.993
2012   12       15    14  39    3.06   353.2   12.8      27.034
2012   12       15    14  49    3.06   353.4   12.8      27.075
2012   12       15    14  59    3.06   353.6   12.8      27.115
2012   12       15    15   9    3.07   353.8   12.8      27.155
2012   12       15    15  19    3.07   354.1   12.8      27.196
2012   12       15    15  29    3.07   354.3   12.8      27.237
2012   12       15    15  39    3.07   354.5   12.8      27.279
2012   12       15    15  49    3.08   354.8   12.8      27.322
2012   12       15    15  59    3.08   355.0   12.8      27.365
2012   12       15    16   9    3.08   355.3   12.8      27.408
2012   12       15    16  19    3.09   355.5   12.8      27.451
2012   12       15    16  29    3.09   355.8   12.8      27.492
2012   12       15    16  39    3.09   356.0   12.8      27.532
2012   12       15    16  49    3.09   356.2   12.8      27.571
2012   12       15    16  59    3.10   356.5   12.8      27.610
2012   12       15    17   9    3.10   356.7   12.8      27.648
2012   12       15    17  19    3.10   357.0   12.8      27.686
2012   12       15    17  28    3.10   357.2   12.8      27.723
2012   12       15    17  38    3.11   357.5   12.8      27.760
2012   12       15    17  48    3.11   357.7   12.8      27.796
2012   12       15    17  58    3.11   357.9   12.8      27.832
2012   12       15    18   8    3.11   358.2   12.8      27.867
2012   12       15    18  18    3.11   358.4   12.7      27.902
2012   12       15    18  28    3.12   358.7   12.7      27.937
2012   12       15    18  38    3.12   358.9   12.7      27.972
2012   12       15    18  48    3.12   359.2   12.7      28.007
2012   12       15    18  57    3.12   359.4   12.7      28.041
2012   12       15    19   7    3.12   359.7   12.7      28.076
2012   12       15    19  17    3.12   359.9   12.7      28.109
2012   12       15    19  27    3.13   360.2   12.7      28.142
2012   12       15    19  37    3.13   360.4   12.7      28.174
2012   12       15    19  47    3.13   360.7   12.6      28.205
2012   12       15    19  57    3.13   360.9   12.6      28.235
2012   12       15    20   7    3.13   361.2   12.6      28.264
2012   12       15    20  17    3.13   361.4   12.6      28.292
2012   12       15    20  27    3.13   361.7   12.6      28.319
2012   12       15    20  37    3.14   361.9   12.6      28.345
2012   12       15    20  47    3.14   362.2   12.6      28.371
2012   12       15    20  57    3.14   362.5   12.5      28.395
2012   12       15    21   7    3.14   362.7   12.5      28.419
2012   12       15    21  16    3.14   363.0   12.5      28.442
2012   12       15    21  26    3.14   363.2   12.5      28.464
2012   12       15    21  36    3.14   363.5   12.5      28.485
2012   12       15    21  46    3.14   363.7   12.5      28.506
2012   12       15    21  56    3.14   364.0   12.4      28.525
2012   12       15    22   6    3.14   364.2   12.4      28.544
2012   12       15    22  16    3.14   364.5   12.4      28.563
2012   12       15    22  26    3.14   364.8   12.4      28.581
2012   12       15    22  36    3.14   365.0   12.4      28.598
2012   12       15    22  46    3.14   365.3   12.3      28.614
2012   12       15    22  56    3.15   365.5   12.3      28.630
2012   12       15    23   6    3.15   365.8   12.3      28.646
2012   12       15    23  16    3.15   366.0   12.3      28.661
2012   12       15    23  26    3.15   366.3   12.3      28.675
2012   12       15    23  36    3.15   366.6   12.2      28.689
2012   12       15    23  46    3.15   366.8   12.2      28.703
2012   12       15    23  56    3.15   367.1   12.2      28.716
2012   12       16     0   6    3.15   367.3   12.2      28.729
2012   12       16     0  16    3.15   367.6   12.2      28.742
2012   12       16     0  26    3.15   367.8   12.1      28.755
2012   12       16     0  36    3.15   368.1   12.1      28.767
2012   12       16     0  46    3.15   368.3   12.1      28.779
2012   12       16     0  55    3.15   368.6   12.1      28.791
2012   12       16     1   5    3.15   368.8   12.1      28.803
2012   12       16     1  15    3.15   369.0   12.0      28.814
2012   12       16     1  25    3.15   369.3   12.0      28.826
2012   12       16     1  35    3.15   369.5   12.0      28.838
2012   12       16     1  45    3.15   369.8   12.0      28.849
2012   12       16     1  55    3.15   370.0   12.0      28.861
2012   12       16     2   5    3.15   370.3   11.9      28.873
2012   12       16     2  15    3.15   370.5   11.9      28.885
2012   12       16     2  24    3.15   370.8   11.9      28.898
2012   12       16     2  34    3.15   371.0   11.9      28.912
2012   12       16     2  44    3.15   371.3   11.9      28.926
2012   12       16     2  54    3.15   371.5   11.9      28.940
2012   12       16     3   4    3.15   371.8   11.8      28.953
2012   12       16     3  14    3.15   372.0   11.8      28.967
2012   12       16     3  24    3.15   372.3   11.8      28.980
2012   12       16     3  34    3.15   372.5   11.8      28.994
2012   12       16     3  44    3.15   372.8   11.8      29.007
2012   12       16     3  54    3.15   373.0   11.7      29.021
2012   12       16     4   4    3.15   373.3   11.7      29.034
2012   12       16     4  14    3.15   373.5   11.7      29.048
2012   12       16     4  24    3.15   373.8   11.7      29.061
2012   12       16     4  34    3.15   374.0   11.7      29.075
2012   12       16     4  44    3.14   374.3   11.6      29.088
2012   12       16     4  54    3.14   374.5   11.6      29.101
2012   12       16     5   3    3.14   374.8   11.6      29.114
2012   12       16     5  13    3.14   375.0   11.6      29.127
2012   12       16     5  23    3.14   375.2   11.6      29.141
2012   12       16     5  33    3.14   375.5   11.5      29.154
2012   12       16     5  43    3.14   375.7   11.5      29.168
2012   12       16     5  53    3.14   376.0   11.5      29.183
2012   12       16     6   3    3.14   376.2   11.5      29.198
2012   12       16     6  13    3.14   376.4   11.5      29.213
2012   12       16     6  23    3.14   376.7   11.5      29.229
2012   12       16     6  33    3.14   376.9   11.4      29.246
2012   12       16     6  43    3.14   377.2   11.4      29.263
2012   12       16     6  53    3.14   377.4   11.4      29.280
2012   12       16     7   3    3.14   377.6   11.4      29.297
2012   12       16     7  13    3.13   377.9   11.4      29.315
2012   12       16     7  23    3.13   378.1   11.3      29.331
2012   12       16     7  33    3.13   378.3   11.3      29.348
2012   12       16     7  43    3.13   378.6   11.3      29.363
2012   12       16     7  53    3.13   378.8   11.3      29.378
2012   12       16     8   3    3.13   379.1   11.3      29.393
2012   12       16     8  13    3.13   379.3   11.3      29.408
2012   12       16     8  22    3.13   379.5   11.2      29.422
2012   12       16     8  32    3.13   379.8   11.2      29.435
2012   12       16     8  42    3.13   380.0   11.2      29.449
2012   12       16     8  52    3.13   380.2   11.2      29.462
2012   12       16     9   2    3.13   380.5   11.2      29.475
2012   12       16     9  12    3.13   380.7   11.1      29.488
2012   12       16     9  22    3.12   380.9   11.1      29.500
2012   12       16     9  32    3.12   381.2   11.1      29.513
2012   12       16     9  42    3.12   381.4   11.1      29.525
2012   12       16     9  52    3.12   381.6   11.1      29.537
2012   12       16    10   1    3.12   381.9   11.1      29.550
2012   12       16    10  11    3.12   382.1   11.0      29.562
2012   12       16    10  21    3.12   382.3   11.0      29.575
2012   12       16    10  31    3.12   382.5   11.0      29.589
2012   12       16    10  41    3.12   382.8   11.0      29.603
2012   12       16    10  51    3.12   383.0   11.0      29.618
2012   12       16    11   1    3.12   383.2   11.0      29.634
2012   12       16    11  11    3.12   383.5   10.9      29.651
2012   12       16    11  21    3.11   383.7   10.9      29.667
2012   12       16    11  31    3.11   383.9   10.9      29.682
2012   12       16    11  41    3.11   384.2   10.9      29.698
2012   12       16    11  51    3.11   384.4   10.9      29.713
2012   12       16    12   1    3.11   384.6   10.9      29.728
2012   12       16    12  11    3.11   384.9   10.8      29.742
2012   12       16    12  21    3.11   385.1   10.8      29.757
2012   12       16    12  31    3.11   385.3   10.8      29.771
2012   12       16    12  41    3.11   385.5   10.8      29.785
2012   12       16    12  51    3.10   385.8   10.8      29.799
2012   12       16    13   1    3.10   386.0   10.8      29.814
2012   12       16    13  11    3.10   386.2   10.7      29.828
2012   12       16    13  21    3.10   386.4   10.7      29.842
2012   12       16    13  31    3.10   386.7   10.7      29.856
2012   12       16    13  40    3.10   386.9   10.7      29.871
2012   12       16    13  50    3.10   387.1   10.7      29.885
2012   12       16    14   0    3.10   387.3   10.6      29.899
2012   12       16    14  10    3.09   387.5   10.6      29.913
2012   12       16    14  20    3.09   387.8   10.6      29.927
2012   12       16    14  30    3.09   388.0   10.6      29.940
2012   12       16    14  40    3.09   388.2   10.6      29.953
2012   12       16    14  50    3.09   388.4   10.6      29.965
2012   12       16    15   0    3.09   388.6   10.5      29.976
2012   12       16    15  10    3.08   388.9   10.5      29.987
2012   12       16    15  20    3.08   389.1   10.5      29.997
2012   12       16    15  30    3.08   389.3   10.5      30.007
2012   12       16    15  40    3.08   389.5   10.5      30.017
2012   12       16    15  49    3.08   389.7   10.4      30.026
2012   12       16    15  59    3.08   390.0   10.4      30.034
2012   12       16    16   9    3.07   390.2   10.4      30.042
2012   12       16    16  19    3.07   390.4   10.4      30.050
2012   12       16    16  29    3.07   390.6   10.4      30.057
2012   12       16    16  39    3.07   390.8   10.3      30.064
2012   12       16    16  49    3.07   391.0   10.3      30.071
2012   12       16    16  59    3.07   391.3   10.3      30.077
2012   12       16    17   9    3.06   391.5   10.3      30.083
2012   12       16    17  19    3.06   391.7   10.3      30.088
2012   12       16    17  28    3.06   391.9   10.2      30.093
2012   12       16    17  38    3.06   392.1   10.2      30.099
2012   12       16    17  48    3.06   392.3   10.2      30.104
2012   12       16    17  58    3.05   392.5   10.2      30.110
2012   12       16    18   8    3.05   392.7   10.2      30.115
2012   12       16    18  18    3.05   392.9   10.2      30.122
2012   12       16    18  28    3.05   393.1   10.1      30.128
2012   12       16    18  38    3.05   393.3   10.1      30.134
2012   12       16    18  48    3.04   393.5   10.1      30.140
2012   12       16    18  58    3.04   393.7   10.1      30.147
2012   12       16    19   8    3.04   393.9   10.1      30.153
2012   12       16    19  18    3.04   394.1   10.0      30.159
2012   12       16    19  28    3.04   394.3   10.0      30.164
2012   12       16    19  38    3.03   394.5   10.0      30.169
2012   12       16    19  48    3.03   394.7   10.0      30.174
2012   12       16    19  58    3.03   394.9   10.0      30.177
2012   12       16    20   8    3.03   395.1    9.9      30.180
2012   12       16    20  18    3.02   395.3    9.9      30.181
2012   12       16    20  28    3.02   395.5    9.9      30.182
2012   12       16    20  38    3.02   395.7    9.9      30.183
2012   12       16    20  48    3.02   395.9    9.9      30.182
2012   12       16    20  58    3.01   396.2    9.8      30.180
2012   12       16    21   8    3.01   396.4    9.8      30.178
2012   12       16    21  18    3.01   396.6    9.8      30.175
2012   12       16    21  27    3.00   396.8    9.8      30.171
2012   12       16    21  37    3.00   397.0    9.7      30.167
2012   12       16    21  47    3.00   397.2    9.7      30.161
2012   12       16    21  57    3.00   397.4    9.7      30.155
2012   12       16    22   7    2.99   397.6    9.7      30.149
2012   12       16    22  17    2.99   397.8    9.7      30.142
2012   12       16    22  27    2.99   398.0    9.6      30.134
2012   12       16    22  37    2.98   398.2    9.6      30.126
2012   12       16    22  47    2.98   398.4    9.6      30.118
2012   12       16    22  57    2.98   398.6    9.6      30.110
2012   12       16    23   7    2.97   398.8    9.5      30.100
2012   12       16    23  16    2.97   399.0    9.5      30.090
2012   12       16    23  26    2.96   399.1    9.5      30.078
2012   12       16    23  36    2.96   399.3    9.5      30.066
2012   12       16    23  46    2.96   399.5    9.4      30.052
2012   12       16    23  56    2.95   399.7    9.4      30.038
2012   12       17     0   6    2.95   399.9    9.4      30.023
2012   12       17     0  16    2.94   400.1    9.4      30.008
2012   12       17     0  26    2.94   400.2    9.3      29.993
2012   12       17     0  36    2.94   400.4    9.3      29.977
2012   12       17     0  46    2.93   400.6    9.3      29.960
2012   12       17     0  56    2.93   400.7    9.3      29.944
2012   12       17     1   5    2.93   400.9    9.3      29.926
2012   12       17     1  15    2.92   401.0    9.2      29.909
2012   12       17     1  25    2.92   401.2    9.2      29.891
2012   12       17     1  35    2.91   401.3    9.2      29.874
2012   12       17     1  45    2.91   401.5    9.2      29.857
2012   12       17     1  55    2.91   401.6    9.1      29.840
2012   12       17     2   5    2.90   401.8    9.1      29.822
2012   12       17     2  15    2.90   401.9    9.1      29.806
2012   12       17     2  25    2.89   402.0    9.1      29.789
2012   12       17     2  35    2.89   402.2    9.1      29.772
2012   12       17     2  45    2.89   402.3    9.0      29.754
2012   12       17     2  55    2.88   402.5    9.0      29.737
2012   12       17     3   5    2.88   402.6    9.0      29.719
2012   12       17     3  15    2.87   402.8    9.0      29.700
2012   12       17     3  25    2.87   402.9    9.0      29.681
2012   12       17     3  35    2.87   403.0    8.9      29.662
2012   12       17     3  45    2.86   403.2    8.9      29.641
2012   12       17     3  55    2.86   403.3    8.9      29.621
2012   12       17     4   5    2.85   403.4    8.9      29.600
2012   12       17     4  15    2.85   403.6    8.9      29.578
2012   12       17     4  25    2.85   403.7    8.8      29.557
2012   12       17     4  35    2.84   403.8    8.8      29.535
2012   12       17     4  45    2.84   404.0    8.8      29.514
2012   12       17     4  55    2.83   404.1    8.8      29.492
2012   12       17     5   4    2.83   404.2    8.8      29.470
2012   12       17     5  14    2.82   404.4    8.7      29.447
2012   12       17     5  24    2.82   404.5    8.7      29.424
2012   12       17     5  34    2.82   404.6    8.7      29.400
2012   12       17     5  44    2.81   404.8    8.7      29.377
2012   12       17     5  54    2.81   404.9    8.7      29.353
2012   12       17     6   4    2.80   405.0    8.6      29.329
2012   12       17     6  14    2.80   405.1    8.6      29.306
2012   12       17     6  24    2.79   405.3    8.6      29.282
2012   12       17     6  34    2.79   405.4    8.6      29.257
2012   12       17     6  43    2.79   405.5    8.6      29.232
2012   12       17     6  53    2.78   405.6    8.6      29.207
2012   12       17     7   3    2.78   405.7    8.5      29.180
2012   12       17     7  13    2.77   405.8    8.5      29.155
2012   12       17     7  23    2.77   405.9    8.5      29.129
2012   12       17     7  33    2.76   406.0    8.5      29.104
2012   12       17     7  43    2.76   406.1    8.5      29.078
2012   12       17     7  53    2.76   406.2    8.4      29.053
2012   12       17     8   3    2.75   406.3    8.4      29.029
2012   12       17     8  13    2.75   406.4    8.4      29.004
2012   12       17     8  23    2.74   406.5    8.4      28.980
2012   12       17     8  32    2.74   406.6    8.4      28.956
2012   12       17     8  42    2.74   406.7    8.4      28.931
2012   12       17     8  52    2.73   406.8    8.3      28.907
2012   12       17     9   2    2.73   406.8    8.3      28.883
2012   12       17     9  12    2.72   406.9    8.3      28.859
2012   12       17     9  22    2.72   407.0    8.3      28.835
2012   12       17     9  32    2.72   407.1    8.3      28.810
2012   12       17     9  42    2.71   407.2    8.3      28.785
2012   12       17     9  52    2.71   407.2    8.3      28.759
2012   12       17    10   2    2.71   407.3    8.2      28.733
2012   12       17    10  12    2.70   407.4    8.2      28.706
2012   12       17    10  22    2.70   407.5    8.2      28.679
2012   12       17    10  32    2.69   407.5    8.2      28.652
2012   12       17    10  42    2.69   407.6    8.2      28.625
2012   12       17    10  52    2.69   407.7    8.2      28.597
2012   12       17    11   2    2.68   407.8    8.1      28.569
2012   12       17    11  12    2.68   407.8    8.1      28.541
2012   12       17    11  22    2.68   407.9    8.1      28.513
2012   12       17    11  32    2.67   407.9    8.1      28.485
2012   12       17    11  42    2.67   408.0    8.1      28.457
2012   12       17    11  52    2.66   408.1    8.1      28.430
2012   12       17    12   2    2.66   408.1    8.1      28.402
2012   12       17    12  12    2.66   408.2    8.0      28.375
2012   12       17    12  22    2.65   408.2    8.0      28.348
2012   12       17    12  32    2.65   408.3    8.0      28.321
2012   12       17    12  41    2.65   408.4    8.0      28.294
2012   12       17    12  51    2.64   408.4    8.0      28.267
2012   12       17    13   1    2.64   408.5    8.0      28.239
2012   12       17    13  11    2.64   408.5    8.0      28.213
2012   12       17    13  21    2.63   408.6    7.9      28.186
2012   12       17    13  31    2.63   408.6    7.9      28.160
2012   12       17    13  41    2.63   408.7    7.9      28.134
2012   12       17    13  51    2.62   408.7    7.9      28.108
2012   12       17    14   1    2.62   408.7    7.9      28.083
2012   12       17    14  10    2.62   408.8    7.9      28.059
2012   12       17    14  20    2.61   408.8    7.9      28.035
2012   12       17    14  30    2.61   408.9    7.9      28.012
2012   12       17    14  40    2.61   408.9    7.9      27.990
2012   12       17    14  50    2.60   408.9    7.8      27.968
2012   12       17    15   0    2.60   409.0    7.8      27.947
2012   12       17    15  10    2.60   409.0    7.8      27.927
2012   12       17    15  20    2.60   409.0    7.8      27.908
2012   12       17    15  30    2.59   409.0    7.8      27.889
2012   12       17    15  40    2.59   409.1    7.8      27.871
2012   12       17    15  50    2.59   409.1    7.8      27.854
2012   12       17    16   0    2.59   409.1    7.8      27.837
2012   12       17    16   9    2.58   409.1    7.8      27.820
2012   12       17    16  19    2.58   409.2    7.8      27.803
2012   12       17    16  29    2.58   409.2    7.8      27.786
2012   12       17    16  39    2.58   409.2    7.8      27.770
2012   12       17    16  49    2.57   409.2    7.7      27.753
2012   12       17    16  59    2.57   409.3    7.7      27.736
2012   12       17    17   9    2.57   409.3    7.7      27.719
2012   12       17    17  19    2.57   409.3    7.7      27.702
2012   12       17    17  29    2.57   409.3    7.7      27.685
2012   12       17    17  39    2.56   409.3    7.7      27.667
2012   12       17    17  49    2.56   409.4    7.7      27.649
2012   12       17    17  59    2.56   409.4    7.7      27.631
2012   12       17    18   9    2.56   409.4    7.7      27.613
2012   12       17    18  19    2.55   409.4    7.7      27.594
2012   12       17    18  29    2.55   409.4    7.7      27.575
2012   12       17    18  39    2.55   409.5    7.7      27.556
2012   12       17    18  49    2.55   409.5    7.7      27.537
2012   12       17    18  59    2.55   409.5    7.7      27.518
2012   12       17    19   9    2.54   409.5    7.6      27.498
2012   12       17    19  19    2.54   409.5    7.6      27.478
2012   12       17    19  29    2.54   409.5    7.6      27.458
2012   12       17    19  39    2.54   409.6    7.6      27.438
2012   12       17    19  49    2.53   409.6    7.6      27.418
2012   12       17    19  59    2.53   409.6    7.6      27.397
2012   12       17    20   8    2.53   409.6    7.6      27.377
2012   12       17    20  18    2.53   409.6    7.6      27.356
2012   12       17    20  28    2.53   409.6    7.6      27.335
2012   12       17    20  38    2.52   409.6    7.6      27.314
2012   12       17    20  48    2.52   409.6    7.6      27.294
2012   12       17    20  58    2.52   409.6    7.6      27.273
2012   12       17    21   8    2.52   409.6    7.5      27.253
2012   12       17    21  18    2.52   409.6    7.5      27.232
2012   12       17    21  28    2.51   409.6    7.5      27.212
2012   12       17    21  37    2.51   409.6    7.5      27.192
2012   12       17    21  47    2.51   409.6    7.5      27.173
2012   12       17    21  57    2.51   409.6    7.5      27.154
2012   12       17    22   7    2.51   409.6    7.5      27.136
2012   12       17    22  17    2.51   409.6    7.5      27.118
2012   12       17    22  27    2.50   409.6    7.5      27.101
2012   12       17    22  37    2.50   409.6    7.5      27.084
2012   12       17    22  47    2.50   409.6    7.5      27.069
2012   12       17    22  57    2.50   409.6    7.5      27.053
2012   12       17    23   7    2.50   409.6    7.5      27.039
2012   12       17    23  17    2.50   409.6    7.5      27.025
2012   12       17    23  27    2.50   409.6    7.5      27.012
2012   12       17    23  37    2.49   409.6    7.5      26.999
2012   12       17    23  46    2.49   409.6    7.5      26.987
2012   12       17    23  56    2.49   409.6    7.5      26.976
2012   12       18     0   6    2.49   409.6    7.4      26.965
2012   12       18     0  16    2.49   409.6    7.4      26.955
2012   12       18     0  26    2.49   409.6    7.4      26.945
2012   12       18     0  36    2.49   409.5    7.4      26.935
2012   12       18     0  46    2.49   409.5    7.4      26.926
2012   12       18     0  56    2.48   409.5    7.4      26.918
2012   12       18     1   6    2.48   409.5    7.4      26.909
2012   12       18     1  16    2.48   409.5    7.4      26.901
2012   12       18     1  26    2.48   409.5    7.4      26.892
2012   12       18     1  36    2.48   409.5    7.4      26.884
2012   12       18     1  46    2.48   409.5    7.4      26.876
2012   12       18     1  56    2.48   409.5    7.4      26.868
2012   12       18     2   6    2.48   409.5    7.4      26.860
2012   12       18     2  16    2.48   409.5    7.4      26.852
2012   12       18     2  26    2.48   409.5    7.4      26.844
2012   12       18     2  36    2.47   409.5    7.4      26.835
2012   12       18     2  46    2.47   409.5    7.4      26.827
2012   12       18     2  56    2.47   409.5    7.4      26.818
2012   12       18     3   6    2.47   409.5    7.4      26.810
2012   12       18     3  16    2.47   409.5    7.4      26.801
2012   12       18     3  26    2.47   409.5    7.4      26.792
2012   12       18     3  35    2.47   409.5    7.4      26.782
2012   12       18     3  45    2.47   409.5    7.4      26.773
2012   12       18     3  55    2.47   409.4    7.4      26.763
2012   12       18     4   5    2.47   409.4    7.4      26.753
2012   12       18     4  15    2.46   409.4    7.4      26.743
2012   12       18     4  25    2.46   409.4    7.4      26.732
2012   12       18     4  35    2.46   409.4    7.4      26.722
2012   12       18     4  45    2.46   409.4    7.4      26.712
2012   12       18     4  55    2.46   409.4    7.4      26.701
2012   12       18     5   4    2.46   409.4    7.4      26.691
2012   12       18     5  14    2.46   409.4    7.4      26.680
2012   12       18     5  24    2.46   409.3    7.4      26.670
2012   12       18     5  34    2.46   409.3    7.4      26.660
2012   12       18     5  44    2.46   409.3    7.4      26.650
2012   12       18     5  54    2.45   409.3    7.4      26.640
2012   12       18     6   4    2.45   409.3    7.4      26.630
2012   12       18     6  14    2.45   409.3    7.4      26.621
2012   12       18     6  24    2.45   409.3    7.4      26.613
2012   12       18     6  34    2.45   409.2    7.4      26.604
2012   12       18     6  44    2.45   409.2    7.3      26.596
2012   12       18     6  54    2.45   409.2    7.3      26.589
2012   12       18     7   4    2.45   409.2    7.3      26.582
2012   12       18     7  14    2.45   409.2    7.3      26.575
2012   12       18     7  24    2.45   409.2    7.3      26.569
2012   12       18     7  33    2.45   409.2    7.3      26.563
2012   12       18     7  43    2.45   409.2    7.3      26.558
2012   12       18     7  53    2.45   409.1    7.3      26.553
2012   12       18     8   3    2.44   409.1    7.3      26.549
2012   12       18     8  13    2.44   409.1    7.3      26.545
2012   12       18     8  23    2.44   409.1    7.3      26.541
2012   12       18     8  33    2.44   409.1    7.3      26.538
2012   12       18     8  43    2.44   409.1    7.3      26.535
2012   12       18     8  53    2.44   409.1    7.3      26.532
2012   12       18     9   3    2.44   409.1    7.3      26.530
2012   12       18     9  13    2.44   409.1    7.3      26.527
2012   12       18     9  23    2.44   409.1    7.3      26.525
2012   12       18     9  33    2.44   409.1    7.3      26.523
2012   12       18     9  43    2.44   409.0    7.3      26.522
2012   12       18     9  53    2.44   409.0    7.3      26.520
2012   12       18    10   3    2.44   409.0    7.3      26.518
2012   12       18    10  13    2.44   409.0    7.3      26.516
2012   12       18    10  23    2.44   409.0    7.3      26.514
2012   12       18    10  33    2.44   409.0    7.3      26.512
2012   12       18    10  43    2.44   409.0    7.3      26.510
2012   12       18    10  53    2.44   409.0    7.3      26.508
2012   12       18    11   2    2.44   409.0    7.3      26.506
2012   12       18    11  12    2.44   409.0    7.3      26.503
2012   12       18    11  22    2.43   409.0    7.3      26.501
2012   12       18    11  32    2.43   409.0    7.3      26.498
2012   12       18    11  42    2.43   409.0    7.3      26.495
2012   12       18    11  52    2.43   409.0    7.3      26.491
2012   12       18    12   2    2.43   409.0    7.3      26.488
2012   12       18    12  12    2.43   409.0    7.3      26.484
2012   12       18    12  22    2.43   408.9    7.3      26.481
2012   12       18    12  32    2.43   408.9    7.3      26.477
2012   12       18    12  41    2.43   408.9    7.3      26.473
2012   12       18    12  51    2.43   408.9    7.3      26.469
2012   12       18    13   1    2.43   408.9    7.3      26.465
2012   12       18    13  11    2.43   408.9    7.3      26.461
2012   12       18    13  21    2.43   408.9    7.3      26.456
2012   12       18    13  31    2.43   408.9    7.3      26.452
2012   12       18    13  41    2.43   408.9    7.3      26.448
2012   12       18    13  51    2.43   408.9    7.3      26.444
2012   12       18    14   1    2.43   408.9    7.3      26.440
2012   12       18    14  11    2.42   408.9    7.3      26.436
2012   12       18    14  21    2.42   408.8    7.3      26.432
2012   12       18    14  31    2.42   408.8    7.3      26.428
2012   12       18    14  41    2.42   408.8    7.3      26.425
2012   12       18    14  51    2.42   408.8    7.3      26.421
2012   12       18    15   1    2.42   408.8    7.3      26.418
2012   12       18    15  11    2.42   408.8    7.3      26.416
2012   12       18    15  20    2.42   408.8    7.3      26.413
2012   12       18    15  30    2.42   408.8    7.3      26.411
2012   12       18    15  40    2.42   408.8    7.3      26.409
2012   12       18    15  50    2.42   408.8    7.3      26.408
2012   12       18    16   0    2.42   408.8    7.3      26.406
2012   12       18    16  10    2.42   408.8    7.3      26.405
2012   12       18    16  20    2.42   408.8    7.3      26.403
2012   12       18    16  30    2.42   408.8    7.3      26.402
2012   12       18    16  40    2.42   408.8    7.3      26.401
2012   12       18    16  50    2.42   408.8    7.3      26.399
2012   12       18    17   0    2.42   408.8    7.3      26.398
2012   12       18    17  10    2.41   408.8    7.3      26.397
2012   12       18    17  20    2.41   408.8    7.3      26.396
2012   12       18    17  30    2.41   408.8    7.3      26.394
2012   12       18    17  40    2.41   408.8    7.3      26.393
2012   12       18    17  50    2.41   408.8    7.3      26.392
2012   12       18    18   0    2.41   408.8    7.3      26.391
2012   12       18    18  10    2.41   408.8    7.3      26.390
2012   12       18    18  20    2.41   408.8    7.3      26.389
2012   12       18    18  29    2.41   408.8    7.3      26.388
2012   12       18    18  39    2.41   408.8    7.3      26.387
2012   12       18    18  49    2.41   408.8    7.3      26.386
2012   12       18    18  59    2.41   408.8    7.3      26.386
2012   12       18    19   9    2.41   408.8    7.3      26.386
2012   12       18    19  19    2.41   408.8    7.3      26.386
2012   12       18    19  29    2.41   408.8    7.3      26.386
2012   12       18    19  39    2.41   408.8    7.3      26.386
2012   12       18    19  49    2.41   408.8    7.3      26.386
2012   12       18    19  59    2.41   408.8    7.3      26.386
2012   12       18    20   8    2.41   408.8    7.3      26.386
2012   12       18    20  18    2.41   408.9    7.3      26.386
2012   12       18    20  28    2.41   408.9    7.3      26.386
2012   12       18    20  38    2.40   408.9    7.3      26.386
2012   12       18    20  48    2.40   408.9    7.3      26.387
2012   12       18    20  58    2.40   408.9    7.3      26.388
2012   12       18    21   8    2.40   408.9    7.3      26.390
2012   12       18    21  18    2.40   408.9    7.3      26.392
2012   12       18    21  28    2.40   409.0    7.3      26.393
2012   12       18    21  38    2.40   409.0    7.3      26.395
2012   12       18    21  48    2.40   409.0    7.3      26.396
2012   12       18    21  58    2.40   409.0    7.3      26.396
2012   12       18    22   8    2.40   409.0    7.3      26.397
2012   12       18    22  18    2.40   409.0    7.3      26.397
2012   12       18    22  28    2.40   409.1    7.3      26.397
2012   12       18    22  38    2.40   409.1    7.3      26.397
2012   12       18    22  48    2.40   409.1    7.3      26.397
2012   12       18    22  58    2.40   409.1    7.3      26.397
2012   12       18    23   8    2.39   409.1    7.3      26.397
2012   12       18    23  18    2.39   409.1    7.3      26.397
2012   12       18    23  28    2.39   409.2    7.2      26.397
2012   12       18    23  37    2.39   409.2    7.2      26.396
2012   12       18    23  47    2.39   409.2    7.2      26.395
2012   12       18    23  57    2.39   409.2    7.2      26.394
2012   12       19     0   7    2.39   409.2    7.2      26.393
