year    month   day   hour  minute  B_enl V_enl   n_enl       T_enl
[year] [month] [day] [hour][minute] [nT]  [km/s]  [cm-3]      [kK]
2012   12        6     0   1    1.32   362.2    5.2      16.154
2012   12        6     0  11    1.32   361.9    5.2      16.125
2012   12        6     0  21    1.31   361.6    5.2      16.097
2012   12        6     0  30    1.31   361.2    5.2      16.068
2012   12        6     0  40    1.31   360.9    5.2      16.040
2012   12        6     0  50    1.31   360.6    5.2      16.012
2012   12        6     0  59    1.31   360.3    5.2      15.984
2012   12        6     1   9    1.31   360.0    5.2      15.957
2012   12        6     1  19    1.31   359.7    5.2      15.930
2012   12        6     1  29    1.31   359.3    5.2      15.904
2012   12        6     1  38    1.31   359.0    5.2      15.877
2012   12        6     1  48    1.31   358.7    5.3      15.851
2012   12        6     1  58    1.31   358.4    5.3      15.826
2012   12        6     2   7    1.31   358.0    5.3      15.800
2012   12        6     2  17    1.31   357.7    5.3      15.775
2012   12        6     2  27    1.31   357.4    5.3      15.750
2012   12        6     2  37    1.31   357.1    5.3      15.726
2012   12        6     2  46    1.31   356.7    5.3      15.702
2012   12        6     2  56    1.31   356.4    5.3      15.678
2012   12        6     3   6    1.31   356.1    5.3      15.654
2012   12        6     3  15    1.31   355.8    5.3      15.631
2012   12        6     3  25    1.30   355.4    5.3      15.608
2012   12        6     3  35    1.30   355.1    5.3      15.585
2012   12        6     3  45    1.30   354.8    5.3      15.563
2012   12        6     3  54    1.30   354.4    5.3      15.541
2012   12        6     4   4    1.30   354.1    5.3      15.519
2012   12        6     4  14    1.30   353.8    5.3      15.498
2012   12        6     4  23    1.30   353.4    5.3      15.477
2012   12        6     4  33    1.30   353.1    5.3      15.456
2012   12        6     4  43    1.30   352.8    5.3      15.436
2012   12        6     4  52    1.30   352.5    5.4      15.416
2012   12        6     5   2    1.30   352.1    5.4      15.396
2012   12        6     5  12    1.30   351.8    5.4      15.377
2012   12        6     5  22    1.30   351.5    5.4      15.357
2012   12        6     5  31    1.30   351.1    5.4      15.338
2012   12        6     5  41    1.30   350.8    5.4      15.319
2012   12        6     5  51    1.31   350.5    5.4      15.301
2012   12        6     6   1    1.31   350.1    5.4      15.282
2012   12        6     6  10    1.31   349.8    5.4      15.264
2012   12        6     6  20    1.31   349.5    5.4      15.246
2012   12        6     6  30    1.31   349.1    5.4      15.228
2012   12        6     6  39    1.31   348.8    5.5      15.210
2012   12        6     6  49    1.31   348.5    5.5      15.192
2012   12        6     6  59    1.31   348.1    5.5      15.174
2012   12        6     7   9    1.31   347.8    5.5      15.157
2012   12        6     7  18    1.31   347.4    5.5      15.140
2012   12        6     7  28    1.31   347.1    5.5      15.123
2012   12        6     7  38    1.31   346.8    5.5      15.106
2012   12        6     7  47    1.31   346.4    5.5      15.089
2012   12        6     7  57    1.31   346.1    5.5      15.072
2012   12        6     8   7    1.31   345.8    5.5      15.056
2012   12        6     8  16    1.31   345.4    5.6      15.040
2012   12        6     8  26    1.31   345.1    5.6      15.023
2012   12        6     8  36    1.31   344.8    5.6      15.007
2012   12        6     8  46    1.32   344.4    5.6      14.992
2012   12        6     8  55    1.32   344.1    5.6      14.976
2012   12        6     9   5    1.32   343.8    5.6      14.961
2012   12        6     9  15    1.32   343.4    5.6      14.945
2012   12        6     9  24    1.32   343.1    5.6      14.931
2012   12        6     9  34    1.32   342.8    5.6      14.916
2012   12        6     9  44    1.32   342.4    5.7      14.901
2012   12        6     9  54    1.32   342.1    5.7      14.887
2012   12        6    10   3    1.32   341.8    5.7      14.873
2012   12        6    10  13    1.32   341.4    5.7      14.859
2012   12        6    10  23    1.33   341.1    5.7      14.846
2012   12        6    10  32    1.33   340.8    5.7      14.833
2012   12        6    10  42    1.33   340.4    5.7      14.821
2012   12        6    10  52    1.33   340.1    5.7      14.809
2012   12        6    11   2    1.33   339.8    5.8      14.797
2012   12        6    11  11    1.33   339.5    5.8      14.785
2012   12        6    11  21    1.33   339.1    5.8      14.775
2012   12        6    11  31    1.33   338.8    5.8      14.764
2012   12        6    11  40    1.34   338.5    5.8      14.754
2012   12        6    11  50    1.34   338.2    5.8      14.745
2012   12        6    12   0    1.34   337.8    5.9      14.736
2012   12        6    12   9    1.34   337.5    5.9      14.728
2012   12        6    12  19    1.34   337.2    5.9      14.720
2012   12        6    12  29    1.35   336.9    5.9      14.713
2012   12        6    12  39    1.35   336.6    5.9      14.706
2012   12        6    12  48    1.35   336.3    5.9      14.700
2012   12        6    12  58    1.35   336.0    6.0      14.694
2012   12        6    13   8    1.35   335.7    6.0      14.689
2012   12        6    13  17    1.36   335.4    6.0      14.684
2012   12        6    13  27    1.36   335.0    6.0      14.680
2012   12        6    13  37    1.36   334.7    6.0      14.676
2012   12        6    13  47    1.36   334.4    6.1      14.673
2012   12        6    13  56    1.37   334.1    6.1      14.671
2012   12        6    14   6    1.37   333.8    6.1      14.668
2012   12        6    14  16    1.37   333.6    6.1      14.666
2012   12        6    14  26    1.37   333.3    6.1      14.665
2012   12        6    14  35    1.38   333.0    6.2      14.664
2012   12        6    14  45    1.38   332.7    6.2      14.663
2012   12        6    14  55    1.38   332.4    6.2      14.662
2012   12        6    15   4    1.38   332.1    6.2      14.662
2012   12        6    15  14    1.39   331.8    6.3      14.662
2012   12        6    15  24    1.39   331.5    6.3      14.663
2012   12        6    15  33    1.39   331.2    6.3      14.663
2012   12        6    15  43    1.40   330.9    6.3      14.664
2012   12        6    15  53    1.40   330.7    6.3      14.665
2012   12        6    16   3    1.40   330.4    6.4      14.666
2012   12        6    16  12    1.40   330.1    6.4      14.667
2012   12        6    16  22    1.41   329.8    6.4      14.668
2012   12        6    16  32    1.41   329.5    6.4      14.669
2012   12        6    16  41    1.41   329.3    6.5      14.671
2012   12        6    16  51    1.42   329.0    6.5      14.672
2012   12        6    17   1    1.42   328.7    6.5      14.674
2012   12        6    17  11    1.42   328.4    6.5      14.675
2012   12        6    17  20    1.43   328.2    6.6      14.677
2012   12        6    17  30    1.43   327.9    6.6      14.679
2012   12        6    17  40    1.43   327.6    6.6      14.680
2012   12        6    17  49    1.44   327.3    6.6      14.682
2012   12        6    17  59    1.44   327.1    6.7      14.684
2012   12        6    18   9    1.44   326.8    6.7      14.686
2012   12        6    18  19    1.45   326.5    6.7      14.688
2012   12        6    18  28    1.45   326.3    6.7      14.690
2012   12        6    18  38    1.45   326.0    6.8      14.692
2012   12        6    18  48    1.46   325.7    6.8      14.694
2012   12        6    18  57    1.46   325.5    6.8      14.696
2012   12        6    19   7    1.46   325.2    6.8      14.699
2012   12        6    19  17    1.47   324.9    6.9      14.701
2012   12        6    19  26    1.47   324.7    6.9      14.704
2012   12        6    19  36    1.47   324.4    6.9      14.707
2012   12        6    19  46    1.48   324.1    6.9      14.710
2012   12        6    19  56    1.48   323.9    7.0      14.713
2012   12        6    20   5    1.49   323.6    7.0      14.717
2012   12        6    20  15    1.49   323.4    7.0      14.721
2012   12        6    20  25    1.49   323.1    7.0      14.725
2012   12        6    20  34    1.50   322.9    7.1      14.730
2012   12        6    20  44    1.50   322.6    7.1      14.735
2012   12        6    20  54    1.51   322.3    7.1      14.740
2012   12        6    21   4    1.51   322.1    7.1      14.745
2012   12        6    21  13    1.51   321.8    7.2      14.751
2012   12        6    21  23    1.52   321.6    7.2      14.757
2012   12        6    21  33    1.52   321.4    7.2      14.764
2012   12        6    21  42    1.53   321.1    7.3      14.771
2012   12        6    21  52    1.53   320.9    7.3      14.779
2012   12        6    22   2    1.54   320.6    7.3      14.786
2012   12        6    22  12    1.54   320.4    7.3      14.794
2012   12        6    22  21    1.55   320.2    7.4      14.803
2012   12        6    22  31    1.55   319.9    7.4      14.812
2012   12        6    22  41    1.56   319.7    7.4      14.821
2012   12        6    22  50    1.56   319.5    7.5      14.831
2012   12        6    23   0    1.56   319.2    7.5      14.841
2012   12        6    23  10    1.57   319.0    7.5      14.851
2012   12        6    23  20    1.57   318.8    7.6      14.862
2012   12        6    23  29    1.58   318.6    7.6      14.873
2012   12        6    23  39    1.59   318.3    7.6      14.884
2012   12        6    23  49    1.59   318.1    7.7      14.895
2012   12        6    23  58    1.60   317.9    7.7      14.907
2012   12        7     0   8    1.60   317.7    7.7      14.919
2012   12        7     0  18    1.61   317.5    7.8      14.932
2012   12        7     0  28    1.61   317.2    7.8      14.945
2012   12        7     0  37    1.62   317.0    7.8      14.958
2012   12        7     0  47    1.62   316.8    7.9      14.971
2012   12        7     0  57    1.63   316.6    7.9      14.985
2012   12        7     1   6    1.63   316.4    7.9      14.998
2012   12        7     1  16    1.64   316.2    8.0      15.012
2012   12        7     1  25    1.64   316.0    8.0      15.026
2012   12        7     1  34    1.65   315.8    8.0      15.040
2012   12        7     1  43    1.66   315.6    8.1      15.055
2012   12        7     1  52    1.66   315.4    8.1      15.070
2012   12        7     2   1    1.67   315.2    8.1      15.084
2012   12        7     2  10    1.67   315.0    8.2      15.100
2012   12        7     2  19    1.68   314.9    8.2      15.115
2012   12        7     2  27    1.68   314.7    8.2      15.131
2012   12        7     2  36    1.69   314.5    8.3      15.147
2012   12        7     2  45    1.69   314.3    8.3      15.163
2012   12        7     2  54    1.70   314.1    8.3      15.179
2012   12        7     3   3    1.71   313.9    8.4      15.196
2012   12        7     3  12    1.71   313.8    8.4      15.214
2012   12        7     3  21    1.72   313.6    8.4      15.232
2012   12        7     3  29    1.72   313.4    8.5      15.250
2012   12        7     3  38    1.73   313.2    8.5      15.268
2012   12        7     3  47    1.73   313.1    8.6      15.288
2012   12        7     3  56    1.74   312.9    8.6      15.307
2012   12        7     4   5    1.75   312.7    8.6      15.327
2012   12        7     4  14    1.75   312.5    8.7      15.348
2012   12        7     4  23    1.76   312.4    8.7      15.369
2012   12        7     4  32    1.77   312.2    8.8      15.391
2012   12        7     4  40    1.77   312.0    8.8      15.414
2012   12        7     4  49    1.78   311.8    8.9      15.437
2012   12        7     4  58    1.79   311.7    8.9      15.461
2012   12        7     5   7    1.79   311.5    8.9      15.486
2012   12        7     5  16    1.80   311.3    9.0      15.512
2012   12        7     5  25    1.81   311.2    9.0      15.539
2012   12        7     5  34    1.82   311.0    9.1      15.567
2012   12        7     5  43    1.82   310.9    9.1      15.595
2012   12        7     5  52    1.83   310.7    9.2      15.625
2012   12        7     6   1    1.84   310.5    9.2      15.655
2012   12        7     6  10    1.85   310.4    9.3      15.686
2012   12        7     6  19    1.85   310.3    9.3      15.719
2012   12        7     6  28    1.86   310.1    9.4      15.752
2012   12        7     6  37    1.87   310.0    9.4      15.787
2012   12        7     6  46    1.88   309.9    9.5      15.823
2012   12        7     6  54    1.89   309.7    9.6      15.860
2012   12        7     7   3    1.89   309.6    9.6      15.898
2012   12        7     7  12    1.90   309.5    9.7      15.938
2012   12        7     7  21    1.91   309.4    9.7      15.978
2012   12        7     7  30    1.92   309.3    9.8      16.020
2012   12        7     7  39    1.93   309.2    9.8      16.063
2012   12        7     7  48    1.94   309.1    9.9      16.107
2012   12        7     7  57    1.94   309.0    9.9      16.151
2012   12        7     8   6    1.95   308.9   10.0      16.197
2012   12        7     8  15    1.96   308.8   10.1      16.243
2012   12        7     8  24    1.97   308.7   10.1      16.290
2012   12        7     8  33    1.98   308.6   10.2      16.337
2012   12        7     8  42    1.99   308.5   10.2      16.385
2012   12        7     8  52    2.00   308.4   10.3      16.433
2012   12        7     9   1    2.00   308.3   10.3      16.482
2012   12        7     9  10    2.01   308.2   10.4      16.531
2012   12        7     9  19    2.02   308.1   10.5      16.580
2012   12        7     9  29    2.03   308.1   10.5      16.629
2012   12        7     9  38    2.04   308.0   10.6      16.679
2012   12        7     9  48    2.05   307.9   10.6      16.729
2012   12        7     9  57    2.06   307.8   10.7      16.779
2012   12        7    10   6    2.07   307.7   10.8      16.830
2012   12        7    10  16    2.08   307.6   10.8      16.882
2012   12        7    10  25    2.09   307.6   10.9      16.934
2012   12        7    10  35    2.10   307.5   11.0      16.986
2012   12        7    10  44    2.11   307.4   11.0      17.040
2012   12        7    10  54    2.12   307.3   11.1      17.094
2012   12        7    11   3    2.13   307.3   11.2      17.150
2012   12        7    11  13    2.14   307.2   11.2      17.208
2012   12        7    11  22    2.15   307.2   11.3      17.268
2012   12        7    11  32    2.17   307.1   11.4      17.331
2012   12        7    11  41    2.18   307.1   11.5      17.397
2012   12        7    11  51    2.19   307.0   11.6      17.466
2012   12        7    12   1    2.20   307.0   11.6      17.538
2012   12        7    12  10    2.21   307.0   11.7      17.613
2012   12        7    12  20    2.22   307.0   11.8      17.691
2012   12        7    12  30    2.24   307.0   11.9      17.772
2012   12        7    12  39    2.25   307.0   12.0      17.854
2012   12        7    12  49    2.26   307.0   12.0      17.938
2012   12        7    12  59    2.27   307.0   12.1      18.024
2012   12        7    13   8    2.28   307.0   12.2      18.110
2012   12        7    13  18    2.30   307.1   12.3      18.196
2012   12        7    13  28    2.31   307.1   12.3      18.282
2012   12        7    13  37    2.32   307.1   12.4      18.368
2012   12        7    13  47    2.33   307.1   12.5      18.453
2012   12        7    13  57    2.34   307.2   12.6      18.538
2012   12        7    14   7    2.35   307.2   12.7      18.622
2012   12        7    14  16    2.36   307.2   12.7      18.705
2012   12        7    14  26    2.38   307.3   12.8      18.788
2012   12        7    14  36    2.39   307.3   12.9      18.871
2012   12        7    14  45    2.40   307.4   13.0      18.953
2012   12        7    14  55    2.41   307.4   13.0      19.035
2012   12        7    15   5    2.42   307.5   13.1      19.117
2012   12        7    15  15    2.43   307.5   13.2      19.198
2012   12        7    15  24    2.44   307.5   13.2      19.279
2012   12        7    15  34    2.45   307.6   13.3      19.360
2012   12        7    15  43    2.46   307.6   13.4      19.432
2012   12        7    15  51    2.47   307.7   13.4      19.504
2012   12        7    16   0    2.48   307.7   13.5      19.575
2012   12        7    16   8    2.49   307.8   13.6      19.645
2012   12        7    16  16    2.50   307.8   13.6      19.715
2012   12        7    16  25    2.51   307.9   13.7      19.784
2012   12        7    16  33    2.52   307.9   13.8      19.853
2012   12        7    16  41    2.53   308.0   13.8      19.922
2012   12        7    16  49    2.54   308.0   13.9      19.991
2012   12        7    16  57    2.55   308.1   14.0      20.061
2012   12        7    17   5    2.56   308.1   14.0      20.133
2012   12        7    17  14    2.57   308.2   14.1      20.206
2012   12        7    17  22    2.58   308.3   14.2      20.282
2012   12        7    17  30    2.59   308.4   14.2      20.359
2012   12        7    17  38    2.60   308.4   14.3      20.438
2012   12        7    17  46    2.61   308.5   14.4      20.517
2012   12        7    17  54    2.62   308.6   14.4      20.598
2012   12        7    18   2    2.63   308.7   14.5      20.679
2012   12        7    18  10    2.65   308.8   14.6      20.761
2012   12        7    18  19    2.66   308.9   14.6      20.845
2012   12        7    18  27    2.67   309.0   14.7      20.930
2012   12        7    18  35    2.68   309.1   14.8      21.017
2012   12        7    18  43    2.69   309.3   14.8      21.107
2012   12        7    18  51    2.70   309.4   14.9      21.198
2012   12        7    18  59    2.71   309.5   15.0      21.291
2012   12        7    19   7    2.72   309.7   15.1      21.385
2012   12        7    19  15    2.73   309.8   15.1      21.479
2012   12        7    19  24    2.74   310.0   15.2      21.576
2012   12        7    19  32    2.75   310.1   15.2      21.672
2012   12        7    19  40    2.76   310.3   15.3      21.771
2012   12        7    19  48    2.77   310.4   15.4      21.869
2012   12        7    19  56    2.78   310.6   15.4      21.969
2012   12        7    20   4    2.79   310.8   15.5      22.068
2012   12        7    20  12    2.80   310.9   15.5      22.167
2012   12        7    20  20    2.81   311.1   15.6      22.267
2012   12        7    20  29    2.82   311.2   15.6      22.365
2012   12        7    20  37    2.83   311.4   15.7      22.462
2012   12        7    20  45    2.84   311.6   15.7      22.557
2012   12        7    20  53    2.85   311.7   15.8      22.652
2012   12        7    21   1    2.85   311.9   15.8      22.745
2012   12        7    21   9    2.86   312.1   15.9      22.837
2012   12        7    21  17    2.87   312.2   15.9      22.927
2012   12        7    21  26    2.88   312.4   15.9      23.015
2012   12        7    21  34    2.89   312.6   16.0      23.102
2012   12        7    21  42    2.89   312.7   16.0      23.188
2012   12        7    21  50    2.90   312.9   16.0      23.272
2012   12        7    21  58    2.91   313.0   16.1      23.355
2012   12        7    22   6    2.92   313.2   16.1      23.437
2012   12        7    22  15    2.92   313.4   16.1      23.517
2012   12        7    22  23    2.93   313.5   16.2      23.597
2012   12        7    22  31    2.94   313.7   16.2      23.675
2012   12        7    22  39    2.95   313.8   16.2      23.752
2012   12        7    22  47    2.95   314.0   16.3      23.828
2012   12        7    22  56    2.96   314.1   16.3      23.903
2012   12        7    23   4    2.97   314.3   16.3      23.977
2012   12        7    23  12    2.97   314.5   16.4      24.051
2012   12        7    23  20    2.98   314.6   16.4      24.123
2012   12        7    23  28    2.99   314.8   16.4      24.195
2012   12        7    23  37    3.00   314.9   16.4      24.267
2012   12        7    23  45    3.00   315.1   16.5      24.337
2012   12        7    23  53    3.01   315.2   16.5      24.408
2012   12        8     0   1    3.02   315.4   16.5      24.478
2012   12        8     0  10    3.02   315.5   16.6      24.553
2012   12        8     0  18    3.03   315.7   16.6      24.629
2012   12        8     0  26    3.04   315.9   16.7      24.706
2012   12        8     0  34    3.05   316.1   16.7      24.784
2012   12        8     0  42    3.05   316.2   16.7      24.863
2012   12        8     0  51    3.06   316.4   16.8      24.944
2012   12        8     0  59    3.07   316.6   16.8      25.027
2012   12        8     1   7    3.08   316.8   16.8      25.109
2012   12        8     1  15    3.09   317.0   16.9      25.193
2012   12        8     1  23    3.09   317.2   16.9      25.276
2012   12        8     1  32    3.10   317.4   17.0      25.361
2012   12        8     1  40    3.11   317.6   17.0      25.447
2012   12        8     1  48    3.12   317.8   17.0      25.534
2012   12        8     1  56    3.12   318.0   17.1      25.622
2012   12        8     2   4    3.13   318.2   17.1      25.711
2012   12        8     2  13    3.14   318.4   17.1      25.801
2012   12        8     2  21    3.14   318.6   17.2      25.892
2012   12        8     2  29    3.15   318.9   17.2      25.983
2012   12        8     2  37    3.16   319.1   17.2      26.075
2012   12        8     2  46    3.16   319.3   17.3      26.168
2012   12        8     2  54    3.17   319.5   17.3      26.262
2012   12        8     3   2    3.18   319.8   17.3      26.358
2012   12        8     3  10    3.18   320.0   17.3      26.456
2012   12        8     3  19    3.19   320.2   17.4      26.555
2012   12        8     3  27    3.20   320.5   17.4      26.656
2012   12        8     3  35    3.20   320.8   17.4      26.758
2012   12        8     3  43    3.21   321.0   17.5      26.859
2012   12        8     3  52    3.21   321.3   17.5      26.960
2012   12        8     4   0    3.22   321.5   17.5      27.059
2012   12        8     4   8    3.23   321.8   17.5      27.157
2012   12        8     4  17    3.23   322.1   17.5      27.254
2012   12        8     4  25    3.24   322.3   17.6      27.349
2012   12        8     4  34    3.24   322.6   17.6      27.442
2012   12        8     4  42    3.25   322.9   17.6      27.533
2012   12        8     4  50    3.25   323.1   17.6      27.624
2012   12        8     4  59    3.26   323.4   17.6      27.713
2012   12        8     5   7    3.26   323.7   17.6      27.801
2012   12        8     5  16    3.27   323.9   17.6      27.888
2012   12        8     5  24    3.27   324.2   17.6      27.975
2012   12        8     5  32    3.28   324.5   17.6      28.060
2012   12        8     5  41    3.28   324.7   17.7      28.144
2012   12        8     5  49    3.28   325.0   17.7      28.225
2012   12        8     5  58    3.29   325.3   17.7      28.305
2012   12        8     6   6    3.29   325.5   17.7      28.384
2012   12        8     6  14    3.30   325.8   17.7      28.460
2012   12        8     6  23    3.30   326.1   17.7      28.535
2012   12        8     6  31    3.30   326.3   17.6      28.608
2012   12        8     6  40    3.31   326.6   17.6      28.680
2012   12        8     6  48    3.31   326.8   17.6      28.751
2012   12        8     6  57    3.31   327.1   17.6      28.820
2012   12        8     7   5    3.32   327.3   17.6      28.888
2012   12        8     7  13    3.32   327.6   17.6      28.955
2012   12        8     7  22    3.32   327.9   17.6      29.022
2012   12        8     7  30    3.32   328.1   17.6      29.087
2012   12        8     7  39    3.33   328.4   17.6      29.151
2012   12        8     7  47    3.33   328.6   17.6      29.215
2012   12        8     7  56    3.33   328.9   17.5      29.277
2012   12        8     8   4    3.33   329.2   17.5      29.339
2012   12        8     8  13    3.33   329.4   17.5      29.401
2012   12        8     8  21    3.34   329.7   17.5      29.461
2012   12        8     8  30    3.34   329.9   17.5      29.522
2012   12        8     8  38    3.34   330.2   17.5      29.582
2012   12        8     8  47    3.34   330.5   17.5      29.641
2012   12        8     8  55    3.34   330.7   17.5      29.701
2012   12        8     9   4    3.34   331.0   17.4      29.760
2012   12        8     9  13    3.35   331.2   17.4      29.820
2012   12        8     9  21    3.35   331.5   17.4      29.880
2012   12        8     9  30    3.35   331.8   17.4      29.940
2012   12        8     9  38    3.35   332.0   17.4      30.002
2012   12        8     9  47    3.35   332.3   17.4      30.064
2012   12        8     9  56    3.35   332.5   17.4      30.126
2012   12        8    10   4    3.35   332.8   17.4      30.190
2012   12        8    10  13    3.35   333.1   17.4      30.256
2012   12        8    10  22    3.36   333.3   17.4      30.324
2012   12        8    10  30    3.36   333.6   17.3      30.393
2012   12        8    10  39    3.36   333.9   17.3      30.465
2012   12        8    10  48    3.36   334.2   17.3      30.538
2012   12        8    10  56    3.36   334.5   17.3      30.611
2012   12        8    11   5    3.36   334.8   17.3      30.683
2012   12        8    11  14    3.36   335.1   17.3      30.754
2012   12        8    11  22    3.36   335.4   17.3      30.825
2012   12        8    11  31    3.37   335.7   17.3      30.894
2012   12        8    11  40    3.37   336.0   17.3      30.963
2012   12        8    11  48    3.37   336.3   17.3      31.030
2012   12        8    11  57    3.37   336.6   17.2      31.097
2012   12        8    12   6    3.37   336.9   17.2      31.163
2012   12        8    12  15    3.37   337.2   17.2      31.228
2012   12        8    12  23    3.37   337.5   17.2      31.292
2012   12        8    12  32    3.37   337.8   17.2      31.356
2012   12        8    12  41    3.37   338.1   17.2      31.418
2012   12        8    12  50    3.37   338.4   17.1      31.480
2012   12        8    12  58    3.37   338.8   17.1      31.539
2012   12        8    13   7    3.37   339.1   17.1      31.595
2012   12        8    13  16    3.37   339.4   17.1      31.649
2012   12        8    13  25    3.37   339.7   17.0      31.702
2012   12        8    13  34    3.37   340.0   17.0      31.752
2012   12        8    13  43    3.37   340.3   17.0      31.800
2012   12        8    13  51    3.36   340.7   17.0      31.847
2012   12        8    14   0    3.36   341.0   16.9      31.893
2012   12        8    14   9    3.36   341.3   16.9      31.937
2012   12        8    14  18    3.36   341.6   16.9      31.980
2012   12        8    14  27    3.36   342.0   16.8      32.022
2012   12        8    14  36    3.36   342.3   16.8      32.063
2012   12        8    14  45    3.35   342.6   16.7      32.102
2012   12        8    14  53    3.35   342.9   16.7      32.140
2012   12        8    15   2    3.35   343.2   16.6      32.175
2012   12        8    15  11    3.34   343.6   16.6      32.209
2012   12        8    15  20    3.34   343.9   16.5      32.239
2012   12        8    15  29    3.33   344.2   16.5      32.268
2012   12        8    15  38    3.33   344.5   16.4      32.294
2012   12        8    15  47    3.33   344.8   16.4      32.315
2012   12        8    15  56    3.32   345.1   16.3      32.333
2012   12        8    16   5    3.31   345.4   16.3      32.347
2012   12        8    16  14    3.31   345.7   16.2      32.357
2012   12        8    16  23    3.30   346.0   16.1      32.364
2012   12        8    16  32    3.30   346.3   16.1      32.368
2012   12        8    16  41    3.29   346.6   16.0      32.369
2012   12        8    16  50    3.28   346.9   15.9      32.369
2012   12        8    16  59    3.28   347.1   15.9      32.367
2012   12        8    17   8    3.27   347.4   15.8      32.365
2012   12        8    17  17    3.27   347.7   15.8      32.362
2012   12        8    17  26    3.26   348.0   15.7      32.358
2012   12        8    17  35    3.25   348.2   15.6      32.355
2012   12        8    17  44    3.25   348.5   15.6      32.354
2012   12        8    17  53    3.24   348.8   15.5      32.354
2012   12        8    18   3    3.23   349.1   15.5      32.354
2012   12        8    18  12    3.23   349.3   15.4      32.354
2012   12        8    18  21    3.22   349.6   15.3      32.355
2012   12        8    18  30    3.22   349.9   15.3      32.357
2012   12        8    18  39    3.21   350.1   15.2      32.358
2012   12        8    18  48    3.20   350.4   15.2      32.360
2012   12        8    18  57    3.20   350.7   15.1      32.362
2012   12        8    19   7    3.19   351.0   15.1      32.363
2012   12        8    19  16    3.19   351.3   15.0      32.364
2012   12        8    19  25    3.18   351.5   15.0      32.364
2012   12        8    19  34    3.17   351.8   14.9      32.364
2012   12        8    19  44    3.17   352.1   14.9      32.362
2012   12        8    19  53    3.16   352.4   14.8      32.359
2012   12        8    20   2    3.16   352.7   14.8      32.354
2012   12        8    20  11    3.15   353.0   14.7      32.347
2012   12        8    20  21    3.14   353.3   14.6      32.339
2012   12        8    20  30    3.13   353.6   14.6      32.328
2012   12        8    20  39    3.13   353.9   14.5      32.316
2012   12        8    20  49    3.12   354.2   14.5      32.303
2012   12        8    20  58    3.11   354.5   14.4      32.287
2012   12        8    21   7    3.10   354.8   14.3      32.270
2012   12        8    21  17    3.10   355.1   14.3      32.251
2012   12        8    21  26    3.09   355.3   14.2      32.229
2012   12        8    21  35    3.08   355.6   14.2      32.204
2012   12        8    21  45    3.07   355.9   14.1      32.175
2012   12        8    21  54    3.06   356.2   14.0      32.142
2012   12        8    22   4    3.05   356.4   13.9      32.106
2012   12        8    22  13    3.04   356.7   13.9      32.065
2012   12        8    22  23    3.03   356.9   13.8      32.022
2012   12        8    22  32    3.02   357.2   13.7      31.974
2012   12        8    22  42    3.01   357.4   13.6      31.922
2012   12        8    22  51    3.00   357.7   13.6      31.868
2012   12        8    23   1    2.99   357.9   13.5      31.808
2012   12        8    23  10    2.98   358.1   13.4      31.741
2012   12        8    23  20    2.96   358.3   13.3      31.668
2012   12        8    23  29    2.95   358.5   13.3      31.590
2012   12        8    23  39    2.94   358.7   13.2      31.507
2012   12        8    23  48    2.93   358.9   13.1      31.421
2012   12        8    23  58    2.92   359.0   13.0      31.335
2012   12        9     0   8    2.91   359.2   12.9      31.253
2012   12        9     0  17    2.90   359.4   12.9      31.173
2012   12        9     0  27    2.89   359.5   12.8      31.095
2012   12        9     0  37    2.88   359.7   12.7      31.017
2012   12        9     0  46    2.87   359.8   12.7      30.941
2012   12        9     0  56    2.86   360.0   12.6      30.867
2012   12        9     1   6    2.85   360.1   12.6      30.794
2012   12        9     1  15    2.84   360.3   12.5      30.721
2012   12        9     1  25    2.83   360.4   12.4      30.649
2012   12        9     1  35    2.82   360.6   12.4      30.577
2012   12        9     1  45    2.81   360.7   12.3      30.506
2012   12        9     1  54    2.81   360.9   12.3      30.435
2012   12        9     2   4    2.80   361.0   12.2      30.364
2012   12        9     2  14    2.79   361.2   12.1      30.293
2012   12        9     2  23    2.78   361.3   12.1      30.222
2012   12        9     2  33    2.77   361.5   12.0      30.151
2012   12        9     2  43    2.76   361.6   12.0      30.081
2012   12        9     2  53    2.75   361.8   11.9      30.010
2012   12        9     3   2    2.74   361.9   11.9      29.939
2012   12        9     3  12    2.73   362.0   11.8      29.869
2012   12        9     3  22    2.72   362.2   11.8      29.797
2012   12        9     3  31    2.72   362.3   11.7      29.725
2012   12        9     3  41    2.71   362.4   11.6      29.653
2012   12        9     3  51    2.70   362.5   11.6      29.579
2012   12        9     4   1    2.69   362.7   11.5      29.504
2012   12        9     4  10    2.68   362.8   11.5      29.427
2012   12        9     4  20    2.67   362.9   11.4      29.349
2012   12        9     4  30    2.66   363.0   11.4      29.270
2012   12        9     4  39    2.65   363.1   11.3      29.188
2012   12        9     4  49    2.64   363.2   11.3      29.103
2012   12        9     4  59    2.63   363.3   11.2      29.016
2012   12        9     5   9    2.62   363.3   11.2      28.927
2012   12        9     5  18    2.61   363.4   11.1      28.837
2012   12        9     5  28    2.60   363.4   11.1      28.745
2012   12        9     5  38    2.60   363.5   11.0      28.654
2012   12        9     5  47    2.59   363.5   11.0      28.564
2012   12        9     5  57    2.58   363.5   10.9      28.476
2012   12        9     6   7    2.57   363.6   10.9      28.389
2012   12        9     6  17    2.56   363.6   10.8      28.303
2012   12        9     6  26    2.55   363.6   10.8      28.219
2012   12        9     6  36    2.55   363.6   10.7      28.136
2012   12        9     6  46    2.54   363.7   10.7      28.054
2012   12        9     6  55    2.53   363.7   10.6      27.973
2012   12        9     7   5    2.52   363.7   10.6      27.893
2012   12        9     7  15    2.52   363.7   10.6      27.814
2012   12        9     7  25    2.51   363.7   10.5      27.735
2012   12        9     7  34    2.50   363.7   10.5      27.657
2012   12        9     7  44    2.49   363.7   10.5      27.579
2012   12        9     7  54    2.49   363.6   10.4      27.501
2012   12        9     8   3    2.48   363.6   10.4      27.423
2012   12        9     8  13    2.47   363.6   10.4      27.346
2012   12        9     8  23    2.47   363.6   10.3      27.267
2012   12        9     8  32    2.46   363.6   10.3      27.190
2012   12        9     8  42    2.46   363.6   10.3      27.113
2012   12        9     8  52    2.45   363.5   10.2      27.037
2012   12        9     9   2    2.44   363.5   10.2      26.962
2012   12        9     9  11    2.44   363.5   10.2      26.888
2012   12        9     9  21    2.43   363.5   10.2      26.815
2012   12        9     9  31    2.43   363.5   10.1      26.743
2012   12        9     9  41    2.42   363.5   10.1      26.673
2012   12        9     9  50    2.41   363.4   10.1      26.603
2012   12        9    10   0    2.41   363.4   10.0      26.533
2012   12        9    10  10    2.40   363.4   10.0      26.464
2012   12        9    10  19    2.40   363.4   10.0      26.395
2012   12        9    10  29    2.39   363.3   10.0      26.327
2012   12        9    10  39    2.39   363.3    9.9      26.260
2012   12        9    10  48    2.38   363.2    9.9      26.193
2012   12        9    10  58    2.38   363.2    9.9      26.126
2012   12        9    11   8    2.37   363.2    9.9      26.061
2012   12        9    11  18    2.37   363.1    9.8      25.996
2012   12        9    11  27    2.36   363.1    9.8      25.931
2012   12        9    11  37    2.36   363.0    9.8      25.867
2012   12        9    11  47    2.35   363.0    9.8      25.803
2012   12        9    11  57    2.35   362.9    9.7      25.740
2012   12        9    12   6    2.34   362.9    9.7      25.678
2012   12        9    12  16    2.34   362.8    9.7      25.616
2012   12        9    12  26    2.33   362.7    9.7      25.555
2012   12        9    12  35    2.33   362.7    9.6      25.494
2012   12        9    12  45    2.33   362.6    9.6      25.435
2012   12        9    12  55    2.32   362.5    9.6      25.376
2012   12        9    13   4    2.32   362.5    9.6      25.319
2012   12        9    13  14    2.31   362.4    9.6      25.262
2012   12        9    13  24    2.31   362.3    9.5      25.207
2012   12        9    13  34    2.31   362.3    9.5      25.152
2012   12        9    13  43    2.30   362.2    9.5      25.099
2012   12        9    13  53    2.30   362.1    9.5      25.046
2012   12        9    14   3    2.29   362.0    9.5      24.995
2012   12        9    14  12    2.29   361.9    9.5      24.944
2012   12        9    14  22    2.29   361.9    9.4      24.894
2012   12        9    14  32    2.28   361.8    9.4      24.844
2012   12        9    14  42    2.28   361.7    9.4      24.795
2012   12        9    14  51    2.28   361.6    9.4      24.746
2012   12        9    15   1    2.27   361.5    9.4      24.697
2012   12        9    15  11    2.27   361.4    9.4      24.648
2012   12        9    15  20    2.27   361.3    9.4      24.599
2012   12        9    15  30    2.27   361.2    9.4      24.550
2012   12        9    15  40    2.26   361.1    9.3      24.500
2012   12        9    15  50    2.26   361.0    9.3      24.451
2012   12        9    15  59    2.26   360.9    9.3      24.403
2012   12        9    16   9    2.26   360.8    9.3      24.355
2012   12        9    16  19    2.25   360.7    9.3      24.309
2012   12        9    16  28    2.25   360.6    9.3      24.263
2012   12        9    16  38    2.25   360.5    9.3      24.219
2012   12        9    16  48    2.25   360.5    9.3      24.176
2012   12        9    16  58    2.24   360.4    9.3      24.134
2012   12        9    17   7    2.24   360.3    9.3      24.091
2012   12        9    17  17    2.24   360.2    9.3      24.050
2012   12        9    17  27    2.24   360.1    9.3      24.008
2012   12        9    17  36    2.24   360.0    9.3      23.966
2012   12        9    17  46    2.23   359.9    9.2      23.925
2012   12        9    17  56    2.23   359.8    9.2      23.884
2012   12        9    18   6    2.23   359.7    9.2      23.843
2012   12        9    18  15    2.23   359.6    9.2      23.802
2012   12        9    18  25    2.23   359.5    9.2      23.762
2012   12        9    18  35    2.22   359.4    9.2      23.721
2012   12        9    18  44    2.22   359.3    9.2      23.681
2012   12        9    18  54    2.22   359.2    9.2      23.641
2012   12        9    19   4    2.22   359.2    9.2      23.601
2012   12        9    19  14    2.22   359.1    9.2      23.561
2012   12        9    19  23    2.21   359.0    9.2      23.521
2012   12        9    19  33    2.21   358.9    9.1      23.482
2012   12        9    19  43    2.21   358.8    9.1      23.443
2012   12        9    19  52    2.21   358.7    9.1      23.404
2012   12        9    20   2    2.21   358.6    9.1      23.367
2012   12        9    20  12    2.21   358.5    9.1      23.329
2012   12        9    20  22    2.20   358.4    9.1      23.293
2012   12        9    20  31    2.20   358.3    9.1      23.257
2012   12        9    20  41    2.20   358.2    9.1      23.222
2012   12        9    20  51    2.20   358.1    9.1      23.187
2012   12        9    21   0    2.20   358.0    9.1      23.154
2012   12        9    21  10    2.20   357.8    9.1      23.121
2012   12        9    21  20    2.19   357.7    9.1      23.089
2012   12        9    21  30    2.19   357.6    9.1      23.058
2012   12        9    21  39    2.19   357.5    9.1      23.028
2012   12        9    21  49    2.19   357.4    9.1      22.999
2012   12        9    21  59    2.19   357.3    9.0      22.970
2012   12        9    22   8    2.19   357.2    9.0      22.942
2012   12        9    22  18    2.19   357.1    9.0      22.915
2012   12        9    22  28    2.19   357.0    9.0      22.889
2012   12        9    22  37    2.19   356.9    9.0      22.863
2012   12        9    22  47    2.18   356.8    9.0      22.838
2012   12        9    22  57    2.18   356.7    9.0      22.814
2012   12        9    23   7    2.18   356.6    9.0      22.790
2012   12        9    23  16    2.18   356.5    9.0      22.767
2012   12        9    23  26    2.18   356.4    9.0      22.745
2012   12        9    23  36    2.18   356.3    9.0      22.723
2012   12        9    23  45    2.18   356.2    9.0      22.703
2012   12        9    23  55    2.18   356.1    9.0      22.683
2012   12       10     0   5    2.18   356.0    9.0      22.664
2012   12       10     0  15    2.18   355.9    9.0      22.645
2012   12       10     0  24    2.18   355.8    9.0      22.627
2012   12       10     0  34    2.18   355.8    9.0      22.609
2012   12       10     0  44    2.18   355.7    9.0      22.592
2012   12       10     0  53    2.18   355.6    9.0      22.575
2012   12       10     1   3    2.18   355.5    9.0      22.558
2012   12       10     1  13    2.18   355.4    9.0      22.542
2012   12       10     1  23    2.18   355.3    9.1      22.527
2012   12       10     1  32    2.18   355.2    9.1      22.513
2012   12       10     1  42    2.18   355.2    9.1      22.499
2012   12       10     1  52    2.18   355.1    9.1      22.487
2012   12       10     2   1    2.18   355.0    9.1      22.476
2012   12       10     2  11    2.18   354.9    9.1      22.466
2012   12       10     2  21    2.18   354.8    9.1      22.457
2012   12       10     2  31    2.18   354.8    9.1      22.450
2012   12       10     2  40    2.18   354.7    9.1      22.445
2012   12       10     2  50    2.18   354.6    9.1      22.442
2012   12       10     3   0    2.18   354.6    9.1      22.441
2012   12       10     3   9    2.18   354.5    9.1      22.442
2012   12       10     3  19    2.18   354.5    9.1      22.446
2012   12       10     3  29    2.18   354.4    9.1      22.452
2012   12       10     3  38    2.18   354.3    9.1      22.461
2012   12       10     3  48    2.18   354.3    9.1      22.473
2012   12       10     3  58    2.19   354.3    9.1      22.489
2012   12       10     4   8    2.19   354.2    9.2      22.508
2012   12       10     4  17    2.19   354.2    9.2      22.530
2012   12       10     4  27    2.19   354.1    9.2      22.557
2012   12       10     4  37    2.19   354.1    9.2      22.588
2012   12       10     4  47    2.20   354.1    9.2      22.623
2012   12       10     4  56    2.20   354.0    9.2      22.663
2012   12       10     5   6    2.21   354.0    9.3      22.709
2012   12       10     5  16    2.21   354.0    9.3      22.760
2012   12       10     5  25    2.21   354.0    9.3      22.818
2012   12       10     5  35    2.22   354.0    9.3      22.882
2012   12       10     5  45    2.22   354.0    9.4      22.955
2012   12       10     5  54    2.23   354.1    9.4      23.036
2012   12       10     6   4    2.23   354.1    9.4      23.126
2012   12       10     6  14    2.24   354.1    9.5      23.224
2012   12       10     6  24    2.25   354.2    9.5      23.331
2012   12       10     6  33    2.25   354.3    9.6      23.448
2012   12       10     6  43    2.26   354.3    9.6      23.573
2012   12       10     6  53    2.27   354.4    9.7      23.709
2012   12       10     7   2    2.27   354.5    9.7      23.855
2012   12       10     7  12    2.28   354.7    9.8      24.011
2012   12       10     7  22    2.29   354.8    9.9      24.178
2012   12       10     7  32    2.30   355.0    9.9      24.355
2012   12       10     7  41    2.31   355.2   10.0      24.543
2012   12       10     7  51    2.32   355.4   10.1      24.742
2012   12       10     8   1    2.33   355.6   10.1      24.951
2012   12       10     8  10    2.34   355.8   10.2      25.167
2012   12       10     8  20    2.35   356.0   10.3      25.400
2012   12       10     8  30    2.36   356.3   10.4      25.646
2012   12       10     8  40    2.37   356.6   10.5      25.904
2012   12       10     8  49    2.38   356.9   10.6      26.171
2012   12       10     8  59    2.39   357.2   10.7      26.441
2012   12       10     9   9    2.40   357.5   10.8      26.703
2012   12       10     9  18    2.41   357.7   10.9      26.958
2012   12       10     9  28    2.42   358.0   11.0      27.204
2012   12       10     9  38    2.43   358.3   11.1      27.440
2012   12       10     9  47    2.44   358.5   11.1      27.665
2012   12       10     9  57    2.44   358.8   11.2      27.884
2012   12       10    10   7    2.45   359.0   11.3      28.096
2012   12       10    10  17    2.46   359.2   11.4      28.300
2012   12       10    10  26    2.47   359.4   11.5      28.496
2012   12       10    10  36    2.47   359.6   11.6      28.684
2012   12       10    10  46    2.48   359.8   11.7      28.859
2012   12       10    10  55    2.49   360.0   11.8      29.023
2012   12       10    11   5    2.49   360.1   11.9      29.176
2012   12       10    11  15    2.50   360.3   11.9      29.321
2012   12       10    11  25    2.51   360.4   12.0      29.455
2012   12       10    11  34    2.51   360.6   12.1      29.582
2012   12       10    11  44    2.52   360.7   12.2      29.701
2012   12       10    11  54    2.53   360.8   12.3      29.815
2012   12       10    12   3    2.53   360.9   12.3      29.921
2012   12       10    12  13    2.54   361.0   12.4      30.023
2012   12       10    12  23    2.54   361.1   12.5      30.127
2012   12       10    12  33    2.55   361.2   12.6      30.233
2012   12       10    12  42    2.55   361.3   12.7      30.340
2012   12       10    12  52    2.55   361.4   12.7      30.449
2012   12       10    13   2    2.56   361.5   12.8      30.555
2012   12       10    13  11    2.56   361.7   12.9      30.655
2012   12       10    13  21    2.56   361.8   13.0      30.748
2012   12       10    13  31    2.56   361.8   13.0      30.835
2012   12       10    13  40    2.56   361.9   13.1      30.915
2012   12       10    13  50    2.56   362.0   13.1      30.987
2012   12       10    14   0    2.56   362.1   13.2      31.049
2012   12       10    14  10    2.56   362.2   13.2      31.106
2012   12       10    14  19    2.56   362.2   13.3      31.158
2012   12       10    14  29    2.56   362.3   13.3      31.203
2012   12       10    14  39    2.55   362.3   13.3      31.243
2012   12       10    14  48    2.55   362.3   13.3      31.275
2012   12       10    14  58    2.54   362.4   13.4      31.296
2012   12       10    15   8    2.54   362.4   13.4      31.308
2012   12       10    15  18    2.53   362.4   13.4      31.309
2012   12       10    15  27    2.52   362.3   13.4      31.301
2012   12       10    15  37    2.51   362.3   13.4      31.284
2012   12       10    15  47    2.51   362.3   13.4      31.259
2012   12       10    15  56    2.50   362.2   13.3      31.225
2012   12       10    16   6    2.49   362.1   13.3      31.184
2012   12       10    16  16    2.48   362.0   13.3      31.135
2012   12       10    16  26    2.47   361.9   13.3      31.079
2012   12       10    16  35    2.46   361.8   13.2      31.016
2012   12       10    16  45    2.45   361.7   13.2      30.946
2012   12       10    16  55    2.44   361.6   13.2      30.870
2012   12       10    17   4    2.43   361.4   13.1      30.787
2012   12       10    17  14    2.42   361.3   13.1      30.699
2012   12       10    17  24    2.41   361.1   13.0      30.607
2012   12       10    17  34    2.40   361.0   12.9      30.512
2012   12       10    17  43    2.39   360.8   12.9      30.415
2012   12       10    17  53    2.39   360.6   12.8      30.318
2012   12       10    18   3    2.38   360.5   12.8      30.218
2012   12       10    18  12    2.37   360.3   12.7      30.117
2012   12       10    18  22    2.36   360.2   12.6      30.015
2012   12       10    18  32    2.35   360.0   12.6      29.912
2012   12       10    18  42    2.34   359.9   12.5      29.807
2012   12       10    18  51    2.34   359.7   12.4      29.700
2012   12       10    19   1    2.33   359.6   12.4      29.592
2012   12       10    19  11    2.32   359.4   12.3      29.482
2012   12       10    19  20    2.31   359.3   12.2      29.372
2012   12       10    19  30    2.31   359.1   12.1      29.261
2012   12       10    19  40    2.30   358.9   12.1      29.148
2012   12       10    19  49    2.29   358.8   12.0      29.035
2012   12       10    19  59    2.28   358.6   11.9      28.920
2012   12       10    20   9    2.27   358.5   11.9      28.805
2012   12       10    20  19    2.27   358.3   11.8      28.687
2012   12       10    20  28    2.26   358.2   11.7      28.570
2012   12       10    20  38    2.25   358.1   11.6      28.450
2012   12       10    20  48    2.25   357.9   11.6      28.331
2012   12       10    20  57    2.24   357.8   11.5      28.210
2012   12       10    21   7    2.23   357.6   11.4      28.089
2012   12       10    21  17    2.23   357.5   11.4      27.967
2012   12       10    21  26    2.22   357.4   11.3      27.845
2012   12       10    21  36    2.22   357.2   11.2      27.721
2012   12       10    21  46    2.22   357.1   11.1      27.596
2012   12       10    21  56    2.21   356.9   11.1      27.470
2012   12       10    22   5    2.21   356.8   11.0      27.344
2012   12       10    22  15    2.21   356.7   10.9      27.218
2012   12       10    22  25    2.20   356.5   10.8      27.094
2012   12       10    22  34    2.20   356.4   10.8      26.971
2012   12       10    22  44    2.20   356.3   10.7      26.849
2012   12       10    22  54    2.20   356.1   10.6      26.727
2012   12       10    23   4    2.20   356.0   10.6      26.608
2012   12       10    23  13    2.20   355.9   10.5      26.491
2012   12       10    23  23    2.20   355.7   10.4      26.377
2012   12       10    23  33    2.20   355.6   10.4      26.267
2012   12       10    23  42    2.20   355.5   10.3      26.161
2012   12       10    23  52    2.20   355.4   10.3      26.059
2012   12       11     0   2    2.20   355.3   10.2      25.963
2012   12       11     0  12    2.20   355.2   10.2      25.870
2012   12       11     0  21    2.20   355.1   10.1      25.782
2012   12       11     0  31    2.21   355.0   10.1      25.698
2012   12       11     0  41    2.21   354.9   10.0      25.619
2012   12       11     0  50    2.21   354.8   10.0      25.544
2012   12       11     1   0    2.22   354.7   10.0      25.473
2012   12       11     1  10    2.22   354.6    9.9      25.405
2012   12       11     1  20    2.23   354.6    9.9      25.341
2012   12       11     1  29    2.23   354.5    9.9      25.280
2012   12       11     1  39    2.24   354.5    9.8      25.220
2012   12       11     1  49    2.24   354.4    9.8      25.163
2012   12       11     1  58    2.25   354.4    9.8      25.108
2012   12       11     2   8    2.25   354.4    9.8      25.055
2012   12       11     2  18    2.26   354.3    9.7      25.004
2012   12       11     2  27    2.27   354.3    9.7      24.954
2012   12       11     2  37    2.28   354.3    9.7      24.908
2012   12       11     2  47    2.29   354.3    9.6      24.863
2012   12       11     2  57    2.29   354.3    9.6      24.821
2012   12       11     3   6    2.30   354.3    9.6      24.781
2012   12       11     3  16    2.31   354.3    9.6      24.744
2012   12       11     3  26    2.32   354.3    9.6      24.710
2012   12       11     3  35    2.33   354.3    9.5      24.679
2012   12       11     3  45    2.34   354.4    9.5      24.651
2012   12       11     3  55    2.35   354.4    9.5      24.625
2012   12       11     4   5    2.36   354.4    9.5      24.602
2012   12       11     4  14    2.37   354.4    9.5      24.582
2012   12       11     4  24    2.38   354.5    9.5      24.565
2012   12       11     4  34    2.39   354.5    9.5      24.550
2012   12       11     4  43    2.39   354.6    9.5      24.539
2012   12       11     4  53    2.40   354.6    9.4      24.532
2012   12       11     5   3    2.41   354.7    9.4      24.528
2012   12       11     5  12    2.42   354.8    9.4      24.527
2012   12       11     5  22    2.43   354.9    9.4      24.528
2012   12       11     5  32    2.44   355.0    9.4      24.531
2012   12       11     5  42    2.45   355.1    9.4      24.536
2012   12       11     5  51    2.46   355.2    9.4      24.542
2012   12       11     6   1    2.46   355.3    9.4      24.549
2012   12       11     6  11    2.47   355.4    9.5      24.557
2012   12       11     6  20    2.48   355.5    9.5      24.567
2012   12       11     6  30    2.49   355.6    9.5      24.579
2012   12       11     6  40    2.50   355.7    9.5      24.592
2012   12       11     6  50    2.50   355.8    9.5      24.606
2012   12       11     6  59    2.51   356.0    9.5      24.623
2012   12       11     7   9    2.52   356.1    9.5      24.641
2012   12       11     7  19    2.52   356.2    9.5      24.662
2012   12       11     7  28    2.53   356.3    9.5      24.684
2012   12       11     7  38    2.54   356.4    9.6      24.709
2012   12       11     7  48    2.54   356.6    9.6      24.737
2012   12       11     7  58    2.55   356.7    9.6      24.766
2012   12       11     8   7    2.55   356.9    9.6      24.798
2012   12       11     8  17    2.56   357.0    9.6      24.831
2012   12       11     8  27    2.56   357.2    9.7      24.864
2012   12       11     8  36    2.56   357.3    9.7      24.897
2012   12       11     8  46    2.56   357.5    9.7      24.930
2012   12       11     8  56    2.56   357.6    9.7      24.963
2012   12       11     9   5    2.57   357.8    9.7      24.996
2012   12       11     9  15    2.57   357.9    9.8      25.029
2012   12       11     9  25    2.57   358.1    9.8      25.061
2012   12       11     9  35    2.56   358.2    9.8      25.093
2012   12       11     9  44    2.56   358.3    9.8      25.124
2012   12       11     9  54    2.56   358.5    9.9      25.156
2012   12       11    10   4    2.56   358.6    9.9      25.187
2012   12       11    10  13    2.56   358.8    9.9      25.217
2012   12       11    10  23    2.56   358.9    9.9      25.248
2012   12       11    10  33    2.55   359.0   10.0      25.278
2012   12       11    10  42    2.55   359.2   10.0      25.308
2012   12       11    10  52    2.55   359.3   10.0      25.337
2012   12       11    11   2    2.55   359.4   10.0      25.367
2012   12       11    11  12    2.54   359.5   10.1      25.396
2012   12       11    11  21    2.54   359.7   10.1      25.425
2012   12       11    11  31    2.54   359.8   10.1      25.455
2012   12       11    11  41    2.54   359.9   10.2      25.485
2012   12       11    11  50    2.54   360.0   10.2      25.515
2012   12       11    12   0    2.54   360.1   10.2      25.545
2012   12       11    12  10    2.53   360.2   10.2      25.577
2012   12       11    12  20    2.53   360.3   10.3      25.611
2012   12       11    12  29    2.53   360.4   10.3      25.649
2012   12       11    12  39    2.53   360.5   10.3      25.691
2012   12       11    12  49    2.53   360.6   10.4      25.739
2012   12       11    12  58    2.53   360.7   10.4      25.790
2012   12       11    13   8    2.53   360.8   10.4      25.843
2012   12       11    13  18    2.52   360.9   10.4      25.897
2012   12       11    13  28    2.52   361.0   10.5      25.951
2012   12       11    13  37    2.52   361.1   10.5      26.004
2012   12       11    13  47    2.52   361.2   10.5      26.055
2012   12       11    13  57    2.52   361.3   10.5      26.106
2012   12       11    14   6    2.51   361.3   10.5      26.156
2012   12       11    14  16    2.51   361.4   10.6      26.203
2012   12       11    14  26    2.51   361.5   10.6      26.250
2012   12       11    14  35    2.51   361.6   10.6      26.294
2012   12       11    14  45    2.50   361.7   10.6      26.337
2012   12       11    14  55    2.50   361.8   10.6      26.377
2012   12       11    15   5    2.50   361.9   10.6      26.417
2012   12       11    15  14    2.50   361.9   10.6      26.454
2012   12       11    15  24    2.50   362.0   10.6      26.489
2012   12       11    15  34    2.50   362.1   10.6      26.523
2012   12       11    15  43    2.49   362.2   10.6      26.554
2012   12       11    15  53    2.49   362.3   10.6      26.584
2012   12       11    16   3    2.49   362.4   10.6      26.612
2012   12       11    16  12    2.49   362.5   10.6      26.638
2012   12       11    16  22    2.49   362.6   10.6      26.662
2012   12       11    16  32    2.49   362.7   10.6      26.683
2012   12       11    16  42    2.49   362.7   10.6      26.703
2012   12       11    16  51    2.49   362.8   10.6      26.722
2012   12       11    17   1    2.49   362.9   10.6      26.738
2012   12       11    17  11    2.49   363.0   10.5      26.752
2012   12       11    17  20    2.49   363.1   10.5      26.765
2012   12       11    17  30    2.49   363.2   10.5      26.775
2012   12       11    17  40    2.49   363.3   10.5      26.784
2012   12       11    17  49    2.50   363.4   10.5      26.791
2012   12       11    17  59    2.50   363.5   10.5      26.797
2012   12       11    18   9    2.50   363.5   10.5      26.800
2012   12       11    18  19    2.50   363.6   10.4      26.802
2012   12       11    18  28    2.50   363.7   10.4      26.803
2012   12       11    18  38    2.50   363.8   10.4      26.802
2012   12       11    18  48    2.50   363.9   10.4      26.799
2012   12       11    18  57    2.50   364.0   10.4      26.795
2012   12       11    19   7    2.51   364.0   10.3      26.790
2012   12       11    19  17    2.51   364.1   10.3      26.783
2012   12       11    19  27    2.51   364.2   10.3      26.775
2012   12       11    19  36    2.51   364.3   10.3      26.767
2012   12       11    19  46    2.51   364.4   10.3      26.757
2012   12       11    19  56    2.51   364.4   10.2      26.746
2012   12       11    20   5    2.51   364.5   10.2      26.735
2012   12       11    20  15    2.51   364.6   10.2      26.723
2012   12       11    20  25    2.51   364.7   10.2      26.710
2012   12       11    20  34    2.51   364.7   10.1      26.696
2012   12       11    20  44    2.51   364.8   10.1      26.681
2012   12       11    20  54    2.51   364.9   10.1      26.665
2012   12       11    21   4    2.51   364.9   10.1      26.649
2012   12       11    21  13    2.51   365.0   10.1      26.632
2012   12       11    21  23    2.51   365.1   10.0      26.614
2012   12       11    21  33    2.51   365.1   10.0      26.596
2012   12       11    21  42    2.51   365.2   10.0      26.578
2012   12       11    21  52    2.51   365.3   10.0      26.560
2012   12       11    22   2    2.51   365.3   10.0      26.542
2012   12       11    22  12    2.51   365.4    9.9      26.523
2012   12       11    22  21    2.51   365.4    9.9      26.505
2012   12       11    22  31    2.51   365.5    9.9      26.486
2012   12       11    22  41    2.51   365.6    9.9      26.466
2012   12       11    22  50    2.51   365.6    9.9      26.446
2012   12       11    23   0    2.51   365.7    9.8      26.425
2012   12       11    23  10    2.51   365.7    9.8      26.403
2012   12       11    23  19    2.51   365.8    9.8      26.380
2012   12       11    23  29    2.51   365.8    9.8      26.356
2012   12       11    23  39    2.51   365.9    9.7      26.331
2012   12       11    23  48    2.51   365.9    9.7      26.305
2012   12       11    23  58    2.51   366.0    9.7      26.279
2012   12       12     0   8    2.50   366.0    9.7      26.252
2012   12       12     0  18    2.50   366.1    9.7      26.224
2012   12       12     0  27    2.50   366.1    9.6      26.196
2012   12       12     0  37    2.50   366.1    9.6      26.168
2012   12       12     0  47    2.50   366.2    9.6      26.140
2012   12       12     0  56    2.49   366.2    9.6      26.111
2012   12       12     1   6    2.49   366.2    9.6      26.082
2012   12       12     1  16    2.49   366.3    9.5      26.052
2012   12       12     1  25    2.48   366.3    9.5      26.022
2012   12       12     1  35    2.48   366.3    9.5      25.991
2012   12       12     1  45    2.48   366.4    9.5      25.960
2012   12       12     1  54    2.47   366.4    9.5      25.928
2012   12       12     2   4    2.47   366.4    9.4      25.895
2012   12       12     2  14    2.47   366.4    9.4      25.861
2012   12       12     2  24    2.46   366.4    9.4      25.827
2012   12       12     2  33    2.46   366.4    9.4      25.792
2012   12       12     2  43    2.46   366.5    9.4      25.757
2012   12       12     2  53    2.45   366.5    9.4      25.721
2012   12       12     3   2    2.45   366.5    9.3      25.685
2012   12       12     3  12    2.44   366.5    9.3      25.648
2012   12       12     3  22    2.44   366.5    9.3      25.610
2012   12       12     3  32    2.44   366.5    9.3      25.573
2012   12       12     3  41    2.43   366.5    9.3      25.535
2012   12       12     3  51    2.43   366.5    9.3      25.498
2012   12       12     4   1    2.42   366.5    9.2      25.460
2012   12       12     4  10    2.42   366.5    9.2      25.422
2012   12       12     4  20    2.42   366.4    9.2      25.384
2012   12       12     4  30    2.41   366.4    9.2      25.347
2012   12       12     4  40    2.41   366.4    9.2      25.310
2012   12       12     4  49    2.40   366.4    9.2      25.273
2012   12       12     4  59    2.40   366.4    9.2      25.236
2012   12       12     5   9    2.39   366.3    9.2      25.200
2012   12       12     5  18    2.39   366.3    9.1      25.164
2012   12       12     5  28    2.38   366.3    9.1      25.129
2012   12       12     5  38    2.38   366.3    9.1      25.094
2012   12       12     5  47    2.37   366.2    9.1      25.060
2012   12       12     5  57    2.37   366.2    9.1      25.026
2012   12       12     6   7    2.37   366.2    9.1      24.992
2012   12       12     6  17    2.36   366.1    9.1      24.958
2012   12       12     6  26    2.36   366.1    9.1      24.925
2012   12       12     6  36    2.35   366.0    9.1      24.891
2012   12       12     6  46    2.35   366.0    9.0      24.858
2012   12       12     6  55    2.34   366.0    9.0      24.824
2012   12       12     7   5    2.34   365.9    9.0      24.790
2012   12       12     7  15    2.34   365.9    9.0      24.755
2012   12       12     7  24    2.33   365.8    9.0      24.720
2012   12       12     7  34    2.33   365.8    9.0      24.685
2012   12       12     7  44    2.32   365.7    9.0      24.649
2012   12       12     7  53    2.32   365.7    9.0      24.613
2012   12       12     8   3    2.31   365.7    9.0      24.576
2012   12       12     8  13    2.31   365.6    9.0      24.538
2012   12       12     8  23    2.31   365.6    8.9      24.500
2012   12       12     8  32    2.30   365.5    8.9      24.461
2012   12       12     8  42    2.30   365.4    8.9      24.423
2012   12       12     8  52    2.30   365.4    8.9      24.383
2012   12       12     9   1    2.29   365.3    8.9      24.344
2012   12       12     9  11    2.29   365.3    8.9      24.304
2012   12       12     9  21    2.28   365.2    8.9      24.264
2012   12       12     9  30    2.28   365.2    8.9      24.223
2012   12       12     9  40    2.28   365.1    8.8      24.183
2012   12       12     9  50    2.27   365.0    8.8      24.143
2012   12       12    10   0    2.27   365.0    8.8      24.102
2012   12       12    10   9    2.27   364.9    8.8      24.062
2012   12       12    10  19    2.26   364.8    8.8      24.021
2012   12       12    10  29    2.26   364.8    8.8      23.981
2012   12       12    10  38    2.26   364.7    8.8      23.940
2012   12       12    10  48    2.25   364.6    8.8      23.900
2012   12       12    10  58    2.25   364.6    8.8      23.860
2012   12       12    11   8    2.25   364.5    8.7      23.820
2012   12       12    11  17    2.24   364.4    8.7      23.780
2012   12       12    11  27    2.24   364.4    8.7      23.740
2012   12       12    11  37    2.24   364.3    8.7      23.701
2012   12       12    11  46    2.23   364.2    8.7      23.661
2012   12       12    11  56    2.23   364.1    8.7      23.621
2012   12       12    12   6    2.23   364.1    8.7      23.582
2012   12       12    12  15    2.23   364.0    8.7      23.542
2012   12       12    12  25    2.22   363.9    8.7      23.503
2012   12       12    12  35    2.22   363.8    8.7      23.463
2012   12       12    12  45    2.22   363.7    8.7      23.424
2012   12       12    12  54    2.21   363.7    8.6      23.384
2012   12       12    13   4    2.21   363.6    8.6      23.344
2012   12       12    13  14    2.21   363.5    8.6      23.305
2012   12       12    13  23    2.21   363.4    8.6      23.264
2012   12       12    13  33    2.20   363.3    8.6      23.225
2012   12       12    13  43    2.20   363.2    8.6      23.185
2012   12       12    13  52    2.20   363.2    8.6      23.145
2012   12       12    14   2    2.20   363.1    8.6      23.106
2012   12       12    14  12    2.20   363.0    8.6      23.067
2012   12       12    14  22    2.19   362.9    8.6      23.028
2012   12       12    14  31    2.19   362.8    8.6      22.990
2012   12       12    14  41    2.19   362.7    8.6      22.952
2012   12       12    14  51    2.19   362.6    8.6      22.914
2012   12       12    15   0    2.19   362.5    8.5      22.877
2012   12       12    15  10    2.18   362.4    8.5      22.841
2012   12       12    15  20    2.18   362.4    8.5      22.805
2012   12       12    15  29    2.18   362.3    8.5      22.769
2012   12       12    15  39    2.18   362.2    8.5      22.734
2012   12       12    15  49    2.18   362.1    8.5      22.700
2012   12       12    15  58    2.17   362.0    8.5      22.665
2012   12       12    16   8    2.17   361.9    8.5      22.632
2012   12       12    16  18    2.17   361.8    8.5      22.598
2012   12       12    16  28    2.17   361.7    8.5      22.565
2012   12       12    16  37    2.17   361.6    8.5      22.532
2012   12       12    16  47    2.17   361.5    8.5      22.500
2012   12       12    16  57    2.16   361.4    8.5      22.468
2012   12       12    17   6    2.16   361.3    8.5      22.436
2012   12       12    17  16    2.16   361.2    8.5      22.405
2012   12       12    17  26    2.16   361.1    8.5      22.374
2012   12       12    17  36    2.16   361.0    8.5      22.344
2012   12       12    17  45    2.16   360.9    8.5      22.314
2012   12       12    17  55    2.16   360.7    8.5      22.285
2012   12       12    18   5    2.15   360.6    8.5      22.256
2012   12       12    18  14    2.15   360.5    8.5      22.228
2012   12       12    18  24    2.15   360.4    8.5      22.201
2012   12       12    18  34    2.15   360.3    8.5      22.174
2012   12       12    18  43    2.15   360.2    8.5      22.147
2012   12       12    18  53    2.15   360.1    8.5      22.121
2012   12       12    19   3    2.15   360.0    8.5      22.096
2012   12       12    19  13    2.15   359.9    8.5      22.070
2012   12       12    19  22    2.15   359.8    8.5      22.046
2012   12       12    19  32    2.15   359.7    8.5      22.022
2012   12       12    19  42    2.15   359.6    8.5      21.998
2012   12       12    19  51    2.15   359.5    8.5      21.975
2012   12       12    20   1    2.14   359.3    8.5      21.952
2012   12       12    20  11    2.14   359.2    8.5      21.930
2012   12       12    20  21    2.14   359.1    8.5      21.908
2012   12       12    20  30    2.14   359.0    8.5      21.887
2012   12       12    20  40    2.14   358.9    8.5      21.866
2012   12       12    20  50    2.14   358.8    8.5      21.846
2012   12       12    20  59    2.14   358.7    8.5      21.826
2012   12       12    21   9    2.14   358.6    8.5      21.807
2012   12       12    21  19    2.14   358.4    8.5      21.788
2012   12       12    21  28    2.14   358.3    8.5      21.770
2012   12       12    21  38    2.14   358.2    8.5      21.752
2012   12       12    21  48    2.14   358.1    8.5      21.734
2012   12       12    21  57    2.14   358.0    8.5      21.717
2012   12       12    22   7    2.14   357.9    8.5      21.699
2012   12       12    22  17    2.14   357.8    8.5      21.682
2012   12       12    22  27    2.14   357.6    8.5      21.665
2012   12       12    22  36    2.14   357.5    8.5      21.648
2012   12       12    22  46    2.14   357.4    8.5      21.632
2012   12       12    22  56    2.14   357.3    8.5      21.615
2012   12       12    23   5    2.14   357.2    8.5      21.599
2012   12       12    23  15    2.15   357.1    8.5      21.582
2012   12       12    23  25    2.15   357.0    8.5      21.566
2012   12       12    23  34    2.15   356.9    8.5      21.550
2012   12       12    23  44    2.15   356.7    8.5      21.534
2012   12       12    23  54    2.15   356.6    8.6      21.518
2012   12       13     0   4    2.15   356.5    8.6      21.502
2012   12       13     0  13    2.15   356.4    8.6      21.487
2012   12       13     0  23    2.15   356.3    8.6      21.471
2012   12       13     0  33    2.15   356.2    8.6      21.455
2012   12       13     0  42    2.15   356.0    8.6      21.439
2012   12       13     0  52    2.15   355.9    8.6      21.423
2012   12       13     1   2    2.15   355.8    8.6      21.407
2012   12       13     1  11    2.15   355.7    8.6      21.392
2012   12       13     1  21    2.15   355.6    8.6      21.376
2012   12       13     1  31    2.15   355.5    8.6      21.360
2012   12       13     1  41    2.16   355.3    8.6      21.344
2012   12       13     1  50    2.16   355.2    8.6      21.328
2012   12       13     2   0    2.16   355.1    8.6      21.312
2012   12       13     2  10    2.16   355.0    8.6      21.296
2012   12       13     2  19    2.16   354.9    8.6      21.280
2012   12       13     2  29    2.16   354.7    8.6      21.265
2012   12       13     2  39    2.16   354.6    8.6      21.249
2012   12       13     2  49    2.16   354.5    8.6      21.233
2012   12       13     2  58    2.16   354.4    8.6      21.218
2012   12       13     3   8    2.16   354.3    8.6      21.203
2012   12       13     3  18    2.16   354.1    8.6      21.187
2012   12       13     3  27    2.17   354.0    8.6      21.172
2012   12       13     3  37    2.17   353.9    8.6      21.157
2012   12       13     3  47    2.17   353.8    8.7      21.143
2012   12       13     3  56    2.17   353.7    8.7      21.128
2012   12       13     4   6    2.17   353.5    8.7      21.114
2012   12       13     4  16    2.17   353.4    8.7      21.100
2012   12       13     4  26    2.17   353.3    8.7      21.087
2012   12       13     4  35    2.18   353.2    8.7      21.074
2012   12       13     4  45    2.18   353.0    8.7      21.061
2012   12       13     4  55    2.18   352.9    8.7      21.049
2012   12       13     5   4    2.18   352.8    8.7      21.037
2012   12       13     5  14    2.18   352.7    8.7      21.027
2012   12       13     5  24    2.19   352.5    8.7      21.016
2012   12       13     5  33    2.19   352.4    8.7      21.007
2012   12       13     5  43    2.19   352.3    8.7      20.998
2012   12       13     5  53    2.19   352.2    8.8      20.990
2012   12       13     6   2    2.20   352.1    8.8      20.983
2012   12       13     6  12    2.20   351.9    8.8      20.977
2012   12       13     6  22    2.20   351.8    8.8      20.971
2012   12       13     6  32    2.20   351.7    8.8      20.967
2012   12       13     6  41    2.21   351.6    8.8      20.963
2012   12       13     6  51    2.21   351.5    8.8      20.961
2012   12       13     7   1    2.21   351.4    8.8      20.959
2012   12       13     7  10    2.21   351.3    8.9      20.958
2012   12       13     7  20    2.22   351.1    8.9      20.958
2012   12       13     7  30    2.22   351.0    8.9      20.958
2012   12       13     7  39    2.22   350.9    8.9      20.960
2012   12       13     7  49    2.23   350.8    8.9      20.962
2012   12       13     7  59    2.23   350.7    8.9      20.965
2012   12       13     8   9    2.23   350.6    8.9      20.969
2012   12       13     8  18    2.24   350.5    9.0      20.973
2012   12       13     8  28    2.24   350.4    9.0      20.979
2012   12       13     8  38    2.24   350.3    9.0      20.985
2012   12       13     8  47    2.24   350.2    9.0      20.992
2012   12       13     8  57    2.25   350.1    9.0      21.000
2012   12       13     9   7    2.25   350.0    9.0      21.009
2012   12       13     9  17    2.25   349.9    9.0      21.018
2012   12       13     9  26    2.26   349.8    9.1      21.027
2012   12       13     9  36    2.26   349.7    9.1      21.036
2012   12       13     9  46    2.26   349.6    9.1      21.045
2012   12       13     9  55    2.27   349.5    9.1      21.053
2012   12       13    10   5    2.27   349.4    9.1      21.061
2012   12       13    10  15    2.27   349.3    9.1      21.070
2012   12       13    10  24    2.27   349.2    9.1      21.078
2012   12       13    10  34    2.28   349.2    9.2      21.085
2012   12       13    10  44    2.28   349.1    9.2      21.093
2012   12       13    10  54    2.28   349.0    9.2      21.101
2012   12       13    11   3    2.29   348.9    9.2      21.108
2012   12       13    11  13    2.29   348.8    9.2      21.116
2012   12       13    11  23    2.30   348.7    9.2      21.124
2012   12       13    11  32    2.30   348.6    9.2      21.131
2012   12       13    11  42    2.30   348.5    9.3      21.139
2012   12       13    11  52    2.31   348.4    9.3      21.147
2012   12       13    12   1    2.31   348.3    9.3      21.156
2012   12       13    12  11    2.31   348.3    9.3      21.165
2012   12       13    12  21    2.32   348.2    9.3      21.174
2012   12       13    12  30    2.32   348.1    9.4      21.184
2012   12       13    12  40    2.33   348.0    9.4      21.194
2012   12       13    12  50    2.33   347.9    9.4      21.205
2012   12       13    13   0    2.34   347.9    9.4      21.217
2012   12       13    13   9    2.34   347.8    9.4      21.230
2012   12       13    13  19    2.35   347.7    9.5      21.244
2012   12       13    13  29    2.35   347.7    9.5      21.260
2012   12       13    13  38    2.36   347.6    9.5      21.278
2012   12       13    13  48    2.36   347.6    9.5      21.298
2012   12       13    13  58    2.37   347.5    9.6      21.320
2012   12       13    14   7    2.37   347.4    9.6      21.344
2012   12       13    14  17    2.38   347.4    9.6      21.369
2012   12       13    14  27    2.38   347.3    9.6      21.395
2012   12       13    14  37    2.38   347.3    9.6      21.420
2012   12       13    14  46    2.39   347.3    9.7      21.446
2012   12       13    14  56    2.39   347.2    9.7      21.472
2012   12       13    15   6    2.40   347.2    9.7      21.498
2012   12       13    15  15    2.40   347.1    9.7      21.524
2012   12       13    15  25    2.41   347.1    9.7      21.550
2012   12       13    15  35    2.41   347.1    9.8      21.577
2012   12       13    15  45    2.42   347.0    9.8      21.603
2012   12       13    15  54    2.42   347.0    9.8      21.630
2012   12       13    16   4    2.42   347.0    9.8      21.656
2012   12       13    16  14    2.43   346.9    9.8      21.682
2012   12       13    16  23    2.43   346.9    9.9      21.707
2012   12       13    16  33    2.44   346.9    9.9      21.733
2012   12       13    16  43    2.44   346.9    9.9      21.758
2012   12       13    16  52    2.44   346.8    9.9      21.782
2012   12       13    17   2    2.45   346.8    9.9      21.806
2012   12       13    17  12    2.45   346.8    9.9      21.830
2012   12       13    17  22    2.46   346.8   10.0      21.853
2012   12       13    17  31    2.46   346.8   10.0      21.876
2012   12       13    17  41    2.46   346.8   10.0      21.899
2012   12       13    17  51    2.47   346.7   10.0      21.921
2012   12       13    18   0    2.47   346.7   10.0      21.943
2012   12       13    18  10    2.47   346.7   10.0      21.965
2012   12       13    18  20    2.48   346.7   10.0      21.986
2012   12       13    18  29    2.48   346.7   10.1      22.006
2012   12       13    18  39    2.49   346.7   10.1      22.027
2012   12       13    18  49    2.49   346.7   10.1      22.047
2012   12       13    18  59    2.49   346.7   10.1      22.067
2012   12       13    19   8    2.50   346.7   10.1      22.087
2012   12       13    19  18    2.50   346.7   10.1      22.106
2012   12       13    19  28    2.50   346.6   10.1      22.125
2012   12       13    19  37    2.51   346.6   10.2      22.145
2012   12       13    19  47    2.51   346.6   10.2      22.164
2012   12       13    19  57    2.52   346.6   10.2      22.183
2012   12       13    20   6    2.52   346.6   10.2      22.201
2012   12       13    20  16    2.52   346.6   10.2      22.221
2012   12       13    20  26    2.53   346.6   10.2      22.240
2012   12       13    20  35    2.53   346.6   10.3      22.261
2012   12       13    20  45    2.54   346.7   10.3      22.283
2012   12       13    20  55    2.54   346.7   10.3      22.306
2012   12       13    21   5    2.54   346.7   10.3      22.331
2012   12       13    21  14    2.55   346.7   10.3      22.356
2012   12       13    21  24    2.55   346.7   10.3      22.382
2012   12       13    21  34    2.55   346.7   10.4      22.409
2012   12       13    21  43    2.56   346.8   10.4      22.436
2012   12       13    21  53    2.56   346.8   10.4      22.463
2012   12       13    22   3    2.57   346.8   10.4      22.491
2012   12       13    22  12    2.57   346.9   10.4      22.518
2012   12       13    22  22    2.57   346.9   10.4      22.546
2012   12       13    22  32    2.58   346.9   10.4      22.573
2012   12       13    22  42    2.58   346.9   10.5      22.600
2012   12       13    22  51    2.58   347.0   10.5      22.626
2012   12       13    23   1    2.58   347.0   10.5      22.652
2012   12       13    23  11    2.59   347.0   10.5      22.677
2012   12       13    23  20    2.59   347.1   10.5      22.701
2012   12       13    23  30    2.59   347.1   10.5      22.725
2012   12       13    23  40    2.59   347.2   10.5      22.749
2012   12       13    23  50    2.60   347.2   10.5      22.772
2012   12       13    23  59    2.60   347.2   10.5      22.795
2012   12       14     0   9    2.60   347.3   10.5      22.817
2012   12       14     0  19    2.60   347.3   10.5      22.839
2012   12       14     0  28    2.61   347.3   10.6      22.861
2012   12       14     0  38    2.61   347.4   10.6      22.882
2012   12       14     0  48    2.61   347.4   10.6      22.902
2012   12       14     0  58    2.61   347.5   10.6      22.923
2012   12       14     1   7    2.62   347.5   10.6      22.943
2012   12       14     1  17    2.62   347.5   10.6      22.962
2012   12       14     1  27    2.62   347.6   10.6      22.981
2012   12       14     1  36    2.62   347.6   10.6      23.000
2012   12       14     1  46    2.62   347.7   10.6      23.019
2012   12       14     1  56    2.63   347.7   10.6      23.037
2012   12       14     2   5    2.63   347.7   10.6      23.055
2012   12       14     2  15    2.63   347.8   10.6      23.072
2012   12       14     2  25    2.63   347.8   10.6      23.089
2012   12       14     2  34    2.63   347.9   10.6      23.106
2012   12       14     2  44    2.64   347.9   10.6      23.123
2012   12       14     2  54    2.64   348.0   10.6      23.139
2012   12       14     3   4    2.64   348.0   10.6      23.154
2012   12       14     3  13    2.64   348.0   10.6      23.170
2012   12       14     3  23    2.64   348.1   10.6      23.185
2012   12       14     3  33    2.64   348.1   10.6      23.200
2012   12       14     3  42    2.65   348.2   10.6      23.215
2012   12       14     3  52    2.65   348.2   10.6      23.229
2012   12       14     4   2    2.65   348.3   10.6      23.244
2012   12       14     4  11    2.65   348.3   10.7      23.258
2012   12       14     4  21    2.65   348.4   10.7      23.272
2012   12       14     4  31    2.65   348.4   10.7      23.287
2012   12       14     4  40    2.66   348.5   10.7      23.301
2012   12       14     4  50    2.66   348.5   10.7      23.315
2012   12       14     5   0    2.66   348.5   10.7      23.329
2012   12       14     5  10    2.66   348.6   10.7      23.343
2012   12       14     5  19    2.66   348.6   10.7      23.357
2012   12       14     5  29    2.66   348.7   10.7      23.371
2012   12       14     5  39    2.67   348.7   10.7      23.385
2012   12       14     5  48    2.67   348.8   10.7      23.399
2012   12       14     5  58    2.67   348.9   10.7      23.414
2012   12       14     6   8    2.67   348.9   10.7      23.430
2012   12       14     6  18    2.67   349.0   10.7      23.446
2012   12       14     6  27    2.67   349.0   10.7      23.463
2012   12       14     6  37    2.67   349.1   10.7      23.481
2012   12       14     6  47    2.68   349.2   10.7      23.498
2012   12       14     6  56    2.68   349.2   10.7      23.516
2012   12       14     7   6    2.68   349.3   10.7      23.534
2012   12       14     7  16    2.68   349.3   10.7      23.552
2012   12       14     7  26    2.68   349.4   10.7      23.569
2012   12       14     7  35    2.68   349.5   10.7      23.587
2012   12       14     7  45    2.68   349.5   10.7      23.606
2012   12       14     7  55    2.68   349.6   10.7      23.624
2012   12       14     8   4    2.69   349.6   10.8      23.642
2012   12       14     8  14    2.69   349.7   10.8      23.660
2012   12       14     8  24    2.69   349.8   10.8      23.679
2012   12       14     8  33    2.69   349.8   10.8      23.699
2012   12       14     8  43    2.69   349.9   10.8      23.719
2012   12       14     8  53    2.69   350.0   10.8      23.739
2012   12       14     9   3    2.69   350.1   10.8      23.760
2012   12       14     9  12    2.69   350.1   10.8      23.779
2012   12       14     9  22    2.69   350.2   10.8      23.799
2012   12       14     9  32    2.69   350.3   10.8      23.817
2012   12       14     9  41    2.69   350.3   10.8      23.835
2012   12       14     9  51    2.70   350.4   10.8      23.853
2012   12       14    10   1    2.70   350.5   10.8      23.869
2012   12       14    10  10    2.70   350.6   10.8      23.885
2012   12       14    10  20    2.70   350.6   10.8      23.901
2012   12       14    10  30    2.70   350.7   10.8      23.916
2012   12       14    10  39    2.70   350.8   10.8      23.930
2012   12       14    10  49    2.70   350.8   10.8      23.944
2012   12       14    10  59    2.70   350.9   10.8      23.958
2012   12       14    11   9    2.70   351.0   10.8      23.971
2012   12       14    11  18    2.70   351.0   10.8      23.984
2012   12       14    11  28    2.70   351.1   10.8      23.996
2012   12       14    11  38    2.70   351.2   10.8      24.008
2012   12       14    11  47    2.70   351.2   10.8      24.019
2012   12       14    11  57    2.70   351.3   10.8      24.030
2012   12       14    12   7    2.70   351.4   10.8      24.041
2012   12       14    12  16    2.70   351.4   10.8      24.052
2012   12       14    12  26    2.70   351.5   10.8      24.063
2012   12       14    12  36    2.70   351.6   10.8      24.073
2012   12       14    12  46    2.70   351.7   10.8      24.083
2012   12       14    12  55    2.70   351.7   10.8      24.093
2012   12       14    13   5    2.70   351.8   10.7      24.103
2012   12       14    13  15    2.70   351.9   10.7      24.113
2012   12       14    13  24    2.70   351.9   10.7      24.122
2012   12       14    13  34    2.70   352.0   10.7      24.132
2012   12       14    13  44    2.70   352.1   10.7      24.142
2012   12       14    13  54    2.70   352.1   10.7      24.152
2012   12       14    14   3    2.70   352.2   10.7      24.161
2012   12       14    14  13    2.70   352.3   10.7      24.171
2012   12       14    14  23    2.70   352.4   10.7      24.181
2012   12       14    14  32    2.70   352.4   10.7      24.191
2012   12       14    14  42    2.70   352.5   10.7      24.201
2012   12       14    14  52    2.70   352.6   10.7      24.211
2012   12       14    15   1    2.70   352.6   10.7      24.221
2012   12       14    15  11    2.70   352.7   10.7      24.231
2012   12       14    15  21    2.70   352.8   10.7      24.242
2012   12       14    15  31    2.70   352.9   10.7      24.254
2012   12       14    15  40    2.70   352.9   10.7      24.266
2012   12       14    15  50    2.70   353.0   10.7      24.280
2012   12       14    16   0    2.70   353.1   10.7      24.295
2012   12       14    16   9    2.70   353.2   10.7      24.311
2012   12       14    16  19    2.70   353.3   10.7      24.328
2012   12       14    16  29    2.70   353.3   10.7      24.344
2012   12       14    16  38    2.70   353.4   10.7      24.361
2012   12       14    16  48    2.69   353.5   10.7      24.377
2012   12       14    16  58    2.69   353.6   10.7      24.392
2012   12       14    17   8    2.69   353.7   10.7      24.406
2012   12       14    17  17    2.69   353.8   10.7      24.420
2012   12       14    17  27    2.69   353.9   10.7      24.433
2012   12       14    17  37    2.69   354.0   10.7      24.445
2012   12       14    17  46    2.69   354.1   10.7      24.456
2012   12       14    17  56    2.69   354.1   10.7      24.466
2012   12       14    18   6    2.69   354.2   10.7      24.476
2012   12       14    18  15    2.68   354.3   10.7      24.485
2012   12       14    18  25    2.68   354.4   10.7      24.493
2012   12       14    18  35    2.68   354.5   10.7      24.501
2012   12       14    18  44    2.68   354.6   10.7      24.508
2012   12       14    18  54    2.68   354.7   10.7      24.514
2012   12       14    19   4    2.68   354.8   10.7      24.520
2012   12       14    19  14    2.67   354.9   10.6      24.525
2012   12       14    19  23    2.67   354.9   10.6      24.530
2012   12       14    19  33    2.67   355.0   10.6      24.534
2012   12       14    19  43    2.67   355.1   10.6      24.537
2012   12       14    19  52    2.67   355.2   10.6      24.540
2012   12       14    20   2    2.66   355.3   10.6      24.542
2012   12       14    20  12    2.66   355.4   10.6      24.544
2012   12       14    20  21    2.66   355.4   10.6      24.545
2012   12       14    20  31    2.66   355.5   10.6      24.545
2012   12       14    20  41    2.66   355.6   10.6      24.546
2012   12       14    20  51    2.65   355.7   10.5      24.545
2012   12       14    21   0    2.65   355.8   10.5      24.545
2012   12       14    21  10    2.65   355.8   10.5      24.544
2012   12       14    21  20    2.65   355.9   10.5      24.542
2012   12       14    21  29    2.65   356.0   10.5      24.540
2012   12       14    21  39    2.64   356.1   10.5      24.539
2012   12       14    21  49    2.64   356.2   10.5      24.536
2012   12       14    21  59    2.64   356.2   10.5      24.534
2012   12       14    22   8    2.64   356.3   10.5      24.532
2012   12       14    22  18    2.63   356.4   10.4      24.530
2012   12       14    22  28    2.63   356.4   10.4      24.527
2012   12       14    22  37    2.63   356.5   10.4      24.524
2012   12       14    22  47    2.63   356.6   10.4      24.521
2012   12       14    22  57    2.62   356.7   10.4      24.518
2012   12       14    23   6    2.62   356.7   10.4      24.516
2012   12       14    23  16    2.62   356.8   10.4      24.514
2012   12       14    23  26    2.62   356.9   10.4      24.512
2012   12       14    23  36    2.61   356.9   10.4      24.510
2012   12       14    23  45    2.61   357.0   10.3      24.508
2012   12       14    23  55    2.61   357.1   10.3      24.505
2012   12       15     0   5    2.61   357.2   10.3      24.502
2012   12       15     0  14    2.60   357.2   10.3      24.498
2012   12       15     0  24    2.60   357.3   10.3      24.494
2012   12       15     0  34    2.60   357.4   10.3      24.488
2012   12       15     0  43    2.59   357.4   10.3      24.483
2012   12       15     0  53    2.59   357.5   10.3      24.476
2012   12       15     1   3    2.59   357.6   10.2      24.469
2012   12       15     1  12    2.58   357.6   10.2      24.462
2012   12       15     1  22    2.58   357.7   10.2      24.453
2012   12       15     1  32    2.58   357.8   10.2      24.445
2012   12       15     1  42    2.57   357.8   10.2      24.435
2012   12       15     1  51    2.57   357.9   10.2      24.425
2012   12       15     2   1    2.57   357.9   10.2      24.414
2012   12       15     2  11    2.56   358.0   10.1      24.403
2012   12       15     2  20    2.56   358.1   10.1      24.391
2012   12       15     2  30    2.56   358.1   10.1      24.379
2012   12       15     2  40    2.55   358.2   10.1      24.366
2012   12       15     2  49    2.55   358.2   10.1      24.352
2012   12       15     2  59    2.55   358.3   10.1      24.338
2012   12       15     3   9    2.54   358.4   10.0      24.323
2012   12       15     3  19    2.54   358.4   10.0      24.307
2012   12       15     3  28    2.54   358.5   10.0      24.291
2012   12       15     3  38    2.53   358.5   10.0      24.275
2012   12       15     3  48    2.53   358.6   10.0      24.258
2012   12       15     3  57    2.53   358.6   10.0      24.240
2012   12       15     4   7    2.52   358.7    9.9      24.222
2012   12       15     4  17    2.52   358.7    9.9      24.203
2012   12       15     4  27    2.52   358.8    9.9      24.184
2012   12       15     4  36    2.51   358.8    9.9      24.165
2012   12       15     4  46    2.51   358.8    9.9      24.144
2012   12       15     4  56    2.51   358.9    9.9      24.124
2012   12       15     5   5    2.50   358.9    9.8      24.103
2012   12       15     5  15    2.50   359.0    9.8      24.082
2012   12       15     5  25    2.49   359.0    9.8      24.060
2012   12       15     5  34    2.49   359.0    9.8      24.038
2012   12       15     5  44    2.49   359.1    9.8      24.015
2012   12       15     5  54    2.48   359.1    9.7      23.992
2012   12       15     6   4    2.48   359.1    9.7      23.968
2012   12       15     6  13    2.48   359.1    9.7      23.945
2012   12       15     6  23    2.47   359.2    9.7      23.921
2012   12       15     6  33    2.47   359.2    9.7      23.896
2012   12       15     6  42    2.47   359.2    9.7      23.872
2012   12       15     6  52    2.46   359.2    9.6      23.847
2012   12       15     7   2    2.46   359.2    9.6      23.822
2012   12       15     7  11    2.46   359.3    9.6      23.796
2012   12       15     7  21    2.45   359.3    9.6      23.771
2012   12       15     7  31    2.45   359.3    9.6      23.745
2012   12       15     7  41    2.45   359.3    9.6      23.719
2012   12       15     7  50    2.45   359.3    9.5      23.692
2012   12       15     8   0    2.44   359.3    9.5      23.666
2012   12       15     8  10    2.44   359.3    9.5      23.639
2012   12       15     8  19    2.44   359.3    9.5      23.612
2012   12       15     8  29    2.43   359.3    9.5      23.585
2012   12       15     8  39    2.43   359.3    9.5      23.558
2012   12       15     8  48    2.43   359.3    9.5      23.531
2012   12       15     8  58    2.42   359.3    9.4      23.503
2012   12       15     9   8    2.42   359.3    9.4      23.476
2012   12       15     9  17    2.42   359.3    9.4      23.448
2012   12       15     9  27    2.42   359.3    9.4      23.421
2012   12       15     9  37    2.41   359.3    9.4      23.393
2012   12       15     9  47    2.41   359.3    9.4      23.366
2012   12       15     9  56    2.41   359.3    9.4      23.338
2012   12       15    10   6    2.40   359.3    9.3      23.310
2012   12       15    10  16    2.40   359.2    9.3      23.282
2012   12       15    10  25    2.40   359.2    9.3      23.255
2012   12       15    10  35    2.40   359.2    9.3      23.227
2012   12       15    10  45    2.39   359.2    9.3      23.200
2012   12       15    10  55    2.39   359.2    9.3      23.173
2012   12       15    11   4    2.39   359.2    9.3      23.146
2012   12       15    11  14    2.39   359.1    9.3      23.119
2012   12       15    11  24    2.38   359.1    9.2      23.092
2012   12       15    11  33    2.38   359.1    9.2      23.066
2012   12       15    11  43    2.38   359.1    9.2      23.039
2012   12       15    11  53    2.38   359.0    9.2      23.013
2012   12       15    12   2    2.37   359.0    9.2      22.987
2012   12       15    12  12    2.37   359.0    9.2      22.962
2012   12       15    12  22    2.37   359.0    9.2      22.936
2012   12       15    12  32    2.37   358.9    9.2      22.910
2012   12       15    12  41    2.36   358.9    9.2      22.884
2012   12       15    12  51    2.36   358.9    9.1      22.859
2012   12       15    13   1    2.36   358.8    9.1      22.833
2012   12       15    13  10    2.36   358.8    9.1      22.808
2012   12       15    13  20    2.36   358.8    9.1      22.783
2012   12       15    13  30    2.35   358.7    9.1      22.757
2012   12       15    13  39    2.35   358.7    9.1      22.732
2012   12       15    13  49    2.35   358.7    9.1      22.707
2012   12       15    13  59    2.35   358.6    9.1      22.682
2012   12       15    14   9    2.35   358.6    9.1      22.657
2012   12       15    14  18    2.35   358.5    9.1      22.632
2012   12       15    14  28    2.34   358.5    9.1      22.607
2012   12       15    14  38    2.34   358.4    9.0      22.583
2012   12       15    14  47    2.34   358.4    9.0      22.558
2012   12       15    14  57    2.34   358.3    9.0      22.534
2012   12       15    15   7    2.34   358.3    9.0      22.510
2012   12       15    15  16    2.33   358.3    9.0      22.486
2012   12       15    15  26    2.33   358.2    9.0      22.462
2012   12       15    15  36    2.33   358.1    9.0      22.438
2012   12       15    15  46    2.33   358.1    9.0      22.415
2012   12       15    15  55    2.33   358.0    9.0      22.392
2012   12       15    16   5    2.33   358.0    9.0      22.368
2012   12       15    16  15    2.33   357.9    9.0      22.346
2012   12       15    16  24    2.32   357.9    9.0      22.323
2012   12       15    16  34    2.32   357.8    9.0      22.301
2012   12       15    16  44    2.32   357.8    9.0      22.279
2012   12       15    16  53    2.32   357.7    9.0      22.258
2012   12       15    17   3    2.32   357.6    8.9      22.236
2012   12       15    17  13    2.32   357.6    8.9      22.216
2012   12       15    17  22    2.32   357.5    8.9      22.195
2012   12       15    17  32    2.32   357.5    8.9      22.175
2012   12       15    17  42    2.32   357.4    8.9      22.156
2012   12       15    17  52    2.31   357.3    8.9      22.137
2012   12       15    18   1    2.31   357.3    8.9      22.118
2012   12       15    18  11    2.31   357.2    8.9      22.100
2012   12       15    18  21    2.31   357.2    8.9      22.083
2012   12       15    18  30    2.31   357.1    8.9      22.066
2012   12       15    18  40    2.31   357.0    8.9      22.049
2012   12       15    18  50    2.31   357.0    8.9      22.033
2012   12       15    19   0    2.31   356.9    8.9      22.017
2012   12       15    19   9    2.31   356.9    8.9      22.002
2012   12       15    19  19    2.31   356.8    8.9      21.987
2012   12       15    19  29    2.31   356.8    8.9      21.973
2012   12       15    19  38    2.31   356.7    8.9      21.958
2012   12       15    19  48    2.31   356.6    8.9      21.944
2012   12       15    19  58    2.31   356.6    8.9      21.930
2012   12       15    20   7    2.30   356.5    8.9      21.917
2012   12       15    20  17    2.30   356.5    8.9      21.903
2012   12       15    20  27    2.30   356.4    8.9      21.890
2012   12       15    20  37    2.30   356.3    8.9      21.876
2012   12       15    20  46    2.30   356.3    8.9      21.863
2012   12       15    20  56    2.30   356.2    8.9      21.850
2012   12       15    21   6    2.30   356.2    8.9      21.837
2012   12       15    21  15    2.30   356.1    8.9      21.824
2012   12       15    21  25    2.30   356.0    8.9      21.811
2012   12       15    21  35    2.30   356.0    8.9      21.798
2012   12       15    21  44    2.30   355.9    8.9      21.785
2012   12       15    21  54    2.30   355.9    8.9      21.772
2012   12       15    22   4    2.30   355.8    8.9      21.760
2012   12       15    22  14    2.30   355.7    8.9      21.747
2012   12       15    22  23    2.30   355.7    8.9      21.734
2012   12       15    22  33    2.30   355.6    8.9      21.722
2012   12       15    22  43    2.30   355.6    8.9      21.710
2012   12       15    22  52    2.30   355.5    8.9      21.697
2012   12       15    23   2    2.30   355.4    8.9      21.685
2012   12       15    23  12    2.30   355.4    8.9      21.673
2012   12       15    23  21    2.30   355.3    8.9      21.661
2012   12       15    23  31    2.30   355.3    8.9      21.649
2012   12       15    23  41    2.30   355.2    8.9      21.638
2012   12       15    23  51    2.30   355.1    8.9      21.626
2012   12       16     0   0    2.30   355.1    8.9      21.615
