year    month   day   hour  minute  B_enl V_enl   n_enl       T_enl
[year] [month] [day] [hour][minute] [nT]  [km/s]  [cm-3]      [kK]
2012   12        4     0   4    2.19   419.8    6.5      27.913
2012   12        4     0  14    2.18   419.8    6.5      27.844
2012   12        4     0  24    2.17   419.8    6.5      27.778
2012   12        4     0  33    2.16   419.8    6.4      27.712
2012   12        4     0  43    2.16   419.8    6.4      27.647
2012   12        4     0  53    2.15   419.8    6.4      27.584
2012   12        4     1   3    2.14   419.8    6.4      27.521
2012   12        4     1  12    2.13   419.8    6.4      27.459
2012   12        4     1  22    2.13   419.8    6.3      27.399
2012   12        4     1  32    2.12   419.8    6.3      27.338
2012   12        4     1  42    2.11   419.8    6.3      27.278
2012   12        4     1  52    2.11   419.8    6.3      27.219
2012   12        4     2   1    2.10   419.8    6.3      27.159
2012   12        4     2  11    2.09   419.8    6.2      27.099
2012   12        4     2  21    2.09   419.8    6.2      27.039
2012   12        4     2  31    2.08   419.8    6.2      26.979
2012   12        4     2  40    2.07   419.7    6.2      26.918
2012   12        4     2  50    2.07   419.7    6.2      26.856
2012   12        4     3   0    2.06   419.7    6.1      26.795
2012   12        4     3  10    2.05   419.7    6.1      26.732
2012   12        4     3  19    2.05   419.6    6.1      26.670
2012   12        4     3  29    2.04   419.6    6.1      26.606
2012   12        4     3  39    2.03   419.6    6.1      26.542
2012   12        4     3  49    2.03   419.5    6.1      26.479
2012   12        4     3  58    2.02   419.5    6.0      26.415
2012   12        4     4   8    2.01   419.5    6.0      26.351
2012   12        4     4  18    2.01   419.4    6.0      26.287
2012   12        4     4  28    2.00   419.4    6.0      26.223
2012   12        4     4  37    2.00   419.3    6.0      26.159
2012   12        4     4  47    1.99   419.3    6.0      26.096
2012   12        4     4  57    1.98   419.2    5.9      26.033
2012   12        4     5   7    1.98   419.2    5.9      25.970
2012   12        4     5  16    1.97   419.1    5.9      25.907
2012   12        4     5  26    1.97   419.0    5.9      25.845
2012   12        4     5  36    1.96   419.0    5.9      25.783
2012   12        4     5  46    1.95   418.9    5.9      25.722
2012   12        4     5  55    1.95   418.8    5.9      25.660
2012   12        4     6   5    1.94   418.7    5.8      25.599
2012   12        4     6  15    1.94   418.7    5.8      25.537
2012   12        4     6  25    1.93   418.6    5.8      25.476
2012   12        4     6  34    1.93   418.5    5.8      25.415
2012   12        4     6  44    1.92   418.4    5.8      25.353
2012   12        4     6  54    1.91   418.3    5.8      25.292
2012   12        4     7   4    1.91   418.2    5.7      25.230
2012   12        4     7  13    1.90   418.2    5.7      25.168
2012   12        4     7  23    1.90   418.1    5.7      25.107
2012   12        4     7  33    1.89   418.0    5.7      25.045
2012   12        4     7  43    1.89   417.9    5.7      24.984
2012   12        4     7  53    1.88   417.8    5.7      24.922
2012   12        4     8   2    1.88   417.7    5.7      24.861
2012   12        4     8  12    1.87   417.6    5.6      24.799
2012   12        4     8  22    1.87   417.5    5.6      24.738
2012   12        4     8  32    1.86   417.4    5.6      24.677
2012   12        4     8  41    1.86   417.3    5.6      24.616
2012   12        4     8  51    1.85   417.2    5.6      24.555
2012   12        4     9   1    1.85   417.1    5.6      24.495
2012   12        4     9  11    1.84   417.0    5.6      24.435
2012   12        4     9  21    1.84   416.9    5.5      24.375
2012   12        4     9  30    1.83   416.7    5.5      24.315
2012   12        4     9  40    1.83   416.6    5.5      24.255
2012   12        4     9  50    1.82   416.5    5.5      24.195
2012   12        4    10   0    1.82   416.3    5.5      24.134
2012   12        4    10   9    1.81   416.2    5.5      24.074
2012   12        4    10  19    1.81   416.0    5.5      24.014
2012   12        4    10  29    1.80   415.9    5.5      23.954
2012   12        4    10  39    1.80   415.7    5.4      23.895
2012   12        4    10  48    1.80   415.6    5.4      23.835
2012   12        4    10  58    1.79   415.4    5.4      23.777
2012   12        4    11   8    1.79   415.2    5.4      23.719
2012   12        4    11  18    1.78   415.1    5.4      23.662
2012   12        4    11  27    1.78   414.9    5.4      23.607
2012   12        4    11  37    1.77   414.8    5.4      23.552
2012   12        4    11  47    1.77   414.6    5.4      23.498
2012   12        4    11  57    1.77   414.4    5.4      23.445
2012   12        4    12   6    1.76   414.3    5.4      23.393
2012   12        4    12  16    1.76   414.1    5.4      23.342
2012   12        4    12  26    1.75   413.9    5.4      23.291
2012   12        4    12  36    1.75   413.8    5.3      23.240
2012   12        4    12  45    1.74   413.6    5.3      23.190
2012   12        4    12  55    1.74   413.4    5.3      23.139
2012   12        4    13   5    1.74   413.3    5.3      23.089
2012   12        4    13  15    1.73   413.1    5.3      23.038
2012   12        4    13  24    1.73   412.9    5.3      22.987
2012   12        4    13  34    1.72   412.8    5.3      22.935
2012   12        4    13  44    1.72   412.6    5.3      22.884
2012   12        4    13  54    1.72   412.4    5.3      22.832
2012   12        4    14   3    1.71   412.2    5.3      22.781
2012   12        4    14  13    1.71   412.0    5.3      22.729
2012   12        4    14  23    1.70   411.9    5.3      22.676
2012   12        4    14  33    1.70   411.7    5.2      22.624
2012   12        4    14  42    1.70   411.5    5.2      22.572
2012   12        4    14  52    1.69   411.3    5.2      22.519
2012   12        4    15   2    1.69   411.1    5.2      22.467
2012   12        4    15  12    1.69   410.9    5.2      22.414
2012   12        4    15  22    1.68   410.7    5.2      22.362
2012   12        4    15  31    1.68   410.5    5.2      22.309
2012   12        4    15  41    1.67   410.3    5.2      22.256
2012   12        4    15  51    1.67   410.1    5.2      22.203
2012   12        4    16   1    1.67   409.9    5.2      22.150
2012   12        4    16  10    1.66   409.7    5.2      22.097
2012   12        4    16  20    1.66   409.5    5.2      22.045
2012   12        4    16  30    1.66   409.3    5.2      21.992
2012   12        4    16  40    1.65   409.1    5.2      21.940
2012   12        4    16  50    1.65   408.9    5.1      21.887
2012   12        4    16  59    1.65   408.7    5.1      21.835
2012   12        4    17   9    1.64   408.4    5.1      21.783
2012   12        4    17  19    1.64   408.2    5.1      21.731
2012   12        4    17  29    1.64   408.0    5.1      21.679
2012   12        4    17  38    1.63   407.8    5.1      21.628
2012   12        4    17  48    1.63   407.6    5.1      21.576
2012   12        4    17  58    1.63   407.3    5.1      21.525
2012   12        4    18   8    1.62   407.1    5.1      21.474
2012   12        4    18  17    1.62   406.9    5.1      21.423
2012   12        4    18  27    1.62   406.7    5.1      21.372
2012   12        4    18  37    1.61   406.4    5.1      21.321
2012   12        4    18  47    1.61   406.2    5.1      21.270
2012   12        4    18  56    1.61   406.0    5.1      21.218
2012   12        4    19   6    1.60   405.7    5.1      21.167
2012   12        4    19  16    1.60   405.5    5.1      21.116
2012   12        4    19  26    1.60   405.3    5.0      21.065
2012   12        4    19  35    1.59   405.0    5.0      21.013
2012   12        4    19  45    1.59   404.8    5.0      20.962
2012   12        4    19  55    1.59   404.5    5.0      20.911
2012   12        4    20   5    1.58   404.3    5.0      20.860
2012   12        4    20  14    1.58   404.0    5.0      20.809
2012   12        4    20  24    1.58   403.8    5.0      20.758
2012   12        4    20  34    1.58   403.5    5.0      20.707
2012   12        4    20  44    1.57   403.3    5.0      20.657
2012   12        4    20  53    1.57   403.0    5.0      20.607
2012   12        4    21   3    1.57   402.8    5.0      20.556
2012   12        4    21  13    1.56   402.5    5.0      20.507
2012   12        4    21  23    1.56   402.3    5.0      20.457
2012   12        4    21  32    1.56   402.0    5.0      20.408
2012   12        4    21  42    1.55   401.8    5.0      20.359
2012   12        4    21  52    1.55   401.5    5.0      20.310
2012   12        4    22   2    1.55   401.2    5.0      20.262
2012   12        4    22  11    1.55   401.0    5.0      20.214
2012   12        4    22  21    1.54   400.7    5.0      20.166
2012   12        4    22  31    1.54   400.4    5.0      20.119
2012   12        4    22  41    1.54   400.2    5.0      20.071
2012   12        4    22  51    1.53   399.9    5.0      20.025
2012   12        4    23   0    1.53   399.6    4.9      19.978
2012   12        4    23  10    1.53   399.4    4.9      19.932
2012   12        4    23  20    1.53   399.1    4.9      19.886
2012   12        4    23  30    1.52   398.8    4.9      19.841
2012   12        4    23  39    1.52   398.5    4.9      19.796
2012   12        4    23  49    1.52   398.3    4.9      19.751
2012   12        4    23  59    1.52   398.0    4.9      19.706
2012   12        5     0   9    1.51   397.7    4.9      19.662
2012   12        5     0  19    1.51   397.4    4.9      19.617
2012   12        5     0  28    1.51   397.2    4.9      19.573
2012   12        5     0  38    1.51   396.9    4.9      19.530
2012   12        5     0  48    1.50   396.6    4.9      19.486
2012   12        5     0  58    1.50   396.3    4.9      19.443
2012   12        5     1   7    1.50   396.0    4.9      19.399
2012   12        5     1  17    1.50   395.8    4.9      19.356
2012   12        5     1  27    1.49   395.5    4.9      19.313
2012   12        5     1  37    1.49   395.2    4.9      19.270
2012   12        5     1  46    1.49   394.9    4.9      19.227
2012   12        5     1  56    1.49   394.6    4.9      19.184
2012   12        5     2   6    1.49   394.3    4.9      19.141
2012   12        5     2  16    1.48   394.1    4.9      19.097
2012   12        5     2  25    1.48   393.8    4.9      19.054
2012   12        5     2  35    1.48   393.5    4.9      19.010
2012   12        5     2  45    1.48   393.2    4.9      18.966
2012   12        5     2  55    1.47   392.9    4.9      18.923
2012   12        5     3   4    1.47   392.6    4.9      18.879
2012   12        5     3  14    1.47   392.3    4.9      18.834
2012   12        5     3  24    1.47   392.0    4.9      18.790
2012   12        5     3  34    1.47   391.7    4.9      18.746
2012   12        5     3  43    1.46   391.4    4.9      18.701
2012   12        5     3  53    1.46   391.1    4.9      18.657
2012   12        5     4   3    1.46   390.8    4.9      18.612
2012   12        5     4  13    1.46   390.5    4.9      18.568
2012   12        5     4  22    1.45   390.2    4.9      18.523
2012   12        5     4  32    1.45   389.9    4.9      18.479
2012   12        5     4  42    1.45   389.6    4.9      18.434
2012   12        5     4  52    1.45   389.3    4.8      18.390
2012   12        5     5   1    1.45   389.0    4.8      18.346
2012   12        5     5  11    1.44   388.7    4.8      18.302
2012   12        5     5  21    1.44   388.4    4.8      18.258
2012   12        5     5  31    1.44   388.1    4.8      18.214
2012   12        5     5  40    1.44   387.8    4.8      18.171
2012   12        5     5  50    1.44   387.5    4.8      18.128
2012   12        5     6   0    1.43   387.2    4.8      18.085
2012   12        5     6  10    1.43   386.9    4.8      18.043
2012   12        5     6  20    1.43   386.6    4.8      18.000
2012   12        5     6  29    1.43   386.3    4.8      17.958
2012   12        5     6  39    1.43   386.0    4.8      17.917
2012   12        5     6  49    1.42   385.6    4.8      17.875
2012   12        5     6  59    1.42   385.3    4.8      17.834
2012   12        5     7   8    1.42   385.0    4.8      17.793
2012   12        5     7  18    1.42   384.7    4.8      17.753
2012   12        5     7  28    1.42   384.4    4.8      17.713
2012   12        5     7  38    1.41   384.1    4.8      17.673
2012   12        5     7  48    1.41   383.8    4.8      17.633
2012   12        5     7  57    1.41   383.4    4.8      17.593
2012   12        5     8   7    1.41   383.1    4.8      17.554
2012   12        5     8  17    1.41   382.8    4.8      17.515
2012   12        5     8  27    1.41   382.5    4.8      17.477
2012   12        5     8  36    1.40   382.2    4.8      17.438
2012   12        5     8  46    1.40   381.9    4.8      17.400
2012   12        5     8  56    1.40   381.5    4.8      17.362
2012   12        5     9   6    1.40   381.2    4.8      17.324
2012   12        5     9  15    1.40   380.9    4.8      17.286
2012   12        5     9  25    1.40   380.6    4.8      17.248
2012   12        5     9  35    1.39   380.3    4.8      17.211
2012   12        5     9  45    1.39   380.0    4.8      17.173
2012   12        5     9  54    1.39   379.6    4.8      17.136
2012   12        5    10   4    1.39   379.3    4.8      17.098
2012   12        5    10  14    1.39   379.0    4.8      17.061
2012   12        5    10  24    1.39   378.7    4.8      17.024
2012   12        5    10  33    1.38   378.3    4.8      16.987
2012   12        5    10  43    1.38   378.0    4.8      16.951
2012   12        5    10  53    1.38   377.7    4.8      16.914
2012   12        5    11   3    1.38   377.4    4.8      16.878
2012   12        5    11  12    1.38   377.1    4.8      16.841
2012   12        5    11  22    1.38   376.7    4.8      16.805
2012   12        5    11  32    1.38   376.4    4.8      16.769
2012   12        5    11  42    1.37   376.1    4.8      16.733
2012   12        5    11  51    1.37   375.7    4.8      16.697
2012   12        5    12   1    1.37   375.4    4.8      16.662
2012   12        5    12  11    1.37   375.1    4.8      16.626
2012   12        5    12  21    1.37   374.8    4.8      16.591
2012   12        5    12  30    1.37   374.4    4.8      16.555
2012   12        5    12  40    1.37   374.1    4.8      16.520
2012   12        5    12  50    1.36   373.8    4.8      16.485
2012   12        5    13   0    1.36   373.4    4.8      16.450
2012   12        5    13  10    1.36   373.1    4.8      16.414
2012   12        5    13  19    1.36   372.8    4.8      16.379
2012   12        5    13  29    1.36   372.4    4.8      16.344
2012   12        5    13  39    1.36   372.1    4.8      16.308
2012   12        5    13  49    1.36   371.8    4.8      16.273
2012   12        5    13  58    1.36   371.4    4.8      16.238
2012   12        5    14   8    1.35   371.1    4.8      16.202
2012   12        5    14  18    1.35   370.8    4.8      16.167
2012   12        5    14  28    1.35   370.4    4.8      16.131
2012   12        5    14  38    1.35   370.1    4.8      16.096
2012   12        5    14  47    1.35   369.7    4.8      16.061
2012   12        5    14  57    1.35   369.4    4.8      16.025
2012   12        5    15   7    1.35   369.1    4.8      15.990
2012   12        5    15  17    1.35   368.7    4.8      15.954
2012   12        5    15  26    1.34   368.4    4.8      15.919
2012   12        5    15  36    1.34   368.0    4.8      15.884
2012   12        5    15  46    1.34   367.7    4.8      15.849
2012   12        5    15  56    1.34   367.3    4.8      15.814
2012   12        5    16   5    1.34   367.0    4.8      15.780
2012   12        5    16  15    1.34   366.7    4.8      15.745
2012   12        5    16  25    1.34   366.3    4.8      15.711
2012   12        5    16  35    1.34   366.0    4.8      15.676
2012   12        5    16  44    1.33   365.6    4.8      15.642
2012   12        5    16  54    1.33   365.3    4.8      15.608
2012   12        5    17   4    1.33   364.9    4.8      15.575
2012   12        5    17  14    1.33   364.6    4.8      15.541
2012   12        5    17  23    1.33   364.2    4.8      15.508
2012   12        5    17  33    1.33   363.9    4.8      15.475
2012   12        5    17  43    1.33   363.5    4.8      15.442
2012   12        5    17  53    1.33   363.2    4.8      15.409
2012   12        5    18   2    1.33   362.8    4.8      15.376
2012   12        5    18  12    1.33   362.5    4.8      15.344
2012   12        5    18  22    1.32   362.1    4.8      15.311
2012   12        5    18  32    1.32   361.8    4.8      15.279
2012   12        5    18  41    1.32   361.4    4.8      15.248
2012   12        5    18  51    1.32   361.1    4.8      15.216
2012   12        5    19   1    1.32   360.7    4.8      15.185
2012   12        5    19  11    1.32   360.3    4.8      15.154
2012   12        5    19  20    1.32   360.0    4.8      15.124
2012   12        5    19  30    1.32   359.6    4.8      15.093
2012   12        5    19  40    1.32   359.3    4.8      15.063
2012   12        5    19  50    1.32   358.9    4.9      15.034
2012   12        5    19  59    1.32   358.5    4.9      15.005
2012   12        5    20   9    1.32   358.2    4.9      14.976
2012   12        5    20  19    1.32   357.8    4.9      14.947
2012   12        5    20  29    1.31   357.4    4.9      14.919
2012   12        5    20  39    1.31   357.1    4.9      14.891
2012   12        5    20  48    1.31   356.7    4.9      14.864
2012   12        5    20  58    1.31   356.3    4.9      14.837
2012   12        5    21   8    1.31   356.0    4.9      14.810
2012   12        5    21  18    1.31   355.6    4.9      14.784
2012   12        5    21  28    1.31   355.2    4.9      14.758
2012   12        5    21  37    1.31   354.9    4.9      14.732
2012   12        5    21  47    1.31   354.5    4.9      14.707
2012   12        5    21  57    1.31   354.2    4.9      14.682
2012   12        5    22   7    1.31   353.8    4.9      14.657
2012   12        5    22  16    1.31   353.4    4.9      14.633
2012   12        5    22  26    1.31   353.1    4.9      14.608
2012   12        5    22  36    1.31   352.7    4.9      14.584
2012   12        5    22  46    1.31   352.3    4.9      14.560
2012   12        5    22  55    1.31   352.0    5.0      14.536
2012   12        5    23   5    1.31   351.6    5.0      14.512
2012   12        5    23  15    1.31   351.3    5.0      14.489
2012   12        5    23  25    1.31   350.9    5.0      14.465
2012   12        5    23  34    1.31   350.5    5.0      14.441
2012   12        5    23  44    1.31   350.1    5.0      14.418
2012   12        5    23  54    1.31   349.8    5.0      14.394
2012   12        6     0   4    1.31   349.4    5.0      14.370
2012   12        6     0  13    1.31   349.0    5.0      14.347
2012   12        6     0  23    1.31   348.7    5.0      14.323
2012   12        6     0  33    1.31   348.3    5.0      14.300
2012   12        6     0  43    1.31   347.9    5.0      14.276
2012   12        6     0  52    1.31   347.5    5.0      14.253
2012   12        6     1   2    1.31   347.2    5.0      14.229
2012   12        6     1  12    1.31   346.8    5.0      14.206
2012   12        6     1  21    1.31   346.4    5.1      14.182
2012   12        6     1  31    1.31   346.0    5.1      14.159
2012   12        6     1  41    1.31   345.7    5.1      14.136
2012   12        6     1  51    1.31   345.3    5.1      14.113
2012   12        6     2   0    1.31   344.9    5.1      14.091
2012   12        6     2  10    1.31   344.5    5.1      14.068
2012   12        6     2  20    1.31   344.2    5.1      14.046
2012   12        6     2  29    1.31   343.8    5.1      14.024
2012   12        6     2  39    1.31   343.4    5.1      14.002
2012   12        6     2  49    1.31   343.0    5.1      13.981
2012   12        6     2  58    1.32   342.6    5.1      13.959
2012   12        6     3   8    1.32   342.3    5.1      13.939
2012   12        6     3  18    1.32   341.9    5.2      13.918
2012   12        6     3  27    1.32   341.5    5.2      13.898
2012   12        6     3  37    1.32   341.1    5.2      13.879
2012   12        6     3  47    1.32   340.8    5.2      13.860
2012   12        6     3  56    1.32   340.4    5.2      13.841
2012   12        6     4   6    1.32   340.0    5.2      13.823
2012   12        6     4  16    1.32   339.7    5.2      13.806
2012   12        6     4  26    1.32   339.3    5.2      13.789
2012   12        6     4  35    1.32   338.9    5.2      13.772
2012   12        6     4  45    1.33   338.6    5.3      13.757
2012   12        6     4  55    1.33   338.2    5.3      13.741
2012   12        6     5   4    1.33   337.8    5.3      13.726
2012   12        6     5  14    1.33   337.5    5.3      13.712
2012   12        6     5  24    1.33   337.1    5.3      13.698
2012   12        6     5  34    1.33   336.7    5.3      13.684
2012   12        6     5  43    1.33   336.4    5.3      13.671
2012   12        6     5  53    1.34   336.0    5.4      13.658
2012   12        6     6   3    1.34   335.7    5.4      13.645
2012   12        6     6  13    1.34   335.3    5.4      13.633
2012   12        6     6  22    1.34   335.0    5.4      13.621
2012   12        6     6  32    1.34   334.6    5.4      13.610
2012   12        6     6  42    1.34   334.2    5.4      13.598
2012   12        6     6  52    1.35   333.9    5.4      13.587
2012   12        6     7   1    1.35   333.5    5.5      13.576
2012   12        6     7  11    1.35   333.2    5.5      13.566
2012   12        6     7  21    1.35   332.8    5.5      13.556
2012   12        6     7  30    1.35   332.4    5.5      13.546
2012   12        6     7  40    1.36   332.1    5.5      13.536
2012   12        6     7  50    1.36   331.7    5.5      13.527
2012   12        6     8   0    1.36   331.4    5.6      13.518
2012   12        6     8   9    1.36   331.0    5.6      13.510
2012   12        6     8  19    1.36   330.7    5.6      13.502
2012   12        6     8  29    1.37   330.3    5.6      13.494
2012   12        6     8  39    1.37   330.0    5.6      13.486
2012   12        6     8  48    1.37   329.6    5.7      13.479
2012   12        6     8  58    1.37   329.3    5.7      13.472
2012   12        6     9   8    1.38   328.9    5.7      13.465
2012   12        6     9  18    1.38   328.6    5.7      13.459
2012   12        6     9  27    1.38   328.2    5.7      13.453
2012   12        6     9  37    1.38   327.9    5.8      13.447
2012   12        6     9  47    1.39   327.5    5.8      13.441
2012   12        6     9  57    1.39   327.2    5.8      13.436
2012   12        6    10   6    1.39   326.9    5.8      13.431
2012   12        6    10  16    1.40   326.5    5.8      13.426
2012   12        6    10  26    1.40   326.2    5.9      13.422
2012   12        6    10  36    1.40   325.8    5.9      13.418
2012   12        6    10  45    1.40   325.5    5.9      13.414
2012   12        6    10  55    1.41   325.2    5.9      13.410
2012   12        6    11   5    1.41   324.8    6.0      13.407
2012   12        6    11  15    1.41   324.5    6.0      13.404
2012   12        6    11  24    1.42   324.1    6.0      13.401
2012   12        6    11  34    1.42   323.8    6.0      13.398
2012   12        6    11  44    1.42   323.5    6.0      13.396
2012   12        6    11  54    1.43   323.1    6.1      13.394
2012   12        6    12   4    1.43   322.8    6.1      13.392
2012   12        6    12  13    1.44   322.5    6.1      13.390
2012   12        6    12  23    1.44   322.2    6.1      13.389
2012   12        6    12  33    1.44   321.8    6.2      13.387
2012   12        6    12  43    1.45   321.5    6.2      13.386
2012   12        6    12  52    1.45   321.2    6.2      13.385
2012   12        6    13   2    1.45   320.9    6.2      13.385
2012   12        6    13  12    1.46   320.5    6.3      13.384
2012   12        6    13  22    1.46   320.2    6.3      13.384
2012   12        6    13  31    1.47   319.9    6.3      13.384
2012   12        6    13  41    1.47   319.6    6.4      13.384
2012   12        6    13  51    1.47   319.3    6.4      13.385
2012   12        6    14   1    1.48   318.9    6.4      13.385
2012   12        6    14  10    1.48   318.6    6.4      13.386
2012   12        6    14  20    1.49   318.3    6.5      13.387
2012   12        6    14  30    1.49   318.0    6.5      13.388
2012   12        6    14  40    1.50   317.7    6.5      13.390
2012   12        6    14  49    1.50   317.4    6.5      13.391
2012   12        6    14  59    1.51   317.1    6.6      13.393
2012   12        6    15   9    1.51   316.8    6.6      13.396
2012   12        6    15  19    1.52   316.5    6.6      13.398
2012   12        6    15  28    1.52   316.2    6.7      13.401
2012   12        6    15  38    1.53   315.9    6.7      13.404
2012   12        6    15  48    1.53   315.6    6.7      13.408
2012   12        6    15  58    1.54   315.3    6.8      13.412
2012   12        6    16   7    1.54   315.0    6.8      13.416
2012   12        6    16  17    1.55   314.7    6.8      13.421
2012   12        6    16  27    1.55   314.4    6.8      13.426
2012   12        6    16  37    1.56   314.1    6.9      13.431
2012   12        6    16  46    1.56   313.8    6.9      13.437
2012   12        6    16  56    1.57   313.6    6.9      13.443
2012   12        6    17   6    1.57   313.3    7.0      13.450
2012   12        6    17  16    1.58   313.0    7.0      13.457
2012   12        6    17  25    1.58   312.7    7.0      13.465
2012   12        6    17  35    1.59   312.4    7.1      13.473
2012   12        6    17  45    1.60   312.2    7.1      13.482
2012   12        6    17  55    1.60   311.9    7.1      13.491
2012   12        6    18   4    1.61   311.6    7.2      13.500
2012   12        6    18  14    1.61   311.3    7.2      13.510
2012   12        6    18  24    1.62   311.1    7.3      13.521
2012   12        6    18  34    1.63   310.8    7.3      13.532
2012   12        6    18  43    1.63   310.5    7.3      13.544
2012   12        6    18  53    1.64   310.3    7.4      13.556
2012   12        6    19   3    1.65   310.0    7.4      13.568
2012   12        6    19  13    1.65   309.8    7.4      13.582
2012   12        6    19  22    1.66   309.5    7.5      13.595
2012   12        6    19  32    1.67   309.2    7.5      13.609
2012   12        6    19  42    1.67   309.0    7.6      13.624
2012   12        6    19  52    1.68   308.7    7.6      13.639
2012   12        6    20   1    1.69   308.5    7.7      13.655
2012   12        6    20  11    1.69   308.2    7.7      13.672
2012   12        6    20  21    1.70   308.0    7.7      13.689
2012   12        6    20  31    1.71   307.7    7.8      13.706
2012   12        6    20  41    1.72   307.5    7.8      13.725
2012   12        6    20  50    1.72   307.2    7.9      13.744
2012   12        6    21   0    1.73   307.0    7.9      13.763
2012   12        6    21  10    1.74   306.7    8.0      13.783
2012   12        6    21  20    1.75   306.5    8.0      13.804
2012   12        6    21  29    1.76   306.2    8.1      13.826
2012   12        6    21  39    1.76   306.0    8.1      13.848
2012   12        6    21  49    1.77   305.8    8.2      13.872
2012   12        6    21  59    1.78   305.5    8.2      13.896
2012   12        6    22   8    1.79   305.3    8.3      13.921
2012   12        6    22  18    1.80   305.1    8.4      13.946
2012   12        6    22  28    1.81   304.9    8.4      13.972
2012   12        6    22  37    1.82   304.6    8.5      14.000
2012   12        6    22  47    1.83   304.4    8.5      14.029
2012   12        6    22  57    1.84   304.2    8.6      14.059
2012   12        6    23   7    1.85   304.0    8.7      14.090
2012   12        6    23  16    1.85   303.8    8.7      14.124
2012   12        6    23  26    1.86   303.6    8.8      14.158
2012   12        6    23  36    1.87   303.4    8.8      14.195
2012   12        6    23  46    1.88   303.2    8.9      14.232
2012   12        6    23  55    1.89   303.1    9.0      14.272
2012   12        7     0   5    1.90   302.9    9.0      14.312
2012   12        7     0  15    1.91   302.7    9.1      14.355
2012   12        7     0  25    1.92   302.5    9.2      14.398
2012   12        7     0  34    1.93   302.4    9.2      14.443
2012   12        7     0  44    1.94   302.2    9.3      14.489
2012   12        7     0  54    1.95   302.0    9.4      14.536
2012   12        7     1   4    1.96   301.9    9.4      14.583
2012   12        7     1  13    1.97   301.7    9.5      14.632
2012   12        7     1  23    1.98   301.6    9.5      14.680
2012   12        7     1  33    1.99   301.4    9.6      14.730
2012   12        7     1  43    2.00   301.3    9.7      14.780
2012   12        7     1  52    2.01   301.1    9.7      14.830
2012   12        7     2   2    2.02   301.0    9.8      14.880
2012   12        7     2  12    2.03   300.8    9.9      14.931
2012   12        7     2  22    2.05   300.7    9.9      14.982
2012   12        7     2  31    2.06   300.6   10.0      15.034
2012   12        7     2  41    2.07   300.4   10.1      15.086
2012   12        7     2  51    2.08   300.3   10.2      15.138
2012   12        7     3   1    2.09   300.2   10.2      15.190
2012   12        7     3  10    2.10   300.1   10.3      15.243
2012   12        7     3  20    2.11   299.9   10.4      15.296
2012   12        7     3  30    2.12   299.8   10.4      15.350
2012   12        7     3  40    2.13   299.7   10.5      15.405
2012   12        7     3  49    2.15   299.6   10.6      15.460
2012   12        7     3  59    2.16   299.5   10.7      15.515
2012   12        7     4   9    2.17   299.4   10.7      15.572
2012   12        7     4  19    2.18   299.3   10.8      15.629
2012   12        7     4  29    2.19   299.2   10.9      15.687
2012   12        7     4  38    2.21   299.1   11.0      15.746
2012   12        7     4  48    2.22   299.0   11.1      15.807
2012   12        7     4  58    2.23   298.9   11.2      15.868
2012   12        7     5   7    2.25   298.8   11.3      15.931
2012   12        7     5  17    2.26   298.7   11.4      15.998
2012   12        7     5  27    2.27   298.6   11.4      16.067
2012   12        7     5  37    2.29   298.6   11.5      16.139
2012   12        7     5  46    2.30   298.5   11.6      16.214
2012   12        7     5  56    2.32   298.5   11.7      16.292
2012   12        7     6   6    2.33   298.5   11.8      16.372
2012   12        7     6  16    2.35   298.4   11.9      16.454
2012   12        7     6  25    2.36   298.4   12.0      16.539
2012   12        7     6  35    2.38   298.4   12.1      16.628
2012   12        7     6  45    2.39   298.4   12.2      16.719
2012   12        7     6  55    2.41   298.4   12.3      16.813
2012   12        7     7   4    2.42   298.4   12.4      16.908
2012   12        7     7  14    2.44   298.5   12.5      17.004
2012   12        7     7  24    2.45   298.5   12.6      17.099
2012   12        7     7  34    2.46   298.5   12.7      17.195
2012   12        7     7  43    2.48   298.5   12.8      17.291
2012   12        7     7  53    2.49   298.6   12.9      17.386
2012   12        7     8   3    2.51   298.6   13.0      17.481
2012   12        7     8  12    2.52   298.6   13.1      17.575
2012   12        7     8  22    2.53   298.6   13.1      17.667
2012   12        7     8  32    2.55   298.7   13.2      17.758
2012   12        7     8  42    2.56   298.7   13.3      17.848
2012   12        7     8  51    2.57   298.8   13.4      17.936
2012   12        7     9   1    2.59   298.8   13.5      18.023
2012   12        7     9  11    2.60   298.8   13.5      18.110
2012   12        7     9  21    2.61   298.9   13.6      18.194
2012   12        7     9  31    2.62   298.9   13.7      18.279
2012   12        7     9  40    2.64   299.0   13.8      18.362
2012   12        7     9  50    2.65   299.0   13.8      18.444
2012   12        7    10   0    2.66   299.1   13.9      18.525
2012   12        7    10  10    2.68   299.1   14.0      18.606
2012   12        7    10  19    2.69   299.2   14.1      18.686
2012   12        7    10  29    2.70   299.2   14.1      18.766
2012   12        7    10  39    2.71   299.3   14.2      18.845
2012   12        7    10  49    2.73   299.3   14.3      18.924
2012   12        7    10  58    2.74   299.4   14.4      19.002
2012   12        7    11   8    2.75   299.4   14.4      19.080
2012   12        7    11  18    2.76   299.5   14.5      19.158
2012   12        7    11  28    2.78   299.5   14.6      19.237
2012   12        7    11  37    2.79   299.6   14.7      19.315
2012   12        7    11  47    2.80   299.6   14.7      19.394
2012   12        7    11  57    2.82   299.7   14.8      19.473
2012   12        7    12   7    2.83   299.8   14.9      19.554
2012   12        7    12  16    2.84   299.8   15.0      19.635
2012   12        7    12  26    2.86   299.9   15.1      19.719
2012   12        7    12  36    2.87   300.0   15.2      19.805
2012   12        7    12  46    2.88   300.1   15.3      19.894
2012   12        7    12  55    2.90   300.2   15.4      19.987
2012   12        7    13   5    2.91   300.3   15.5      20.085
2012   12        7    13  15    2.93   300.4   15.6      20.187
2012   12        7    13  25    2.95   300.5   15.7      20.294
2012   12        7    13  34    2.96   300.7   15.8      20.407
2012   12        7    13  44    2.98   300.9   15.9      20.526
2012   12        7    13  54    2.99   301.0   16.0      20.649
2012   12        7    14   3    3.01   301.2   16.1      20.777
2012   12        7    14  13    3.03   301.4   16.2      20.908
2012   12        7    14  23    3.04   301.6   16.3      21.041
2012   12        7    14  33    3.06   301.8   16.4      21.174
2012   12        7    14  42    3.07   302.0   16.4      21.307
2012   12        7    14  52    3.09   302.2   16.5      21.439
2012   12        7    15   2    3.10   302.4   16.6      21.569
2012   12        7    15  12    3.11   302.6   16.7      21.696
2012   12        7    15  21    3.13   302.8   16.7      21.821
2012   12        7    15  31    3.14   303.0   16.8      21.941
2012   12        7    15  41    3.15   303.2   16.8      22.058
2012   12        7    15  50    3.16   303.4   16.9      22.170
2012   12        7    16   0    3.18   303.6   17.0      22.279
2012   12        7    16  10    3.19   303.8   17.0      22.383
2012   12        7    16  20    3.20   304.0   17.0      22.485
2012   12        7    16  30    3.21   304.2   17.1      22.583
2012   12        7    16  39    3.22   304.4   17.1      22.678
2012   12        7    16  49    3.23   304.6   17.2      22.770
2012   12        7    16  59    3.24   304.8   17.2      22.860
2012   12        7    17   9    3.25   305.0   17.2      22.947
2012   12        7    17  18    3.26   305.2   17.3      23.032
2012   12        7    17  28    3.26   305.4   17.3      23.115
2012   12        7    17  38    3.27   305.5   17.3      23.196
2012   12        7    17  48    3.28   305.7   17.3      23.275
2012   12        7    17  57    3.29   305.9   17.4      23.352
2012   12        7    18   7    3.30   306.1   17.4      23.428
2012   12        7    18  17    3.30   306.3   17.4      23.503
2012   12        7    18  27    3.31   306.5   17.5      23.577
2012   12        7    18  36    3.32   306.7   17.5      23.650
2012   12        7    18  46    3.33   306.9   17.5      23.722
2012   12        7    18  56    3.34   307.0   17.5      23.794
2012   12        7    19   6    3.34   307.2   17.6      23.866
2012   12        7    19  15    3.35   307.4   17.6      23.937
2012   12        7    19  25    3.36   307.6   17.6      24.009
2012   12        7    19  35    3.37   307.8   17.7      24.082
2012   12        7    19  45    3.37   308.0   17.7      24.154
2012   12        7    19  54    3.38   308.2   17.7      24.227
2012   12        7    20   4    3.39   308.4   17.8      24.301
2012   12        7    20  14    3.40   308.5   17.8      24.378
2012   12        7    20  24    3.41   308.7   17.8      24.456
2012   12        7    20  33    3.42   309.0   17.9      24.538
2012   12        7    20  43    3.43   309.2   17.9      24.624
2012   12        7    20  53    3.44   309.4   18.0      24.716
2012   12        7    21   2    3.44   309.6   18.0      24.811
2012   12        7    21  12    3.45   309.8   18.1      24.911
2012   12        7    21  22    3.47   310.1   18.2      25.016
2012   12        7    21  32    3.48   310.3   18.2      25.127
2012   12        7    21  41    3.49   310.6   18.3      25.244
2012   12        7    21  51    3.50   310.9   18.4      25.366
2012   12        7    22   1    3.51   311.2   18.4      25.491
2012   12        7    22  11    3.52   311.5   18.5      25.619
2012   12        7    22  20    3.53   311.9   18.5      25.748
2012   12        7    22  30    3.54   312.2   18.6      25.876
2012   12        7    22  40    3.55   312.5   18.6      26.001
2012   12        7    22  49    3.56   312.9   18.7      26.124
2012   12        7    22  59    3.56   313.2   18.7      26.242
2012   12        7    23   9    3.57   313.5   18.7      26.357
2012   12        7    23  19    3.58   313.9   18.7      26.466
2012   12        7    23  28    3.59   314.2   18.8      26.569
2012   12        7    23  38    3.59   314.6   18.8      26.666
2012   12        7    23  48    3.60   314.9   18.8      26.758
2012   12        7    23  58    3.60   315.2   18.8      26.845
2012   12        8     0   7    3.61   315.5   18.8      26.931
2012   12        8     0  17    3.61   315.9   18.8      27.014
2012   12        8     0  27    3.61   316.2   18.7      27.093
2012   12        8     0  37    3.62   316.5   18.7      27.168
2012   12        8     0  46    3.62   316.8   18.7      27.241
2012   12        8     0  56    3.62   317.1   18.7      27.310
2012   12        8     1   6    3.62   317.4   18.7      27.377
2012   12        8     1  16    3.63   317.7   18.7      27.443
2012   12        8     1  25    3.63   318.0   18.6      27.507
2012   12        8     1  35    3.63   318.3   18.6      27.570
2012   12        8     1  45    3.63   318.5   18.6      27.633
2012   12        8     1  55    3.63   318.8   18.6      27.695
2012   12        8     2   4    3.64   319.1   18.5      27.756
2012   12        8     2  14    3.64   319.4   18.5      27.817
2012   12        8     2  24    3.64   319.7   18.5      27.878
2012   12        8     2  34    3.64   320.0   18.5      27.939
2012   12        8     2  43    3.64   320.3   18.4      27.999
2012   12        8     2  53    3.64   320.6   18.4      28.059
2012   12        8     3   3    3.64   320.9   18.4      28.119
2012   12        8     3  13    3.65   321.2   18.4      28.178
2012   12        8     3  22    3.65   321.4   18.4      28.238
2012   12        8     3  32    3.65   321.7   18.3      28.297
2012   12        8     3  42    3.65   322.0   18.3      28.357
2012   12        8     3  52    3.65   322.3   18.3      28.417
2012   12        8     4   1    3.65   322.6   18.3      28.478
2012   12        8     4  11    3.65   322.9   18.3      28.539
2012   12        8     4  21    3.65   323.2   18.3      28.602
2012   12        8     4  30    3.65   323.5   18.3      28.665
2012   12        8     4  40    3.66   323.7   18.3      28.731
2012   12        8     4  50    3.66   324.0   18.3      28.802
2012   12        8     5   0    3.66   324.4   18.3      28.878
2012   12        8     5   9    3.66   324.7   18.3      28.959
2012   12        8     5  19    3.66   325.0   18.3      29.044
2012   12        8     5  29    3.67   325.4   18.3      29.132
2012   12        8     5  39    3.67   325.8   18.3      29.221
2012   12        8     5  48    3.67   326.2   18.3      29.306
2012   12        8     5  58    3.67   326.5   18.3      29.389
2012   12        8     6   8    3.67   326.9   18.3      29.467
2012   12        8     6  17    3.67   327.3   18.2      29.541
2012   12        8     6  27    3.67   327.7   18.2      29.611
2012   12        8     6  37    3.67   328.1   18.2      29.676
2012   12        8     6  47    3.67   328.5   18.1      29.736
2012   12        8     6  56    3.67   328.9   18.1      29.792
2012   12        8     7   6    3.66   329.2   18.1      29.844
2012   12        8     7  16    3.66   329.6   18.0      29.892
2012   12        8     7  26    3.66   330.0   18.0      29.937
2012   12        8     7  35    3.66   330.3   17.9      29.979
2012   12        8     7  45    3.65   330.7   17.9      30.019
2012   12        8     7  55    3.65   331.0   17.8      30.057
2012   12        8     8   5    3.65   331.4   17.8      30.094
2012   12        8     8  14    3.64   331.8   17.8      30.130
2012   12        8     8  24    3.64   332.1   17.7      30.166
2012   12        8     8  34    3.64   332.5   17.7      30.203
2012   12        8     8  44    3.63   332.8   17.6      30.240
2012   12        8     8  53    3.63   333.2   17.5      30.277
2012   12        8     9   3    3.62   333.5   17.5      30.314
2012   12        8     9  13    3.62   333.9   17.4      30.350
2012   12        8     9  23    3.61   334.3   17.4      30.385
2012   12        8     9  32    3.61   334.6   17.3      30.418
2012   12        8     9  42    3.60   335.0   17.2      30.449
2012   12        8     9  52    3.60   335.3   17.2      30.478
2012   12        8    10   2    3.59   335.7   17.1      30.503
2012   12        8    10  11    3.58   336.1   17.0      30.524
2012   12        8    10  21    3.58   336.4   16.9      30.541
2012   12        8    10  31    3.57   336.8   16.8      30.553
2012   12        8    10  41    3.56   337.1   16.8      30.560
2012   12        8    10  50    3.55   337.4   16.7      30.560
2012   12        8    11   0    3.54   337.8   16.6      30.553
2012   12        8    11  10    3.53   338.1   16.5      30.541
2012   12        8    11  19    3.52   338.4   16.4      30.524
2012   12        8    11  29    3.51   338.7   16.3      30.497
2012   12        8    11  39    3.50   339.0   16.2      30.465
2012   12        8    11  49    3.49   339.3   16.1      30.430
2012   12        8    11  58    3.48   339.5   16.0      30.392
2012   12        8    12   8    3.46   339.8   15.9      30.351
2012   12        8    12  18    3.45   340.1   15.8      30.311
2012   12        8    12  27    3.44   340.4   15.7      30.272
2012   12        8    12  37    3.43   340.6   15.6      30.234
2012   12        8    12  47    3.42   340.9   15.5      30.198
2012   12        8    12  57    3.41   341.2   15.4      30.162
2012   12        8    13   6    3.40   341.5   15.4      30.126
2012   12        8    13  16    3.39   341.7   15.3      30.091
2012   12        8    13  26    3.38   342.0   15.2      30.056
2012   12        8    13  35    3.38   342.3   15.1      30.022
2012   12        8    13  45    3.37   342.5   15.1      29.987
2012   12        8    13  55    3.36   342.8   15.0      29.952
2012   12        8    14   5    3.35   343.1   14.9      29.916
2012   12        8    14  14    3.34   343.3   14.8      29.881
2012   12        8    14  24    3.33   343.6   14.8      29.844
2012   12        8    14  34    3.32   343.9   14.7      29.808
2012   12        8    14  44    3.31   344.1   14.6      29.772
2012   12        8    14  53    3.30   344.4   14.6      29.736
2012   12        8    15   3    3.29   344.7   14.5      29.700
2012   12        8    15  13    3.28   344.9   14.4      29.664
2012   12        8    15  23    3.27   345.2   14.4      29.629
2012   12        8    15  32    3.25   345.5   14.3      29.593
2012   12        8    15  42    3.24   345.7   14.2      29.558
2012   12        8    15  52    3.23   346.0   14.2      29.522
2012   12        8    16   2    3.22   346.2   14.1      29.486
2012   12        8    16  11    3.21   346.5   14.0      29.449
2012   12        8    16  21    3.20   346.8   14.0      29.411
2012   12        8    16  31    3.19   347.0   13.9      29.370
2012   12        8    16  41    3.18   347.3   13.8      29.326
2012   12        8    16  50    3.16   347.5   13.7      29.279
2012   12        8    17   0    3.15   347.8   13.6      29.228
2012   12        8    17  10    3.14   348.0   13.6      29.173
2012   12        8    17  20    3.13   348.3   13.5      29.110
2012   12        8    17  29    3.11   348.5   13.4      29.041
2012   12        8    17  39    3.10   348.7   13.3      28.966
2012   12        8    17  49    3.09   348.9   13.2      28.881
2012   12        8    17  59    3.07   349.1   13.1      28.786
2012   12        8    18   8    3.06   349.3   13.0      28.684
2012   12        8    18  18    3.04   349.5   12.9      28.575
2012   12        8    18  28    3.03   349.6   12.8      28.460
2012   12        8    18  37    3.02   349.8   12.7      28.340
2012   12        8    18  47    3.00   349.9   12.6      28.218
2012   12        8    18  57    2.99   350.0   12.5      28.094
2012   12        8    19   7    2.98   350.2   12.5      27.971
2012   12        8    19  16    2.96   350.3   12.4      27.849
2012   12        8    19  26    2.95   350.4   12.3      27.727
2012   12        8    19  36    2.94   350.5   12.2      27.608
2012   12        8    19  45    2.93   350.6   12.2      27.493
2012   12        8    19  55    2.92   350.7   12.1      27.380
2012   12        8    20   5    2.91   350.8   12.0      27.270
2012   12        8    20  15    2.90   350.9   11.9      27.162
2012   12        8    20  24    2.88   351.0   11.9      27.056
2012   12        8    20  34    2.87   351.0   11.8      26.951
2012   12        8    20  44    2.86   351.1   11.8      26.849
2012   12        8    20  53    2.85   351.2   11.7      26.747
2012   12        8    21   3    2.84   351.3   11.6      26.648
2012   12        8    21  13    2.83   351.3   11.6      26.549
2012   12        8    21  23    2.82   351.4   11.5      26.451
2012   12        8    21  32    2.81   351.4   11.5      26.354
2012   12        8    21  42    2.80   351.5   11.4      26.257
2012   12        8    21  52    2.79   351.5   11.4      26.162
2012   12        8    22   2    2.78   351.6   11.3      26.067
2012   12        8    22  11    2.77   351.6   11.3      25.972
2012   12        8    22  21    2.76   351.6   11.2      25.879
2012   12        8    22  31    2.75   351.6   11.2      25.786
2012   12        8    22  41    2.74   351.7   11.1      25.695
2012   12        8    22  50    2.73   351.7   11.1      25.604
2012   12        8    23   0    2.72   351.7   11.0      25.514
2012   12        8    23  10    2.71   351.7   11.0      25.425
2012   12        8    23  19    2.70   351.6   11.0      25.338
2012   12        8    23  29    2.70   351.6   10.9      25.251
2012   12        8    23  39    2.69   351.6   10.9      25.167
2012   12        8    23  49    2.68   351.6   10.9      25.083
2012   12        8    23  58    2.67   351.5   10.8      25.001
2012   12        9     0   8    2.66   351.5   10.8      24.922
2012   12        9     0  18    2.65   351.4   10.8      24.846
2012   12        9     0  28    2.65   351.4   10.7      24.770
2012   12        9     0  37    2.64   351.3   10.7      24.695
2012   12        9     0  47    2.63   351.3   10.7      24.622
2012   12        9     0  57    2.62   351.2   10.6      24.549
2012   12        9     1   7    2.62   351.1   10.6      24.478
2012   12        9     1  16    2.61   351.0   10.6      24.408
2012   12        9     1  26    2.60   351.0   10.6      24.339
2012   12        9     1  36    2.60   350.9   10.5      24.272
2012   12        9     1  46    2.59   350.8   10.5      24.207
2012   12        9     1  55    2.58   350.8   10.5      24.144
2012   12        9     2   5    2.58   350.7   10.5      24.083
2012   12        9     2  15    2.57   350.6   10.5      24.024
2012   12        9     2  24    2.57   350.6   10.4      23.968
2012   12        9     2  34    2.56   350.5   10.4      23.914
2012   12        9     2  44    2.56   350.4   10.4      23.861
2012   12        9     2  54    2.55   350.4   10.4      23.810
2012   12        9     3   3    2.55   350.3   10.4      23.760
2012   12        9     3  13    2.54   350.2   10.3      23.710
2012   12        9     3  23    2.54   350.2   10.3      23.661
2012   12        9     3  32    2.53   350.1   10.3      23.613
2012   12        9     3  42    2.53   350.0   10.3      23.564
2012   12        9     3  52    2.52   350.0   10.3      23.516
2012   12        9     4   2    2.52   349.9   10.3      23.469
2012   12        9     4  11    2.51   349.8   10.3      23.421
2012   12        9     4  21    2.51   349.7   10.2      23.374
2012   12        9     4  31    2.50   349.7   10.2      23.327
2012   12        9     4  40    2.50   349.6   10.2      23.279
2012   12        9     4  50    2.50   349.5   10.2      23.232
2012   12        9     5   0    2.49   349.5   10.2      23.185
2012   12        9     5  10    2.49   349.4   10.2      23.138
2012   12        9     5  19    2.49   349.3   10.2      23.091
2012   12        9     5  29    2.48   349.2   10.1      23.044
2012   12        9     5  39    2.48   349.2   10.1      22.998
2012   12        9     5  49    2.47   349.1   10.1      22.952
2012   12        9     5  58    2.47   349.0   10.1      22.906
2012   12        9     6   8    2.47   348.9   10.1      22.862
2012   12        9     6  18    2.46   348.9   10.1      22.818
2012   12        9     6  27    2.46   348.8   10.1      22.775
2012   12        9     6  37    2.46   348.7   10.1      22.733
2012   12        9     6  47    2.45   348.6   10.1      22.692
2012   12        9     6  57    2.45   348.5   10.1      22.652
2012   12        9     7   6    2.45   348.4   10.0      22.613
2012   12        9     7  16    2.45   348.3   10.0      22.575
2012   12        9     7  26    2.44   348.2   10.0      22.538
2012   12        9     7  36    2.44   348.1   10.0      22.502
2012   12        9     7  45    2.44   348.0   10.0      22.467
2012   12        9     7  55    2.44   347.9   10.0      22.432
2012   12        9     8   5    2.43   347.8   10.0      22.398
2012   12        9     8  15    2.43   347.7   10.0      22.365
2012   12        9     8  24    2.43   347.6   10.0      22.333
2012   12        9     8  34    2.43   347.5   10.0      22.301
2012   12        9     8  44    2.43   347.4   10.0      22.271
2012   12        9     8  54    2.42   347.3   10.0      22.241
2012   12        9     9   3    2.42   347.2   10.0      22.212
2012   12        9     9  13    2.42   347.1   10.0      22.185
2012   12        9     9  23    2.42   347.0   10.0      22.159
2012   12        9     9  32    2.42   346.9   10.0      22.134
2012   12        9     9  42    2.42   346.8   10.0      22.110
2012   12        9     9  52    2.41   346.7   10.0      22.087
2012   12        9    10   2    2.41   346.6   10.0      22.064
2012   12        9    10  11    2.41   346.5   10.0      22.042
2012   12        9    10  21    2.41   346.4   10.0      22.021
2012   12        9    10  31    2.41   346.3   10.0      21.998
2012   12        9    10  40    2.41   346.2    9.9      21.976
2012   12        9    10  50    2.41   346.1    9.9      21.954
2012   12        9    11   0    2.41   346.1    9.9      21.932
2012   12        9    11  10    2.40   346.0    9.9      21.910
2012   12        9    11  19    2.40   345.9    9.9      21.888
2012   12        9    11  29    2.40   345.8    9.9      21.866
2012   12        9    11  39    2.40   345.7    9.9      21.844
2012   12        9    11  48    2.40   345.6    9.9      21.822
2012   12        9    11  58    2.40   345.5    9.9      21.800
2012   12        9    12   8    2.40   345.4    9.9      21.778
2012   12        9    12  18    2.40   345.3    9.9      21.756
2012   12        9    12  27    2.40   345.2    9.9      21.735
2012   12        9    12  37    2.40   345.2    9.9      21.714
2012   12        9    12  47    2.40   345.1    9.9      21.693
2012   12        9    12  56    2.40   345.0    9.9      21.672
2012   12        9    13   6    2.40   344.9    9.9      21.652
2012   12        9    13  16    2.40   344.8    9.9      21.633
2012   12        9    13  26    2.40   344.7    9.9      21.614
2012   12        9    13  35    2.40   344.6    9.9      21.595
2012   12        9    13  45    2.40   344.6    9.9      21.577
2012   12        9    13  55    2.40   344.5    9.9      21.560
2012   12        9    14   5    2.39   344.4    9.9      21.544
2012   12        9    14  14    2.39   344.3    9.9      21.528
2012   12        9    14  24    2.39   344.2    9.9      21.513
2012   12        9    14  34    2.40   344.1   10.0      21.499
2012   12        9    14  44    2.40   344.0   10.0      21.486
2012   12        9    14  53    2.40   344.0   10.0      21.474
2012   12        9    15   3    2.40   343.9   10.0      21.464
2012   12        9    15  13    2.40   343.8   10.0      21.454
2012   12        9    15  23    2.40   343.7   10.0      21.445
2012   12        9    15  32    2.40   343.6   10.0      21.438
2012   12        9    15  42    2.40   343.5   10.0      21.432
2012   12        9    15  52    2.40   343.5   10.0      21.428
2012   12        9    16   1    2.40   343.4   10.0      21.425
2012   12        9    16  11    2.40   343.3   10.0      21.423
2012   12        9    16  21    2.40   343.2   10.0      21.423
2012   12        9    16  31    2.40   343.2   10.0      21.425
2012   12        9    16  40    2.40   343.1   10.1      21.428
2012   12        9    16  50    2.41   343.0   10.1      21.433
2012   12        9    17   0    2.41   343.0   10.1      21.439
2012   12        9    17   9    2.41   342.9   10.1      21.448
2012   12        9    17  19    2.41   342.9   10.1      21.458
2012   12        9    17  29    2.41   342.8   10.1      21.470
2012   12        9    17  39    2.42   342.8   10.2      21.484
2012   12        9    17  48    2.42   342.7   10.2      21.499
2012   12        9    17  58    2.42   342.7   10.2      21.517
2012   12        9    18   8    2.43   342.6   10.2      21.536
2012   12        9    18  17    2.43   342.6   10.2      21.558
2012   12        9    18  27    2.43   342.6   10.3      21.581
2012   12        9    18  37    2.43   342.5   10.3      21.607
2012   12        9    18  46    2.44   342.5   10.3      21.635
2012   12        9    18  56    2.44   342.5   10.4      21.665
2012   12        9    19   6    2.44   342.5   10.4      21.697
2012   12        9    19  16    2.44   342.5   10.5      21.731
2012   12        9    19  25    2.45   342.4   10.5      21.768
2012   12        9    19  35    2.45   342.4   10.5      21.808
2012   12        9    19  45    2.45   342.5   10.6      21.850
2012   12        9    19  54    2.45   342.5   10.6      21.894
2012   12        9    20   4    2.45   342.5   10.7      21.941
2012   12        9    20  14    2.45   342.5   10.8      21.990
2012   12        9    20  24    2.46   342.5   10.8      22.040
2012   12        9    20  33    2.46   342.6   10.9      22.093
2012   12        9    20  43    2.46   342.6   11.0      22.151
2012   12        9    20  53    2.46   342.7   11.0      22.216
2012   12        9    21   3    2.46   342.7   11.1      22.285
2012   12        9    21  12    2.46   342.8   11.2      22.359
2012   12        9    21  22    2.46   342.8   11.2      22.435
2012   12        9    21  32    2.46   342.9   11.3      22.510
2012   12        9    21  42    2.46   343.0   11.4      22.583
2012   12        9    21  51    2.46   343.0   11.5      22.657
2012   12        9    22   1    2.46   343.1   11.5      22.732
2012   12        9    22  11    2.46   343.1   11.6      22.808
2012   12        9    22  20    2.46   343.2   11.7      22.886
2012   12        9    22  30    2.46   343.2   11.8      22.966
2012   12        9    22  40    2.46   343.3   11.8      23.045
2012   12        9    22  50    2.45   343.3   11.9      23.123
2012   12        9    22  59    2.45   343.3   12.0      23.198
2012   12        9    23   9    2.45   343.4   12.0      23.270
2012   12        9    23  19    2.45   343.4   12.1      23.340
2012   12        9    23  29    2.44   343.4   12.1      23.406
2012   12        9    23  38    2.44   343.4   12.2      23.469
2012   12        9    23  48    2.44   343.4   12.2      23.529
2012   12        9    23  58    2.43   343.4   12.3      23.585
2012   12       10     0   8    2.43   343.4   12.3      23.639
2012   12       10     0  17    2.43   343.4   12.4      23.692
2012   12       10     0  27    2.42   343.4   12.4      23.744
2012   12       10     0  37    2.42   343.4   12.4      23.794
2012   12       10     0  46    2.41   343.4   12.5      23.843
2012   12       10     0  56    2.41   343.4   12.5      23.890
2012   12       10     1   6    2.41   343.3   12.5      23.933
2012   12       10     1  15    2.40   343.3   12.5      23.973
2012   12       10     1  25    2.40   343.3   12.6      24.010
2012   12       10     1  35    2.40   343.2   12.6      24.045
2012   12       10     1  44    2.39   343.2   12.6      24.076
2012   12       10     1  54    2.39   343.1   12.6      24.104
2012   12       10     2   4    2.39   343.1   12.6      24.129
2012   12       10     2  13    2.39   343.0   12.6      24.153
2012   12       10     2  23    2.39   343.0   12.6      24.175
2012   12       10     2  33    2.39   342.9   12.6      24.195
2012   12       10     2  43    2.39   342.8   12.6      24.214
2012   12       10     2  52    2.39   342.8   12.6      24.232
2012   12       10     3   2    2.39   342.7   12.6      24.248
2012   12       10     3  12    2.39   342.7   12.6      24.263
2012   12       10     3  22    2.39   342.6   12.6      24.276
2012   12       10     3  31    2.39   342.6   12.6      24.288
2012   12       10     3  41    2.39   342.5   12.6      24.297
2012   12       10     3  51    2.39   342.5   12.6      24.305
2012   12       10     4   0    2.39   342.4   12.5      24.311
2012   12       10     4  10    2.39   342.4   12.5      24.315
2012   12       10     4  20    2.39   342.4   12.5      24.318
2012   12       10     4  30    2.40   342.3   12.5      24.318
2012   12       10     4  39    2.40   342.3   12.4      24.317
2012   12       10     4  49    2.40   342.2   12.4      24.314
2012   12       10     4  59    2.40   342.2   12.4      24.309
2012   12       10     5   9    2.40   342.1   12.3      24.303
2012   12       10     5  18    2.41   342.0   12.3      24.295
2012   12       10     5  28    2.41   342.0   12.3      24.287
2012   12       10     5  38    2.41   341.9   12.2      24.278
2012   12       10     5  48    2.42   341.8   12.2      24.270
2012   12       10     5  57    2.42   341.7   12.2      24.262
2012   12       10     6   7    2.43   341.6   12.1      24.255
2012   12       10     6  17    2.43   341.5   12.1      24.250
2012   12       10     6  26    2.44   341.5   12.1      24.246
2012   12       10     6  36    2.44   341.4   12.0      24.242
2012   12       10     6  46    2.45   341.3   12.0      24.240
2012   12       10     6  56    2.46   341.3   12.0      24.238
2012   12       10     7   5    2.47   341.2   12.0      24.236
2012   12       10     7  15    2.47   341.2   11.9      24.233
2012   12       10     7  25    2.48   341.1   11.9      24.230
2012   12       10     7  35    2.49   341.1   11.9      24.227
2012   12       10     7  44    2.50   341.1   11.9      24.224
2012   12       10     7  54    2.51   341.0   11.8      24.221
2012   12       10     8   4    2.53   341.0   11.8      24.217
2012   12       10     8  13    2.54   341.0   11.8      24.213
2012   12       10     8  23    2.55   341.0   11.8      24.209
2012   12       10     8  33    2.56   341.0   11.7      24.205
2012   12       10     8  42    2.57   341.0   11.7      24.202
2012   12       10     8  52    2.58   341.0   11.7      24.198
2012   12       10     9   2    2.60   341.0   11.7      24.195
2012   12       10     9  11    2.61   341.0   11.7      24.193
2012   12       10     9  21    2.62   341.0   11.6      24.191
2012   12       10     9  31    2.63   341.0   11.6      24.189
2012   12       10     9  40    2.65   341.0   11.6      24.188
2012   12       10     9  50    2.66   341.0   11.6      24.187
2012   12       10    10   0    2.67   341.0   11.5      24.187
2012   12       10    10  10    2.68   341.0   11.5      24.187
2012   12       10    10  19    2.70   341.0   11.5      24.188
2012   12       10    10  29    2.71   341.0   11.5      24.190
2012   12       10    10  39    2.72   341.0   11.5      24.193
2012   12       10    10  48    2.74   341.0   11.4      24.196
2012   12       10    10  58    2.75   341.1   11.4      24.201
2012   12       10    11   8    2.76   341.1   11.4      24.207
2012   12       10    11  18    2.78   341.1   11.4      24.214
2012   12       10    11  27    2.79   341.1   11.4      24.223
2012   12       10    11  37    2.80   341.1   11.4      24.233
2012   12       10    11  47    2.82   341.2   11.4      24.245
2012   12       10    11  56    2.83   341.2   11.3      24.258
2012   12       10    12   6    2.84   341.3   11.3      24.273
2012   12       10    12  16    2.86   341.3   11.3      24.290
2012   12       10    12  26    2.87   341.3   11.3      24.309
2012   12       10    12  35    2.88   341.4   11.3      24.329
2012   12       10    12  45    2.90   341.5   11.3      24.352
2012   12       10    12  55    2.91   341.5   11.3      24.376
2012   12       10    13   5    2.92   341.6   11.3      24.403
2012   12       10    13  14    2.93   341.7   11.3      24.432
2012   12       10    13  24    2.95   341.8   11.3      24.462
2012   12       10    13  34    2.96   341.8   11.3      24.495
2012   12       10    13  44    2.97   341.9   11.3      24.530
2012   12       10    13  53    2.98   342.0   11.3      24.567
2012   12       10    14   3    2.99   342.1   11.4      24.606
2012   12       10    14  13    3.00   342.3   11.4      24.646
2012   12       10    14  23    3.02   342.4   11.4      24.687
2012   12       10    14  32    3.03   342.5   11.4      24.728
2012   12       10    14  42    3.04   342.6   11.4      24.768
2012   12       10    14  52    3.05   342.8   11.4      24.808
2012   12       10    15   1    3.06   342.9   11.5      24.848
2012   12       10    15  11    3.07   343.0   11.5      24.887
2012   12       10    15  21    3.08   343.2   11.5      24.926
2012   12       10    15  30    3.09   343.3   11.5      24.964
2012   12       10    15  40    3.10   343.4   11.6      25.003
2012   12       10    15  50    3.11   343.6   11.6      25.041
2012   12       10    15  59    3.11   343.7   11.6      25.080
2012   12       10    16   9    3.12   343.9   11.6      25.119
2012   12       10    16  19    3.13   344.0   11.7      25.159
2012   12       10    16  28    3.14   344.1   11.7      25.199
2012   12       10    16  38    3.15   344.3   11.8      25.241
2012   12       10    16  48    3.16   344.4   11.8      25.283
2012   12       10    16  58    3.17   344.6   11.8      25.326
2012   12       10    17   7    3.18   344.7   11.9      25.370
2012   12       10    17  17    3.18   344.9   11.9      25.418
2012   12       10    17  27    3.19   345.0   12.0      25.469
2012   12       10    17  36    3.20   345.2   12.0      25.524
2012   12       10    17  46    3.21   345.4   12.1      25.583
2012   12       10    17  56    3.21   345.6   12.2      25.647
2012   12       10    18   6    3.22   345.8   12.2      25.714
2012   12       10    18  15    3.23   346.0   12.3      25.783
2012   12       10    18  25    3.24   346.2   12.3      25.857
2012   12       10    18  35    3.24   346.4   12.4      25.934
2012   12       10    18  44    3.25   346.6   12.4      26.013
2012   12       10    18  54    3.26   346.8   12.5      26.094
2012   12       10    19   4    3.26   347.0   12.5      26.175
2012   12       10    19  14    3.27   347.2   12.6      26.257
2012   12       10    19  23    3.27   347.4   12.6      26.338
2012   12       10    19  33    3.28   347.6   12.7      26.419
2012   12       10    19  43    3.29   347.8   12.7      26.499
2012   12       10    19  53    3.29   348.1   12.8      26.578
2012   12       10    20   2    3.30   348.3   12.8      26.659
2012   12       10    20  12    3.30   348.5   12.9      26.741
2012   12       10    20  22    3.31   348.7   12.9      26.825
2012   12       10    20  32    3.31   348.9   13.0      26.909
2012   12       10    20  41    3.32   349.1   13.0      26.993
2012   12       10    20  51    3.33   349.4   13.0      27.076
2012   12       10    21   1    3.33   349.6   13.1      27.155
2012   12       10    21  10    3.34   349.8   13.1      27.233
2012   12       10    21  20    3.34   350.0   13.1      27.309
2012   12       10    21  30    3.35   350.2   13.2      27.384
2012   12       10    21  40    3.36   350.5   13.2      27.457
2012   12       10    21  49    3.36   350.7   13.2      27.531
2012   12       10    21  59    3.37   350.9   13.3      27.603
2012   12       10    22   9    3.37   351.1   13.3      27.676
2012   12       10    22  18    3.38   351.3   13.3      27.749
2012   12       10    22  28    3.38   351.5   13.4      27.823
2012   12       10    22  38    3.39   351.7   13.4      27.898
2012   12       10    22  48    3.39   352.0   13.4      27.974
2012   12       10    22  57    3.40   352.2   13.4      28.051
2012   12       10    23   7    3.40   352.4   13.4      28.128
2012   12       10    23  17    3.41   352.6   13.5      28.204
2012   12       10    23  26    3.41   352.8   13.5      28.281
2012   12       10    23  36    3.42   353.0   13.5      28.358
2012   12       10    23  46    3.42   353.2   13.5      28.435
2012   12       10    23  55    3.43   353.4   13.5      28.512
2012   12       11     0   5    3.43   353.6   13.6      28.590
2012   12       11     0  15    3.44   353.8   13.6      28.669
2012   12       11     0  24    3.44   354.1   13.6      28.749
2012   12       11     0  34    3.45   354.3   13.6      28.832
2012   12       11     0  44    3.45   354.5   13.7      28.916
2012   12       11     0  54    3.46   354.6   13.7      29.001
2012   12       11     1   3    3.47   354.9   13.7      29.092
2012   12       11     1  13    3.47   355.1   13.7      29.190
2012   12       11     1  23    3.48   355.3   13.8      29.294
2012   12       11     1  32    3.48   355.6   13.8      29.403
2012   12       11     1  42    3.49   355.9   13.8      29.517
2012   12       11     1  52    3.50   356.2   13.9      29.630
2012   12       11     2   2    3.50   356.5   13.9      29.739
2012   12       11     2  11    3.51   356.8   13.9      29.843
2012   12       11     2  21    3.51   357.1   13.9      29.942
2012   12       11     2  31    3.51   357.4   13.9      30.036
2012   12       11     2  41    3.52   357.7   13.9      30.125
2012   12       11     2  50    3.52   358.0   13.9      30.208
2012   12       11     3   0    3.52   358.3   13.9      30.286
2012   12       11     3  10    3.52   358.6   13.9      30.359
2012   12       11     3  19    3.52   358.9   13.9      30.428
2012   12       11     3  29    3.52   359.2   13.9      30.493
2012   12       11     3  39    3.52   359.5   13.9      30.554
2012   12       11     3  49    3.53   359.8   13.9      30.611
2012   12       11     3  58    3.53   360.1   13.9      30.665
2012   12       11     4   8    3.53   360.4   13.9      30.716
2012   12       11     4  18    3.52   360.7   13.8      30.764
2012   12       11     4  28    3.52   361.0   13.8      30.809
2012   12       11     4  37    3.52   361.2   13.8      30.851
2012   12       11     4  47    3.52   361.5   13.8      30.890
2012   12       11     4  57    3.52   361.8   13.8      30.928
2012   12       11     5   7    3.52   362.1   13.7      30.964
2012   12       11     5  16    3.52   362.3   13.7      30.998
2012   12       11     5  26    3.52   362.6   13.7      31.030
2012   12       11     5  36    3.52   362.9   13.7      31.062
2012   12       11     5  45    3.51   363.1   13.6      31.093
2012   12       11     5  55    3.51   363.4   13.6      31.124
2012   12       11     6   5    3.51   363.6   13.6      31.155
2012   12       11     6  14    3.51   363.9   13.6      31.188
2012   12       11     6  24    3.51   364.2   13.6      31.220
2012   12       11     6  34    3.50   364.4   13.5      31.253
2012   12       11     6  43    3.50   364.7   13.5      31.288
2012   12       11     6  53    3.50   365.0   13.5      31.325
2012   12       11     7   3    3.49   365.3   13.5      31.362
2012   12       11     7  12    3.49   365.6   13.5      31.399
2012   12       11     7  22    3.48   365.9   13.4      31.439
2012   12       11     7  32    3.48   366.2   13.4      31.475
2012   12       11     7  42    3.47   366.5   13.4      31.508
2012   12       11     7  51    3.47   366.8   13.4      31.537
2012   12       11     8   1    3.46   367.1   13.3      31.565
2012   12       11     8  11    3.46   367.4   13.3      31.589
2012   12       11     8  20    3.45   367.6   13.3      31.614
2012   12       11     8  30    3.44   367.9   13.2      31.640
2012   12       11     8  40    3.44   368.2   13.2      31.667
2012   12       11     8  50    3.43   368.5   13.2      31.695
2012   12       11     8  59    3.43   368.8   13.1      31.722
2012   12       11     9   9    3.42   369.2   13.1      31.749
2012   12       11     9  19    3.41   369.5   13.1      31.776
2012   12       11     9  29    3.41   369.8   13.0      31.801
2012   12       11     9  38    3.40   370.1   13.0      31.825
2012   12       11     9  48    3.40   370.5   12.9      31.847
2012   12       11     9  58    3.39   370.8   12.9      31.868
2012   12       11    10   7    3.38   371.1   12.9      31.886
2012   12       11    10  17    3.38   371.5   12.8      31.902
2012   12       11    10  27    3.37   371.8   12.8      31.915
2012   12       11    10  37    3.36   372.1   12.7      31.926
2012   12       11    10  46    3.36   372.5   12.7      31.936
2012   12       11    10  56    3.35   372.8   12.7      31.943
2012   12       11    11   6    3.34   373.1   12.6      31.948
2012   12       11    11  16    3.34   373.4   12.6      31.953
2012   12       11    11  25    3.33   373.8   12.5      31.957
2012   12       11    11  35    3.32   374.1   12.5      31.961
2012   12       11    11  45    3.31   374.5   12.4      31.964
2012   12       11    11  54    3.31   374.8   12.4      31.967
2012   12       11    12   4    3.30   375.2   12.3      31.968
2012   12       11    12  14    3.29   375.6   12.3      31.967
2012   12       11    12  24    3.28   375.9   12.2      31.964
2012   12       11    12  33    3.27   376.3   12.2      31.958
2012   12       11    12  43    3.26   376.7   12.1      31.950
2012   12       11    12  53    3.25   377.0   12.1      31.934
2012   12       11    13   3    3.24   377.3   12.0      31.913
2012   12       11    13  12    3.23   377.7   12.0      31.887
2012   12       11    13  22    3.22   378.0   11.9      31.856
2012   12       11    13  32    3.21   378.2   11.8      31.820
2012   12       11    13  41    3.20   378.5   11.8      31.784
2012   12       11    13  51    3.19   378.8   11.7      31.747
2012   12       11    14   1    3.18   379.0   11.6      31.711
2012   12       11    14  10    3.17   379.3   11.6      31.674
2012   12       11    14  20    3.15   379.6   11.5      31.634
2012   12       11    14  30    3.14   379.8   11.5      31.593
2012   12       11    14  39    3.13   380.1   11.4      31.549
2012   12       11    14  49    3.12   380.3   11.3      31.504
2012   12       11    14  59    3.11   380.5   11.3      31.457
2012   12       11    15   8    3.10   380.7   11.2      31.412
2012   12       11    15  18    3.09   381.0   11.2      31.366
2012   12       11    15  28    3.08   381.2   11.1      31.322
2012   12       11    15  38    3.07   381.4   11.1      31.278
2012   12       11    15  47    3.06   381.6   11.0      31.234
2012   12       11    15  57    3.05   381.9   11.0      31.190
2012   12       11    16   7    3.04   382.1   10.9      31.146
2012   12       11    16  16    3.03   382.3   10.9      31.102
2012   12       11    16  26    3.02   382.5   10.8      31.058
2012   12       11    16  36    3.01   382.7   10.8      31.014
2012   12       11    16  46    3.00   383.0   10.7      30.969
2012   12       11    16  55    2.99   383.2   10.7      30.924
2012   12       11    17   5    2.98   383.4   10.6      30.878
2012   12       11    17  15    2.97   383.6   10.6      30.831
2012   12       11    17  25    2.96   383.8   10.5      30.783
2012   12       11    17  34    2.95   384.0   10.5      30.735
2012   12       11    17  44    2.94   384.2   10.4      30.687
2012   12       11    17  54    2.93   384.4   10.4      30.638
2012   12       11    18   4    2.92   384.6   10.4      30.589
2012   12       11    18  13    2.91   384.9   10.3      30.539
2012   12       11    18  23    2.91   385.1   10.3      30.489
2012   12       11    18  33    2.90   385.3   10.2      30.439
2012   12       11    18  42    2.89   385.5   10.2      30.387
2012   12       11    18  52    2.88   385.6   10.1      30.334
2012   12       11    19   2    2.87   385.8   10.1      30.281
2012   12       11    19  12    2.86   386.0   10.0      30.226
2012   12       11    19  21    2.85   386.2   10.0      30.171
2012   12       11    19  31    2.84   386.4   10.0      30.113
2012   12       11    19  41    2.83   386.6    9.9      30.054
2012   12       11    19  51    2.82   386.7    9.9      29.991
2012   12       11    20   0    2.81   386.9    9.8      29.928
2012   12       11    20  10    2.80   387.1    9.8      29.859
2012   12       11    20  20    2.79   387.2    9.7      29.785
2012   12       11    20  29    2.78   387.3    9.7      29.707
2012   12       11    20  39    2.77   387.5    9.6      29.625
2012   12       11    20  49    2.76   387.5    9.6      29.540
2012   12       11    20  58    2.75   387.6    9.5      29.454
2012   12       11    21   8    2.74   387.7    9.5      29.369
2012   12       11    21  18    2.73   387.8    9.4      29.286
2012   12       11    21  27    2.72   387.8    9.4      29.204
2012   12       11    21  37    2.71   387.9    9.3      29.123
2012   12       11    21  47    2.70   388.0    9.3      29.043
2012   12       11    21  56    2.69   388.0    9.2      28.964
2012   12       11    22   6    2.68   388.1    9.2      28.887
2012   12       11    22  16    2.67   388.1    9.2      28.811
2012   12       11    22  26    2.66   388.1    9.1      28.735
2012   12       11    22  35    2.65   388.2    9.1      28.660
2012   12       11    22  45    2.65   388.2    9.1      28.586
2012   12       11    22  55    2.64   388.3    9.0      28.513
2012   12       11    23   4    2.63   388.3    9.0      28.439
2012   12       11    23  14    2.62   388.3    9.0      28.367
2012   12       11    23  24    2.61   388.3    8.9      28.294
2012   12       11    23  34    2.61   388.4    8.9      28.223
2012   12       11    23  43    2.60   388.4    8.9      28.151
2012   12       11    23  53    2.59   388.4    8.8      28.081
2012   12       12     0   3    2.58   388.4    8.8      28.010
2012   12       12     0  12    2.58   388.4    8.8      27.941
2012   12       12     0  22    2.57   388.4    8.7      27.871
2012   12       12     0  32    2.56   388.4    8.7      27.802
2012   12       12     0  42    2.55   388.4    8.7      27.733
2012   12       12     0  51    2.55   388.4    8.6      27.664
2012   12       12     1   1    2.54   388.4    8.6      27.595
2012   12       12     1  11    2.53   388.4    8.6      27.526
2012   12       12     1  21    2.53   388.4    8.5      27.457
2012   12       12     1  30    2.52   388.4    8.5      27.389
2012   12       12     1  40    2.51   388.4    8.5      27.320
2012   12       12     1  50    2.51   388.3    8.5      27.251
2012   12       12     2   0    2.50   388.3    8.4      27.183
2012   12       12     2   9    2.49   388.3    8.4      27.115
2012   12       12     2  19    2.49   388.2    8.4      27.047
2012   12       12     2  29    2.48   388.2    8.4      26.979
2012   12       12     2  39    2.47   388.1    8.3      26.911
2012   12       12     2  48    2.47   388.1    8.3      26.845
2012   12       12     2  58    2.46   388.0    8.3      26.778
2012   12       12     3   8    2.45   387.9    8.3      26.713
2012   12       12     3  17    2.45   387.9    8.3      26.647
2012   12       12     3  27    2.44   387.8    8.2      26.581
2012   12       12     3  37    2.44   387.7    8.2      26.516
2012   12       12     3  46    2.43   387.7    8.2      26.453
2012   12       12     3  56    2.43   387.6    8.2      26.390
2012   12       12     4   6    2.42   387.5    8.2      26.328
2012   12       12     4  16    2.41   387.4    8.1      26.267
2012   12       12     4  25    2.41   387.3    8.1      26.207
2012   12       12     4  35    2.40   387.3    8.1      26.147
2012   12       12     4  45    2.40   387.2    8.1      26.088
2012   12       12     4  54    2.39   387.1    8.1      26.029
2012   12       12     5   4    2.39   387.0    8.0      25.970
2012   12       12     5  14    2.38   386.9    8.0      25.911
2012   12       12     5  23    2.38   386.8    8.0      25.852
2012   12       12     5  33    2.37   386.7    8.0      25.794
2012   12       12     5  43    2.37   386.6    8.0      25.736
2012   12       12     5  52    2.36   386.5    8.0      25.678
2012   12       12     6   2    2.36   386.4    7.9      25.621
2012   12       12     6  12    2.35   386.4    7.9      25.564
2012   12       12     6  22    2.35   386.3    7.9      25.508
2012   12       12     6  31    2.35   386.2    7.9      25.451
2012   12       12     6  41    2.34   386.1    7.9      25.396
2012   12       12     6  51    2.34   386.0    7.9      25.340
2012   12       12     7   0    2.33   385.9    7.8      25.284
2012   12       12     7  10    2.33   385.8    7.8      25.229
2012   12       12     7  20    2.32   385.7    7.8      25.174
2012   12       12     7  30    2.32   385.6    7.8      25.119
2012   12       12     7  39    2.32   385.5    7.8      25.065
2012   12       12     7  49    2.31   385.4    7.8      25.012
2012   12       12     7  59    2.31   385.3    7.8      24.958
2012   12       12     8   9    2.30   385.2    7.7      24.905
2012   12       12     8  18    2.30   385.1    7.7      24.853
2012   12       12     8  28    2.30   384.9    7.7      24.801
2012   12       12     8  38    2.29   384.8    7.7      24.750
2012   12       12     8  48    2.29   384.7    7.7      24.699
2012   12       12     8  57    2.29   384.6    7.7      24.649
2012   12       12     9   7    2.28   384.5    7.7      24.599
2012   12       12     9  17    2.28   384.3    7.7      24.550
2012   12       12     9  26    2.28   384.2    7.6      24.501
2012   12       12     9  36    2.27   384.1    7.6      24.452
2012   12       12     9  46    2.27   383.9    7.6      24.403
2012   12       12     9  56    2.26   383.8    7.6      24.354
2012   12       12    10   5    2.26   383.6    7.6      24.305
2012   12       12    10  15    2.26   383.5    7.6      24.257
2012   12       12    10  25    2.26   383.3    7.6      24.208
2012   12       12    10  34    2.25   383.2    7.6      24.161
2012   12       12    10  44    2.25   383.0    7.6      24.113
2012   12       12    10  54    2.25   382.9    7.6      24.067
2012   12       12    11   4    2.24   382.7    7.6      24.021
2012   12       12    11  13    2.24   382.6    7.6      23.977
2012   12       12    11  23    2.24   382.5    7.5      23.933
2012   12       12    11  33    2.24   382.3    7.5      23.891
2012   12       12    11  42    2.23   382.2    7.5      23.848
2012   12       12    11  52    2.23   382.0    7.5      23.806
2012   12       12    12   2    2.23   381.9    7.5      23.764
2012   12       12    12  11    2.22   381.8    7.5      23.722
2012   12       12    12  21    2.22   381.6    7.5      23.679
2012   12       12    12  31    2.22   381.5    7.5      23.636
2012   12       12    12  40    2.22   381.3    7.5      23.593
2012   12       12    12  50    2.21   381.2    7.5      23.550
2012   12       12    13   0    2.21   381.1    7.5      23.506
2012   12       12    13  10    2.21   380.9    7.5      23.463
2012   12       12    13  19    2.21   380.8    7.5      23.419
2012   12       12    13  29    2.20   380.6    7.5      23.376
2012   12       12    13  39    2.20   380.5    7.4      23.332
2012   12       12    13  48    2.20   380.3    7.4      23.289
2012   12       12    13  58    2.20   380.2    7.4      23.245
2012   12       12    14   8    2.19   380.0    7.4      23.202
2012   12       12    14  18    2.19   379.9    7.4      23.158
2012   12       12    14  27    2.19   379.7    7.4      23.115
2012   12       12    14  37    2.19   379.6    7.4      23.071
2012   12       12    14  47    2.19   379.4    7.4      23.028
2012   12       12    14  57    2.18   379.3    7.4      22.985
2012   12       12    15   6    2.18   379.1    7.4      22.942
2012   12       12    15  16    2.18   379.0    7.4      22.899
2012   12       12    15  26    2.18   378.8    7.4      22.856
2012   12       12    15  35    2.17   378.7    7.4      22.814
2012   12       12    15  45    2.17   378.5    7.4      22.772
2012   12       12    15  55    2.17   378.4    7.4      22.730
2012   12       12    16   5    2.17   378.2    7.3      22.689
2012   12       12    16  14    2.17   378.0    7.3      22.649
2012   12       12    16  24    2.16   377.9    7.3      22.608
2012   12       12    16  34    2.16   377.7    7.3      22.568
2012   12       12    16  44    2.16   377.5    7.3      22.529
2012   12       12    16  53    2.16   377.4    7.3      22.490
2012   12       12    17   3    2.16   377.2    7.3      22.452
2012   12       12    17  13    2.16   377.0    7.3      22.414
2012   12       12    17  23    2.15   376.9    7.3      22.377
2012   12       12    17  32    2.15   376.7    7.3      22.340
2012   12       12    17  42    2.15   376.5    7.3      22.304
2012   12       12    17  52    2.15   376.3    7.3      22.268
2012   12       12    18   1    2.15   376.2    7.3      22.232
2012   12       12    18  11    2.15   376.0    7.3      22.196
2012   12       12    18  21    2.14   375.8    7.3      22.161
2012   12       12    18  30    2.14   375.6    7.3      22.126
2012   12       12    18  40    2.14   375.5    7.3      22.091
2012   12       12    18  50    2.14   375.3    7.3      22.056
2012   12       12    18  59    2.14   375.1    7.3      22.021
2012   12       12    19   9    2.14   374.9    7.3      21.987
2012   12       12    19  19    2.14   374.8    7.3      21.952
2012   12       12    19  28    2.13   374.6    7.3      21.918
2012   12       12    19  38    2.13   374.4    7.3      21.884
2012   12       12    19  48    2.13   374.3    7.3      21.849
2012   12       12    19  58    2.13   374.1    7.3      21.815
2012   12       12    20   7    2.13   373.9    7.3      21.781
2012   12       12    20  17    2.13   373.7    7.3      21.746
2012   12       12    20  27    2.13   373.6    7.3      21.712
2012   12       12    20  36    2.13   373.4    7.3      21.678
2012   12       12    20  46    2.12   373.2    7.3      21.643
2012   12       12    20  56    2.12   373.0    7.3      21.609
2012   12       12    21   6    2.12   372.9    7.3      21.575
2012   12       12    21  15    2.12   372.7    7.3      21.540
2012   12       12    21  25    2.12   372.5    7.3      21.506
2012   12       12    21  35    2.12   372.3    7.3      21.472
2012   12       12    21  44    2.12   372.2    7.3      21.438
2012   12       12    21  54    2.12   372.0    7.3      21.404
2012   12       12    22   4    2.12   371.8    7.3      21.370
2012   12       12    22  14    2.11   371.6    7.3      21.336
2012   12       12    22  23    2.11   371.5    7.3      21.302
2012   12       12    22  33    2.11   371.3    7.3      21.268
2012   12       12    22  43    2.11   371.1    7.3      21.234
2012   12       12    22  53    2.11   371.0    7.3      21.201
2012   12       12    23   2    2.11   370.8    7.3      21.168
2012   12       12    23  12    2.11   370.6    7.2      21.135
2012   12       12    23  22    2.11   370.4    7.2      21.102
2012   12       12    23  32    2.11   370.3    7.2      21.069
2012   12       12    23  41    2.10   370.1    7.2      21.036
2012   12       12    23  51    2.10   369.9    7.2      21.004
2012   12       13     0   1    2.10   369.7    7.2      20.972
2012   12       13     0  10    2.10   369.6    7.2      20.940
2012   12       13     0  20    2.10   369.4    7.2      20.909
2012   12       13     0  30    2.10   369.2    7.2      20.877
2012   12       13     0  40    2.10   369.0    7.2      20.846
2012   12       13     0  49    2.10   368.8    7.2      20.815
2012   12       13     0  59    2.10   368.7    7.2      20.784
2012   12       13     1   9    2.10   368.5    7.2      20.754
2012   12       13     1  18    2.10   368.3    7.2      20.724
2012   12       13     1  28    2.09   368.1    7.2      20.694
2012   12       13     1  38    2.09   368.0    7.2      20.664
2012   12       13     1  48    2.09   367.8    7.2      20.634
2012   12       13     1  57    2.09   367.6    7.2      20.605
2012   12       13     2   7    2.09   367.4    7.2      20.575
2012   12       13     2  17    2.09   367.2    7.2      20.546
2012   12       13     2  26    2.09   367.1    7.2      20.517
2012   12       13     2  36    2.09   366.9    7.2      20.488
2012   12       13     2  46    2.09   366.7    7.2      20.459
2012   12       13     2  55    2.09   366.5    7.2      20.430
2012   12       13     3   5    2.09   366.4    7.2      20.401
2012   12       13     3  15    2.09   366.2    7.2      20.373
2012   12       13     3  24    2.09   366.0    7.2      20.344
2012   12       13     3  34    2.08   365.8    7.2      20.315
2012   12       13     3  44    2.08   365.6    7.2      20.287
2012   12       13     3  54    2.08   365.5    7.2      20.258
2012   12       13     4   3    2.08   365.3    7.2      20.229
2012   12       13     4  13    2.08   365.1    7.2      20.201
2012   12       13     4  23    2.08   364.9    7.2      20.172
2012   12       13     4  32    2.08   364.7    7.2      20.144
2012   12       13     4  42    2.08   364.5    7.2      20.116
2012   12       13     4  52    2.08   364.4    7.2      20.087
2012   12       13     5   2    2.08   364.2    7.2      20.059
2012   12       13     5  11    2.08   364.0    7.2      20.031
2012   12       13     5  21    2.08   363.8    7.2      20.003
2012   12       13     5  31    2.08   363.6    7.2      19.976
2012   12       13     5  41    2.08   363.5    7.2      19.948
2012   12       13     5  50    2.08   363.3    7.2      19.921
2012   12       13     6   0    2.08   363.1    7.2      19.894
2012   12       13     6  10    2.08   362.9    7.2      19.867
2012   12       13     6  19    2.07   362.7    7.2      19.841
2012   12       13     6  29    2.07   362.5    7.3      19.814
2012   12       13     6  39    2.07   362.4    7.3      19.788
2012   12       13     6  49    2.07   362.2    7.3      19.762
2012   12       13     6  58    2.07   362.0    7.3      19.736
2012   12       13     7   8    2.07   361.8    7.3      19.711
2012   12       13     7  18    2.07   361.7    7.3      19.685
2012   12       13     7  28    2.07   361.5    7.3      19.660
2012   12       13     7  37    2.07   361.3    7.3      19.634
2012   12       13     7  47    2.07   361.1    7.3      19.609
2012   12       13     7  57    2.07   360.9    7.3      19.584
2012   12       13     8   7    2.07   360.8    7.3      19.559
2012   12       13     8  16    2.07   360.6    7.3      19.535
2012   12       13     8  26    2.07   360.4    7.3      19.510
2012   12       13     8  36    2.07   360.2    7.3      19.485
2012   12       13     8  45    2.07   360.1    7.3      19.461
2012   12       13     8  55    2.07   359.9    7.3      19.437
2012   12       13     9   5    2.07   359.7    7.3      19.412
2012   12       13     9  14    2.07   359.5    7.3      19.388
2012   12       13     9  24    2.07   359.4    7.3      19.364
2012   12       13     9  34    2.07   359.2    7.3      19.340
2012   12       13     9  43    2.07   359.0    7.3      19.316
2012   12       13     9  53    2.07   358.8    7.3      19.292
2012   12       13    10   3    2.06   358.7    7.3      19.268
2012   12       13    10  12    2.06   358.5    7.3      19.244
2012   12       13    10  22    2.06   358.3    7.3      19.220
2012   12       13    10  32    2.06   358.1    7.3      19.196
2012   12       13    10  42    2.06   358.0    7.3      19.171
2012   12       13    10  51    2.06   357.8    7.3      19.147
2012   12       13    11   1    2.06   357.6    7.3      19.123
2012   12       13    11  11    2.06   357.4    7.3      19.100
2012   12       13    11  20    2.06   357.2    7.3      19.076
2012   12       13    11  30    2.06   357.1    7.3      19.052
2012   12       13    11  40    2.06   356.9    7.3      19.028
2012   12       13    11  50    2.06   356.7    7.3      19.005
2012   12       13    11  59    2.06   356.5    7.3      18.981
2012   12       13    12   9    2.06   356.3    7.3      18.958
2012   12       13    12  19    2.06   356.2    7.3      18.935
2012   12       13    12  28    2.06   356.0    7.3      18.912
2012   12       13    12  38    2.06   355.8    7.3      18.889
2012   12       13    12  48    2.06   355.6    7.3      18.867
2012   12       13    12  58    2.06   355.4    7.3      18.844
2012   12       13    13   7    2.06   355.3    7.3      18.822
2012   12       13    13  17    2.06   355.1    7.3      18.800
2012   12       13    13  27    2.06   354.9    7.3      18.778
2012   12       13    13  37    2.06   354.7    7.3      18.757
2012   12       13    13  46    2.06   354.6    7.3      18.735
2012   12       13    13  56    2.06   354.4    7.3      18.714
2012   12       13    14   6    2.06   354.2    7.3      18.692
2012   12       13    14  16    2.06   354.0    7.3      18.671
2012   12       13    14  25    2.06   353.8    7.3      18.650
2012   12       13    14  35    2.06   353.7    7.3      18.629
2012   12       13    14  45    2.06   353.5    7.3      18.608
2012   12       13    14  54    2.06   353.3    7.3      18.587
2012   12       13    15   4    2.06   353.1    7.3      18.567
2012   12       13    15  14    2.06   352.9    7.3      18.547
2012   12       13    15  24    2.06   352.7    7.3      18.527
2012   12       13    15  33    2.06   352.6    7.3      18.507
2012   12       13    15  43    2.06   352.4    7.3      18.487
2012   12       13    15  53    2.05   352.2    7.3      18.467
2012   12       13    16   2    2.05   352.0    7.3      18.448
2012   12       13    16  12    2.05   351.8    7.3      18.429
2012   12       13    16  22    2.05   351.6    7.3      18.411
2012   12       13    16  31    2.05   351.5    7.3      18.393
2012   12       13    16  41    2.05   351.3    7.3      18.375
2012   12       13    16  51    2.05   351.1    7.3      18.357
2012   12       13    17   0    2.05   350.9    7.3      18.340
2012   12       13    17  10    2.06   350.7    7.4      18.323
2012   12       13    17  20    2.06   350.6    7.4      18.307
2012   12       13    17  30    2.06   350.4    7.4      18.290
2012   12       13    17  39    2.06   350.2    7.4      18.274
2012   12       13    17  49    2.06   350.0    7.4      18.259
2012   12       13    17  59    2.06   349.8    7.4      18.243
2012   12       13    18   8    2.06   349.7    7.4      18.228
2012   12       13    18  18    2.06   349.5    7.4      18.213
2012   12       13    18  28    2.06   349.3    7.4      18.199
2012   12       13    18  38    2.06   349.1    7.4      18.184
2012   12       13    18  47    2.06   349.0    7.4      18.170
2012   12       13    18  57    2.06   348.8    7.4      18.155
2012   12       13    19   7    2.06   348.6    7.4      18.141
2012   12       13    19  16    2.06   348.4    7.4      18.126
2012   12       13    19  26    2.06   348.3    7.4      18.112
2012   12       13    19  36    2.06   348.1    7.4      18.097
2012   12       13    19  46    2.06   347.9    7.4      18.082
2012   12       13    19  55    2.06   347.7    7.4      18.068
2012   12       13    20   5    2.06   347.6    7.4      18.053
2012   12       13    20  15    2.06   347.4    7.4      18.038
2012   12       13    20  25    2.06   347.2    7.4      18.023
2012   12       13    20  34    2.06   347.0    7.5      18.007
2012   12       13    20  44    2.06   346.8    7.5      17.992
2012   12       13    20  54    2.06   346.7    7.5      17.977
2012   12       13    21   3    2.06   346.5    7.5      17.961
2012   12       13    21  13    2.06   346.3    7.5      17.946
2012   12       13    21  23    2.06   346.1    7.5      17.931
2012   12       13    21  33    2.06   345.9    7.5      17.915
2012   12       13    21  42    2.06   345.8    7.5      17.900
2012   12       13    21  52    2.07   345.6    7.5      17.884
2012   12       13    22   2    2.07   345.4    7.5      17.869
2012   12       13    22  12    2.07   345.2    7.5      17.853
2012   12       13    22  21    2.07   345.0    7.5      17.838
2012   12       13    22  31    2.07   344.8    7.5      17.823
2012   12       13    22  41    2.07   344.7    7.5      17.808
2012   12       13    22  50    2.07   344.5    7.5      17.794
2012   12       13    23   0    2.07   344.3    7.5      17.779
2012   12       13    23  10    2.07   344.1    7.5      17.766
2012   12       13    23  20    2.07   343.9    7.5      17.752
2012   12       13    23  29    2.07   343.8    7.5      17.739
2012   12       13    23  39    2.07   343.6    7.5      17.725
2012   12       13    23  49    2.07   343.4    7.5      17.713
2012   12       13    23  58    2.08   343.2    7.6      17.701
2012   12       14     0   8    2.08   343.0    7.6      17.689
