year    month   day   hour  minute  B_enl V_enl   n_enl       T_enl
[year] [month] [day] [hour][minute] [nT]  [km/s]  [cm-3]      [kK]
2013    1        1     0   4    2.36   377.2    8.3      23.414
2013    1        1     0  13    2.37   376.8    8.4      23.435
2013    1        1     0  22    2.37   376.5    8.4      23.453
2013    1        1     0  31    2.38   376.2    8.5      23.469
2013    1        1     0  41    2.38   375.9    8.5      23.485
2013    1        1     0  50    2.39   375.5    8.5      23.499
2013    1        1     0  59    2.39   375.2    8.6      23.512
2013    1        1     1   8    2.40   374.9    8.6      23.526
2013    1        1     1  17    2.40   374.5    8.6      23.540
2013    1        1     1  27    2.40   374.2    8.6      23.553
2013    1        1     1  36    2.40   373.9    8.6      23.565
2013    1        1     1  45    2.40   373.6    8.7      23.575
2013    1        1     1  54    2.41   373.3    8.7      23.582
2013    1        1     2   4    2.41   373.0    8.7      23.586
2013    1        1     2  13    2.41   372.7    8.7      23.586
2013    1        1     2  22    2.41   372.4    8.7      23.583
2013    1        1     2  31    2.41   372.1    8.7      23.576
2013    1        1     2  41    2.41   371.9    8.7      23.564
2013    1        1     2  50    2.41   371.6    8.7      23.549
2013    1        1     2  59    2.41   371.4    8.7      23.530
2013    1        1     3   8    2.40   371.1    8.7      23.508
2013    1        1     3  18    2.40   370.9    8.7      23.483
2013    1        1     3  27    2.40   370.6    8.7      23.457
2013    1        1     3  36    2.40   370.4    8.6      23.430
2013    1        1     3  45    2.39   370.1    8.6      23.401
2013    1        1     3  55    2.39   369.9    8.6      23.370
2013    1        1     4   4    2.39   369.6    8.6      23.337
2013    1        1     4  13    2.38   369.3    8.6      23.301
2013    1        1     4  22    2.37   369.0    8.6      23.263
2013    1        1     4  32    2.37   368.7    8.5      23.221
2013    1        1     4  41    2.36   368.4    8.5      23.175
2013    1        1     4  50    2.35   368.0    8.5      23.129
2013    1        1     4  59    2.34   367.7    8.5      23.086
2013    1        1     5   9    2.33   367.4    8.4      23.045
2013    1        1     5  18    2.32   367.1    8.4      23.011
2013    1        1     5  27    2.31   366.8    8.4      22.984
2013    1        1     5  36    2.30   366.5    8.4      22.961
2013    1        1     5  46    2.28   366.2    8.3      22.944
2013    1        1     5  55    2.27   365.9    8.3      22.929
2013    1        1     6   4    2.26   365.7    8.3      22.918
2013    1        1     6  13    2.25   365.4    8.3      22.910
2013    1        1     6  23    2.24   365.1    8.2      22.903
2013    1        1     6  32    2.22   364.9    8.2      22.898
2013    1        1     6  41    2.21   364.7    8.2      22.894
2013    1        1     6  50    2.20   364.4    8.2      22.890
2013    1        1     7   0    2.19   364.2    8.2      22.888
2013    1        1     7   9    2.18   364.0    8.1      22.885
2013    1        1     7  18    2.17   363.8    8.1      22.882
2013    1        1     7  27    2.16   363.6    8.1      22.879
2013    1        1     7  37    2.14   363.4    8.1      22.874
2013    1        1     7  46    2.13   363.3    8.1      22.869
2013    1        1     7  55    2.13   363.1    8.1      22.863
2013    1        1     8   4    2.12   363.0    8.0      22.856
2013    1        1     8  14    2.11   362.8    8.0      22.849
2013    1        1     8  23    2.10   362.7    8.0      22.842
2013    1        1     8  32    2.09   362.6    8.0      22.835
2013    1        1     8  41    2.09   362.5    8.0      22.829
2013    1        1     8  51    2.08   362.4    8.0      22.824
2013    1        1     9   0    2.08   362.3    7.9      22.819
2013    1        1     9   9    2.07   362.2    7.9      22.815
2013    1        1     9  18    2.07   362.1    7.9      22.811
2013    1        1     9  27    2.07   362.0    7.9      22.807
2013    1        1     9  37    2.06   361.9    7.9      22.804
2013    1        1     9  46    2.06   361.8    7.9      22.801
2013    1        1     9  55    2.06   361.7    7.9      22.798
2013    1        1    10   4    2.06   361.6    7.8      22.796
2013    1        1    10  14    2.06   361.6    7.8      22.793
2013    1        1    10  23    2.06   361.5    7.8      22.791
2013    1        1    10  32    2.05   361.4    7.8      22.790
2013    1        1    10  41    2.05   361.3    7.8      22.788
2013    1        1    10  51    2.05   361.3    7.8      22.787
2013    1        1    11   0    2.05   361.2    7.8      22.787
2013    1        1    11   9    2.05   361.1    7.7      22.787
2013    1        1    11  18    2.05   361.1    7.7      22.787
2013    1        1    11  28    2.06   361.0    7.7      22.788
2013    1        1    11  37    2.06   360.9    7.7      22.790
2013    1        1    11  46    2.06   360.9    7.7      22.793
2013    1        1    11  55    2.06   360.8    7.7      22.797
2013    1        1    12   5    2.06   360.8    7.7      22.801
2013    1        1    12  14    2.06   360.7    7.7      22.806
2013    1        1    12  23    2.06   360.7    7.7      22.811
2013    1        1    12  32    2.06   360.6    7.6      22.817
2013    1        1    12  42    2.06   360.6    7.6      22.823
2013    1        1    12  51    2.06   360.6    7.6      22.830
2013    1        1    13   0    2.06   360.5    7.6      22.837
2013    1        1    13   9    2.06   360.5    7.6      22.845
2013    1        1    13  19    2.06   360.5    7.6      22.853
2013    1        1    13  28    2.07   360.5    7.6      22.861
2013    1        1    13  37    2.07   360.5    7.6      22.870
2013    1        1    13  46    2.07   360.5    7.6      22.879
2013    1        1    13  56    2.07   360.4    7.6      22.887
2013    1        1    14   5    2.07   360.4    7.6      22.895
2013    1        1    14  14    2.08   360.4    7.6      22.902
2013    1        1    14  23    2.08   360.4    7.6      22.909
2013    1        1    14  33    2.08   360.4    7.6      22.915
2013    1        1    14  42    2.08   360.4    7.6      22.921
2013    1        1    14  51    2.09   360.4    7.6      22.926
2013    1        1    15   0    2.09   360.4    7.6      22.931
2013    1        1    15  10    2.09   360.4    7.6      22.936
2013    1        1    15  19    2.10   360.5    7.6      22.941
2013    1        1    15  28    2.10   360.5    7.6      22.945
2013    1        1    15  37    2.11   360.5    7.6      22.950
2013    1        1    15  47    2.11   360.5    7.6      22.954
2013    1        1    15  56    2.12   360.5    7.7      22.958
2013    1        1    16   5    2.12   360.5    7.7      22.963
2013    1        1    16  14    2.13   360.6    7.7      22.967
2013    1        1    16  24    2.13   360.6    7.7      22.972
2013    1        1    16  33    2.14   360.6    7.7      22.976
2013    1        1    16  42    2.14   360.6    7.7      22.980
2013    1        1    16  51    2.15   360.6    7.7      22.982
2013    1        1    17   0    2.15   360.7    7.7      22.983
2013    1        1    17  10    2.16   360.7    7.8      22.981
2013    1        1    17  19    2.16   360.7    7.8      22.976
2013    1        1    17  28    2.17   360.7    7.8      22.969
2013    1        1    17  37    2.17   360.8    7.8      22.959
2013    1        1    17  47    2.18   360.8    7.8      22.946
2013    1        1    17  56    2.19   360.8    7.9      22.931
2013    1        1    18   5    2.19   360.8    7.9      22.914
2013    1        1    18  14    2.20   360.8    7.9      22.895
2013    1        1    18  24    2.20   360.9    7.9      22.873
2013    1        1    18  33    2.20   360.9    7.9      22.850
2013    1        1    18  42    2.21   360.9    8.0      22.824
2013    1        1    18  51    2.21   360.9    8.0      22.797
2013    1        1    19   1    2.22   360.9    8.0      22.768
2013    1        1    19  10    2.22   360.9    8.0      22.737
2013    1        1    19  19    2.23   360.9    8.1      22.704
2013    1        1    19  28    2.23   360.9    8.1      22.670
2013    1        1    19  38    2.23   360.9    8.1      22.635
2013    1        1    19  47    2.24   360.9    8.1      22.599
2013    1        1    19  56    2.24   360.9    8.1      22.561
2013    1        1    20   5    2.25   360.9    8.2      22.524
2013    1        1    20  15    2.25   360.9    8.2      22.486
2013    1        1    20  24    2.25   360.9    8.2      22.448
2013    1        1    20  33    2.26   360.9    8.3      22.411
2013    1        1    20  42    2.26   361.0    8.3      22.375
2013    1        1    20  52    2.26   361.0    8.3      22.340
2013    1        1    21   1    2.27   361.0    8.3      22.307
2013    1        1    21  10    2.27   361.0    8.4      22.276
2013    1        1    21  19    2.28   361.0    8.4      22.246
2013    1        1    21  29    2.28   361.0    8.4      22.219
2013    1        1    21  38    2.28   361.0    8.4      22.194
2013    1        1    21  47    2.29   361.0    8.5      22.172
2013    1        1    21  56    2.29   361.0    8.5      22.152
2013    1        1    22   6    2.30   361.0    8.5      22.137
2013    1        1    22  15    2.30   361.1    8.5      22.125
2013    1        1    22  24    2.30   361.1    8.6      22.116
2013    1        1    22  33    2.31   361.1    8.6      22.111
2013    1        1    22  43    2.31   361.2    8.6      22.110
2013    1        1    22  52    2.31   361.2    8.6      22.112
2013    1        1    23   1    2.32   361.2    8.7      22.117
2013    1        1    23  10    2.32   361.2    8.7      22.126
2013    1        1    23  20    2.32   361.3    8.7      22.139
2013    1        1    23  29    2.33   361.3    8.7      22.154
2013    1        1    23  38    2.33   361.3    8.7      22.172
2013    1        1    23  47    2.33   361.3    8.8      22.193
2013    1        1    23  57    2.34   361.4    8.8      22.216
2013    1        2     0   6    2.34   361.4    8.8      22.241
2013    1        2     0  15    2.34   361.4    8.8      22.268
2013    1        2     0  24    2.34   361.4    8.8      22.297
2013    1        2     0  34    2.35   361.4    8.8      22.327
2013    1        2     0  43    2.35   361.5    8.8      22.359
2013    1        2     0  52    2.35   361.5    8.9      22.391
2013    1        2     1   1    2.36   361.5    8.9      22.425
2013    1        2     1  10    2.36   361.5    8.9      22.459
2013    1        2     1  20    2.36   361.5    8.9      22.493
2013    1        2     1  29    2.37   361.5    8.9      22.529
2013    1        2     1  38    2.37   361.6    8.9      22.565
2013    1        2     1  47    2.37   361.6    8.9      22.602
2013    1        2     1  57    2.37   361.6    9.0      22.639
2013    1        2     2   6    2.38   361.6    9.0      22.677
2013    1        2     2  15    2.38   361.6    9.0      22.715
2013    1        2     2  24    2.38   361.6    9.0      22.754
2013    1        2     2  34    2.38   361.6    9.0      22.793
2013    1        2     2  43    2.39   361.6    9.0      22.833
2013    1        2     2  52    2.39   361.6    9.0      22.873
2013    1        2     3   1    2.39   361.7    9.0      22.914
2013    1        2     3  11    2.39   361.7    9.1      22.954
2013    1        2     3  20    2.40   361.7    9.1      22.995
2013    1        2     3  29    2.40   361.7    9.1      23.036
2013    1        2     3  38    2.40   361.7    9.1      23.078
2013    1        2     3  48    2.41   361.7    9.1      23.119
2013    1        2     3  57    2.41   361.7    9.1      23.161
2013    1        2     4   6    2.41   361.7    9.1      23.202
2013    1        2     4  15    2.41   361.7    9.1      23.243
2013    1        2     4  25    2.42   361.7    9.2      23.285
2013    1        2     4  34    2.42   361.7    9.2      23.326
2013    1        2     4  43    2.42   361.7    9.2      23.367
2013    1        2     4  52    2.43   361.7    9.2      23.408
2013    1        2     5   2    2.43   361.8    9.2      23.448
2013    1        2     5  11    2.43   361.8    9.2      23.487
2013    1        2     5  20    2.43   361.8    9.2      23.525
2013    1        2     5  29    2.44   361.8    9.3      23.561
2013    1        2     5  39    2.44   361.8    9.3      23.596
2013    1        2     5  48    2.44   361.9    9.3      23.630
2013    1        2     5  57    2.44   361.9    9.3      23.662
2013    1        2     6   6    2.45   361.9    9.3      23.693
2013    1        2     6  16    2.45   361.9    9.3      23.722
2013    1        2     6  25    2.45   362.0    9.3      23.750
2013    1        2     6  34    2.45   362.0    9.3      23.777
2013    1        2     6  43    2.46   362.0    9.3      23.802
2013    1        2     6  53    2.46   362.0    9.3      23.826
2013    1        2     7   2    2.46   362.1    9.3      23.849
2013    1        2     7  11    2.46   362.1    9.3      23.871
2013    1        2     7  20    2.46   362.1    9.3      23.891
2013    1        2     7  30    2.47   362.2    9.4      23.911
2013    1        2     7  39    2.47   362.2    9.4      23.929
2013    1        2     7  48    2.47   362.2    9.4      23.946
2013    1        2     7  57    2.47   362.3    9.4      23.962
2013    1        2     8   7    2.47   362.3    9.4      23.977
2013    1        2     8  16    2.47   362.3    9.4      23.991
2013    1        2     8  25    2.47   362.4    9.4      24.003
2013    1        2     8  34    2.47   362.4    9.4      24.015
2013    1        2     8  43    2.48   362.4    9.4      24.026
2013    1        2     8  53    2.48   362.5    9.4      24.036
2013    1        2     9   2    2.48   362.5    9.4      24.044
2013    1        2     9  11    2.48   362.5    9.4      24.052
2013    1        2     9  20    2.48   362.6    9.4      24.059
2013    1        2     9  30    2.48   362.6    9.4      24.065
2013    1        2     9  39    2.48   362.6    9.3      24.071
2013    1        2     9  48    2.48   362.7    9.3      24.075
2013    1        2     9  57    2.48   362.7    9.3      24.079
2013    1        2    10   7    2.48   362.7    9.3      24.081
2013    1        2    10  16    2.48   362.8    9.3      24.083
2013    1        2    10  25    2.48   362.8    9.3      24.085
2013    1        2    10  34    2.48   362.8    9.3      24.085
2013    1        2    10  44    2.48   362.9    9.3      24.085
2013    1        2    10  53    2.48   362.9    9.3      24.084
2013    1        2    11   2    2.48   362.9    9.3      24.083
2013    1        2    11  11    2.48   362.9    9.3      24.081
2013    1        2    11  21    2.48   363.0    9.3      24.078
2013    1        2    11  30    2.48   363.0    9.3      24.075
2013    1        2    11  39    2.48   363.0    9.3      24.071
2013    1        2    11  48    2.48   363.1    9.3      24.066
2013    1        2    11  58    2.48   363.1    9.3      24.061
2013    1        2    12   7    2.48   363.1    9.2      24.055
2013    1        2    12  16    2.48   363.1    9.2      24.049
2013    1        2    12  25    2.48   363.2    9.2      24.042
2013    1        2    12  35    2.48   363.2    9.2      24.035
2013    1        2    12  44    2.47   363.2    9.2      24.027
2013    1        2    12  53    2.47   363.2    9.2      24.018
2013    1        2    13   2    2.47   363.3    9.2      24.009
2013    1        2    13  12    2.47   363.3    9.2      23.999
2013    1        2    13  21    2.47   363.3    9.2      23.989
2013    1        2    13  30    2.47   363.3    9.2      23.978
2013    1        2    13  39    2.47   363.3    9.1      23.967
2013    1        2    13  49    2.47   363.4    9.1      23.955
2013    1        2    13  58    2.47   363.4    9.1      23.943
2013    1        2    14   7    2.47   363.4    9.1      23.930
2013    1        2    14  16    2.47   363.4    9.1      23.916
2013    1        2    14  26    2.47   363.4    9.1      23.902
2013    1        2    14  35    2.46   363.4    9.1      23.888
2013    1        2    14  44    2.46   363.4    9.1      23.873
2013    1        2    14  53    2.46   363.5    9.1      23.857
2013    1        2    15   3    2.46   363.5    9.0      23.841
2013    1        2    15  12    2.46   363.5    9.0      23.825
2013    1        2    15  21    2.46   363.5    9.0      23.808
2013    1        2    15  30    2.46   363.5    9.0      23.791
2013    1        2    15  40    2.46   363.5    9.0      23.773
2013    1        2    15  49    2.46   363.5    9.0      23.755
2013    1        2    15  58    2.45   363.5    9.0      23.737
2013    1        2    16   7    2.45   363.5    9.0      23.718
2013    1        2    16  16    2.45   363.5    9.0      23.699
2013    1        2    16  26    2.45   363.5    8.9      23.679
2013    1        2    16  35    2.45   363.5    8.9      23.659
2013    1        2    16  44    2.45   363.5    8.9      23.639
2013    1        2    16  53    2.45   363.5    8.9      23.618
2013    1        2    17   3    2.45   363.5    8.9      23.597
2013    1        2    17  12    2.44   363.5    8.9      23.576
2013    1        2    17  21    2.44   363.5    8.9      23.554
2013    1        2    17  30    2.44   363.5    8.9      23.532
2013    1        2    17  40    2.44   363.5    8.8      23.509
2013    1        2    17  49    2.44   363.5    8.8      23.487
2013    1        2    17  58    2.44   363.5    8.8      23.464
2013    1        2    18   7    2.44   363.5    8.8      23.440
2013    1        2    18  17    2.44   363.4    8.8      23.417
2013    1        2    18  26    2.43   363.4    8.8      23.393
2013    1        2    18  35    2.43   363.4    8.8      23.369
2013    1        2    18  44    2.43   363.4    8.8      23.346
2013    1        2    18  54    2.43   363.4    8.8      23.322
2013    1        2    19   3    2.43   363.4    8.7      23.297
2013    1        2    19  12    2.43   363.3    8.7      23.273
2013    1        2    19  21    2.43   363.3    8.7      23.249
2013    1        2    19  31    2.43   363.3    8.7      23.225
2013    1        2    19  40    2.42   363.3    8.7      23.201
2013    1        2    19  49    2.42   363.2    8.7      23.177
2013    1        2    19  58    2.42   363.2    8.7      23.152
2013    1        2    20   8    2.42   363.2    8.7      23.128
2013    1        2    20  17    2.42   363.2    8.7      23.104
2013    1        2    20  26    2.42   363.1    8.7      23.080
2013    1        2    20  35    2.42   363.1    8.7      23.056
2013    1        2    20  45    2.42   363.1    8.6      23.032
2013    1        2    20  54    2.41   363.0    8.6      23.008
2013    1        2    21   3    2.41   363.0    8.6      22.985
2013    1        2    21  12    2.41   362.9    8.6      22.961
2013    1        2    21  22    2.41   362.9    8.6      22.938
2013    1        2    21  31    2.41   362.9    8.6      22.915
2013    1        2    21  40    2.41   362.8    8.6      22.892
2013    1        2    21  49    2.41   362.8    8.6      22.869
2013    1        2    21  59    2.41   362.7    8.6      22.847
2013    1        2    22   8    2.40   362.7    8.6      22.825
2013    1        2    22  17    2.40   362.6    8.6      22.804
2013    1        2    22  26    2.40   362.6    8.6      22.782
2013    1        2    22  35    2.40   362.5    8.6      22.761
2013    1        2    22  45    2.40   362.5    8.6      22.741
2013    1        2    22  54    2.40   362.4    8.6      22.721
2013    1        2    23   3    2.40   362.4    8.6      22.701
2013    1        2    23  12    2.40   362.3    8.6      22.682
2013    1        2    23  22    2.40   362.3    8.5      22.663
2013    1        2    23  31    2.40   362.2    8.5      22.644
2013    1        2    23  40    2.40   362.1    8.5      22.626
2013    1        2    23  49    2.40   362.1    8.5      22.609
2013    1        2    23  59    2.40   362.0    8.5      22.591
2013    1        3     0   8    2.40   362.0    8.5      22.575
2013    1        3     0  17    2.40   361.9    8.5      22.558
2013    1        3     0  26    2.40   361.8    8.5      22.542
2013    1        3     0  36    2.39   361.8    8.5      22.525
2013    1        3     0  45    2.39   361.7    8.5      22.509
2013    1        3     0  54    2.39   361.6    8.5      22.492
2013    1        3     1   3    2.39   361.5    8.5      22.476
2013    1        3     1  13    2.39   361.5    8.5      22.459
2013    1        3     1  22    2.39   361.4    8.5      22.443
2013    1        3     1  31    2.39   361.3    8.5      22.426
2013    1        3     1  40    2.39   361.3    8.5      22.409
2013    1        3     1  50    2.39   361.2    8.5      22.392
2013    1        3     1  59    2.39   361.1    8.5      22.375
2013    1        3     2   8    2.39   361.1    8.5      22.358
2013    1        3     2  17    2.39   361.0    8.5      22.341
2013    1        3     2  27    2.39   360.9    8.5      22.324
2013    1        3     2  36    2.39   360.9    8.5      22.306
2013    1        3     2  45    2.39   360.8    8.5      22.289
2013    1        3     2  54    2.39   360.7    8.5      22.272
2013    1        3     3   4    2.39   360.7    8.5      22.256
2013    1        3     3  13    2.39   360.6    8.5      22.239
2013    1        3     3  22    2.39   360.5    8.5      22.222
2013    1        3     3  31    2.39   360.4    8.5      22.205
2013    1        3     3  41    2.39   360.4    8.5      22.188
2013    1        3     3  50    2.39   360.3    8.5      22.172
2013    1        3     3  59    2.39   360.2    8.5      22.155
2013    1        3     4   8    2.39   360.2    8.5      22.139
2013    1        3     4  18    2.39   360.1    8.5      22.123
2013    1        3     4  27    2.39   360.0    8.5      22.107
2013    1        3     4  36    2.39   359.9    8.5      22.091
2013    1        3     4  45    2.39   359.9    8.5      22.075
2013    1        3     4  55    2.39   359.8    8.5      22.060
2013    1        3     5   4    2.39   359.7    8.5      22.044
2013    1        3     5  13    2.39   359.6    8.5      22.030
2013    1        3     5  22    2.39   359.6    8.5      22.015
2013    1        3     5  31    2.39   359.5    8.5      22.001
2013    1        3     5  41    2.39   359.4    8.5      21.988
2013    1        3     5  50    2.39   359.3    8.5      21.975
2013    1        3     5  59    2.39   359.2    8.5      21.962
2013    1        3     6   8    2.39   359.2    8.5      21.950
2013    1        3     6  18    2.39   359.1    8.5      21.939
2013    1        3     6  27    2.39   359.0    8.5      21.928
2013    1        3     6  36    2.39   358.9    8.5      21.918
2013    1        3     6  45    2.40   358.9    8.5      21.908
2013    1        3     6  55    2.40   358.8    8.5      21.900
2013    1        3     7   4    2.40   358.7    8.5      21.892
2013    1        3     7  13    2.40   358.6    8.5      21.885
2013    1        3     7  22    2.40   358.5    8.5      21.879
2013    1        3     7  32    2.40   358.5    8.5      21.873
2013    1        3     7  41    2.40   358.4    8.5      21.869
2013    1        3     7  50    2.40   358.3    8.6      21.865
2013    1        3     7  59    2.41   358.2    8.6      21.862
2013    1        3     8   9    2.41   358.1    8.6      21.860
2013    1        3     8  18    2.41   358.1    8.6      21.859
2013    1        3     8  27    2.41   358.0    8.6      21.858
2013    1        3     8  36    2.41   357.9    8.6      21.858
2013    1        3     8  46    2.41   357.8    8.6      21.858
2013    1        3     8  55    2.42   357.7    8.6      21.859
2013    1        3     9   4    2.42   357.7    8.6      21.861
2013    1        3     9  13    2.42   357.6    8.6      21.863
2013    1        3     9  23    2.42   357.5    8.6      21.867
2013    1        3     9  32    2.42   357.5    8.7      21.871
2013    1        3     9  41    2.43   357.4    8.7      21.876
2013    1        3     9  50    2.43   357.3    8.7      21.883
2013    1        3    10   0    2.43   357.3    8.7      21.890
2013    1        3    10   9    2.43   357.2    8.7      21.899
2013    1        3    10  18    2.44   357.1    8.7      21.908
2013    1        3    10  27    2.44   357.1    8.7      21.917
2013    1        3    10  37    2.44   357.0    8.7      21.926
2013    1        3    10  46    2.44   357.0    8.7      21.935
2013    1        3    10  55    2.44   356.9    8.8      21.943
2013    1        3    11   4    2.45   356.8    8.8      21.952
2013    1        3    11  14    2.45   356.8    8.8      21.960
2013    1        3    11  23    2.45   356.7    8.8      21.969
2013    1        3    11  32    2.45   356.7    8.8      21.978
2013    1        3    11  41    2.45   356.6    8.8      21.986
2013    1        3    11  51    2.46   356.6    8.8      21.995
2013    1        3    12   0    2.46   356.5    8.8      22.003
2013    1        3    12   9    2.46   356.5    8.8      22.011
2013    1        3    12  18    2.46   356.4    8.8      22.019
2013    1        3    12  27    2.46   356.4    8.8      22.026
2013    1        3    12  37    2.47   356.3    8.8      22.034
2013    1        3    12  46    2.47   356.3    8.9      22.040
2013    1        3    12  55    2.47   356.2    8.9      22.047
2013    1        3    13   4    2.47   356.2    8.9      22.053
2013    1        3    13  14    2.47   356.1    8.9      22.060
2013    1        3    13  23    2.48   356.1    8.9      22.066
2013    1        3    13  32    2.48   356.0    8.9      22.072
2013    1        3    13  41    2.48   356.0    8.9      22.078
2013    1        3    13  51    2.48   355.9    8.9      22.085
2013    1        3    14   0    2.49   355.9    8.9      22.091
2013    1        3    14   9    2.49   355.8    8.9      22.098
2013    1        3    14  18    2.49   355.8    9.0      22.105
2013    1        3    14  28    2.49   355.7    9.0      22.113
2013    1        3    14  37    2.50   355.7    9.0      22.121
2013    1        3    14  46    2.50   355.7    9.0      22.129
2013    1        3    14  55    2.50   355.6    9.0      22.138
2013    1        3    15   5    2.51   355.6    9.0      22.148
2013    1        3    15  14    2.51   355.5    9.0      22.158
2013    1        3    15  23    2.51   355.5    9.0      22.169
2013    1        3    15  32    2.52   355.5    9.1      22.181
2013    1        3    15  42    2.52   355.4    9.1      22.194
2013    1        3    15  51    2.52   355.4    9.1      22.208
2013    1        3    16   0    2.53   355.4    9.1      22.223
2013    1        3    16   9    2.53   355.3    9.1      22.239
2013    1        3    16  19    2.53   355.3    9.1      22.257
2013    1        3    16  28    2.54   355.3    9.2      22.278
2013    1        3    16  37    2.54   355.3    9.2      22.301
2013    1        3    16  46    2.55   355.3    9.2      22.327
2013    1        3    16  56    2.55   355.3    9.2      22.354
2013    1        3    17   5    2.55   355.3    9.2      22.383
2013    1        3    17  14    2.56   355.3    9.3      22.413
2013    1        3    17  23    2.56   355.3    9.3      22.443
2013    1        3    17  33    2.56   355.3    9.3      22.474
2013    1        3    17  42    2.57   355.3    9.3      22.505
2013    1        3    17  51    2.57   355.3    9.3      22.536
2013    1        3    18   0    2.57   355.3    9.4      22.567
2013    1        3    18  10    2.57   355.3    9.4      22.598
2013    1        3    18  19    2.58   355.3    9.4      22.629
2013    1        3    18  28    2.58   355.3    9.4      22.659
2013    1        3    18  37    2.58   355.3    9.4      22.688
2013    1        3    18  47    2.59   355.3    9.4      22.717
2013    1        3    18  56    2.59   355.3    9.4      22.746
2013    1        3    19   5    2.59   355.4    9.4      22.774
2013    1        3    19  14    2.59   355.4    9.5      22.802
2013    1        3    19  23    2.60   355.4    9.5      22.829
2013    1        3    19  33    2.60   355.4    9.5      22.855
2013    1        3    19  42    2.60   355.4    9.5      22.881
2013    1        3    19  51    2.60   355.4    9.5      22.905
2013    1        3    20   0    2.61   355.4    9.5      22.929
2013    1        3    20  10    2.61   355.5    9.5      22.953
2013    1        3    20  19    2.61   355.5    9.5      22.975
2013    1        3    20  28    2.61   355.5    9.5      22.998
2013    1        3    20  37    2.62   355.5    9.6      23.019
2013    1        3    20  47    2.62   355.5    9.6      23.040
2013    1        3    20  56    2.62   355.5    9.6      23.061
2013    1        3    21   5    2.62   355.6    9.6      23.081
2013    1        3    21  14    2.63   355.6    9.6      23.101
2013    1        3    21  24    2.63   355.6    9.6      23.120
2013    1        3    21  33    2.63   355.6    9.6      23.139
2013    1        3    21  42    2.63   355.6    9.6      23.158
2013    1        3    21  51    2.64   355.7    9.6      23.176
2013    1        3    22   1    2.64   355.7    9.6      23.195
2013    1        3    22  10    2.64   355.7    9.6      23.213
2013    1        3    22  19    2.64   355.7    9.7      23.230
2013    1        3    22  28    2.64   355.7    9.7      23.248
2013    1        3    22  38    2.65   355.8    9.7      23.266
2013    1        3    22  47    2.65   355.8    9.7      23.284
2013    1        3    22  56    2.65   355.8    9.7      23.301
2013    1        3    23   5    2.65   355.8    9.7      23.319
2013    1        3    23  15    2.66   355.9    9.7      23.337
2013    1        3    23  24    2.66   355.9    9.7      23.355
2013    1        3    23  33    2.66   355.9    9.7      23.375
2013    1        3    23  42    2.66   356.0    9.7      23.395
2013    1        3    23  52    2.67   356.0    9.8      23.418
2013    1        4     0   1    2.67   356.0    9.8      23.441
2013    1        4     0  10    2.67   356.1    9.8      23.465
2013    1        4     0  19    2.67   356.1    9.8      23.489
2013    1        4     0  29    2.67   356.1    9.8      23.513
2013    1        4     0  38    2.68   356.2    9.8      23.536
2013    1        4     0  47    2.68   356.2    9.8      23.560
2013    1        4     0  56    2.68   356.3    9.8      23.584
2013    1        4     1   6    2.68   356.3    9.8      23.608
2013    1        4     1  15    2.68   356.3    9.8      23.632
2013    1        4     1  24    2.69   356.4    9.9      23.656
2013    1        4     1  33    2.69   356.4    9.9      23.680
2013    1        4     1  42    2.69   356.5    9.9      23.703
2013    1        4     1  52    2.69   356.5    9.9      23.726
2013    1        4     2   1    2.69   356.6    9.9      23.748
2013    1        4     2  10    2.69   356.6    9.9      23.770
2013    1        4     2  19    2.69   356.7    9.9      23.791
2013    1        4     2  29    2.69   356.7    9.9      23.812
2013    1        4     2  38    2.70   356.7    9.9      23.833
2013    1        4     2  47    2.70   356.8    9.9      23.852
2013    1        4     2  56    2.70   356.8    9.9      23.872
2013    1        4     3   6    2.70   356.9    9.9      23.891
2013    1        4     3  15    2.70   356.9    9.9      23.909
2013    1        4     3  24    2.70   357.0    9.9      23.927
2013    1        4     3  33    2.70   357.0    9.9      23.945
2013    1        4     3  43    2.70   357.1    9.9      23.962
2013    1        4     3  52    2.71   357.1    9.9      23.979
2013    1        4     4   1    2.71   357.1    9.9      23.996
2013    1        4     4  10    2.71   357.2    9.9      24.012
2013    1        4     4  19    2.71   357.2    9.9      24.028
2013    1        4     4  29    2.71   357.3    9.9      24.043
2013    1        4     4  38    2.71   357.3    9.9      24.058
2013    1        4     4  47    2.71   357.4    9.9      24.073
2013    1        4     4  56    2.71   357.4    9.9      24.087
2013    1        4     5   6    2.71   357.5    9.9      24.101
2013    1        4     5  15    2.71   357.5    9.9      24.115
2013    1        4     5  24    2.71   357.6    9.9      24.129
2013    1        4     5  33    2.72   357.6    9.9      24.142
2013    1        4     5  43    2.72   357.6   10.0      24.155
2013    1        4     5  52    2.72   357.7   10.0      24.167
2013    1        4     6   1    2.72   357.7   10.0      24.179
2013    1        4     6  10    2.72   357.8   10.0      24.191
2013    1        4     6  20    2.72   357.8   10.0      24.203
2013    1        4     6  29    2.72   357.9   10.0      24.215
2013    1        4     6  38    2.72   357.9   10.0      24.226
2013    1        4     6  47    2.72   357.9   10.0      24.237
2013    1        4     6  57    2.72   358.0   10.0      24.247
2013    1        4     7   6    2.72   358.0   10.0      24.258
2013    1        4     7  15    2.72   358.1   10.0      24.268
2013    1        4     7  24    2.72   358.1   10.0      24.278
2013    1        4     7  34    2.72   358.1   10.0      24.288
2013    1        4     7  43    2.72   358.2   10.0      24.297
2013    1        4     7  52    2.72   358.2   10.0      24.306
2013    1        4     8   1    2.72   358.3   10.0      24.315
2013    1        4     8  11    2.72   358.3   10.0      24.324
2013    1        4     8  20    2.72   358.3   10.0      24.333
2013    1        4     8  29    2.72   358.4   10.0      24.341
2013    1        4     8  38    2.72   358.4   10.0      24.349
2013    1        4     8  48    2.73   358.5   10.0      24.357
2013    1        4     8  57    2.73   358.5   10.0      24.364
2013    1        4     9   6    2.73   358.5   10.0      24.372
2013    1        4     9  15    2.73   358.6   10.0      24.379
2013    1        4     9  25    2.73   358.6   10.0      24.386
2013    1        4     9  34    2.73   358.6   10.0      24.393
2013    1        4     9  43    2.73   358.7   10.0      24.399
2013    1        4     9  52    2.73   358.7    9.9      24.406
2013    1        4    10   2    2.73   358.7    9.9      24.412
2013    1        4    10  11    2.72   358.7    9.9      24.418
2013    1        4    10  20    2.72   358.8    9.9      24.424
2013    1        4    10  29    2.72   358.8    9.9      24.430
2013    1        4    10  38    2.72   358.8    9.9      24.436
2013    1        4    10  48    2.72   358.9    9.9      24.441
2013    1        4    10  57    2.72   358.9    9.9      24.446
2013    1        4    11   6    2.72   358.9    9.9      24.451
2013    1        4    11  15    2.72   358.9    9.9      24.456
2013    1        4    11  25    2.72   359.0    9.9      24.461
2013    1        4    11  34    2.72   359.0    9.9      24.465
2013    1        4    11  43    2.72   359.0    9.9      24.470
2013    1        4    11  52    2.72   359.1    9.9      24.474
2013    1        4    12   2    2.72   359.1    9.9      24.478
2013    1        4    12  11    2.72   359.1    9.9      24.481
2013    1        4    12  20    2.72   359.1    9.9      24.485
2013    1        4    12  29    2.72   359.2    9.9      24.489
2013    1        4    12  39    2.72   359.2    9.9      24.492
2013    1        4    12  48    2.72   359.2    9.9      24.495
2013    1        4    12  57    2.72   359.2    9.9      24.498
2013    1        4    13   6    2.72   359.2    9.9      24.501
2013    1        4    13  16    2.72   359.3    9.9      24.504
2013    1        4    13  25    2.72   359.3    9.9      24.506
2013    1        4    13  34    2.72   359.3    9.9      24.508
2013    1        4    13  43    2.72   359.3    9.9      24.511
2013    1        4    13  53    2.72   359.4    9.9      24.513
2013    1        4    14   2    2.72   359.4    9.9      24.515
2013    1        4    14  11    2.72   359.4    9.9      24.517
2013    1        4    14  20    2.72   359.4    9.9      24.519
2013    1        4    14  30    2.72   359.4    9.9      24.520
2013    1        4    14  39    2.72   359.5    9.9      24.522
2013    1        4    14  48    2.72   359.5    9.9      24.523
2013    1        4    14  57    2.71   359.5    9.9      24.525
2013    1        4    15   7    2.71   359.5    9.9      24.526
2013    1        4    15  16    2.71   359.5    9.9      24.527
2013    1        4    15  25    2.71   359.5    9.9      24.528
2013    1        4    15  34    2.71   359.6    9.9      24.529
2013    1        4    15  44    2.71   359.6    9.9      24.530
2013    1        4    15  53    2.71   359.6    9.9      24.531
2013    1        4    16   2    2.71   359.6    9.9      24.531
2013    1        4    16  11    2.71   359.6    9.9      24.532
2013    1        4    16  21    2.71   359.6    9.9      24.532
2013    1        4    16  30    2.71   359.7    9.9      24.532
2013    1        4    16  39    2.71   359.7    9.9      24.532
2013    1        4    16  48    2.71   359.7    9.9      24.531
2013    1        4    16  57    2.71   359.7    9.9      24.531
2013    1        4    17   7    2.71   359.7    9.9      24.530
2013    1        4    17  16    2.70   359.7    9.9      24.529
2013    1        4    17  25    2.70   359.7    9.9      24.528
2013    1        4    17  34    2.70   359.7    9.8      24.527
2013    1        4    17  44    2.70   359.7    9.8      24.525
2013    1        4    17  53    2.70   359.7    9.8      24.524
2013    1        4    18   2    2.70   359.7    9.8      24.521
2013    1        4    18  11    2.70   359.8    9.8      24.519
2013    1        4    18  21    2.70   359.8    9.8      24.517
2013    1        4    18  30    2.70   359.8    9.8      24.514
2013    1        4    18  39    2.70   359.8    9.8      24.511
2013    1        4    18  48    2.70   359.8    9.8      24.507
2013    1        4    18  58    2.69   359.8    9.8      24.504
2013    1        4    19   7    2.69   359.8    9.8      24.500
2013    1        4    19  16    2.69   359.8    9.8      24.496
2013    1        4    19  25    2.69   359.8    9.8      24.492
2013    1        4    19  35    2.69   359.8    9.8      24.487
2013    1        4    19  44    2.69   359.8    9.8      24.482
2013    1        4    19  53    2.69   359.8    9.8      24.477
2013    1        4    20   2    2.69   359.8    9.8      24.472
2013    1        4    20  12    2.69   359.8    9.8      24.467
2013    1        4    20  21    2.69   359.7    9.8      24.461
2013    1        4    20  30    2.68   359.7    9.8      24.456
2013    1        4    20  39    2.68   359.7    9.8      24.450
2013    1        4    20  48    2.68   359.7    9.8      24.444
2013    1        4    20  58    2.68   359.7    9.8      24.438
2013    1        4    21   7    2.68   359.7    9.8      24.432
2013    1        4    21  16    2.68   359.7    9.8      24.426
2013    1        4    21  26    2.68   359.7    9.8      24.420
2013    1        4    21  35    2.68   359.7    9.8      24.413
2013    1        4    21  44    2.68   359.7    9.8      24.407
2013    1        4    21  53    2.68   359.7    9.8      24.401
2013    1        4    22   3    2.67   359.6    9.8      24.395
2013    1        4    22  12    2.67   359.6    9.8      24.389
2013    1        4    22  21    2.67   359.6    9.8      24.383
2013    1        4    22  30    2.67   359.6    9.7      24.377
2013    1        4    22  39    2.67   359.6    9.7      24.371
2013    1        4    22  49    2.67   359.6    9.7      24.366
2013    1        4    22  58    2.67   359.6    9.7      24.360
2013    1        4    23   7    2.67   359.6    9.7      24.355
2013    1        4    23  16    2.67   359.5    9.7      24.350
2013    1        4    23  26    2.67   359.5    9.7      24.344
2013    1        4    23  35    2.67   359.5    9.7      24.339
2013    1        4    23  44    2.67   359.5    9.7      24.335
2013    1        4    23  53    2.67   359.5    9.7      24.330
2013    1        5     0   3    2.66   359.5    9.7      24.325
2013    1        5     0  12    2.66   359.5    9.7      24.321
2013    1        5     0  21    2.66   359.4    9.7      24.316
2013    1        5     0  30    2.66   359.4    9.7      24.312
2013    1        5     0  40    2.66   359.4    9.7      24.308
2013    1        5     0  49    2.66   359.4    9.7      24.303
2013    1        5     0  58    2.66   359.4    9.7      24.299
2013    1        5     1   7    2.66   359.4    9.7      24.295
2013    1        5     1  16    2.66   359.4    9.7      24.291
2013    1        5     1  26    2.66   359.3    9.7      24.286
2013    1        5     1  35    2.66   359.3    9.7      24.282
2013    1        5     1  44    2.66   359.3    9.7      24.277
2013    1        5     1  53    2.66   359.3    9.7      24.273
2013    1        5     2   3    2.66   359.3    9.7      24.268
2013    1        5     2  12    2.66   359.3    9.7      24.263
2013    1        5     2  21    2.65   359.2    9.7      24.259
2013    1        5     2  30    2.65   359.2    9.7      24.253
2013    1        5     2  40    2.65   359.2    9.7      24.248
2013    1        5     2  49    2.65   359.2    9.7      24.243
2013    1        5     2  58    2.65   359.2    9.7      24.237
2013    1        5     3   7    2.65   359.1    9.7      24.231
2013    1        5     3  17    2.65   359.1    9.7      24.225
2013    1        5     3  26    2.65   359.1    9.7      24.219
2013    1        5     3  35    2.65   359.1    9.7      24.213
2013    1        5     3  44    2.65   359.1    9.7      24.206
2013    1        5     3  54    2.65   359.0    9.7      24.199
2013    1        5     4   3    2.65   359.0    9.7      24.192
2013    1        5     4  12    2.65   359.0    9.7      24.185
2013    1        5     4  21    2.64   359.0    9.7      24.177
2013    1        5     4  31    2.64   358.9    9.7      24.170
2013    1        5     4  40    2.64   358.9    9.7      24.162
2013    1        5     4  49    2.64   358.9    9.7      24.155
2013    1        5     4  58    2.64   358.8    9.7      24.147
2013    1        5     5   8    2.64   358.8    9.7      24.140
2013    1        5     5  17    2.64   358.8    9.7      24.132
2013    1        5     5  26    2.64   358.8    9.7      24.125
2013    1        5     5  35    2.64   358.7    9.7      24.117
2013    1        5     5  45    2.64   358.7    9.7      24.110
2013    1        5     5  54    2.64   358.7    9.7      24.103
2013    1        5     6   3    2.64   358.6    9.7      24.096
2013    1        5     6  12    2.64   358.6    9.7      24.089
2013    1        5     6  22    2.64   358.6    9.7      24.083
2013    1        5     6  31    2.64   358.6    9.7      24.077
2013    1        5     6  40    2.64   358.5    9.7      24.071
2013    1        5     6  49    2.64   358.5    9.7      24.065
2013    1        5     6  59    2.64   358.5    9.7      24.060
2013    1        5     7   8    2.64   358.5    9.7      24.055
2013    1        5     7  17    2.64   358.4    9.7      24.051
2013    1        5     7  26    2.63   358.4    9.7      24.047
2013    1        5     7  35    2.63   358.4    9.7      24.044
2013    1        5     7  45    2.63   358.4    9.7      24.040
2013    1        5     7  54    2.63   358.3    9.7      24.038
2013    1        5     8   3    2.63   358.3    9.7      24.035
2013    1        5     8  12    2.63   358.3    9.7      24.034
2013    1        5     8  22    2.63   358.3    9.7      24.033
2013    1        5     8  31    2.63   358.3    9.7      24.032
2013    1        5     8  40    2.63   358.2    9.7      24.032
2013    1        5     8  49    2.63   358.2    9.7      24.033
2013    1        5     8  59    2.63   358.2    9.7      24.033
2013    1        5     9   8    2.63   358.2    9.7      24.033
2013    1        5     9  17    2.63   358.1    9.7      24.033
2013    1        5     9  26    2.63   358.1    9.8      24.033
2013    1        5     9  36    2.63   358.1    9.8      24.033
2013    1        5     9  45    2.63   358.1    9.8      24.033
2013    1        5     9  54    2.63   358.1    9.8      24.033
2013    1        5    10   3    2.63   358.0    9.8      24.033
2013    1        5    10  12    2.63   358.0    9.8      24.032
2013    1        5    10  22    2.63   358.0    9.8      24.031
2013    1        5    10  31    2.63   358.0    9.8      24.030
2013    1        5    10  40    2.63   357.9    9.8      24.029
2013    1        5    10  49    2.63   357.9    9.8      24.028
2013    1        5    10  59    2.63   357.9    9.8      24.026
2013    1        5    11   8    2.63   357.9    9.8      24.025
2013    1        5    11  17    2.63   357.9    9.8      24.023
2013    1        5    11  26    2.63   357.8    9.8      24.021
2013    1        5    11  36    2.63   357.8    9.8      24.019
2013    1        5    11  45    2.63   357.8    9.8      24.017
2013    1        5    11  54    2.63   357.8    9.8      24.014
2013    1        5    12   3    2.63   357.7    9.8      24.012
2013    1        5    12  13    2.63   357.7    9.8      24.009
2013    1        5    12  22    2.63   357.7    9.8      24.007
2013    1        5    12  31    2.63   357.7    9.8      24.004
2013    1        5    12  40    2.63   357.6    9.8      24.001
2013    1        5    12  50    2.63   357.6    9.8      23.999
2013    1        5    12  59    2.63   357.6    9.8      23.996
2013    1        5    13   8    2.63   357.6    9.8      23.994
2013    1        5    13  17    2.63   357.5    9.8      23.992
2013    1        5    13  27    2.63   357.5    9.8      23.990
2013    1        5    13  36    2.63   357.5    9.8      23.988
2013    1        5    13  45    2.63   357.5    9.8      23.986
2013    1        5    13  54    2.63   357.5    9.8      23.985
2013    1        5    14   4    2.63   357.4    9.8      23.984
2013    1        5    14  13    2.63   357.4    9.8      23.984
2013    1        5    14  22    2.63   357.4    9.8      23.984
2013    1        5    14  31    2.63   357.4    9.8      23.985
2013    1        5    14  41    2.63   357.4    9.8      23.986
2013    1        5    14  50    2.63   357.4    9.8      23.987
2013    1        5    14  59    2.63   357.3    9.8      23.990
2013    1        5    15   8    2.63   357.3    9.8      23.994
2013    1        5    15  17    2.63   357.3    9.9      23.999
2013    1        5    15  27    2.63   357.3    9.9      24.006
2013    1        5    15  36    2.63   357.3    9.9      24.013
2013    1        5    15  45    2.63   357.3    9.9      24.022
2013    1        5    15  54    2.63   357.3    9.9      24.030
2013    1        5    16   4    2.63   357.3    9.9      24.038
2013    1        5    16  13    2.63   357.3    9.9      24.046
2013    1        5    16  22    2.63   357.3    9.9      24.053
2013    1        5    16  31    2.63   357.3    9.9      24.059
2013    1        5    16  41    2.63   357.3    9.9      24.065
2013    1        5    16  50    2.63   357.3    9.9      24.071
2013    1        5    16  59    2.64   357.3    9.9      24.076
2013    1        5    17   8    2.64   357.3    9.9      24.080
2013    1        5    17  18    2.64   357.3    9.9      24.084
2013    1        5    17  27    2.64   357.3    9.9      24.088
2013    1        5    17  36    2.64   357.3    9.9      24.091
2013    1        5    17  45    2.64   357.3    9.9      24.094
2013    1        5    17  55    2.64   357.3    9.9      24.096
2013    1        5    18   4    2.64   357.3    9.9      24.098
2013    1        5    18  13    2.64   357.3    9.9      24.100
2013    1        5    18  22    2.64   357.3    9.9      24.102
2013    1        5    18  32    2.64   357.2    9.9      24.103
2013    1        5    18  41    2.64   357.2    9.9      24.104
2013    1        5    18  50    2.64   357.2    9.9      24.104
2013    1        5    18  59    2.64   357.2    9.9      24.105
2013    1        5    19   9    2.64   357.2    9.9      24.105
2013    1        5    19  18    2.64   357.2    9.9      24.105
2013    1        5    19  27    2.64   357.2    9.9      24.105
2013    1        5    19  36    2.64   357.2    9.9      24.105
2013    1        5    19  46    2.64   357.1    9.9      24.104
2013    1        5    19  55    2.64   357.1    9.9      24.104
2013    1        5    20   4    2.64   357.1    9.9      24.103
2013    1        5    20  13    2.64   357.1    9.9      24.103
2013    1        5    20  23    2.64   357.1    9.9      24.102
2013    1        5    20  32    2.64   357.1    9.9      24.101
2013    1        5    20  41    2.64   357.1    9.9      24.101
2013    1        5    20  50    2.64   357.1    9.9      24.100
2013    1        5    21   0    2.64   357.0    9.9      24.100
2013    1        5    21   9    2.64   357.0    9.9      24.100
2013    1        5    21  18    2.64   357.0    9.9      24.099
2013    1        5    21  27    2.64   357.0    9.9      24.099
2013    1        5    21  36    2.64   357.0    9.9      24.100
2013    1        5    21  46    2.64   357.0    9.9      24.100
2013    1        5    21  55    2.64   357.0    9.9      24.101
2013    1        5    22   4    2.64   356.9    9.9      24.102
2013    1        5    22  13    2.64   356.9    9.9      24.103
2013    1        5    22  23    2.64   356.9    9.9      24.106
2013    1        5    22  32    2.64   356.9    9.9      24.109
2013    1        5    22  41    2.64   356.9    9.9      24.113
2013    1        5    22  50    2.64   356.9    9.9      24.118
2013    1        5    23   0    2.64   356.9   10.0      24.123
2013    1        5    23   9    2.64   356.9   10.0      24.128
2013    1        5    23  18    2.64   356.9   10.0      24.133
2013    1        5    23  27    2.65   356.9   10.0      24.137
2013    1        5    23  36    2.65   356.9   10.0      24.141
2013    1        5    23  46    2.65   356.9   10.0      24.145
2013    1        5    23  55    2.65   356.9   10.0      24.149
2013    1        6     0   4    2.65   356.9   10.0      24.152
2013    1        6     0  13    2.65   356.9   10.0      24.155
2013    1        6     0  23    2.65   356.9   10.0      24.158
2013    1        6     0  32    2.65   356.9   10.0      24.161
2013    1        6     0  41    2.65   356.9   10.0      24.163
2013    1        6     0  50    2.65   356.9   10.0      24.166
2013    1        6     1   0    2.65   356.9   10.0      24.169
2013    1        6     1   9    2.65   356.9   10.0      24.172
2013    1        6     1  18    2.65   356.8   10.0      24.175
2013    1        6     1  27    2.65   356.8   10.0      24.178
2013    1        6     1  37    2.65   356.8   10.0      24.180
2013    1        6     1  46    2.65   356.8   10.0      24.182
2013    1        6     1  55    2.66   356.8   10.0      24.184
2013    1        6     2   4    2.66   356.8   10.0      24.185
2013    1        6     2  14    2.66   356.8   10.0      24.186
2013    1        6     2  23    2.66   356.8   10.0      24.186
2013    1        6     2  32    2.66   356.8   10.0      24.186
2013    1        6     2  41    2.66   356.8   10.0      24.186
2013    1        6     2  51    2.66   356.8   10.0      24.186
2013    1        6     3   0    2.66   356.8   10.0      24.185
2013    1        6     3   9    2.66   356.8   10.0      24.185
2013    1        6     3  18    2.66   356.7   10.0      24.184
2013    1        6     3  28    2.66   356.7   10.0      24.183
2013    1        6     3  37    2.66   356.7   10.0      24.181
2013    1        6     3  46    2.66   356.7   10.0      24.180
2013    1        6     3  55    2.66   356.7   10.0      24.179
2013    1        6     4   5    2.66   356.7   10.0      24.177
2013    1        6     4  14    2.67   356.7   10.0      24.176
2013    1        6     4  23    2.67   356.7   10.0      24.175
2013    1        6     4  32    2.67   356.7   10.0      24.173
2013    1        6     4  42    2.67   356.6   10.0      24.172
2013    1        6     4  51    2.67   356.6   10.0      24.170
2013    1        6     5   0    2.67   356.6   10.0      24.169
2013    1        6     5   9    2.67   356.6   10.0      24.167
2013    1        6     5  18    2.67   356.6   10.0      24.166
2013    1        6     5  28    2.67   356.6   10.0      24.165
2013    1        6     5  37    2.67   356.6   10.0      24.164
2013    1        6     5  46    2.67   356.5   10.0      24.163
2013    1        6     5  55    2.68   356.5   10.0      24.163
2013    1        6     6   5    2.68   356.5   10.0      24.163
2013    1        6     6  14    2.68   356.5   10.0      24.163
2013    1        6     6  23    2.68   356.5   10.0      24.163
2013    1        6     6  32    2.68   356.5   10.0      24.164
2013    1        6     6  42    2.68   356.4   10.0      24.166
2013    1        6     6  51    2.68   356.4   10.0      24.168
2013    1        6     7   0    2.68   356.4   10.0      24.172
2013    1        6     7   9    2.69   356.4   10.0      24.175
2013    1        6     7  19    2.69   356.4   10.0      24.180
2013    1        6     7  28    2.69   356.4   10.0      24.185
2013    1        6     7  37    2.69   356.4   10.0      24.190
2013    1        6     7  46    2.69   356.4   10.0      24.194
2013    1        6     7  55    2.69   356.4   10.0      24.199
2013    1        6     8   5    2.70   356.4   10.1      24.203
2013    1        6     8  14    2.70   356.4   10.1      24.208
2013    1        6     8  23    2.70   356.4   10.1      24.212
2013    1        6     8  32    2.70   356.4   10.1      24.217
2013    1        6     8  42    2.70   356.4   10.1      24.221
2013    1        6     8  51    2.71   356.4   10.1      24.225
2013    1        6     9   0    2.71   356.4   10.1      24.228
2013    1        6     9   9    2.71   356.4   10.1      24.231
2013    1        6     9  19    2.71   356.4   10.1      24.233
2013    1        6     9  28    2.71   356.4   10.1      24.235
2013    1        6     9  37    2.71   356.3   10.1      24.237
2013    1        6     9  46    2.72   356.3   10.1      24.238
2013    1        6     9  56    2.72   356.3   10.1      24.239
2013    1        6    10   5    2.72   356.3   10.1      24.239
2013    1        6    10  14    2.72   356.3   10.1      24.240
2013    1        6    10  23    2.72   356.3   10.1      24.240
2013    1        6    10  33    2.72   356.3   10.1      24.240
2013    1        6    10  42    2.73   356.3   10.1      24.239
2013    1        6    10  51    2.73   356.3   10.1      24.239
2013    1        6    11   0    2.73   356.3   10.1      24.238
2013    1        6    11  10    2.73   356.3   10.1      24.237
2013    1        6    11  19    2.73   356.3   10.1      24.236
2013    1        6    11  28    2.73   356.3   10.1      24.236
2013    1        6    11  37    2.74   356.3   10.1      24.235
2013    1        6    11  47    2.74   356.3   10.1      24.234
2013    1        6    11  56    2.74   356.2   10.1      24.233
2013    1        6    12   5    2.74   356.2   10.1      24.233
2013    1        6    12  14    2.74   356.2   10.1      24.232
2013    1        6    12  24    2.75   356.2   10.1      24.232
2013    1        6    12  33    2.75   356.2   10.1      24.232
2013    1        6    12  42    2.75   356.2   10.1      24.233
2013    1        6    12  51    2.75   356.2   10.1      24.234
2013    1        6    13   0    2.76   356.2   10.1      24.235
2013    1        6    13  10    2.76   356.2   10.1      24.237
2013    1        6    13  19    2.76   356.1   10.1      24.240
2013    1        6    13  28    2.76   356.1   10.1      24.243
2013    1        6    13  37    2.77   356.1   10.1      24.247
2013    1        6    13  47    2.77   356.1   10.2      24.251
2013    1        6    13  56    2.77   356.1   10.2      24.257
2013    1        6    14   5    2.77   356.1   10.2      24.263
2013    1        6    14  14    2.78   356.1   10.2      24.271
2013    1        6    14  24    2.78   356.1   10.2      24.280
2013    1        6    14  33    2.78   356.1   10.2      24.289
2013    1        6    14  42    2.79   356.1   10.2      24.299
2013    1        6    14  51    2.79   356.1   10.2      24.309
2013    1        6    15   1    2.79   356.1   10.2      24.320
2013    1        6    15  10    2.80   356.1   10.2      24.331
2013    1        6    15  19    2.80   356.2   10.2      24.342
2013    1        6    15  28    2.80   356.2   10.2      24.353
2013    1        6    15  38    2.81   356.2   10.2      24.365
2013    1        6    15  47    2.81   356.2   10.2      24.377
2013    1        6    15  56    2.81   356.2   10.3      24.389
2013    1        6    16   5    2.81   356.2   10.3      24.400
2013    1        6    16  14    2.82   356.2   10.3      24.412
2013    1        6    16  24    2.82   356.2   10.3      24.424
2013    1        6    16  33    2.82   356.3   10.3      24.435
2013    1        6    16  42    2.83   356.3   10.3      24.447
2013    1        6    16  52    2.83   356.3   10.3      24.458
2013    1        6    17   1    2.83   356.3   10.3      24.469
2013    1        6    17  10    2.84   356.3   10.3      24.479
2013    1        6    17  19    2.84   356.3   10.3      24.489
2013    1        6    17  29    2.84   356.3   10.3      24.499
2013    1        6    17  38    2.85   356.4   10.3      24.509
2013    1        6    17  47    2.85   356.4   10.3      24.518
2013    1        6    17  56    2.85   356.4   10.3      24.527
2013    1        6    18   5    2.86   356.4   10.3      24.536
2013    1        6    18  15    2.86   356.4   10.3      24.544
2013    1        6    18  24    2.86   356.4   10.3      24.552
2013    1        6    18  33    2.87   356.4   10.3      24.561
2013    1        6    18  42    2.87   356.4   10.3      24.569
2013    1        6    18  52    2.87   356.5   10.4      24.577
2013    1        6    19   1    2.88   356.5   10.4      24.585
2013    1        6    19  10    2.88   356.5   10.4      24.594
2013    1        6    19  19    2.88   356.5   10.4      24.602
2013    1        6    19  29    2.89   356.5   10.4      24.611
2013    1        6    19  38    2.89   356.5   10.4      24.621
2013    1        6    19  47    2.89   356.5   10.4      24.631
2013    1        6    19  56    2.90   356.6   10.4      24.641
2013    1        6    20   6    2.90   356.6   10.4      24.652
2013    1        6    20  15    2.91   356.6   10.4      24.664
2013    1        6    20  24    2.91   356.6   10.4      24.677
2013    1        6    20  33    2.91   356.6   10.4      24.691
2013    1        6    20  42    2.92   356.7   10.4      24.708
2013    1        6    20  52    2.92   356.7   10.5      24.726
2013    1        6    21   1    2.93   356.7   10.5      24.746
2013    1        6    21  10    2.93   356.8   10.5      24.767
2013    1        6    21  19    2.94   356.8   10.5      24.789
2013    1        6    21  29    2.94   356.9   10.5      24.810
2013    1        6    21  38    2.94   356.9   10.5      24.832
2013    1        6    21  47    2.95   356.9   10.5      24.853
2013    1        6    21  56    2.95   357.0   10.5      24.875
2013    1        6    22   6    2.96   357.0   10.5      24.896
2013    1        6    22  15    2.96   357.1   10.5      24.918
2013    1        6    22  24    2.97   357.1   10.6      24.939
2013    1        6    22  33    2.97   357.2   10.6      24.961
2013    1        6    22  43    2.97   357.2   10.6      24.984
2013    1        6    22  52    2.98   357.3   10.6      25.007
2013    1        6    23   1    2.98   357.3   10.6      25.029
2013    1        6    23  10    2.99   357.3   10.6      25.052
2013    1        6    23  20    2.99   357.4   10.6      25.075
2013    1        6    23  29    2.99   357.4   10.6      25.098
2013    1        6    23  38    3.00   357.5   10.6      25.121
2013    1        6    23  47    3.00   357.6   10.6      25.144
2013    1        6    23  57    3.01   357.6   10.6      25.167
2013    1        7     0   6    3.01   357.7   10.6      25.190
2013    1        7     0  15    3.01   357.7   10.7      25.212
2013    1        7     0  24    3.02   357.8   10.7      25.235
2013    1        7     0  34    3.02   357.8   10.7      25.257
2013    1        7     0  43    3.03   357.9   10.7      25.280
2013    1        7     0  52    3.03   357.9   10.7      25.302
2013    1        7     1   1    3.03   358.0   10.7      25.324
2013    1        7     1  11    3.04   358.0   10.7      25.346
2013    1        7     1  20    3.04   358.1   10.7      25.369
2013    1        7     1  29    3.05   358.2   10.7      25.392
2013    1        7     1  38    3.05   358.2   10.7      25.414
2013    1        7     1  48    3.06   358.3   10.7      25.437
2013    1        7     1  57    3.06   358.3   10.8      25.461
2013    1        7     2   6    3.07   358.4   10.8      25.486
2013    1        7     2  15    3.07   358.5   10.8      25.513
2013    1        7     2  24    3.07   358.5   10.8      25.541
2013    1        7     2  34    3.08   358.6   10.8      25.570
2013    1        7     2  43    3.08   358.7   10.8      25.600
2013    1        7     2  52    3.09   358.8   10.8      25.630
2013    1        7     3   1    3.09   358.9   10.8      25.660
2013    1        7     3  11    3.10   358.9   10.8      25.691
2013    1        7     3  20    3.10   359.0   10.9      25.721
2013    1        7     3  29    3.11   359.1   10.9      25.753
2013    1        7     3  38    3.11   359.2   10.9      25.786
2013    1        7     3  47    3.12   359.3   10.9      25.820
2013    1        7     3  57    3.12   359.4   10.9      25.857
2013    1        7     4   6    3.13   359.5   10.9      25.896
2013    1        7     4  15    3.13   359.6   10.9      25.936
2013    1        7     4  24    3.14   359.7   10.9      25.976
2013    1        7     4  34    3.14   359.9   11.0      26.016
2013    1        7     4  43    3.15   360.0   11.0      26.055
2013    1        7     4  52    3.15   360.1   11.0      26.093
2013    1        7     5   1    3.15   360.2   11.0      26.130
2013    1        7     5  11    3.16   360.3   11.0      26.167
2013    1        7     5  20    3.16   360.4   11.0      26.202
2013    1        7     5  29    3.17   360.6   11.0      26.237
2013    1        7     5  38    3.17   360.7   11.0      26.270
2013    1        7     5  48    3.17   360.8   11.0      26.303
2013    1        7     5  57    3.18   360.9   11.0      26.336
2013    1        7     6   6    3.18   361.0   11.0      26.367
2013    1        7     6  15    3.19   361.1   11.0      26.398
2013    1        7     6  25    3.19   361.3   11.0      26.429
2013    1        7     6  34    3.19   361.4   11.0      26.458
2013    1        7     6  43    3.20   361.5   11.0      26.488
2013    1        7     6  52    3.20   361.6   11.0      26.516
2013    1        7     7   2    3.20   361.7   11.0      26.545
2013    1        7     7  11    3.21   361.8   11.0      26.573
2013    1        7     7  20    3.21   362.0   11.0      26.600
2013    1        7     7  29    3.22   362.1   11.0      26.627
2013    1        7     7  39    3.22   362.2   11.0      26.654
2013    1        7     7  48    3.22   362.3   11.0      26.680
2013    1        7     7  57    3.23   362.4   11.0      26.706
2013    1        7     8   6    3.23   362.5   11.1      26.732
2013    1        7     8  16    3.23   362.7   11.1      26.758
2013    1        7     8  25    3.24   362.8   11.1      26.784
2013    1        7     8  34    3.24   362.9   11.1      26.810
2013    1        7     8  43    3.24   363.0   11.1      26.837
2013    1        7     8  53    3.25   363.1   11.1      26.863
2013    1        7     9   2    3.25   363.2   11.1      26.890
2013    1        7     9  11    3.26   363.4   11.1      26.916
2013    1        7     9  20    3.26   363.5   11.1      26.944
2013    1        7     9  29    3.26   363.6   11.1      26.974
2013    1        7     9  39    3.27   363.7   11.1      27.004
2013    1        7     9  48    3.27   363.8   11.1      27.035
2013    1        7     9  57    3.27   364.0   11.1      27.068
2013    1        7    10   6    3.28   364.1   11.1      27.101
2013    1        7    10  16    3.28   364.2   11.1      27.134
2013    1        7    10  25    3.28   364.4   11.1      27.166
2013    1        7    10  34    3.29   364.5   11.1      27.199
2013    1        7    10  43    3.29   364.6   11.1      27.232
2013    1        7    10  53    3.29   364.8   11.1      27.267
2013    1        7    11   2    3.30   364.9   11.1      27.302
2013    1        7    11  11    3.30   365.0   11.2      27.339
2013    1        7    11  20    3.30   365.2   11.2      27.377
2013    1        7    11  29    3.31   365.3   11.2      27.415
2013    1        7    11  39    3.31   365.5   11.2      27.452
2013    1        7    11  48    3.31   365.6   11.2      27.489
2013    1        7    11  57    3.32   365.8   11.2      27.526
2013    1        7    12   6    3.32   365.9   11.2      27.562
2013    1        7    12  16    3.32   366.1   11.2      27.597
2013    1        7    12  25    3.33   366.2   11.2      27.633
2013    1        7    12  34    3.33   366.4   11.2      27.668
2013    1        7    12  43    3.33   366.5   11.2      27.704
2013    1        7    12  53    3.33   366.7   11.2      27.739
2013    1        7    13   2    3.34   366.8   11.2      27.774
2013    1        7    13  11    3.34   367.0   11.2      27.810
2013    1        7    13  20    3.34   367.1   11.2      27.848
2013    1        7    13  30    3.35   367.3   11.2      27.886
2013    1        7    13  39    3.35   367.4   11.2      27.925
2013    1        7    13  48    3.35   367.6   11.2      27.965
2013    1        7    13  57    3.36   367.8   11.2      28.004
2013    1        7    14   7    3.36   367.9   11.2      28.042
2013    1        7    14  16    3.36   368.1   11.2      28.079
2013    1        7    14  25    3.36   368.3   11.2      28.116
2013    1        7    14  34    3.37   368.4   11.2      28.152
2013    1        7    14  44    3.37   368.6   11.2      28.187
2013    1        7    14  53    3.37   368.8   11.2      28.222
2013    1        7    15   2    3.38   368.9   11.2      28.257
2013    1        7    15  11    3.38   369.1   11.2      28.292
2013    1        7    15  21    3.38   369.3   11.2      28.328
2013    1        7    15  30    3.38   369.5   11.2      28.363
2013    1        7    15  39    3.39   369.7   11.2      28.398
2013    1        7    15  48    3.39   369.8   11.2      28.432
2013    1        7    15  58    3.39   370.0   11.2      28.465
2013    1        7    16   7    3.39   370.2   11.2      28.498
2013    1        7    16  16    3.39   370.4   11.2      28.529
2013    1        7    16  25    3.40   370.5   11.2      28.560
2013    1        7    16  35    3.40   370.7   11.2      28.590
2013    1        7    16  44    3.40   370.9   11.2      28.620
2013    1        7    16  53    3.40   371.1   11.2      28.649
2013    1        7    17   2    3.40   371.2   11.2      28.677
2013    1        7    17  11    3.41   371.4   11.2      28.705
2013    1        7    17  21    3.41   371.6   11.2      28.732
2013    1        7    17  30    3.41   371.8   11.2      28.760
2013    1        7    17  39    3.41   371.9   11.2      28.786
2013    1        7    17  48    3.41   372.1   11.2      28.813
2013    1        7    17  58    3.41   372.3   11.2      28.839
2013    1        7    18   7    3.42   372.5   11.2      28.865
2013    1        7    18  16    3.42   372.6   11.1      28.891
2013    1        7    18  25    3.42   372.8   11.1      28.917
2013    1        7    18  35    3.42   373.0   11.1      28.943
2013    1        7    18  44    3.42   373.1   11.1      28.970
2013    1        7    18  53    3.42   373.3   11.1      28.996
2013    1        7    19   2    3.42   373.5   11.1      29.022
2013    1        7    19  11    3.42   373.7   11.1      29.048
2013    1        7    19  21    3.42   373.8   11.1      29.073
2013    1        7    19  30    3.43   374.0   11.1      29.098
2013    1        7    19  39    3.43   374.2   11.1      29.123
2013    1        7    19  48    3.43   374.4   11.1      29.149
2013    1        7    19  58    3.43   374.5   11.1      29.174
2013    1        7    20   7    3.43   374.7   11.1      29.199
2013    1        7    20  16    3.43   374.9   11.1      29.224
2013    1        7    20  25    3.43   375.0   11.1      29.250
2013    1        7    20  35    3.43   375.2   11.1      29.278
2013    1        7    20  44    3.43   375.4   11.1      29.306
2013    1        7    20  53    3.44   375.6   11.1      29.335
2013    1        7    21   2    3.44   375.8   11.1      29.365
2013    1        7    21  12    3.44   375.9   11.1      29.395
2013    1        7    21  21    3.44   376.1   11.0      29.424
2013    1        7    21  30    3.44   376.3   11.0      29.453
2013    1        7    21  39    3.44   376.5   11.0      29.480
2013    1        7    21  49    3.44   376.7   11.0      29.507
2013    1        7    21  58    3.44   376.9   11.0      29.533
2013    1        7    22   7    3.44   377.1   11.0      29.559
2013    1        7    22  16    3.44   377.3   11.0      29.586
2013    1        7    22  26    3.44   377.5   11.0      29.612
2013    1        7    22  35    3.44   377.7   11.0      29.639
2013    1        7    22  44    3.44   377.9   11.0      29.665
2013    1        7    22  53    3.44   378.1   11.0      29.690
2013    1        7    23   3    3.44   378.3   11.0      29.715
2013    1        7    23  12    3.44   378.5   10.9      29.738
2013    1        7    23  21    3.44   378.7   10.9      29.761
2013    1        7    23  30    3.44   378.9   10.9      29.782
2013    1        7    23  40    3.44   379.1   10.9      29.802
2013    1        7    23  49    3.44   379.3   10.9      29.821
2013    1        7    23  58    3.44   379.5   10.9      29.838
2013    1        8     0   7    3.44   379.7   10.9      29.855
2013    1        8     0  16    3.44   379.9   10.8      29.871
2013    1        8     0  26    3.44   380.1   10.8      29.886
2013    1        8     0  35    3.43   380.3   10.8      29.900
2013    1        8     0  44    3.43   380.4   10.8      29.914
2013    1        8     0  53    3.43   380.6   10.8      29.926
2013    1        8     1   3    3.43   380.8   10.8      29.938
2013    1        8     1  12    3.43   381.0   10.7      29.950
2013    1        8     1  21    3.43   381.2   10.7      29.960
2013    1        8     1  30    3.43   381.4   10.7      29.970
2013    1        8     1  40    3.42   381.6   10.7      29.979
2013    1        8     1  49    3.42   381.8   10.7      29.988
2013    1        8     1  58    3.42   382.0   10.7      29.995
2013    1        8     2   7    3.42   382.2   10.6      30.002
2013    1        8     2  16    3.42   382.4   10.6      30.008
2013    1        8     2  26    3.42   382.5   10.6      30.014
2013    1        8     2  35    3.41   382.7   10.6      30.018
2013    1        8     2  44    3.41   382.9   10.6      30.022
2013    1        8     2  53    3.41   383.1   10.5      30.026
2013    1        8     3   3    3.41   383.3   10.5      30.028
2013    1        8     3  12    3.40   383.5   10.5      30.030
2013    1        8     3  21    3.40   383.7   10.5      30.032
2013    1        8     3  30    3.40   383.9   10.5      30.034
2013    1        8     3  40    3.40   384.1   10.4      30.036
2013    1        8     3  49    3.39   384.3   10.4      30.036
2013    1        8     3  58    3.39   384.5   10.4      30.035
2013    1        8     4   7    3.39   384.6   10.4      30.033
2013    1        8     4  17    3.38   384.8   10.3      30.029
2013    1        8     4  26    3.38   385.0   10.3      30.025
2013    1        8     4  35    3.38   385.2   10.3      30.019
2013    1        8     4  44    3.37   385.3   10.3      30.013
2013    1        8     4  54    3.37   385.5   10.2      30.007
2013    1        8     5   3    3.37   385.7   10.2      30.001
2013    1        8     5  12    3.36   385.8   10.2      29.993
2013    1        8     5  21    3.36   386.0   10.2      29.986
2013    1        8     5  31    3.36   386.1   10.2      29.978
2013    1        8     5  40    3.35   386.3   10.1      29.970
2013    1        8     5  49    3.35   386.4   10.1      29.962
2013    1        8     5  58    3.35   386.6   10.1      29.955
2013    1        8     6   8    3.34   386.7   10.1      29.948
2013    1        8     6  17    3.34   386.9   10.0      29.940
2013    1        8     6  26    3.34   387.1   10.0      29.933
2013    1        8     6  35    3.33   387.2   10.0      29.924
2013    1        8     6  45    3.33   387.4   10.0      29.915
2013    1        8     6  54    3.32   387.6   10.0      29.904
2013    1        8     7   3    3.32   387.7    9.9      29.892
2013    1        8     7  12    3.32   387.9    9.9      29.879
2013    1        8     7  22    3.31   388.0    9.9      29.865
2013    1        8     7  31    3.31   388.2    9.9      29.851
2013    1        8     7  40    3.31   388.4    9.8      29.835
2013    1        8     7  49    3.30   388.5    9.8      29.819
2013    1        8     7  58    3.30   388.7    9.8      29.802
2013    1        8     8   8    3.29   388.8    9.8      29.784
2013    1        8     8  17    3.29   389.0    9.7      29.766
2013    1        8     8  26    3.28   389.1    9.7      29.747
2013    1        8     8  35    3.28   389.2    9.7      29.727
2013    1        8     8  45    3.27   389.4    9.7      29.707
2013    1        8     8  54    3.27   389.5    9.6      29.687
2013    1        8     9   3    3.27   389.6    9.6      29.666
2013    1        8     9  12    3.26   389.8    9.6      29.645
2013    1        8     9  22    3.26   389.9    9.6      29.623
2013    1        8     9  31    3.25   390.1    9.5      29.601
2013    1        8     9  40    3.25   390.2    9.5      29.579
2013    1        8     9  49    3.24   390.3    9.5      29.556
2013    1        8     9  58    3.24   390.4    9.5      29.532
2013    1        8    10   8    3.23   390.6    9.5      29.508
2013    1        8    10  17    3.23   390.7    9.4      29.484
2013    1        8    10  26    3.22   390.8    9.4      29.459
2013    1        8    10  35    3.22   391.0    9.4      29.434
2013    1        8    10  45    3.21   391.1    9.4      29.410
2013    1        8    10  54    3.21   391.2    9.3      29.386
2013    1        8    11   3    3.21   391.3    9.3      29.362
2013    1        8    11  12    3.20   391.5    9.3      29.336
2013    1        8    11  22    3.20   391.6    9.3      29.310
2013    1        8    11  31    3.19   391.7    9.3      29.283
2013    1        8    11  40    3.19   391.8    9.2      29.255
2013    1        8    11  49    3.18   391.9    9.2      29.228
2013    1        8    11  59    3.18   392.0    9.2      29.200
2013    1        8    12   8    3.17   392.0    9.2      29.174
2013    1        8    12  17    3.17   392.1    9.2      29.148
2013    1        8    12  26    3.16   392.2    9.1      29.122
2013    1        8    12  36    3.16   392.2    9.1      29.097
2013    1        8    12  45    3.15   392.3    9.1      29.073
2013    1        8    12  54    3.15   392.4    9.1      29.050
2013    1        8    13   3    3.14   392.4    9.1      29.028
2013    1        8    13  13    3.14   392.5    9.1      29.008
2013    1        8    13  22    3.14   392.5    9.0      28.988
2013    1        8    13  31    3.13   392.6    9.0      28.969
2013    1        8    13  40    3.13   392.7    9.0      28.950
2013    1        8    13  50    3.12   392.8    9.0      28.931
2013    1        8    13  59    3.12   392.9    9.0      28.911
2013    1        8    14   8    3.12   392.9    9.0      28.891
2013    1        8    14  17    3.11   393.0    8.9      28.869
2013    1        8    14  27    3.11   393.1    8.9      28.846
2013    1        8    14  36    3.10   393.2    8.9      28.823
2013    1        8    14  45    3.10   393.2    8.9      28.800
2013    1        8    14  54    3.10   393.3    8.9      28.775
2013    1        8    15   4    3.09   393.4    8.9      28.750
2013    1        8    15  13    3.09   393.5    8.8      28.725
2013    1        8    15  22    3.08   393.5    8.8      28.699
2013    1        8    15  31    3.08   393.6    8.8      28.673
2013    1        8    15  40    3.08   393.7    8.8      28.647
2013    1        8    15  50    3.07   393.7    8.8      28.620
2013    1        8    15  59    3.07   393.8    8.8      28.593
2013    1        8    16   8    3.06   393.8    8.7      28.567
2013    1        8    16  17    3.06   393.9    8.7      28.540
2013    1        8    16  27    3.06   394.0    8.7      28.513
2013    1        8    16  36    3.05   394.0    8.7      28.487
2013    1        8    16  45    3.05   394.1    8.7      28.460
2013    1        8    16  54    3.04   394.1    8.7      28.434
2013    1        8    17   3    3.04   394.2    8.6      28.407
2013    1        8    17  13    3.04   394.3    8.6      28.381
2013    1        8    17  22    3.03   394.3    8.6      28.354
2013    1        8    17  31    3.03   394.4    8.6      28.327
2013    1        8    17  40    3.03   394.4    8.6      28.300
2013    1        8    17  50    3.02   394.5    8.6      28.274
2013    1        8    17  59    3.02   394.5    8.6      28.247
2013    1        8    18   8    3.01   394.5    8.5      28.220
2013    1        8    18  17    3.01   394.6    8.5      28.194
2013    1        8    18  27    3.01   394.6    8.5      28.168
2013    1        8    18  36    3.00   394.6    8.5      28.142
2013    1        8    18  45    3.00   394.7    8.5      28.116
2013    1        8    18  54    3.00   394.7    8.5      28.091
2013    1        8    19   4    2.99   394.7    8.5      28.067
2013    1        8    19  13    2.99   394.8    8.5      28.043
2013    1        8    19  22    2.99   394.8    8.5      28.021
2013    1        8    19  31    2.99   394.8    8.4      27.999
2013    1        8    19  41    2.98   394.8    8.4      27.977
2013    1        8    19  50    2.98   394.8    8.4      27.957
2013    1        8    19  59    2.98   394.8    8.4      27.938
2013    1        8    20   8    2.97   394.9    8.4      27.920
2013    1        8    20  18    2.97   394.9    8.4      27.903
2013    1        8    20  27    2.97   394.9    8.4      27.886
2013    1        8    20  36    2.96   394.9    8.4      27.870
2013    1        8    20  45    2.96   394.9    8.4      27.854
2013    1        8    20  55    2.96   394.9    8.4      27.838
2013    1        8    21   4    2.96   395.0    8.4      27.823
2013    1        8    21  13    2.95   395.0    8.4      27.807
2013    1        8    21  22    2.95   395.0    8.3      27.790
2013    1        8    21  32    2.95   395.0    8.3      27.774
2013    1        8    21  41    2.95   395.0    8.3      27.758
2013    1        8    21  50    2.94   395.0    8.3      27.741
2013    1        8    21  59    2.94   395.1    8.3      27.725
2013    1        8    22   9    2.94   395.1    8.3      27.708
2013    1        8    22  18    2.94   395.1    8.3      27.691
2013    1        8    22  27    2.93   395.1    8.3      27.675
2013    1        8    22  36    2.93   395.1    8.3      27.658
2013    1        8    22  45    2.93   395.1    8.3      27.641
2013    1        8    22  55    2.93   395.1    8.3      27.624
2013    1        8    23   4    2.93   395.1    8.3      27.607
2013    1        8    23  13    2.92   395.1    8.3      27.590
2013    1        8    23  22    2.92   395.1    8.2      27.574
2013    1        8    23  32    2.92   395.2    8.2      27.557
2013    1        8    23  41    2.92   395.2    8.2      27.539
2013    1        8    23  50    2.92   395.2    8.2      27.522
2013    1        8    23  59    2.91   395.2    8.2      27.505
2013    1        9     0   9    2.91   395.2    8.2      27.488
2013    1        9     0  18    2.91   395.2    8.2      27.470
2013    1        9     0  27    2.91   395.2    8.2      27.453
2013    1        9     0  36    2.90   395.2    8.2      27.435
2013    1        9     0  45    2.90   395.2    8.2      27.418
2013    1        9     0  55    2.90   395.2    8.2      27.400
2013    1        9     1   4    2.90   395.2    8.2      27.382
2013    1        9     1  13    2.90   395.2    8.2      27.365
2013    1        9     1  22    2.89   395.2    8.2      27.347
2013    1        9     1  32    2.89   395.2    8.1      27.329
2013    1        9     1  41    2.89   395.2    8.1      27.310
2013    1        9     1  50    2.89   395.2    8.1      27.292
2013    1        9     1  59    2.89   395.2    8.1      27.274
2013    1        9     2   9    2.89   395.2    8.1      27.256
2013    1        9     2  18    2.88   395.2    8.1      27.238
2013    1        9     2  27    2.88   395.2    8.1      27.220
2013    1        9     2  36    2.88   395.2    8.1      27.201
2013    1        9     2  46    2.88   395.2    8.1      27.183
2013    1        9     2  55    2.88   395.2    8.1      27.165
2013    1        9     3   4    2.87   395.2    8.1      27.147
2013    1        9     3  13    2.87   395.2    8.1      27.129
2013    1        9     3  23    2.87   395.2    8.1      27.111
2013    1        9     3  32    2.87   395.2    8.1      27.094
2013    1        9     3  41    2.87   395.2    8.0      27.076
2013    1        9     3  50    2.87   395.2    8.0      27.059
2013    1        9     4   0    2.86   395.2    8.0      27.042
2013    1        9     4   9    2.86   395.2    8.0      27.025
2013    1        9     4  18    2.86   395.2    8.0      27.008
2013    1        9     4  27    2.86   395.2    8.0      26.992
2013    1        9     4  37    2.86   395.2    8.0      26.976
2013    1        9     4  46    2.86   395.2    8.0      26.960
2013    1        9     4  55    2.85   395.2    8.0      26.944
2013    1        9     5   4    2.85   395.2    8.0      26.928
2013    1        9     5  14    2.85   395.1    8.0      26.913
2013    1        9     5  23    2.85   395.1    8.0      26.898
2013    1        9     5  32    2.85   395.1    8.0      26.883
2013    1        9     5  41    2.85   395.1    8.0      26.868
2013    1        9     5  51    2.85   395.1    8.0      26.854
2013    1        9     6   0    2.84   395.1    8.0      26.840
2013    1        9     6   9    2.84   395.1    8.0      26.826
2013    1        9     6  18    2.84   395.0    8.0      26.812
2013    1        9     6  27    2.84   395.0    8.0      26.798
2013    1        9     6  37    2.84   395.0    8.0      26.785
2013    1        9     6  46    2.84   395.0    7.9      26.771
2013    1        9     6  55    2.84   395.0    7.9      26.758
2013    1        9     7   4    2.84   395.0    7.9      26.745
2013    1        9     7  14    2.83   394.9    7.9      26.731
2013    1        9     7  23    2.83   394.9    7.9      26.718
2013    1        9     7  32    2.83   394.9    7.9      26.705
2013    1        9     7  41    2.83   394.9    7.9      26.692
2013    1        9     7  50    2.83   394.9    7.9      26.680
2013    1        9     8   0    2.83   394.8    7.9      26.667
2013    1        9     8   9    2.83   394.8    7.9      26.654
2013    1        9     8  18    2.83   394.8    7.9      26.641
2013    1        9     8  27    2.83   394.8    7.9      26.629
2013    1        9     8  37    2.82   394.7    7.9      26.616
2013    1        9     8  46    2.82   394.7    7.9      26.604
2013    1        9     8  55    2.82   394.7    7.9      26.591
2013    1        9     9   4    2.82   394.7    7.9      26.579
2013    1        9     9  14    2.82   394.7    7.9      26.567
2013    1        9     9  23    2.82   394.6    7.9      26.554
2013    1        9     9  32    2.82   394.6    7.9      26.542
2013    1        9     9  41    2.82   394.6    7.9      26.530
2013    1        9     9  51    2.82   394.6    7.9      26.518
2013    1        9    10   0    2.81   394.5    7.9      26.506
2013    1        9    10   9    2.81   394.5    7.9      26.494
2013    1        9    10  18    2.81   394.5    7.9      26.482
2013    1        9    10  28    2.81   394.5    7.9      26.471
2013    1        9    10  37    2.81   394.4    7.9      26.459
2013    1        9    10  46    2.81   394.4    7.9      26.447
2013    1        9    10  55    2.81   394.4    7.9      26.436
2013    1        9    11   5    2.81   394.4    7.9      26.425
2013    1        9    11  14    2.81   394.3    7.9      26.414
2013    1        9    11  23    2.81   394.3    7.9      26.403
2013    1        9    11  32    2.80   394.3    7.9      26.392
2013    1        9    11  42    2.80   394.3    7.8      26.381
2013    1        9    11  51    2.80   394.2    7.8      26.371
2013    1        9    12   0    2.80   394.2    7.8      26.360
2013    1        9    12   9    2.80   394.2    7.8      26.350
2013    1        9    12  19    2.80   394.2    7.8      26.340
2013    1        9    12  28    2.80   394.1    7.8      26.330
2013    1        9    12  37    2.80   394.1    7.8      26.320
2013    1        9    12  46    2.80   394.1    7.8      26.310
2013    1        9    12  56    2.80   394.1    7.8      26.300
2013    1        9    13   5    2.80   394.0    7.8      26.291
2013    1        9    13  14    2.80   394.0    7.8      26.281
2013    1        9    13  23    2.80   394.0    7.8      26.272
2013    1        9    13  32    2.79   394.0    7.8      26.263
2013    1        9    13  42    2.79   393.9    7.8      26.253
2013    1        9    13  51    2.79   393.9    7.8      26.244
2013    1        9    14   0    2.79   393.9    7.8      26.235
2013    1        9    14   9    2.79   393.8    7.8      26.226
2013    1        9    14  19    2.79   393.8    7.8      26.217
2013    1        9    14  28    2.79   393.8    7.8      26.209
2013    1        9    14  37    2.79   393.8    7.8      26.200
2013    1        9    14  46    2.79   393.7    7.8      26.191
2013    1        9    14  56    2.79   393.7    7.8      26.182
2013    1        9    15   5    2.79   393.7    7.8      26.173
2013    1        9    15  14    2.79   393.6    7.8      26.165
2013    1        9    15  23    2.79   393.6    7.8      26.156
2013    1        9    15  32    2.79   393.6    7.8      26.147
2013    1        9    15  42    2.79   393.5    7.8      26.139
2013    1        9    15  51    2.79   393.5    7.8      26.130
2013    1        9    16   0    2.78   393.5    7.8      26.121
2013    1        9    16   9    2.78   393.4    7.8      26.113
2013    1        9    16  19    2.78   393.4    7.8      26.104
2013    1        9    16  28    2.78   393.4    7.8      26.096
2013    1        9    16  37    2.78   393.3    7.8      26.087
2013    1        9    16  46    2.78   393.3    7.8      26.078
2013    1        9    16  56    2.78   393.3    7.8      26.070
2013    1        9    17   5    2.78   393.2    7.8      26.062
2013    1        9    17  14    2.78   393.2    7.8      26.053
2013    1        9    17  23    2.78   393.2    7.8      26.045
2013    1        9    17  33    2.78   393.1    7.8      26.037
2013    1        9    17  42    2.78   393.1    7.8      26.028
2013    1        9    17  51    2.78   393.1    7.8      26.020
2013    1        9    18   0    2.78   393.0    7.8      26.012
2013    1        9    18  10    2.78   393.0    7.8      26.004
2013    1        9    18  19    2.78   393.0    7.8      25.997
2013    1        9    18  28    2.77   392.9    7.8      25.989
2013    1        9    18  37    2.77   392.9    7.8      25.981
2013    1        9    18  47    2.77   392.9    7.8      25.974
2013    1        9    18  56    2.77   392.8    7.8      25.966
2013    1        9    19   5    2.77   392.8    7.8      25.959
2013    1        9    19  14    2.77   392.8    7.8      25.951
2013    1        9    19  24    2.77   392.7    7.8      25.944
2013    1        9    19  33    2.77   392.7    7.8      25.937
2013    1        9    19  42    2.77   392.7    7.8      25.930
2013    1        9    19  51    2.77   392.6    7.8      25.923
2013    1        9    20   1    2.77   392.6    7.8      25.916
2013    1        9    20  10    2.77   392.6    7.8      25.909
2013    1        9    20  19    2.77   392.5    7.8      25.902
2013    1        9    20  28    2.77   392.5    7.8      25.895
2013    1        9    20  37    2.77   392.5    7.8      25.888
2013    1        9    20  47    2.77   392.4    7.8      25.882
2013    1        9    20  56    2.77   392.4    7.8      25.875
2013    1        9    21   5    2.77   392.3    7.8      25.868
2013    1        9    21  14    2.77   392.3    7.8      25.861
2013    1        9    21  24    2.77   392.3    7.8      25.855
2013    1        9    21  33    2.76   392.2    7.8      25.848
2013    1        9    21  42    2.76   392.2    7.8      25.841
2013    1        9    21  51    2.76   392.2    7.8      25.835
2013    1        9    22   1    2.76   392.1    7.8      25.828
2013    1        9    22  10    2.76   392.1    7.8      25.822
2013    1        9    22  19    2.76   392.1    7.8      25.815
2013    1        9    22  28    2.76   392.0    7.8      25.808
2013    1        9    22  38    2.76   392.0    7.8      25.802
2013    1        9    22  47    2.76   392.0    7.8      25.795
2013    1        9    22  56    2.76   391.9    7.8      25.788
2013    1        9    23   5    2.76   391.9    7.8      25.782
2013    1        9    23  14    2.76   391.9    7.8      25.775
2013    1        9    23  24    2.76   391.8    7.8      25.768
2013    1        9    23  33    2.76   391.8    7.8      25.761
2013    1        9    23  42    2.76   391.7    7.8      25.754
2013    1        9    23  51    2.76   391.7    7.8      25.747
2013    1       10     0   1    2.76   391.7    7.8      25.740
2013    1       10     0  10    2.76   391.6    7.8      25.733
2013    1       10     0  19    2.76   391.6    7.8      25.726
2013    1       10     0  28    2.76   391.6    7.8      25.718
2013    1       10     0  38    2.75   391.5    7.8      25.711
2013    1       10     0  47    2.75   391.5    7.8      25.703
2013    1       10     0  56    2.75   391.4    7.8      25.696
2013    1       10     1   5    2.75   391.4    7.8      25.688
2013    1       10     1  15    2.75   391.4    7.8      25.681
2013    1       10     1  24    2.75   391.3    7.8      25.673
2013    1       10     1  33    2.75   391.3    7.8      25.665
2013    1       10     1  42    2.75   391.2    7.8      25.658
2013    1       10     1  52    2.75   391.2    7.8      25.650
2013    1       10     2   1    2.75   391.1    7.8      25.642
2013    1       10     2  10    2.75   391.1    7.8      25.634
2013    1       10     2  19    2.75   391.1    7.8      25.627
2013    1       10     2  29    2.75   391.0    7.8      25.619
2013    1       10     2  38    2.75   391.0    7.8      25.612
2013    1       10     2  47    2.75   390.9    7.8      25.604
2013    1       10     2  56    2.75   390.9    7.8      25.597
2013    1       10     3   6    2.75   390.8    7.8      25.589
2013    1       10     3  15    2.75   390.8    7.8      25.582
2013    1       10     3  24    2.75   390.7    7.8      25.574
2013    1       10     3  33    2.74   390.7    7.8      25.567
2013    1       10     3  43    2.74   390.7    7.8      25.560
2013    1       10     3  52    2.74   390.6    7.8      25.553
2013    1       10     4   1    2.74   390.6    7.8      25.546
2013    1       10     4  10    2.74   390.5    7.8      25.539
2013    1       10     4  19    2.74   390.5    7.8      25.531
2013    1       10     4  29    2.74   390.4    7.8      25.524
2013    1       10     4  38    2.74   390.4    7.8      25.517
2013    1       10     4  47    2.74   390.4    7.8      25.510
2013    1       10     4  56    2.74   390.3    7.8      25.503
2013    1       10     5   6    2.74   390.3    7.8      25.496
2013    1       10     5  15    2.74   390.2    7.8      25.489
2013    1       10     5  24    2.74   390.2    7.8      25.481
2013    1       10     5  33    2.74   390.1    7.8      25.474
2013    1       10     5  43    2.74   390.1    7.8      25.467
2013    1       10     5  52    2.74   390.1    7.8      25.460
2013    1       10     6   1    2.74   390.0    7.8      25.452
2013    1       10     6  10    2.74   390.0    7.8      25.445
2013    1       10     6  19    2.73   389.9    7.8      25.437
2013    1       10     6  29    2.73   389.9    7.8      25.429
2013    1       10     6  38    2.73   389.8    7.8      25.422
2013    1       10     6  47    2.73   389.8    7.8      25.414
2013    1       10     6  56    2.73   389.7    7.8      25.406
2013    1       10     7   6    2.73   389.7    7.8      25.398
2013    1       10     7  15    2.73   389.6    7.8      25.389
2013    1       10     7  24    2.73   389.6    7.8      25.381
2013    1       10     7  33    2.73   389.6    7.8      25.372
2013    1       10     7  43    2.73   389.5    7.8      25.364
2013    1       10     7  52    2.73   389.5    7.8      25.355
2013    1       10     8   1    2.73   389.4    7.8      25.346
2013    1       10     8  10    2.73   389.4    7.8      25.337
2013    1       10     8  20    2.73   389.3    7.8      25.328
2013    1       10     8  29    2.73   389.3    7.8      25.319
2013    1       10     8  38    2.72   389.2    7.8      25.309
2013    1       10     8  47    2.72   389.2    7.8      25.300
2013    1       10     8  57    2.72   389.1    7.8      25.290
2013    1       10     9   6    2.72   389.0    7.8      25.281
2013    1       10     9  15    2.72   389.0    7.8      25.271
2013    1       10     9  24    2.72   388.9    7.8      25.262
2013    1       10     9  34    2.72   388.9    7.8      25.252
2013    1       10     9  43    2.72   388.8    7.8      25.242
2013    1       10     9  52    2.72   388.8    7.8      25.233
2013    1       10    10   1    2.72   388.7    7.8      25.223
2013    1       10    10  11    2.72   388.7    7.8      25.214
2013    1       10    10  20    2.72   388.6    7.8      25.204
2013    1       10    10  29    2.72   388.5    7.8      25.195
2013    1       10    10  38    2.71   388.5    7.8      25.185
2013    1       10    10  48    2.71   388.4    7.8      25.176
2013    1       10    10  57    2.71   388.4    7.8      25.167
2013    1       10    11   6    2.71   388.3    7.8      25.157
2013    1       10    11  15    2.71   388.2    7.8      25.148
2013    1       10    11  24    2.71   388.2    7.8      25.139
2013    1       10    11  34    2.71   388.1    7.8      25.129
2013    1       10    11  43    2.71   388.1    7.8      25.120
2013    1       10    11  52    2.71   388.0    7.8      25.111
2013    1       10    12   1    2.71   387.9    7.8      25.102
2013    1       10    12  11    2.71   387.9    7.8      25.092
2013    1       10    12  20    2.71   387.8    7.8      25.083
2013    1       10    12  29    2.70   387.8    7.8      25.074
2013    1       10    12  38    2.70   387.7    7.7      25.065
2013    1       10    12  48    2.70   387.6    7.7      25.055
2013    1       10    12  57    2.70   387.6    7.7      25.046
2013    1       10    13   6    2.70   387.5    7.7      25.037
2013    1       10    13  15    2.70   387.4    7.7      25.028
2013    1       10    13  25    2.70   387.4    7.7      25.018
2013    1       10    13  34    2.70   387.3    7.7      25.009
2013    1       10    13  43    2.70   387.2    7.7      25.000
2013    1       10    13  52    2.70   387.2    7.7      24.991
2013    1       10    14   1    2.70   387.1    7.7      24.981
2013    1       10    14  11    2.70   387.1    7.7      24.972
2013    1       10    14  20    2.69   387.0    7.7      24.963
2013    1       10    14  29    2.69   386.9    7.7      24.953
2013    1       10    14  38    2.69   386.9    7.7      24.944
2013    1       10    14  48    2.69   386.8    7.7      24.934
2013    1       10    14  57    2.69   386.7    7.7      24.925
2013    1       10    15   6    2.69   386.7    7.7      24.915
2013    1       10    15  15    2.69   386.6    7.7      24.905
2013    1       10    15  25    2.69   386.5    7.7      24.895
2013    1       10    15  34    2.69   386.5    7.7      24.884
2013    1       10    15  43    2.69   386.4    7.7      24.874
2013    1       10    15  52    2.69   386.3    7.7      24.863
2013    1       10    16   2    2.68   386.3    7.7      24.852
2013    1       10    16  11    2.68   386.2    7.7      24.841
2013    1       10    16  20    2.68   386.1    7.7      24.830
2013    1       10    16  29    2.68   386.1    7.7      24.818
2013    1       10    16  39    2.68   386.0    7.7      24.806
2013    1       10    16  48    2.68   385.9    7.7      24.794
2013    1       10    16  57    2.68   385.8    7.7      24.782
2013    1       10    17   6    2.68   385.8    7.7      24.770
2013    1       10    17  16    2.68   385.7    7.7      24.758
2013    1       10    17  25    2.67   385.6    7.7      24.745
2013    1       10    17  34    2.67   385.5    7.7      24.732
2013    1       10    17  43    2.67   385.4    7.7      24.719
2013    1       10    17  53    2.67   385.4    7.7      24.706
2013    1       10    18   2    2.67   385.3    7.7      24.693
2013    1       10    18  11    2.67   385.2    7.7      24.679
2013    1       10    18  20    2.67   385.1    7.7      24.666
2013    1       10    18  30    2.67   385.0    7.7      24.652
2013    1       10    18  39    2.67   384.9    7.7      24.639
2013    1       10    18  48    2.66   384.9    7.7      24.625
2013    1       10    18  57    2.66   384.8    7.7      24.611
2013    1       10    19   6    2.66   384.7    7.7      24.598
2013    1       10    19  16    2.66   384.6    7.7      24.584
2013    1       10    19  25    2.66   384.5    7.7      24.571
2013    1       10    19  34    2.66   384.4    7.7      24.557
2013    1       10    19  43    2.66   384.3    7.7      24.544
2013    1       10    19  53    2.66   384.3    7.7      24.531
2013    1       10    20   2    2.65   384.2    7.7      24.518
2013    1       10    20  11    2.65   384.1    7.7      24.505
2013    1       10    20  20    2.65   384.0    7.7      24.492
2013    1       10    20  30    2.65   383.9    7.7      24.480
2013    1       10    20  39    2.65   383.8    7.7      24.468
2013    1       10    20  48    2.65   383.7    7.7      24.456
2013    1       10    20  57    2.65   383.6    7.7      24.444
2013    1       10    21   6    2.65   383.5    7.7      24.432
2013    1       10    21  16    2.65   383.4    7.7      24.421
2013    1       10    21  25    2.65   383.4    7.7      24.410
2013    1       10    21  34    2.64   383.3    7.7      24.399
2013    1       10    21  43    2.64   383.2    7.7      24.388
2013    1       10    21  53    2.64   383.1    7.7      24.377
2013    1       10    22   2    2.64   383.0    7.7      24.366
2013    1       10    22  11    2.64   382.9    7.7      24.356
2013    1       10    22  20    2.64   382.8    7.8      24.345
2013    1       10    22  30    2.64   382.7    7.8      24.334
2013    1       10    22  39    2.64   382.6    7.8      24.323
2013    1       10    22  48    2.64   382.6    7.8      24.312
2013    1       10    22  57    2.63   382.5    7.8      24.301
2013    1       10    23   7    2.63   382.4    7.8      24.290
2013    1       10    23  16    2.63   382.3    7.8      24.279
2013    1       10    23  25    2.63   382.2    7.8      24.267
2013    1       10    23  34    2.63   382.1    7.8      24.255
2013    1       10    23  44    2.63   382.0    7.8      24.243
2013    1       10    23  53    2.63   381.9    7.8      24.231
2013    1       11     0   2    2.63   381.8    7.8      24.219
