year    month   day   hour  minute  B_enl V_enl   n_enl       T_enl
[year] [month] [day] [hour][minute] [nT]  [km/s]  [cm-3]      [kK]
2012   12        4     0   0    2.22   433.3    6.3      30.077
2012   12        4     0   9    2.21   433.3    6.3      29.991
2012   12        4     0  19    2.20   433.3    6.2      29.907
2012   12        4     0  28    2.19   433.3    6.2      29.824
2012   12        4     0  37    2.18   433.3    6.2      29.742
2012   12        4     0  47    2.18   433.2    6.2      29.661
2012   12        4     0  56    2.17   433.2    6.1      29.581
2012   12        4     1   6    2.16   433.2    6.1      29.501
2012   12        4     1  15    2.15   433.2    6.1      29.422
2012   12        4     1  24    2.14   433.1    6.1      29.343
2012   12        4     1  33    2.13   433.1    6.1      29.265
2012   12        4     1  43    2.13   433.0    6.0      29.185
2012   12        4     1  52    2.12   433.0    6.0      29.106
2012   12        4     2   2    2.11   432.9    6.0      29.027
2012   12        4     2  11    2.10   432.8    6.0      28.948
2012   12        4     2  21    2.10   432.8    6.0      28.868
2012   12        4     2  30    2.09   432.7    5.9      28.789
2012   12        4     2  40    2.08   432.6    5.9      28.710
2012   12        4     2  49    2.08   432.5    5.9      28.632
2012   12        4     2  59    2.07   432.5    5.9      28.554
2012   12        4     3   8    2.06   432.4    5.9      28.477
2012   12        4     3  18    2.05   432.3    5.8      28.400
2012   12        4     3  27    2.05   432.2    5.8      28.323
2012   12        4     3  37    2.04   432.1    5.8      28.247
2012   12        4     3  47    2.03   432.1    5.8      28.172
2012   12        4     3  56    2.03   432.0    5.8      28.097
2012   12        4     4   6    2.02   431.9    5.8      28.023
2012   12        4     4  16    2.01   431.8    5.7      27.949
2012   12        4     4  25    2.01   431.7    5.7      27.875
2012   12        4     4  35    2.00   431.6    5.7      27.801
2012   12        4     4  44    1.99   431.5    5.7      27.728
2012   12        4     4  54    1.99   431.5    5.7      27.654
2012   12        4     5   3    1.98   431.4    5.7      27.581
2012   12        4     5  13    1.98   431.3    5.6      27.508
2012   12        4     5  22    1.97   431.2    5.6      27.435
2012   12        4     5  32    1.96   431.1    5.6      27.363
2012   12        4     5  41    1.96   431.0    5.6      27.291
2012   12        4     5  51    1.95   430.9    5.6      27.218
2012   12        4     6   0    1.95   430.8    5.6      27.147
2012   12        4     6  10    1.94   430.7    5.6      27.076
2012   12        4     6  19    1.93   430.6    5.5      27.005
2012   12        4     6  29    1.93   430.4    5.5      26.935
2012   12        4     6  38    1.92   430.3    5.5      26.865
2012   12        4     6  48    1.92   430.2    5.5      26.795
2012   12        4     6  57    1.91   430.1    5.5      26.727
2012   12        4     7   7    1.91   430.0    5.5      26.658
2012   12        4     7  16    1.90   429.9    5.5      26.591
2012   12        4     7  25    1.90   429.8    5.4      26.523
2012   12        4     7  35    1.89   429.6    5.4      26.457
2012   12        4     7  44    1.89   429.5    5.4      26.391
2012   12        4     7  53    1.88   429.4    5.4      26.326
2012   12        4     8   3    1.88   429.2    5.4      26.261
2012   12        4     8  12    1.87   429.1    5.4      26.197
2012   12        4     8  22    1.87   428.9    5.4      26.133
2012   12        4     8  31    1.86   428.8    5.4      26.069
2012   12        4     8  40    1.86   428.6    5.3      26.005
2012   12        4     8  50    1.85   428.5    5.3      25.941
2012   12        4     8  59    1.85   428.3    5.3      25.877
2012   12        4     9   8    1.84   428.1    5.3      25.813
2012   12        4     9  18    1.84   427.9    5.3      25.749
2012   12        4     9  27    1.83   427.7    5.3      25.685
2012   12        4     9  37    1.83   427.5    5.3      25.621
2012   12        4     9  46    1.82   427.4    5.3      25.558
2012   12        4     9  56    1.82   427.2    5.3      25.496
2012   12        4    10   5    1.81   427.0    5.3      25.435
2012   12        4    10  15    1.81   426.8    5.3      25.373
2012   12        4    10  24    1.80   426.6    5.2      25.313
2012   12        4    10  34    1.80   426.4    5.2      25.252
2012   12        4    10  44    1.80   426.2    5.2      25.193
2012   12        4    10  53    1.79   426.0    5.2      25.133
2012   12        4    11   3    1.79   425.8    5.2      25.074
2012   12        4    11  12    1.78   425.7    5.2      25.015
2012   12        4    11  22    1.78   425.5    5.2      24.957
2012   12        4    11  32    1.77   425.3    5.2      24.898
2012   12        4    11  41    1.77   425.1    5.2      24.838
2012   12        4    11  51    1.77   424.9    5.2      24.779
2012   12        4    12   0    1.76   424.7    5.2      24.719
2012   12        4    12  10    1.76   424.5    5.2      24.659
2012   12        4    12  19    1.75   424.3    5.1      24.599
2012   12        4    12  29    1.75   424.2    5.1      24.539
2012   12        4    12  39    1.75   424.0    5.1      24.479
2012   12        4    12  48    1.74   423.8    5.1      24.418
2012   12        4    12  58    1.74   423.6    5.1      24.359
2012   12        4    13   7    1.73   423.4    5.1      24.298
2012   12        4    13  17    1.73   423.2    5.1      24.239
2012   12        4    13  26    1.73   423.0    5.1      24.179
2012   12        4    13  35    1.72   422.8    5.1      24.120
2012   12        4    13  45    1.72   422.6    5.1      24.060
2012   12        4    13  54    1.71   422.4    5.1      24.002
2012   12        4    14   4    1.71   422.2    5.1      23.943
2012   12        4    14  13    1.71   422.0    5.1      23.885
2012   12        4    14  23    1.70   421.8    5.0      23.827
2012   12        4    14  32    1.70   421.5    5.0      23.771
2012   12        4    14  41    1.70   421.3    5.0      23.714
2012   12        4    14  51    1.69   421.1    5.0      23.658
2012   12        4    15   0    1.69   420.9    5.0      23.602
2012   12        4    15  10    1.69   420.7    5.0      23.548
2012   12        4    15  19    1.68   420.5    5.0      23.493
2012   12        4    15  28    1.68   420.2    5.0      23.439
2012   12        4    15  38    1.68   420.0    5.0      23.386
2012   12        4    15  47    1.67   419.8    5.0      23.333
2012   12        4    15  56    1.67   419.6    5.0      23.281
2012   12        4    16   6    1.67   419.3    5.0      23.229
2012   12        4    16  15    1.66   419.1    5.0      23.176
2012   12        4    16  24    1.66   418.9    5.0      23.125
2012   12        4    16  34    1.66   418.6    5.0      23.072
2012   12        4    16  43    1.65   418.4    5.0      23.021
2012   12        4    16  53    1.65   418.2    5.0      22.968
2012   12        4    17   2    1.65   417.9    5.0      22.916
2012   12        4    17  12    1.64   417.7    5.0      22.864
2012   12        4    17  21    1.64   417.4    4.9      22.811
2012   12        4    17  31    1.64   417.2    4.9      22.758
2012   12        4    17  40    1.63   416.9    4.9      22.705
2012   12        4    17  50    1.63   416.7    4.9      22.651
2012   12        4    18   0    1.63   416.4    4.9      22.598
2012   12        4    18   9    1.63   416.2    4.9      22.544
2012   12        4    18  19    1.62   415.9    4.9      22.491
2012   12        4    18  29    1.62   415.6    4.9      22.437
2012   12        4    18  38    1.62   415.4    4.9      22.384
2012   12        4    18  48    1.61   415.1    4.9      22.330
2012   12        4    18  57    1.61   414.9    4.9      22.277
2012   12        4    19   7    1.61   414.6    4.9      22.223
2012   12        4    19  17    1.61   414.3    4.9      22.170
2012   12        4    19  26    1.60   414.1    4.9      22.117
2012   12        4    19  36    1.60   413.8    4.9      22.064
2012   12        4    19  45    1.60   413.5    4.9      22.011
2012   12        4    19  55    1.59   413.3    4.9      21.959
2012   12        4    20   4    1.59   413.0    4.9      21.906
2012   12        4    20  14    1.59   412.7    4.9      21.854
2012   12        4    20  23    1.59   412.5    4.9      21.802
2012   12        4    20  33    1.58   412.2    4.9      21.750
2012   12        4    20  42    1.58   411.9    4.9      21.698
2012   12        4    20  52    1.58   411.6    4.9      21.648
2012   12        4    21   1    1.58   411.4    4.8      21.597
2012   12        4    21  11    1.57   411.1    4.8      21.547
2012   12        4    21  20    1.57   410.8    4.8      21.497
2012   12        4    21  29    1.57   410.6    4.8      21.448
2012   12        4    21  39    1.57   410.3    4.8      21.398
2012   12        4    21  48    1.56   410.0    4.8      21.350
2012   12        4    21  58    1.56   409.7    4.8      21.302
2012   12        4    22   7    1.56   409.5    4.8      21.255
2012   12        4    22  16    1.56   409.2    4.8      21.208
2012   12        4    22  26    1.55   408.9    4.8      21.161
2012   12        4    22  35    1.55   408.6    4.8      21.115
2012   12        4    22  44    1.55   408.3    4.8      21.069
2012   12        4    22  54    1.55   408.1    4.8      21.023
2012   12        4    23   3    1.54   407.8    4.8      20.978
2012   12        4    23  13    1.54   407.5    4.8      20.933
2012   12        4    23  22    1.54   407.2    4.8      20.888
2012   12        4    23  31    1.54   406.9    4.8      20.843
2012   12        4    23  41    1.53   406.7    4.8      20.798
2012   12        4    23  50    1.53   406.4    4.8      20.752
2012   12        4    23  59    1.53   406.1    4.8      20.707
2012   12        5     0   9    1.53   405.8    4.8      20.661
2012   12        5     0  18    1.53   405.5    4.8      20.615
2012   12        5     0  28    1.52   405.2    4.8      20.569
2012   12        5     0  37    1.52   404.9    4.8      20.523
2012   12        5     0  47    1.52   404.6    4.8      20.476
2012   12        5     0  57    1.52   404.3    4.8      20.430
2012   12        5     1   6    1.51   404.0    4.8      20.383
2012   12        5     1  16    1.51   403.7    4.8      20.336
2012   12        5     1  26    1.51   403.4    4.8      20.289
2012   12        5     1  35    1.51   403.1    4.8      20.242
2012   12        5     1  45    1.51   402.8    4.8      20.195
2012   12        5     1  54    1.50   402.5    4.8      20.149
2012   12        5     2   4    1.50   402.2    4.8      20.102
2012   12        5     2  14    1.50   401.9    4.8      20.056
2012   12        5     2  23    1.50   401.6    4.8      20.010
2012   12        5     2  33    1.50   401.3    4.8      19.964
2012   12        5     2  42    1.49   401.0    4.8      19.917
2012   12        5     2  52    1.49   400.7    4.8      19.872
2012   12        5     3   1    1.49   400.4    4.8      19.826
2012   12        5     3  11    1.49   400.1    4.8      19.780
2012   12        5     3  20    1.49   399.8    4.8      19.735
2012   12        5     3  30    1.49   399.5    4.8      19.690
2012   12        5     3  39    1.48   399.2    4.8      19.645
2012   12        5     3  49    1.48   398.9    4.8      19.600
2012   12        5     3  58    1.48   398.6    4.8      19.556
2012   12        5     4   8    1.48   398.3    4.8      19.512
2012   12        5     4  17    1.48   397.9    4.8      19.468
2012   12        5     4  27    1.47   397.6    4.8      19.425
2012   12        5     4  36    1.47   397.3    4.8      19.381
2012   12        5     4  46    1.47   397.0    4.8      19.338
2012   12        5     4  55    1.47   396.7    4.8      19.296
2012   12        5     5   4    1.47   396.4    4.7      19.253
2012   12        5     5  14    1.46   396.1    4.7      19.211
2012   12        5     5  23    1.46   395.8    4.7      19.169
2012   12        5     5  33    1.46   395.5    4.7      19.127
2012   12        5     5  42    1.46   395.2    4.7      19.086
2012   12        5     5  51    1.46   394.9    4.7      19.044
2012   12        5     6   1    1.46   394.6    4.7      19.003
2012   12        5     6  10    1.45   394.3    4.7      18.962
2012   12        5     6  19    1.45   394.0    4.7      18.921
2012   12        5     6  29    1.45   393.6    4.7      18.880
2012   12        5     6  38    1.45   393.3    4.7      18.840
2012   12        5     6  47    1.45   393.0    4.7      18.799
2012   12        5     6  57    1.45   392.7    4.7      18.759
2012   12        5     7   6    1.44   392.4    4.7      18.718
2012   12        5     7  15    1.44   392.1    4.7      18.679
2012   12        5     7  25    1.44   391.7    4.7      18.639
2012   12        5     7  34    1.44   391.4    4.7      18.600
2012   12        5     7  43    1.44   391.1    4.7      18.560
2012   12        5     7  53    1.44   390.8    4.7      18.522
2012   12        5     8   2    1.43   390.5    4.7      18.483
2012   12        5     8  11    1.43   390.1    4.7      18.444
2012   12        5     8  21    1.43   389.8    4.7      18.406
2012   12        5     8  30    1.43   389.5    4.7      18.368
2012   12        5     8  39    1.43   389.2    4.7      18.330
2012   12        5     8  49    1.43   388.9    4.7      18.292
2012   12        5     8  58    1.43   388.5    4.7      18.254
2012   12        5     9   8    1.42   388.2    4.7      18.216
2012   12        5     9  17    1.42   387.9    4.7      18.178
2012   12        5     9  27    1.42   387.5    4.7      18.141
2012   12        5     9  36    1.42   387.2    4.7      18.103
2012   12        5     9  46    1.42   386.9    4.7      18.066
2012   12        5     9  55    1.42   386.6    4.7      18.029
2012   12        5    10   5    1.42   386.2    4.7      17.992
2012   12        5    10  14    1.41   385.9    4.7      17.955
2012   12        5    10  24    1.41   385.6    4.7      17.919
2012   12        5    10  33    1.41   385.2    4.7      17.882
2012   12        5    10  42    1.41   384.9    4.7      17.845
2012   12        5    10  52    1.41   384.6    4.7      17.808
2012   12        5    11   1    1.41   384.3    4.7      17.772
2012   12        5    11  11    1.41   383.9    4.7      17.735
2012   12        5    11  20    1.41   383.6    4.7      17.698
2012   12        5    11  30    1.40   383.3    4.7      17.661
2012   12        5    11  39    1.40   382.9    4.7      17.624
2012   12        5    11  49    1.40   382.6    4.7      17.587
2012   12        5    11  58    1.40   382.3    4.7      17.550
2012   12        5    12   7    1.40   381.9    4.7      17.513
2012   12        5    12  17    1.40   381.6    4.7      17.476
2012   12        5    12  26    1.40   381.3    4.7      17.438
2012   12        5    12  35    1.39   380.9    4.7      17.401
2012   12        5    12  45    1.39   380.6    4.7      17.364
2012   12        5    12  54    1.39   380.3    4.7      17.327
2012   12        5    13   4    1.39   379.9    4.7      17.289
2012   12        5    13  13    1.39   379.6    4.7      17.252
2012   12        5    13  22    1.39   379.3    4.7      17.215
2012   12        5    13  32    1.39   378.9    4.7      17.178
2012   12        5    13  41    1.39   378.6    4.7      17.140
2012   12        5    13  50    1.39   378.3    4.7      17.104
2012   12        5    14   0    1.38   377.9    4.7      17.067
2012   12        5    14   9    1.38   377.6    4.7      17.031
2012   12        5    14  18    1.38   377.3    4.7      16.994
2012   12        5    14  28    1.38   376.9    4.7      16.958
2012   12        5    14  37    1.38   376.6    4.7      16.922
2012   12        5    14  46    1.38   376.3    4.7      16.887
2012   12        5    14  56    1.38   375.9    4.8      16.852
2012   12        5    15   5    1.38   375.6    4.8      16.817
2012   12        5    15  14    1.37   375.3    4.8      16.782
2012   12        5    15  23    1.37   374.9    4.8      16.748
2012   12        5    15  33    1.37   374.6    4.8      16.714
2012   12        5    15  42    1.37   374.2    4.8      16.681
2012   12        5    15  52    1.37   373.9    4.8      16.647
2012   12        5    16   1    1.37   373.6    4.8      16.613
2012   12        5    16  10    1.37   373.2    4.8      16.580
2012   12        5    16  20    1.37   372.9    4.8      16.547
2012   12        5    16  29    1.37   372.5    4.8      16.514
2012   12        5    16  39    1.37   372.2    4.8      16.481
2012   12        5    16  48    1.36   371.8    4.8      16.449
2012   12        5    16  58    1.36   371.5    4.8      16.417
2012   12        5    17   7    1.36   371.1    4.8      16.385
2012   12        5    17  17    1.36   370.8    4.8      16.354
2012   12        5    17  26    1.36   370.4    4.8      16.322
2012   12        5    17  36    1.36   370.0    4.8      16.291
2012   12        5    17  45    1.36   369.7    4.8      16.260
2012   12        5    17  55    1.36   369.3    4.8      16.230
2012   12        5    18   4    1.36   369.0    4.8      16.199
2012   12        5    18  14    1.36   368.6    4.8      16.170
2012   12        5    18  23    1.36   368.3    4.8      16.140
2012   12        5    18  33    1.36   367.9    4.8      16.110
2012   12        5    18  42    1.35   367.5    4.8      16.081
2012   12        5    18  52    1.35   367.2    4.8      16.053
2012   12        5    19   1    1.35   366.8    4.8      16.024
2012   12        5    19  11    1.35   366.5    4.8      15.996
2012   12        5    19  20    1.35   366.1    4.8      15.968
2012   12        5    19  30    1.35   365.8    4.8      15.941
2012   12        5    19  39    1.35   365.4    4.8      15.914
2012   12        5    19  49    1.35   365.0    4.8      15.887
2012   12        5    19  59    1.35   364.7    4.8      15.860
2012   12        5    20   8    1.35   364.3    4.8      15.834
2012   12        5    20  18    1.35   364.0    4.8      15.808
2012   12        5    20  27    1.35   363.6    4.8      15.782
2012   12        5    20  37    1.35   363.3    4.9      15.756
2012   12        5    20  46    1.35   362.9    4.9      15.730
2012   12        5    20  56    1.35   362.5    4.9      15.705
2012   12        5    21   5    1.35   362.2    4.9      15.680
2012   12        5    21  15    1.35   361.8    4.9      15.654
2012   12        5    21  24    1.35   361.5    4.9      15.629
2012   12        5    21  34    1.35   361.1    4.9      15.604
2012   12        5    21  43    1.35   360.8    4.9      15.579
2012   12        5    21  53    1.35   360.4    4.9      15.554
2012   12        5    22   2    1.35   360.0    4.9      15.529
2012   12        5    22  12    1.35   359.7    4.9      15.504
2012   12        5    22  21    1.35   359.3    4.9      15.479
2012   12        5    22  31    1.35   359.0    4.9      15.453
2012   12        5    22  40    1.35   358.6    4.9      15.428
2012   12        5    22  50    1.34   358.2    4.9      15.403
2012   12        5    23   0    1.34   357.9    4.9      15.378
2012   12        5    23   9    1.34   357.5    4.9      15.352
2012   12        5    23  19    1.34   357.1    4.9      15.327
2012   12        5    23  28    1.34   356.8    5.0      15.302
2012   12        5    23  38    1.34   356.4    5.0      15.277
2012   12        5    23  47    1.34   356.0    5.0      15.251
2012   12        5    23  57    1.34   355.7    5.0      15.227
2012   12        6     0   6    1.34   355.3    5.0      15.202
2012   12        6     0  16    1.34   354.9    5.0      15.177
2012   12        6     0  25    1.34   354.6    5.0      15.152
2012   12        6     0  35    1.34   354.2    5.0      15.128
2012   12        6     0  44    1.34   353.8    5.0      15.104
2012   12        6     0  54    1.34   353.5    5.0      15.080
2012   12        6     1   3    1.34   353.1    5.0      15.056
2012   12        6     1  13    1.34   352.8    5.0      15.033
2012   12        6     1  22    1.34   352.4    5.0      15.009
2012   12        6     1  32    1.34   352.0    5.0      14.987
2012   12        6     1  41    1.34   351.7    5.0      14.964
2012   12        6     1  51    1.35   351.3    5.1      14.943
2012   12        6     2   0    1.35   350.9    5.1      14.921
2012   12        6     2  10    1.35   350.6    5.1      14.900
2012   12        6     2  19    1.35   350.2    5.1      14.880
2012   12        6     2  29    1.35   349.8    5.1      14.860
2012   12        6     2  38    1.35   349.5    5.1      14.840
2012   12        6     2  48    1.35   349.1    5.1      14.821
2012   12        6     2  57    1.35   348.8    5.1      14.803
2012   12        6     3   7    1.35   348.4    5.1      14.785
2012   12        6     3  16    1.35   348.1    5.1      14.767
2012   12        6     3  26    1.35   347.7    5.1      14.750
2012   12        6     3  35    1.35   347.4    5.2      14.733
2012   12        6     3  45    1.35   347.0    5.2      14.717
2012   12        6     3  54    1.35   346.7    5.2      14.701
2012   12        6     4   4    1.35   346.3    5.2      14.686
2012   12        6     4  13    1.36   346.0    5.2      14.670
2012   12        6     4  23    1.36   345.6    5.2      14.655
2012   12        6     4  32    1.36   345.3    5.2      14.641
2012   12        6     4  42    1.36   344.9    5.2      14.626
2012   12        6     4  51    1.36   344.6    5.3      14.612
2012   12        6     5   1    1.36   344.2    5.3      14.598
2012   12        6     5  10    1.36   343.9    5.3      14.585
2012   12        6     5  20    1.36   343.5    5.3      14.571
2012   12        6     5  29    1.36   343.2    5.3      14.558
2012   12        6     5  39    1.37   342.8    5.3      14.545
2012   12        6     5  49    1.37   342.5    5.3      14.532
2012   12        6     5  58    1.37   342.1    5.3      14.519
2012   12        6     6   8    1.37   341.8    5.4      14.507
2012   12        6     6  17    1.37   341.5    5.4      14.495
2012   12        6     6  27    1.37   341.1    5.4      14.482
2012   12        6     6  36    1.37   340.8    5.4      14.471
2012   12        6     6  46    1.37   340.4    5.4      14.459
2012   12        6     6  55    1.38   340.1    5.4      14.447
2012   12        6     7   5    1.38   339.8    5.4      14.436
2012   12        6     7  14    1.38   339.4    5.5      14.425
2012   12        6     7  24    1.38   339.1    5.5      14.414
2012   12        6     7  33    1.38   338.7    5.5      14.403
2012   12        6     7  43    1.38   338.4    5.5      14.392
2012   12        6     7  52    1.38   338.1    5.5      14.381
2012   12        6     8   2    1.39   337.7    5.5      14.371
2012   12        6     8  11    1.39   337.4    5.5      14.360
2012   12        6     8  21    1.39   337.1    5.6      14.350
2012   12        6     8  30    1.39   336.7    5.6      14.340
2012   12        6     8  40    1.39   336.4    5.6      14.330
2012   12        6     8  49    1.40   336.1    5.6      14.320
2012   12        6     8  59    1.40   335.8    5.6      14.310
2012   12        6     9   8    1.40   335.4    5.6      14.300
2012   12        6     9  18    1.40   335.1    5.7      14.290
2012   12        6     9  27    1.40   334.8    5.7      14.280
2012   12        6     9  37    1.40   334.4    5.7      14.271
2012   12        6     9  46    1.41   334.1    5.7      14.261
2012   12        6     9  56    1.41   333.8    5.7      14.252
2012   12        6    10   5    1.41   333.5    5.7      14.243
2012   12        6    10  15    1.41   333.2    5.8      14.233
2012   12        6    10  24    1.41   332.8    5.8      14.224
2012   12        6    10  34    1.42   332.5    5.8      14.215
2012   12        6    10  43    1.42   332.2    5.8      14.207
2012   12        6    10  53    1.42   331.9    5.8      14.198
2012   12        6    11   2    1.42   331.6    5.8      14.189
2012   12        6    11  12    1.43   331.2    5.9      14.181
2012   12        6    11  21    1.43   330.9    5.9      14.172
2012   12        6    11  31    1.43   330.6    5.9      14.164
2012   12        6    11  40    1.43   330.3    5.9      14.156
2012   12        6    11  50    1.43   330.0    5.9      14.148
2012   12        6    11  59    1.44   329.7    5.9      14.141
2012   12        6    12   9    1.44   329.4    6.0      14.133
2012   12        6    12  18    1.44   329.1    6.0      14.126
2012   12        6    12  28    1.44   328.8    6.0      14.118
2012   12        6    12  37    1.45   328.5    6.0      14.111
2012   12        6    12  47    1.45   328.1    6.0      14.104
2012   12        6    12  56    1.45   327.8    6.1      14.098
2012   12        6    13   6    1.45   327.5    6.1      14.091
2012   12        6    13  15    1.46   327.2    6.1      14.085
2012   12        6    13  25    1.46   326.9    6.1      14.079
2012   12        6    13  34    1.46   326.6    6.1      14.074
2012   12        6    13  44    1.46   326.3    6.1      14.068
2012   12        6    13  53    1.47   326.0    6.2      14.063
2012   12        6    14   3    1.47   325.7    6.2      14.058
2012   12        6    14  12    1.47   325.5    6.2      14.053
2012   12        6    14  22    1.48   325.2    6.2      14.048
2012   12        6    14  31    1.48   324.9    6.2      14.044
2012   12        6    14  41    1.48   324.6    6.3      14.040
2012   12        6    14  50    1.48   324.3    6.3      14.036
2012   12        6    15   0    1.49   324.0    6.3      14.033
2012   12        6    15   9    1.49   323.7    6.3      14.030
2012   12        6    15  19    1.49   323.4    6.4      14.026
2012   12        6    15  28    1.50   323.1    6.4      14.024
2012   12        6    15  38    1.50   322.9    6.4      14.021
2012   12        6    15  47    1.50   322.6    6.4      14.019
2012   12        6    15  57    1.50   322.3    6.4      14.017
2012   12        6    16   6    1.51   322.0    6.5      14.015
2012   12        6    16  16    1.51   321.7    6.5      14.013
2012   12        6    16  25    1.51   321.5    6.5      14.012
2012   12        6    16  35    1.52   321.2    6.5      14.010
2012   12        6    16  44    1.52   320.9    6.5      14.009
2012   12        6    16  54    1.52   320.6    6.6      14.008
2012   12        6    17   3    1.53   320.4    6.6      14.008
2012   12        6    17  13    1.53   320.1    6.6      14.007
2012   12        6    17  22    1.53   319.8    6.6      14.007
2012   12        6    17  32    1.54   319.6    6.7      14.006
2012   12        6    17  41    1.54   319.3    6.7      14.006
2012   12        6    17  51    1.54   319.0    6.7      14.006
2012   12        6    18   0    1.55   318.7    6.7      14.007
2012   12        6    18  10    1.55   318.5    6.8      14.007
2012   12        6    18  19    1.55   318.2    6.8      14.008
2012   12        6    18  29    1.56   318.0    6.8      14.008
2012   12        6    18  38    1.56   317.7    6.8      14.009
2012   12        6    18  48    1.56   317.4    6.9      14.010
2012   12        6    18  57    1.57   317.2    6.9      14.011
2012   12        6    19   7    1.57   316.9    6.9      14.013
2012   12        6    19  16    1.57   316.6    6.9      14.014
2012   12        6    19  25    1.58   316.4    7.0      14.015
2012   12        6    19  35    1.58   316.1    7.0      14.017
2012   12        6    19  44    1.59   315.9    7.0      14.019
2012   12        6    19  54    1.59   315.6    7.0      14.021
2012   12        6    20   3    1.59   315.3    7.1      14.023
2012   12        6    20  13    1.60   315.1    7.1      14.026
2012   12        6    20  22    1.60   314.8    7.1      14.028
2012   12        6    20  32    1.60   314.6    7.1      14.031
2012   12        6    20  41    1.61   314.3    7.2      14.034
2012   12        6    20  51    1.61   314.1    7.2      14.037
2012   12        6    21   0    1.62   313.8    7.2      14.040
2012   12        6    21  10    1.62   313.6    7.2      14.044
2012   12        6    21  20    1.62   313.3    7.3      14.047
2012   12        6    21  29    1.63   313.1    7.3      14.051
2012   12        6    21  39    1.63   312.8    7.3      14.055
2012   12        6    21  48    1.64   312.6    7.3      14.060
2012   12        6    21  58    1.64   312.3    7.4      14.064
2012   12        6    22   7    1.65   312.1    7.4      14.069
2012   12        6    22  16    1.65   311.8    7.4      14.074
2012   12        6    22  26    1.65   311.6    7.5      14.079
2012   12        6    22  35    1.66   311.3    7.5      14.085
2012   12        6    22  45    1.66   311.1    7.5      14.091
2012   12        6    22  54    1.67   310.9    7.5      14.097
2012   12        6    23   4    1.67   310.6    7.6      14.103
2012   12        6    23  13    1.68   310.4    7.6      14.109
2012   12        6    23  23    1.68   310.1    7.6      14.116
2012   12        6    23  32    1.69   309.9    7.7      14.123
2012   12        6    23  42    1.69   309.7    7.7      14.131
2012   12        6    23  51    1.69   309.4    7.7      14.138
2012   12        7     0   1    1.70   309.2    7.8      14.146
2012   12        7     0  10    1.70   309.0    7.8      14.155
2012   12        7     0  20    1.71   308.7    7.8      14.163
2012   12        7     0  29    1.71   308.5    7.9      14.172
2012   12        7     0  39    1.72   308.3    7.9      14.181
2012   12        7     0  48    1.72   308.0    7.9      14.190
2012   12        7     0  58    1.73   307.8    7.9      14.200
2012   12        7     1   7    1.73   307.6    8.0      14.210
2012   12        7     1  17    1.74   307.4    8.0      14.220
2012   12        7     1  26    1.75   307.1    8.0      14.231
2012   12        7     1  36    1.75   306.9    8.1      14.242
2012   12        7     1  45    1.76   306.7    8.1      14.253
2012   12        7     1  55    1.76   306.5    8.2      14.265
2012   12        7     2   4    1.77   306.3    8.2      14.276
2012   12        7     2  13    1.77   306.0    8.2      14.289
2012   12        7     2  23    1.78   305.8    8.3      14.301
2012   12        7     2  32    1.78   305.6    8.3      14.314
2012   12        7     2  42    1.79   305.4    8.3      14.327
2012   12        7     2  51    1.80   305.2    8.4      14.340
2012   12        7     3   1    1.80   305.0    8.4      14.354
2012   12        7     3  10    1.81   304.8    8.4      14.368
2012   12        7     3  20    1.81   304.6    8.5      14.382
2012   12        7     3  29    1.82   304.3    8.5      14.397
2012   12        7     3  39    1.83   304.1    8.6      14.412
2012   12        7     3  48    1.83   303.9    8.6      14.427
2012   12        7     3  58    1.84   303.7    8.6      14.443
2012   12        7     4   7    1.85   303.5    8.7      14.459
2012   12        7     4  17    1.85   303.3    8.7      14.475
2012   12        7     4  26    1.86   303.1    8.8      14.492
2012   12        7     4  36    1.87   302.9    8.8      14.510
2012   12        7     4  45    1.87   302.7    8.8      14.527
2012   12        7     4  55    1.88   302.5    8.9      14.545
2012   12        7     5   4    1.89   302.3    8.9      14.563
2012   12        7     5  14    1.90   302.1    9.0      14.582
2012   12        7     5  23    1.90   301.9    9.0      14.601
2012   12        7     5  33    1.91   301.7    9.0      14.621
2012   12        7     5  42    1.92   301.5    9.1      14.641
2012   12        7     5  52    1.93   301.3    9.1      14.662
2012   12        7     6   1    1.93   301.1    9.2      14.683
2012   12        7     6  11    1.94   301.0    9.2      14.704
2012   12        7     6  20    1.95   300.8    9.3      14.726
2012   12        7     6  30    1.96   300.6    9.3      14.749
2012   12        7     6  39    1.97   300.4    9.4      14.773
2012   12        7     6  49    1.97   300.2    9.4      14.797
2012   12        7     6  58    1.98   300.0    9.5      14.822
2012   12        7     7   8    1.99   299.8    9.5      14.847
2012   12        7     7  17    2.00   299.6    9.6      14.874
2012   12        7     7  26    2.01   299.5    9.6      14.901
2012   12        7     7  36    2.02   299.3    9.7      14.929
2012   12        7     7  45    2.03   299.1    9.7      14.958
2012   12        7     7  55    2.03   298.9    9.8      14.988
2012   12        7     8   4    2.04   298.8    9.9      15.019
2012   12        7     8  14    2.05   298.6    9.9      15.050
2012   12        7     8  23    2.06   298.4   10.0      15.083
2012   12        7     8  33    2.07   298.3   10.1      15.116
2012   12        7     8  42    2.08   298.1   10.1      15.151
2012   12        7     8  52    2.09   298.0   10.2      15.186
2012   12        7     9   1    2.10   297.8   10.3      15.223
2012   12        7     9  11    2.12   297.7   10.3      15.261
2012   12        7     9  20    2.13   297.5   10.4      15.299
2012   12        7     9  29    2.14   297.4   10.5      15.339
2012   12        7     9  39    2.15   297.2   10.5      15.380
2012   12        7     9  48    2.16   297.1   10.6      15.423
2012   12        7     9  58    2.17   297.0   10.7      15.468
2012   12        7    10   7    2.19   296.9   10.8      15.515
2012   12        7    10  17    2.20   296.8   10.9      15.564
2012   12        7    10  26    2.21   296.7   10.9      15.616
2012   12        7    10  36    2.22   296.6   11.0      15.671
2012   12        7    10  45    2.24   296.5   11.1      15.728
2012   12        7    10  55    2.25   296.5   11.2      15.788
2012   12        7    11   4    2.26   296.4   11.3      15.849
2012   12        7    11  14    2.27   296.3   11.3      15.912
2012   12        7    11  23    2.29   296.2   11.4      15.977
2012   12        7    11  33    2.30   296.2   11.5      16.044
2012   12        7    11  42    2.31   296.1   11.6      16.111
2012   12        7    11  52    2.33   296.1   11.7      16.181
2012   12        7    12   1    2.34   296.0   11.7      16.251
2012   12        7    12  11    2.35   296.0   11.8      16.322
2012   12        7    12  20    2.37   295.9   11.9      16.394
2012   12        7    12  30    2.38   295.9   12.0      16.467
2012   12        7    12  39    2.39   295.9   12.1      16.541
2012   12        7    12  49    2.40   295.8   12.1      16.616
2012   12        7    12  58    2.42   295.8   12.2      16.691
2012   12        7    13   8    2.43   295.8   12.3      16.767
2012   12        7    13  17    2.44   295.8   12.4      16.843
2012   12        7    13  26    2.46   295.7   12.4      16.920
2012   12        7    13  36    2.47   295.7   12.5      16.997
2012   12        7    13  45    2.48   295.7   12.6      17.074
2012   12        7    13  55    2.50   295.7   12.7      17.150
2012   12        7    14   4    2.51   295.7   12.7      17.227
2012   12        7    14  14    2.52   295.6   12.8      17.302
2012   12        7    14  23    2.53   295.6   12.9      17.378
2012   12        7    14  33    2.55   295.6   13.0      17.453
2012   12        7    14  42    2.56   295.6   13.0      17.528
2012   12        7    14  52    2.57   295.6   13.1      17.602
2012   12        7    15   1    2.59   295.6   13.2      17.677
2012   12        7    15  11    2.60   295.6   13.3      17.751
2012   12        7    15  20    2.61   295.6   13.4      17.825
2012   12        7    15  30    2.63   295.5   13.5      17.899
2012   12        7    15  39    2.64   295.5   13.5      17.975
2012   12        7    15  48    2.66   295.6   13.6      18.050
2012   12        7    15  58    2.67   295.6   13.7      18.126
2012   12        7    16   7    2.68   295.6   13.8      18.202
2012   12        7    16  17    2.70   295.6   13.9      18.280
2012   12        7    16  26    2.71   295.6   14.0      18.358
2012   12        7    16  36    2.73   295.6   14.1      18.438
2012   12        7    16  45    2.75   295.7   14.2      18.522
2012   12        7    16  55    2.76   295.7   14.3      18.610
2012   12        7    17   4    2.78   295.8   14.4      18.701
2012   12        7    17  13    2.79   295.9   14.5      18.796
2012   12        7    17  23    2.81   296.0   14.6      18.894
2012   12        7    17  32    2.83   296.0   14.8      18.996
2012   12        7    17  42    2.84   296.1   14.9      19.099
2012   12        7    17  51    2.86   296.3   15.0      19.206
2012   12        7    18   1    2.88   296.4   15.1      19.315
2012   12        7    18  10    2.89   296.5   15.2      19.426
2012   12        7    18  20    2.91   296.6   15.3      19.538
2012   12        7    18  29    2.93   296.7   15.4      19.653
2012   12        7    18  38    2.94   296.9   15.5      19.766
2012   12        7    18  48    2.96   297.0   15.6      19.881
2012   12        7    18  57    2.98   297.1   15.7      19.998
2012   12        7    19   7    2.99   297.3   15.8      20.117
2012   12        7    19  16    3.01   297.4   15.9      20.237
2012   12        7    19  26    3.02   297.6   16.0      20.359
2012   12        7    19  35    3.04   297.8   16.1      20.481
2012   12        7    19  45    3.06   297.9   16.2      20.605
2012   12        7    19  54    3.07   298.1   16.3      20.728
2012   12        7    20   4    3.09   298.3   16.4      20.852
2012   12        7    20  13    3.10   298.5   16.5      20.975
2012   12        7    20  23    3.12   298.7   16.5      21.098
2012   12        7    20  32    3.13   298.9   16.6      21.221
2012   12        7    20  42    3.14   299.1   16.7      21.343
2012   12        7    20  51    3.16   299.3   16.8      21.462
2012   12        7    21   1    3.17   299.4   16.8      21.580
2012   12        7    21  10    3.18   299.6   16.9      21.695
2012   12        7    21  20    3.20   299.8   17.0      21.808
2012   12        7    21  29    3.21   300.0   17.0      21.918
2012   12        7    21  39    3.22   300.2   17.1      22.026
2012   12        7    21  48    3.23   300.4   17.1      22.132
2012   12        7    21  58    3.24   300.5   17.2      22.236
2012   12        7    22   7    3.26   300.7   17.2      22.338
2012   12        7    22  17    3.27   300.9   17.3      22.438
2012   12        7    22  26    3.28   301.1   17.3      22.536
2012   12        7    22  35    3.29   301.3   17.4      22.634
2012   12        7    22  45    3.30   301.4   17.4      22.729
2012   12        7    22  54    3.31   301.6   17.5      22.824
2012   12        7    23   4    3.32   301.8   17.5      22.917
2012   12        7    23  13    3.33   302.0   17.6      23.010
2012   12        7    23  23    3.34   302.1   17.6      23.102
2012   12        7    23  32    3.35   302.3   17.7      23.193
2012   12        7    23  42    3.36   302.5   17.7      23.284
2012   12        7    23  51    3.37   302.7   17.8      23.375
2012   12        8     0   0    3.38   302.8   17.8      23.469
2012   12        8     0  10    3.39   303.0   17.9      23.571
2012   12        8     0  19    3.41   303.2   17.9      23.673
2012   12        8     0  29    3.42   303.4   18.0      23.779
2012   12        8     0  38    3.43   303.7   18.1      23.886
2012   12        8     0  48    3.44   303.9   18.1      23.996
2012   12        8     0  57    3.45   304.1   18.2      24.106
2012   12        8     1   6    3.46   304.3   18.2      24.217
2012   12        8     1  16    3.47   304.5   18.3      24.329
2012   12        8     1  25    3.49   304.8   18.4      24.444
2012   12        8     1  35    3.50   305.0   18.4      24.558
2012   12        8     1  44    3.51   305.2   18.5      24.673
2012   12        8     1  53    3.52   305.4   18.6      24.790
2012   12        8     2   3    3.53   305.6   18.6      24.909
2012   12        8     2  12    3.54   305.9   18.7      25.032
2012   12        8     2  22    3.56   306.2   18.7      25.159
2012   12        8     2  31    3.57   306.4   18.8      25.289
2012   12        8     2  41    3.58   306.7   18.9      25.422
2012   12        8     2  50    3.59   307.0   18.9      25.557
2012   12        8     3   0    3.60   307.3   19.0      25.692
2012   12        8     3   9    3.61   307.6   19.0      25.826
2012   12        8     3  19    3.62   308.0   19.1      25.959
2012   12        8     3  28    3.63   308.3   19.1      26.090
2012   12        8     3  38    3.64   308.6   19.2      26.220
2012   12        8     3  47    3.65   308.9   19.2      26.348
2012   12        8     3  57    3.66   309.2   19.2      26.474
2012   12        8     4   6    3.67   309.6   19.3      26.597
2012   12        8     4  16    3.68   309.9   19.3      26.719
2012   12        8     4  25    3.68   310.2   19.3      26.838
2012   12        8     4  35    3.69   310.6   19.3      26.956
2012   12        8     4  44    3.70   310.9   19.3      27.070
2012   12        8     4  54    3.70   311.2   19.3      27.183
2012   12        8     5   3    3.71   311.5   19.4      27.293
2012   12        8     5  13    3.71   311.8   19.4      27.402
2012   12        8     5  22    3.72   312.2   19.4      27.508
2012   12        8     5  32    3.72   312.5   19.4      27.614
2012   12        8     5  41    3.73   312.8   19.4      27.717
2012   12        8     5  50    3.73   313.1   19.4      27.820
2012   12        8     6   0    3.73   313.4   19.3      27.921
2012   12        8     6   9    3.74   313.8   19.3      28.021
2012   12        8     6  19    3.74   314.1   19.3      28.120
2012   12        8     6  28    3.74   314.4   19.3      28.218
2012   12        8     6  38    3.75   314.7   19.3      28.314
2012   12        8     6  47    3.75   315.0   19.3      28.410
2012   12        8     6  56    3.75   315.4   19.3      28.503
2012   12        8     7   6    3.75   315.7   19.3      28.596
2012   12        8     7  15    3.76   316.0   19.2      28.687
2012   12        8     7  25    3.76   316.3   19.2      28.776
2012   12        8     7  34    3.76   316.6   19.2      28.864
2012   12        8     7  43    3.76   317.0   19.2      28.951
2012   12        8     7  53    3.77   317.3   19.2      29.036
2012   12        8     8   2    3.77   317.6   19.2      29.121
2012   12        8     8  12    3.77   317.9   19.1      29.204
2012   12        8     8  21    3.77   318.2   19.1      29.287
2012   12        8     8  30    3.77   318.5   19.1      29.370
2012   12        8     8  40    3.77   318.8   19.1      29.453
2012   12        8     8  49    3.78   319.1   19.1      29.535
2012   12        8     8  59    3.78   319.4   19.1      29.617
2012   12        8     9   8    3.78   319.7   19.1      29.701
2012   12        8     9  18    3.78   320.0   19.1      29.788
2012   12        8     9  27    3.78   320.3   19.0      29.875
2012   12        8     9  37    3.78   320.6   19.0      29.965
2012   12        8     9  46    3.79   321.0   19.0      30.056
2012   12        8     9  56    3.79   321.3   19.0      30.147
2012   12        8    10   5    3.79   321.7   19.0      30.236
2012   12        8    10  15    3.79   322.1   19.0      30.323
2012   12        8    10  24    3.79   322.4   19.0      30.407
2012   12        8    10  34    3.79   322.8   19.0      30.489
2012   12        8    10  43    3.79   323.1   18.9      30.568
2012   12        8    10  53    3.79   323.5   18.9      30.645
2012   12        8    11   2    3.79   323.8   18.9      30.721
2012   12        8    11  12    3.79   324.2   18.9      30.795
2012   12        8    11  21    3.79   324.5   18.9      30.868
2012   12        8    11  30    3.79   324.9   18.8      30.940
2012   12        8    11  40    3.79   325.3   18.8      31.011
2012   12        8    11  49    3.79   325.7   18.8      31.081
2012   12        8    11  59    3.79   326.0   18.7      31.150
2012   12        8    12   8    3.78   326.4   18.7      31.217
2012   12        8    12  18    3.78   326.8   18.7      31.283
2012   12        8    12  27    3.78   327.2   18.6      31.349
2012   12        8    12  37    3.77   327.5   18.6      31.414
2012   12        8    12  46    3.77   327.9   18.5      31.479
2012   12        8    12  55    3.77   328.3   18.5      31.541
2012   12        8    13   5    3.76   328.7   18.4      31.603
2012   12        8    13  14    3.76   329.1   18.4      31.663
2012   12        8    13  24    3.75   329.4   18.3      31.720
2012   12        8    13  33    3.75   329.8   18.3      31.774
2012   12        8    13  43    3.74   330.2   18.2      31.825
2012   12        8    13  52    3.73   330.6   18.2      31.872
2012   12        8    14   1    3.73   330.9   18.1      31.916
2012   12        8    14  11    3.72   331.3   18.0      31.954
2012   12        8    14  20    3.71   331.6   17.9      31.987
2012   12        8    14  30    3.70   332.0   17.9      32.015
2012   12        8    14  39    3.70   332.3   17.8      32.038
2012   12        8    14  48    3.69   332.7   17.7      32.056
2012   12        8    14  58    3.68   333.0   17.6      32.071
2012   12        8    15   7    3.67   333.3   17.5      32.081
2012   12        8    15  17    3.66   333.6   17.5      32.088
2012   12        8    15  26    3.65   333.9   17.4      32.093
2012   12        8    15  35    3.64   334.3   17.3      32.095
2012   12        8    15  45    3.64   334.6   17.2      32.095
2012   12        8    15  54    3.63   334.9   17.2      32.095
2012   12        8    16   4    3.62   335.2   17.1      32.095
2012   12        8    16  13    3.61   335.5   17.0      32.096
2012   12        8    16  22    3.60   335.8   16.9      32.098
2012   12        8    16  32    3.59   336.1   16.8      32.099
2012   12        8    16  41    3.58   336.5   16.8      32.100
2012   12        8    16  51    3.57   336.8   16.7      32.100
2012   12        8    17   0    3.56   337.1   16.6      32.100
2012   12        8    17  10    3.56   337.5   16.5      32.100
2012   12        8    17  19    3.55   337.8   16.5      32.098
2012   12        8    17  29    3.54   338.1   16.4      32.094
2012   12        8    17  38    3.53   338.5   16.3      32.090
2012   12        8    17  48    3.52   338.8   16.2      32.083
2012   12        8    17  57    3.51   339.1   16.2      32.073
2012   12        8    18   7    3.50   339.4   16.1      32.061
2012   12        8    18  16    3.49   339.8   16.0      32.046
2012   12        8    18  26    3.47   340.1   15.9      32.029
2012   12        8    18  35    3.46   340.5   15.8      32.009
2012   12        8    18  45    3.45   340.8   15.7      31.984
2012   12        8    18  54    3.44   341.1   15.6      31.955
2012   12        8    19   4    3.43   341.4   15.6      31.923
2012   12        8    19  13    3.41   341.8   15.5      31.887
2012   12        8    19  22    3.40   342.1   15.4      31.848
2012   12        8    19  32    3.39   342.4   15.3      31.806
2012   12        8    19  41    3.37   342.7   15.2      31.762
2012   12        8    19  51    3.36   343.0   15.1      31.717
2012   12        8    20   0    3.35   343.3   15.0      31.668
2012   12        8    20  10    3.33   343.5   14.9      31.618
2012   12        8    20  19    3.32   343.8   14.8      31.564
2012   12        8    20  28    3.31   344.1   14.7      31.508
2012   12        8    20  38    3.29   344.4   14.7      31.449
2012   12        8    20  47    3.28   344.6   14.6      31.387
2012   12        8    20  57    3.26   344.9   14.5      31.321
2012   12        8    21   6    3.25   345.1   14.4      31.252
2012   12        8    21  16    3.24   345.4   14.3      31.179
2012   12        8    21  25    3.22   345.6   14.2      31.099
2012   12        8    21  34    3.21   345.8   14.1      31.011
2012   12        8    21  44    3.19   346.0   14.0      30.918
2012   12        8    21  53    3.18   346.2   13.9      30.819
2012   12        8    22   2    3.16   346.4   13.8      30.716
2012   12        8    22  12    3.15   346.6   13.7      30.610
2012   12        8    22  21    3.14   346.7   13.6      30.505
2012   12        8    22  31    3.12   346.9   13.6      30.399
2012   12        8    22  40    3.11   347.1   13.5      30.296
2012   12        8    22  49    3.10   347.2   13.4      30.192
2012   12        8    22  59    3.08   347.4   13.3      30.091
2012   12        8    23   8    3.07   347.6   13.2      29.990
2012   12        8    23  17    3.06   347.7   13.2      29.893
2012   12        8    23  27    3.05   347.9   13.1      29.797
2012   12        8    23  36    3.03   348.0   13.0      29.704
2012   12        8    23  46    3.02   348.2   12.9      29.611
2012   12        8    23  55    3.01   348.4   12.9      29.520
2012   12        9     0   5    3.00   348.5   12.8      29.430
2012   12        9     0  14    2.99   348.7   12.7      29.343
2012   12        9     0  24    2.97   348.8   12.7      29.255
2012   12        9     0  33    2.96   349.0   12.6      29.168
2012   12        9     0  43    2.95   349.1   12.5      29.079
2012   12        9     0  52    2.94   349.3   12.5      28.990
2012   12        9     1   2    2.93   349.4   12.4      28.898
2012   12        9     1  11    2.92   349.6   12.3      28.805
2012   12        9     1  21    2.90   349.7   12.3      28.708
2012   12        9     1  30    2.89   349.9   12.2      28.611
2012   12        9     1  39    2.88   350.0   12.1      28.512
2012   12        9     1  49    2.87   350.2   12.0      28.407
2012   12        9     1  58    2.86   350.3   12.0      28.296
2012   12        9     2   8    2.84   350.4   11.9      28.182
2012   12        9     2  17    2.83   350.5   11.8      28.065
2012   12        9     2  27    2.82   350.6   11.8      27.944
2012   12        9     2  36    2.81   350.6   11.7      27.820
2012   12        9     2  46    2.80   350.7   11.6      27.699
2012   12        9     2  55    2.79   350.7   11.6      27.580
2012   12        9     3   4    2.78   350.8   11.5      27.465
2012   12        9     3  14    2.77   350.8   11.4      27.352
2012   12        9     3  23    2.76   350.9   11.4      27.241
2012   12        9     3  33    2.75   350.9   11.3      27.132
2012   12        9     3  42    2.74   350.9   11.3      27.025
2012   12        9     3  52    2.73   350.9   11.2      26.919
2012   12        9     4   1    2.72   351.0   11.2      26.815
2012   12        9     4  10    2.72   351.0   11.1      26.712
2012   12        9     4  20    2.71   351.0   11.1      26.610
2012   12        9     4  29    2.70   351.0   11.1      26.510
2012   12        9     4  39    2.69   350.9   11.0      26.411
2012   12        9     4  48    2.69   350.9   11.0      26.314
2012   12        9     4  57    2.68   350.9   11.0      26.220
2012   12        9     5   7    2.67   350.9   10.9      26.128
2012   12        9     5  16    2.67   350.9   10.9      26.038
2012   12        9     5  25    2.66   350.9   10.9      25.949
2012   12        9     5  35    2.66   350.9   10.9      25.866
2012   12        9     5  44    2.65   350.8   10.8      25.786
2012   12        9     5  54    2.65   350.8   10.8      25.709
2012   12        9     6   3    2.65   350.8   10.8      25.635
2012   12        9     6  12    2.64   350.8   10.8      25.566
2012   12        9     6  22    2.64   350.8   10.8      25.499
2012   12        9     6  31    2.63   350.7   10.8      25.434
2012   12        9     6  40    2.63   350.7   10.8      25.370
2012   12        9     6  50    2.63   350.7   10.7      25.308
2012   12        9     6  59    2.63   350.6   10.7      25.246
2012   12        9     7   8    2.62   350.6   10.7      25.186
2012   12        9     7  18    2.62   350.6   10.7      25.127
2012   12        9     7  27    2.62   350.5   10.7      25.069
2012   12        9     7  37    2.62   350.5   10.7      25.013
2012   12        9     7  46    2.62   350.4   10.7      24.957
2012   12        9     7  56    2.62   350.4   10.7      24.904
2012   12        9     8   5    2.61   350.3   10.6      24.852
2012   12        9     8  15    2.61   350.2   10.6      24.800
2012   12        9     8  24    2.61   350.2   10.6      24.751
2012   12        9     8  34    2.61   350.1   10.6      24.701
2012   12        9     8  43    2.61   350.0   10.6      24.653
2012   12        9     8  53    2.61   349.9   10.6      24.605
2012   12        9     9   2    2.61   349.9   10.6      24.558
2012   12        9     9  12    2.61   349.8   10.6      24.510
2012   12        9     9  21    2.61   349.7   10.6      24.463
2012   12        9     9  31    2.61   349.6   10.5      24.417
2012   12        9     9  40    2.61   349.5   10.5      24.371
2012   12        9     9  50    2.60   349.4   10.5      24.325
2012   12        9     9  59    2.60   349.3   10.5      24.280
2012   12        9    10   8    2.60   349.2   10.5      24.234
2012   12        9    10  18    2.60   349.1   10.5      24.190
2012   12        9    10  27    2.60   349.0   10.5      24.145
2012   12        9    10  37    2.60   348.9   10.5      24.101
2012   12        9    10  46    2.60   348.8   10.4      24.055
2012   12        9    10  55    2.60   348.7   10.4      24.011
2012   12        9    11   5    2.60   348.6   10.4      23.965
2012   12        9    11  14    2.59   348.4   10.4      23.919
2012   12        9    11  24    2.59   348.3   10.4      23.871
2012   12        9    11  33    2.59   348.2   10.4      23.824
2012   12        9    11  42    2.59   348.0   10.4      23.775
2012   12        9    11  52    2.59   347.9   10.4      23.726
2012   12        9    12   1    2.59   347.8   10.4      23.676
2012   12        9    12  11    2.59   347.7   10.4      23.626
2012   12        9    12  20    2.58   347.5   10.4      23.576
2012   12        9    12  29    2.58   347.4   10.4      23.527
2012   12        9    12  39    2.58   347.3   10.4      23.478
2012   12        9    12  48    2.58   347.2   10.3      23.431
2012   12        9    12  57    2.58   347.0   10.3      23.384
2012   12        9    13   7    2.58   346.9   10.3      23.339
2012   12        9    13  16    2.57   346.8   10.3      23.294
2012   12        9    13  25    2.57   346.7   10.3      23.250
2012   12        9    13  35    2.57   346.5   10.3      23.206
2012   12        9    13  44    2.57   346.4   10.3      23.162
2012   12        9    13  53    2.57   346.3   10.3      23.117
2012   12        9    14   3    2.56   346.1   10.3      23.074
2012   12        9    14  12    2.56   346.0   10.3      23.030
2012   12        9    14  21    2.56   345.9   10.3      22.987
2012   12        9    14  31    2.56   345.7   10.3      22.944
2012   12        9    14  40    2.55   345.6   10.3      22.901
2012   12        9    14  50    2.55   345.5   10.3      22.859
2012   12        9    14  59    2.55   345.3   10.3      22.817
2012   12        9    15   9    2.55   345.2   10.2      22.776
2012   12        9    15  18    2.55   345.1   10.2      22.737
2012   12        9    15  28    2.54   344.9   10.2      22.697
2012   12        9    15  37    2.54   344.8   10.2      22.659
2012   12        9    15  47    2.54   344.6   10.2      22.622
2012   12        9    15  56    2.54   344.5   10.2      22.586
2012   12        9    16   6    2.53   344.4   10.2      22.550
2012   12        9    16  15    2.53   344.2   10.2      22.516
2012   12        9    16  25    2.53   344.1   10.2      22.482
2012   12        9    16  34    2.53   343.9   10.2      22.449
2012   12        9    16  44    2.52   343.8   10.2      22.418
2012   12        9    16  53    2.52   343.7   10.2      22.387
2012   12        9    17   3    2.52   343.5   10.2      22.357
2012   12        9    17  12    2.52   343.4   10.2      22.328
2012   12        9    17  21    2.52   343.3   10.2      22.300
2012   12        9    17  31    2.51   343.1   10.2      22.273
2012   12        9    17  40    2.51   343.0   10.1      22.246
2012   12        9    17  50    2.51   342.8   10.1      22.221
2012   12        9    17  59    2.51   342.7   10.1      22.196
2012   12        9    18   8    2.51   342.6   10.1      22.172
2012   12        9    18  18    2.50   342.4   10.1      22.149
2012   12        9    18  27    2.50   342.3   10.1      22.127
2012   12        9    18  37    2.50   342.2   10.1      22.106
2012   12        9    18  46    2.50   342.1   10.1      22.086
2012   12        9    18  55    2.50   341.9   10.1      22.066
2012   12        9    19   5    2.50   341.8   10.1      22.048
2012   12        9    19  14    2.49   341.7   10.1      22.030
2012   12        9    19  23    2.49   341.6   10.2      22.014
2012   12        9    19  33    2.49   341.4   10.2      21.998
2012   12        9    19  42    2.49   341.3   10.2      21.983
2012   12        9    19  51    2.49   341.2   10.2      21.970
2012   12        9    20   1    2.49   341.1   10.2      21.957
2012   12        9    20  10    2.49   341.0   10.2      21.945
2012   12        9    20  19    2.49   340.8   10.2      21.935
2012   12        9    20  29    2.48   340.7   10.2      21.925
2012   12        9    20  38    2.48   340.6   10.2      21.917
2012   12        9    20  47    2.48   340.5   10.2      21.910
2012   12        9    20  57    2.48   340.4   10.2      21.903
2012   12        9    21   6    2.48   340.3   10.3      21.898
2012   12        9    21  15    2.48   340.2   10.3      21.894
2012   12        9    21  25    2.48   340.1   10.3      21.890
2012   12        9    21  34    2.48   340.0   10.3      21.888
2012   12        9    21  44    2.48   339.9   10.3      21.887
2012   12        9    21  53    2.48   339.8   10.3      21.886
2012   12        9    22   2    2.48   339.7   10.4      21.887
2012   12        9    22  12    2.48   339.6   10.4      21.888
2012   12        9    22  21    2.48   339.5   10.4      21.890
2012   12        9    22  31    2.48   339.5   10.4      21.893
2012   12        9    22  40    2.48   339.4   10.4      21.897
2012   12        9    22  50    2.48   339.3   10.5      21.903
2012   12        9    22  59    2.48   339.2   10.5      21.910
2012   12        9    23   9    2.48   339.1   10.5      21.918
2012   12        9    23  18    2.48   339.1   10.5      21.926
2012   12        9    23  28    2.48   339.0   10.5      21.935
2012   12        9    23  37    2.48   338.9   10.6      21.943
2012   12        9    23  47    2.48   338.8   10.6      21.951
2012   12        9    23  56    2.48   338.7   10.6      21.959
2012   12       10     0   6    2.48   338.7   10.6      21.966
2012   12       10     0  15    2.48   338.6   10.6      21.974
2012   12       10     0  24    2.48   338.5   10.6      21.981
2012   12       10     0  34    2.48   338.4   10.7      21.988
2012   12       10     0  43    2.48   338.4   10.7      21.994
2012   12       10     0  53    2.48   338.3   10.7      22.001
2012   12       10     1   2    2.48   338.2   10.7      22.007
2012   12       10     1  12    2.48   338.1   10.7      22.014
2012   12       10     1  21    2.49   338.1   10.8      22.021
2012   12       10     1  30    2.49   338.0   10.8      22.027
2012   12       10     1  40    2.49   337.9   10.8      22.034
2012   12       10     1  49    2.49   337.8   10.8      22.041
2012   12       10     1  58    2.49   337.8   10.8      22.048
2012   12       10     2   8    2.49   337.7   10.8      22.055
2012   12       10     2  17    2.49   337.6   10.9      22.062
2012   12       10     2  27    2.49   337.5   10.9      22.070
2012   12       10     2  36    2.49   337.5   10.9      22.078
2012   12       10     2  45    2.50   337.4   10.9      22.086
2012   12       10     2  55    2.50   337.3   11.0      22.095
2012   12       10     3   4    2.50   337.3   11.0      22.105
2012   12       10     3  13    2.50   337.2   11.0      22.115
2012   12       10     3  23    2.50   337.1   11.0      22.126
2012   12       10     3  32    2.51   337.1   11.0      22.138
2012   12       10     3  41    2.51   337.0   11.1      22.151
2012   12       10     3  50    2.51   336.9   11.1      22.165
2012   12       10     4   0    2.51   336.9   11.1      22.180
2012   12       10     4   9    2.52   336.8   11.2      22.196
2012   12       10     4  18    2.52   336.7   11.2      22.214
2012   12       10     4  28    2.52   336.7   11.2      22.235
2012   12       10     4  37    2.53   336.6   11.2      22.259
2012   12       10     4  46    2.53   336.6   11.3      22.286
2012   12       10     4  56    2.53   336.6   11.3      22.317
2012   12       10     5   5    2.54   336.6   11.3      22.350
2012   12       10     5  14    2.54   336.5   11.4      22.386
2012   12       10     5  24    2.55   336.5   11.4      22.422
2012   12       10     5  33    2.55   336.5   11.4      22.458
2012   12       10     5  43    2.55   336.5   11.5      22.494
2012   12       10     5  52    2.56   336.5   11.5      22.529
2012   12       10     6   2    2.56   336.5   11.5      22.564
2012   12       10     6  11    2.57   336.5   11.6      22.598
2012   12       10     6  21    2.57   336.5   11.6      22.631
2012   12       10     6  30    2.58   336.5   11.6      22.664
2012   12       10     6  40    2.59   336.5   11.6      22.696
2012   12       10     6  49    2.59   336.5   11.7      22.728
2012   12       10     6  59    2.60   336.5   11.7      22.759
2012   12       10     7   8    2.60   336.5   11.7      22.789
2012   12       10     7  18    2.61   336.5   11.7      22.819
2012   12       10     7  27    2.61   336.5   11.8      22.848
2012   12       10     7  36    2.62   336.6   11.8      22.877
2012   12       10     7  46    2.62   336.6   11.8      22.905
2012   12       10     7  55    2.63   336.6   11.8      22.932
2012   12       10     8   5    2.63   336.6   11.8      22.959
2012   12       10     8  14    2.64   336.6   11.9      22.985
2012   12       10     8  24    2.64   336.6   11.9      23.011
2012   12       10     8  33    2.65   336.6   11.9      23.036
2012   12       10     8  42    2.66   336.7   11.9      23.061
2012   12       10     8  52    2.66   336.7   11.9      23.085
2012   12       10     9   1    2.67   336.7   11.9      23.109
2012   12       10     9  11    2.67   336.7   12.0      23.132
2012   12       10     9  20    2.68   336.7   12.0      23.155
2012   12       10     9  29    2.68   336.7   12.0      23.177
2012   12       10     9  39    2.69   336.8   12.0      23.199
2012   12       10     9  48    2.70   336.8   12.0      23.221
2012   12       10     9  57    2.70   336.8   12.0      23.242
2012   12       10    10   7    2.71   336.8   12.0      23.264
2012   12       10    10  16    2.71   336.8   12.1      23.285
2012   12       10    10  25    2.72   336.9   12.1      23.306
2012   12       10    10  35    2.72   336.9   12.1      23.327
2012   12       10    10  44    2.73   336.9   12.1      23.348
2012   12       10    10  53    2.74   336.9   12.1      23.369
2012   12       10    11   3    2.74   337.0   12.1      23.391
2012   12       10    11  12    2.75   337.0   12.1      23.412
2012   12       10    11  21    2.75   337.0   12.1      23.434
2012   12       10    11  31    2.76   337.0   12.2      23.456
2012   12       10    11  40    2.77   337.1   12.2      23.478
2012   12       10    11  49    2.77   337.1   12.2      23.501
2012   12       10    11  59    2.78   337.1   12.2      23.525
2012   12       10    12   8    2.78   337.2   12.2      23.548
2012   12       10    12  17    2.79   337.2   12.2      23.573
2012   12       10    12  27    2.80   337.2   12.2      23.599
2012   12       10    12  36    2.80   337.3   12.3      23.627
2012   12       10    12  46    2.81   337.3   12.3      23.655
2012   12       10    12  55    2.82   337.3   12.3      23.684
2012   12       10    13   5    2.82   337.4   12.3      23.715
2012   12       10    13  14    2.83   337.5   12.3      23.745
2012   12       10    13  24    2.84   337.5   12.3      23.775
2012   12       10    13  33    2.84   337.6   12.4      23.804
2012   12       10    13  43    2.85   337.6   12.4      23.833
2012   12       10    13  52    2.85   337.7   12.4      23.861
2012   12       10    14   2    2.86   337.7   12.4      23.890
2012   12       10    14  11    2.87   337.8   12.4      23.919
2012   12       10    14  21    2.87   337.9   12.4      23.949
2012   12       10    14  30    2.88   338.0   12.5      23.980
2012   12       10    14  39    2.89   338.0   12.5      24.010
2012   12       10    14  49    2.89   338.1   12.5      24.042
2012   12       10    14  58    2.90   338.2   12.5      24.073
2012   12       10    15   8    2.91   338.3   12.5      24.103
2012   12       10    15  17    2.91   338.3   12.5      24.134
2012   12       10    15  27    2.92   338.4   12.5      24.165
2012   12       10    15  36    2.92   338.5   12.6      24.197
2012   12       10    15  45    2.93   338.6   12.6      24.230
2012   12       10    15  55    2.93   338.7   12.6      24.264
2012   12       10    16   4    2.94   338.8   12.6      24.298
2012   12       10    16  14    2.95   338.9   12.6      24.333
2012   12       10    16  23    2.95   339.0   12.6      24.367
2012   12       10    16  32    2.96   339.1   12.6      24.401
2012   12       10    16  42    2.96   339.2   12.6      24.434
2012   12       10    16  51    2.97   339.3   12.7      24.466
2012   12       10    17   0    2.97   339.4   12.7      24.498
2012   12       10    17  10    2.97   339.5   12.7      24.529
2012   12       10    17  19    2.98   339.6   12.7      24.560
2012   12       10    17  29    2.98   339.7   12.7      24.591
2012   12       10    17  38    2.99   339.8   12.7      24.621
2012   12       10    17  47    2.99   339.9   12.7      24.650
2012   12       10    17  56    2.99   340.0   12.7      24.679
2012   12       10    18   6    3.00   340.1   12.7      24.707
2012   12       10    18  15    3.00   340.2   12.7      24.734
2012   12       10    18  25    3.01   340.3   12.7      24.761
2012   12       10    18  34    3.01   340.4   12.7      24.787
2012   12       10    18  43    3.01   340.5   12.7      24.813
2012   12       10    18  52    3.02   340.6   12.7      24.838
2012   12       10    19   2    3.02   340.7   12.7      24.863
2012   12       10    19  11    3.02   340.9   12.7      24.887
2012   12       10    19  20    3.03   341.0   12.7      24.910
2012   12       10    19  30    3.03   341.1   12.7      24.934
2012   12       10    19  39    3.03   341.2   12.7      24.957
2012   12       10    19  49    3.04   341.3   12.7      24.980
2012   12       10    19  58    3.04   341.4   12.7      25.002
2012   12       10    20   8    3.04   341.5   12.7      25.025
2012   12       10    20  17    3.05   341.6   12.7      25.047
2012   12       10    20  27    3.05   341.7   12.7      25.069
2012   12       10    20  36    3.05   341.9   12.7      25.091
2012   12       10    20  46    3.06   342.0   12.7      25.114
2012   12       10    20  55    3.06   342.1   12.7      25.136
2012   12       10    21   4    3.06   342.2   12.7      25.159
2012   12       10    21  14    3.07   342.3   12.7      25.182
2012   12       10    21  23    3.07   342.4   12.7      25.207
2012   12       10    21  33    3.07   342.6   12.7      25.233
2012   12       10    21  42    3.08   342.7   12.7      25.260
2012   12       10    21  52    3.08   342.8   12.7      25.288
2012   12       10    22   1    3.08   342.9   12.7      25.318
2012   12       10    22  11    3.09   343.1   12.7      25.347
2012   12       10    22  20    3.09   343.2   12.7      25.376
2012   12       10    22  30    3.09   343.3   12.7      25.406
2012   12       10    22  39    3.10   343.5   12.7      25.435
2012   12       10    22  48    3.10   343.6   12.7      25.463
2012   12       10    22  58    3.10   343.7   12.7      25.492
2012   12       10    23   7    3.11   343.9   12.7      25.520
2012   12       10    23  17    3.11   344.0   12.7      25.549
2012   12       10    23  26    3.11   344.1   12.7      25.579
2012   12       10    23  35    3.11   344.3   12.7      25.609
2012   12       10    23  45    3.12   344.4   12.7      25.641
2012   12       10    23  54    3.12   344.5   12.7      25.674
2012   12       11     0   4    3.12   344.7   12.7      25.707
2012   12       11     0  13    3.13   344.8   12.7      25.740
2012   12       11     0  22    3.13   344.9   12.7      25.773
2012   12       11     0  32    3.13   345.1   12.7      25.805
2012   12       11     0  41    3.13   345.2   12.7      25.838
2012   12       11     0  50    3.14   345.3   12.7      25.870
2012   12       11     1   0    3.14   345.5   12.8      25.903
2012   12       11     1   9    3.14   345.6   12.8      25.935
2012   12       11     1  18    3.14   345.8   12.8      25.968
2012   12       11     1  28    3.15   345.9   12.8      26.001
2012   12       11     1  37    3.15   346.0   12.8      26.034
2012   12       11     1  46    3.15   346.2   12.8      26.068
2012   12       11     1  56    3.15   346.3   12.8      26.102
2012   12       11     2   5    3.16   346.4   12.8      26.137
2012   12       11     2  14    3.16   346.6   12.8      26.172
2012   12       11     2  23    3.16   346.7   12.8      26.207
2012   12       11     2  33    3.16   346.9   12.8      26.242
2012   12       11     2  42    3.16   347.0   12.8      26.277
2012   12       11     2  52    3.17   347.2   12.8      26.311
2012   12       11     3   1    3.17   347.3   12.8      26.344
2012   12       11     3  10    3.17   347.5   12.8      26.377
2012   12       11     3  20    3.17   347.7   12.8      26.409
2012   12       11     3  29    3.17   347.8   12.8      26.440
2012   12       11     3  39    3.18   348.0   12.7      26.470
2012   12       11     3  48    3.18   348.1   12.7      26.500
2012   12       11     3  58    3.18   348.3   12.7      26.529
2012   12       11     4   7    3.18   348.5   12.7      26.557
2012   12       11     4  17    3.18   348.6   12.7      26.585
2012   12       11     4  26    3.19   348.8   12.7      26.613
2012   12       11     4  36    3.19   348.9   12.7      26.641
2012   12       11     4  45    3.19   349.1   12.7      26.670
2012   12       11     4  55    3.19   349.3   12.7      26.700
2012   12       11     5   4    3.19   349.5   12.7      26.730
2012   12       11     5  14    3.19   349.6   12.7      26.759
2012   12       11     5  23    3.19   349.8   12.7      26.788
2012   12       11     5  32    3.20   350.0   12.7      26.816
2012   12       11     5  42    3.20   350.1   12.7      26.843
2012   12       11     5  51    3.20   350.3   12.7      26.870
2012   12       11     6   1    3.20   350.5   12.7      26.896
2012   12       11     6  10    3.20   350.6   12.7      26.922
2012   12       11     6  20    3.20   350.8   12.7      26.948
2012   12       11     6  29    3.20   351.0   12.7      26.974
2012   12       11     6  38    3.20   351.1   12.6      26.999
2012   12       11     6  48    3.21   351.3   12.6      27.026
2012   12       11     6  57    3.21   351.5   12.6      27.054
2012   12       11     7   6    3.21   351.7   12.6      27.084
2012   12       11     7  16    3.21   351.9   12.6      27.114
2012   12       11     7  25    3.21   352.0   12.6      27.145
2012   12       11     7  35    3.21   352.2   12.6      27.177
2012   12       11     7  44    3.21   352.4   12.6      27.207
2012   12       11     7  53    3.21   352.6   12.6      27.237
2012   12       11     8   3    3.21   352.8   12.6      27.266
2012   12       11     8  12    3.21   352.9   12.6      27.294
2012   12       11     8  21    3.21   353.1   12.5      27.322
2012   12       11     8  31    3.21   353.3   12.5      27.348
2012   12       11     8  40    3.21   353.5   12.5      27.374
2012   12       11     8  49    3.21   353.7   12.5      27.399
2012   12       11     8  59    3.21   353.9   12.5      27.424
2012   12       11     9   8    3.21   354.0   12.5      27.447
2012   12       11     9  17    3.21   354.2   12.5      27.469
2012   12       11     9  27    3.21   354.4   12.5      27.491
2012   12       11     9  36    3.21   354.6   12.4      27.513
2012   12       11     9  45    3.21   354.8   12.4      27.534
2012   12       11     9  55    3.21   354.9   12.4      27.553
2012   12       11    10   4    3.21   355.1   12.4      27.573
2012   12       11    10  13    3.21   355.3   12.4      27.591
2012   12       11    10  23    3.21   355.5   12.4      27.609
2012   12       11    10  32    3.21   355.7   12.3      27.625
2012   12       11    10  42    3.21   355.9   12.3      27.640
2012   12       11    10  51    3.21   356.1   12.3      27.653
2012   12       11    11   1    3.21   356.2   12.3      27.665
2012   12       11    11  10    3.21   356.4   12.3      27.677
2012   12       11    11  20    3.21   356.6   12.3      27.687
2012   12       11    11  29    3.20   356.8   12.2      27.697
2012   12       11    11  39    3.20   357.0   12.2      27.706
2012   12       11    11  48    3.20   357.2   12.2      27.715
2012   12       11    11  58    3.20   357.4   12.2      27.723
2012   12       11    12   7    3.20   357.5   12.1      27.730
2012   12       11    12  17    3.20   357.7   12.1      27.736
2012   12       11    12  26    3.19   357.9   12.1      27.741
2012   12       11    12  35    3.19   358.1   12.1      27.744
2012   12       11    12  45    3.19   358.3   12.1      27.747
2012   12       11    12  54    3.19   358.4   12.0      27.749
2012   12       11    13   4    3.19   358.6   12.0      27.749
2012   12       11    13  13    3.18   358.8   12.0      27.747
2012   12       11    13  22    3.18   358.9   12.0      27.746
2012   12       11    13  32    3.18   359.1   11.9      27.744
2012   12       11    13  41    3.18   359.3   11.9      27.742
2012   12       11    13  51    3.17   359.4   11.9      27.742
2012   12       11    14   0    3.17   359.6   11.9      27.743
2012   12       11    14  10    3.17   359.7   11.8      27.744
2012   12       11    14  19    3.17   359.9   11.8      27.746
2012   12       11    14  28    3.16   360.1   11.8      27.747
2012   12       11    14  38    3.16   360.2   11.8      27.749
2012   12       11    14  47    3.16   360.4   11.7      27.750
2012   12       11    14  56    3.15   360.5   11.7      27.751
2012   12       11    15   6    3.15   360.7   11.7      27.752
2012   12       11    15  15    3.15   360.9   11.7      27.753
2012   12       11    15  24    3.15   361.0   11.6      27.753
2012   12       11    15  34    3.14   361.2   11.6      27.753
2012   12       11    15  43    3.14   361.4   11.6      27.753
2012   12       11    15  52    3.14   361.6   11.5      27.752
2012   12       11    16   2    3.13   361.8   11.5      27.751
2012   12       11    16  11    3.13   362.0   11.5      27.749
2012   12       11    16  20    3.13   362.1   11.5      27.747
2012   12       11    16  30    3.12   362.3   11.4      27.743
2012   12       11    16  39    3.12   362.5   11.4      27.738
2012   12       11    16  48    3.11   362.7   11.4      27.731
2012   12       11    16  58    3.11   362.9   11.3      27.722
2012   12       11    17   7    3.11   363.1   11.3      27.712
2012   12       11    17  16    3.10   363.3   11.3      27.698
2012   12       11    17  26    3.10   363.5   11.2      27.680
2012   12       11    17  35    3.09   363.7   11.2      27.660
2012   12       11    17  45    3.09   363.8   11.2      27.638
2012   12       11    17  54    3.08   364.0   11.1      27.612
2012   12       11    18   4    3.08   364.1   11.1      27.585
2012   12       11    18  13    3.07   364.3   11.0      27.558
2012   12       11    18  23    3.06   364.4   11.0      27.530
2012   12       11    18  32    3.06   364.6   11.0      27.502
2012   12       11    18  41    3.05   364.7   10.9      27.475
2012   12       11    18  51    3.05   364.8   10.9      27.446
2012   12       11    19   0    3.04   365.0   10.9      27.419
2012   12       11    19  10    3.04   365.1   10.8      27.391
2012   12       11    19  19    3.03   365.2   10.8      27.364
2012   12       11    19  29    3.03   365.4   10.8      27.336
2012   12       11    19  38    3.02   365.5   10.7      27.308
2012   12       11    19  48    3.02   365.7   10.7      27.279
2012   12       11    19  57    3.01   365.8   10.7      27.249
2012   12       11    20   7    3.01   365.9   10.6      27.218
2012   12       11    20  16    3.00   366.1   10.6      27.186
2012   12       11    20  25    2.99   366.2   10.6      27.151
2012   12       11    20  35    2.99   366.3   10.5      27.115
2012   12       11    20  44    2.98   366.4   10.5      27.077
2012   12       11    20  54    2.98   366.5   10.5      27.038
2012   12       11    21   3    2.97   366.6   10.4      26.997
2012   12       11    21  12    2.97   366.7   10.4      26.957
2012   12       11    21  22    2.96   366.8   10.4      26.917
2012   12       11    21  31    2.95   366.9   10.3      26.877
2012   12       11    21  41    2.95   366.9   10.3      26.838
2012   12       11    21  50    2.94   367.0   10.3      26.799
2012   12       11    21  59    2.94   367.1   10.2      26.760
2012   12       11    22   9    2.93   367.2   10.2      26.721
2012   12       11    22  18    2.93   367.3   10.2      26.681
2012   12       11    22  27    2.92   367.3   10.1      26.642
2012   12       11    22  37    2.92   367.4   10.1      26.603
2012   12       11    22  46    2.91   367.5   10.1      26.564
2012   12       11    22  55    2.90   367.6   10.0      26.525
2012   12       11    23   5    2.90   367.6   10.0      26.487
2012   12       11    23  14    2.89   367.7   10.0      26.449
2012   12       11    23  23    2.89   367.8   10.0      26.411
2012   12       11    23  33    2.88   367.9    9.9      26.374
2012   12       11    23  42    2.88   368.0    9.9      26.338
2012   12       11    23  51    2.87   368.1    9.9      26.301
2012   12       12     0   1    2.87   368.2    9.8      26.264
2012   12       12     0  10    2.86   368.2    9.8      26.225
2012   12       12     0  19    2.86   368.4    9.8      26.188
2012   12       12     0  29    2.85   368.4    9.8      26.148
2012   12       12     0  38    2.84   368.5    9.7      26.107
2012   12       12     0  47    2.84   368.6    9.7      26.062
2012   12       12     0  57    2.83   368.7    9.7      26.016
2012   12       12     1   6    2.83   368.7    9.6      25.968
2012   12       12     1  16    2.82   368.8    9.6      25.918
2012   12       12     1  25    2.81   368.8    9.6      25.868
2012   12       12     1  35    2.81   368.9    9.5      25.819
2012   12       12     1  44    2.80   368.9    9.5      25.769
2012   12       12     1  54    2.79   368.9    9.5      25.721
2012   12       12     2   3    2.79   368.9    9.5      25.672
2012   12       12     2  13    2.78   369.0    9.4      25.623
2012   12       12     2  22    2.78   369.0    9.4      25.575
2012   12       12     2  32    2.77   369.0    9.4      25.526
2012   12       12     2  41    2.77   369.0    9.4      25.477
2012   12       12     2  51    2.76   369.0    9.3      25.429
2012   12       12     3   0    2.76   369.0    9.3      25.380
2012   12       12     3   9    2.75   369.0    9.3      25.331
2012   12       12     3  19    2.75   369.0    9.3      25.283
2012   12       12     3  28    2.74   369.0    9.2      25.235
2012   12       12     3  38    2.74   369.0    9.2      25.187
2012   12       12     3  47    2.73   369.0    9.2      25.140
2012   12       12     3  57    2.73   369.0    9.2      25.092
2012   12       12     4   6    2.72   369.0    9.2      25.046
2012   12       12     4  15    2.72   369.0    9.1      25.001
2012   12       12     4  25    2.71   369.0    9.1      24.956
2012   12       12     4  34    2.71   369.0    9.1      24.912
2012   12       12     4  44    2.70   368.9    9.1      24.869
2012   12       12     4  53    2.70   368.9    9.1      24.827
2012   12       12     5   2    2.69   368.9    9.0      24.786
2012   12       12     5  12    2.69   368.9    9.0      24.745
2012   12       12     5  21    2.68   368.8    9.0      24.706
2012   12       12     5  30    2.68   368.8    9.0      24.667
2012   12       12     5  40    2.67   368.8    9.0      24.628
2012   12       12     5  49    2.67   368.7    9.0      24.590
2012   12       12     5  58    2.66   368.7    9.0      24.551
2012   12       12     6   8    2.66   368.6    8.9      24.512
2012   12       12     6  17    2.66   368.6    8.9      24.474
2012   12       12     6  26    2.65   368.6    8.9      24.435
2012   12       12     6  36    2.65   368.5    8.9      24.397
2012   12       12     6  45    2.64   368.5    8.9      24.358
2012   12       12     6  54    2.64   368.4    8.9      24.320
2012   12       12     7   4    2.64   368.4    8.9      24.282
2012   12       12     7  13    2.63   368.3    8.8      24.245
2012   12       12     7  22    2.63   368.3    8.8      24.207
2012   12       12     7  32    2.62   368.3    8.8      24.170
2012   12       12     7  41    2.62   368.2    8.8      24.133
2012   12       12     7  50    2.62   368.2    8.8      24.097
2012   12       12     8   0    2.61   368.1    8.8      24.061
2012   12       12     8   9    2.61   368.1    8.8      24.025
2012   12       12     8  19    2.61   368.0    8.8      23.989
2012   12       12     8  28    2.60   368.0    8.7      23.954
2012   12       12     8  38    2.60   367.9    8.7      23.919
2012   12       12     8  47    2.59   367.9    8.7      23.884
2012   12       12     8  57    2.59   367.8    8.7      23.849
2012   12       12     9   6    2.59   367.8    8.7      23.814
2012   12       12     9  16    2.58   367.7    8.7      23.779
2012   12       12     9  25    2.58   367.6    8.7      23.744
2012   12       12     9  35    2.58   367.6    8.7      23.708
2012   12       12     9  44    2.57   367.5    8.6      23.672
2012   12       12     9  53    2.57   367.4    8.6      23.635
2012   12       12    10   3    2.57   367.4    8.6      23.599
2012   12       12    10  12    2.57   367.3    8.6      23.562
2012   12       12    10  22    2.56   367.2    8.6      23.525
2012   12       12    10  31    2.56   367.1    8.6      23.488
2012   12       12    10  41    2.56   367.1    8.6      23.452
2012   12       12    10  50    2.55   367.0    8.6      23.416
2012   12       12    10  59    2.55   366.9    8.6      23.380
2012   12       12    11   9    2.55   366.8    8.6      23.345
2012   12       12    11  18    2.55   366.7    8.5      23.311
2012   12       12    11  28    2.54   366.7    8.5      23.277
2012   12       12    11  37    2.54   366.6    8.5      23.244
2012   12       12    11  47    2.54   366.5    8.5      23.212
2012   12       12    11  56    2.53   366.4    8.5      23.181
2012   12       12    12   5    2.53   366.3    8.5      23.150
2012   12       12    12  15    2.53   366.2    8.5      23.121
2012   12       12    12  24    2.53   366.1    8.5      23.092
2012   12       12    12  33    2.52   366.0    8.5      23.065
2012   12       12    12  43    2.52   365.9    8.5      23.038
2012   12       12    12  52    2.52   365.8    8.5      23.013
2012   12       12    13   1    2.52   365.7    8.5      22.987
2012   12       12    13  11    2.52   365.6    8.5      22.962
2012   12       12    13  20    2.51   365.5    8.5      22.937
2012   12       12    13  29    2.51   365.4    8.5      22.912
2012   12       12    13  39    2.51   365.3    8.5      22.886
2012   12       12    13  48    2.51   365.2    8.5      22.861
2012   12       12    13  57    2.51   365.1    8.5      22.836
2012   12       12    14   7    2.50   365.0    8.4      22.812
2012   12       12    14  16    2.50   364.9    8.4      22.787
2012   12       12    14  25    2.50   364.8    8.4      22.762
2012   12       12    14  35    2.50   364.7    8.4      22.738
2012   12       12    14  44    2.50   364.6    8.4      22.713
2012   12       12    14  53    2.49   364.5    8.4      22.689
2012   12       12    15   3    2.49   364.4    8.4      22.665
2012   12       12    15  12    2.49   364.3    8.4      22.640
2012   12       12    15  21    2.49   364.2    8.4      22.616
2012   12       12    15  31    2.49   364.1    8.4      22.591
2012   12       12    15  40    2.49   364.0    8.4      22.567
2012   12       12    15  50    2.48   363.9    8.4      22.543
2012   12       12    15  59    2.48   363.8    8.4      22.519
2012   12       12    16   9    2.48   363.7    8.4      22.495
2012   12       12    16  18    2.48   363.6    8.4      22.471
2012   12       12    16  28    2.48   363.5    8.4      22.447
2012   12       12    16  37    2.48   363.4    8.4      22.424
2012   12       12    16  47    2.48   363.3    8.4      22.400
2012   12       12    16  56    2.47   363.1    8.4      22.377
2012   12       12    17   6    2.47   363.0    8.4      22.353
2012   12       12    17  15    2.47   362.9    8.4      22.330
2012   12       12    17  25    2.47   362.8    8.4      22.307
2012   12       12    17  34    2.47   362.7    8.4      22.284
2012   12       12    17  44    2.47   362.6    8.4      22.261
2012   12       12    17  53    2.47   362.5    8.4      22.238
2012   12       12    18   2    2.46   362.4    8.4      22.215
2012   12       12    18  12    2.46   362.2    8.4      22.193
2012   12       12    18  21    2.46   362.1    8.4      22.170
2012   12       12    18  31    2.46   362.0    8.4      22.148
2012   12       12    18  40    2.46   361.9    8.4      22.126
2012   12       12    18  49    2.46   361.8    8.4      22.104
2012   12       12    18  59    2.46   361.7    8.4      22.082
2012   12       12    19   8    2.46   361.6    8.4      22.061
2012   12       12    19  18    2.45   361.4    8.4      22.040
2012   12       12    19  27    2.45   361.3    8.4      22.019
2012   12       12    19  36    2.45   361.2    8.4      21.998
2012   12       12    19  46    2.45   361.1    8.4      21.977
2012   12       12    19  55    2.45   361.0    8.4      21.956
2012   12       12    20   4    2.45   360.9    8.4      21.936
2012   12       12    20  14    2.45   360.7    8.4      21.916
2012   12       12    20  23    2.45   360.6    8.4      21.896
2012   12       12    20  32    2.45   360.5    8.4      21.876
2012   12       12    20  42    2.45   360.4    8.4      21.857
2012   12       12    20  51    2.44   360.3    8.4      21.837
2012   12       12    21   0    2.44   360.1    8.4      21.818
2012   12       12    21  10    2.44   360.0    8.4      21.799
2012   12       12    21  19    2.44   359.9    8.4      21.780
2012   12       12    21  28    2.44   359.8    8.4      21.761
2012   12       12    21  38    2.44   359.7    8.4      21.743
2012   12       12    21  47    2.44   359.5    8.4      21.724
2012   12       12    21  56    2.44   359.4    8.4      21.706
2012   12       12    22   6    2.44   359.3    8.4      21.687
2012   12       12    22  15    2.44   359.2    8.4      21.669
2012   12       12    22  24    2.44   359.0    8.4      21.650
2012   12       12    22  34    2.44   358.9    8.4      21.631
2012   12       12    22  43    2.44   358.8    8.4      21.612
2012   12       12    22  53    2.44   358.7    8.4      21.594
2012   12       12    23   2    2.43   358.5    8.4      21.575
2012   12       12    23  12    2.43   358.4    8.4      21.556
2012   12       12    23  21    2.43   358.3    8.4      21.537
2012   12       12    23  31    2.43   358.2    8.4      21.519
2012   12       12    23  40    2.43   358.0    8.4      21.500
2012   12       12    23  50    2.43   357.9    8.4      21.482
2012   12       12    23  59    2.43   357.8    8.4      21.464
2012   12       13     0   8    2.43   357.7    8.4      21.446
2012   12       13     0  18    2.43   357.5    8.4      21.428
2012   12       13     0  27    2.43   357.4    8.4      21.410
2012   12       13     0  37    2.43   357.3    8.4      21.393
2012   12       13     0  46    2.43   357.1    8.4      21.375
2012   12       13     0  56    2.43   357.0    8.4      21.358
2012   12       13     1   5    2.43   356.9    8.4      21.342
2012   12       13     1  15    2.43   356.8    8.4      21.325
2012   12       13     1  24    2.43   356.6    8.4      21.309
2012   12       13     1  33    2.43   356.5    8.4      21.292
2012   12       13     1  43    2.43   356.4    8.4      21.277
2012   12       13     1  52    2.43   356.2    8.4      21.261
2012   12       13     2   2    2.43   356.1    8.4      21.245
2012   12       13     2  11    2.43   356.0    8.4      21.230
2012   12       13     2  20    2.43   355.9    8.4      21.215
2012   12       13     2  30    2.43   355.7    8.4      21.200
2012   12       13     2  39    2.43   355.6    8.4      21.185
2012   12       13     2  49    2.42   355.5    8.4      21.170
2012   12       13     2  58    2.42   355.3    8.4      21.155
2012   12       13     3   7    2.42   355.2    8.4      21.141
2012   12       13     3  17    2.42   355.1    8.4      21.126
2012   12       13     3  26    2.42   355.0    8.4      21.112
2012   12       13     3  35    2.42   354.8    8.4      21.098
2012   12       13     3  45    2.42   354.7    8.4      21.083
2012   12       13     3  54    2.42   354.6    8.4      21.069
2012   12       13     4   3    2.42   354.4    8.4      21.055
2012   12       13     4  13    2.42   354.3    8.4      21.041
2012   12       13     4  22    2.42   354.2    8.4      21.027
2012   12       13     4  31    2.42   354.1    8.4      21.013
2012   12       13     4  41    2.42   353.9    8.4      20.999
2012   12       13     4  50    2.42   353.8    8.4      20.985
2012   12       13     4  59    2.42   353.7    8.4      20.971
2012   12       13     5   9    2.42   353.5    8.4      20.957
2012   12       13     5  18    2.42   353.4    8.4      20.943
2012   12       13     5  27    2.42   353.3    8.4      20.929
2012   12       13     5  37    2.42   353.1    8.5      20.914
2012   12       13     5  46    2.42   353.0    8.5      20.900
2012   12       13     5  55    2.42   352.9    8.5      20.886
2012   12       13     6   5    2.42   352.7    8.5      20.872
2012   12       13     6  14    2.42   352.6    8.5      20.857
2012   12       13     6  24    2.42   352.5    8.5      20.843
2012   12       13     6  33    2.42   352.3    8.5      20.829
2012   12       13     6  43    2.42   352.2    8.5      20.815
2012   12       13     6  52    2.42   352.1    8.5      20.801
2012   12       13     7   2    2.42   351.9    8.5      20.788
2012   12       13     7  11    2.42   351.8    8.5      20.774
2012   12       13     7  21    2.43   351.7    8.5      20.761
2012   12       13     7  30    2.43   351.5    8.5      20.748
2012   12       13     7  40    2.43   351.4    8.5      20.735
2012   12       13     7  49    2.43   351.3    8.5      20.723
2012   12       13     7  59    2.43   351.2    8.5      20.711
2012   12       13     8   8    2.43   351.0    8.5      20.700
2012   12       13     8  17    2.43   350.9    8.5      20.689
2012   12       13     8  27    2.43   350.8    8.5      20.678
2012   12       13     8  36    2.43   350.6    8.5      20.668
2012   12       13     8  46    2.43   350.5    8.6      20.658
2012   12       13     8  55    2.43   350.4    8.6      20.649
2012   12       13     9   5    2.43   350.2    8.6      20.641
2012   12       13     9  14    2.43   350.1    8.6      20.632
2012   12       13     9  23    2.44   350.0    8.6      20.625
2012   12       13     9  33    2.44   349.9    8.6      20.617
2012   12       13     9  42    2.44   349.7    8.6      20.611
2012   12       13     9  51    2.44   349.6    8.6      20.604
2012   12       13    10   1    2.44   349.5    8.6      20.599
2012   12       13    10  10    2.44   349.4    8.6      20.593
2012   12       13    10  20    2.44   349.2    8.6      20.589
2012   12       13    10  29    2.44   349.1    8.7      20.584
2012   12       13    10  38    2.44   349.0    8.7      20.581
2012   12       13    10  48    2.45   348.9    8.7      20.578
2012   12       13    10  57    2.45   348.8    8.7      20.575
2012   12       13    11   6    2.45   348.6    8.7      20.573
2012   12       13    11  16    2.45   348.5    8.7      20.571
2012   12       13    11  25    2.45   348.4    8.7      20.570
2012   12       13    11  34    2.45   348.3    8.7      20.569
2012   12       13    11  44    2.45   348.2    8.8      20.568
2012   12       13    11  53    2.46   348.1    8.8      20.568
2012   12       13    12   2    2.46   348.0    8.8      20.569
2012   12       13    12  12    2.46   347.8    8.8      20.569
2012   12       13    12  21    2.46   347.7    8.8      20.570
2012   12       13    12  30    2.46   347.6    8.8      20.572
2012   12       13    12  40    2.46   347.5    8.8      20.573
2012   12       13    12  49    2.46   347.4    8.8      20.575
2012   12       13    12  58    2.47   347.3    8.9      20.577
2012   12       13    13   8    2.47   347.2    8.9      20.579
2012   12       13    13  17    2.47   347.1    8.9      20.582
2012   12       13    13  27    2.47   347.0    8.9      20.585
2012   12       13    13  36    2.47   346.9    8.9      20.588
2012   12       13    13  46    2.48   346.8    8.9      20.591
2012   12       13    13  55    2.48   346.7    8.9      20.595
2012   12       13    14   5    2.48   346.6    9.0      20.599
2012   12       13    14  14    2.48   346.5    9.0      20.603
2012   12       13    14  24    2.48   346.4    9.0      20.608
2012   12       13    14  33    2.49   346.3    9.0      20.613
2012   12       13    14  42    2.49   346.2    9.0      20.618
2012   12       13    14  52    2.49   346.1    9.0      20.625
2012   12       13    15   1    2.49   346.0    9.1      20.632
2012   12       13    15  11    2.49   345.9    9.1      20.640
2012   12       13    15  20    2.50   345.8    9.1      20.650
2012   12       13    15  30    2.50   345.7    9.1      20.660
2012   12       13    15  39    2.50   345.6    9.1      20.671
2012   12       13    15  49    2.50   345.6    9.1      20.683
2012   12       13    15  58    2.51   345.5    9.2      20.695
2012   12       13    16   7    2.51   345.4    9.2      20.707
2012   12       13    16  17    2.51   345.3    9.2      20.719
2012   12       13    16  26    2.51   345.3    9.2      20.731
2012   12       13    16  36    2.52   345.2    9.2      20.743
2012   12       13    16  45    2.52   345.1    9.2      20.756
2012   12       13    16  54    2.52   345.0    9.3      20.768
2012   12       13    17   4    2.53   345.0    9.3      20.781
2012   12       13    17  13    2.53   344.9    9.3      20.794
2012   12       13    17  23    2.53   344.8    9.3      20.807
2012   12       13    17  32    2.53   344.8    9.3      20.820
2012   12       13    17  41    2.54   344.7    9.3      20.834
2012   12       13    17  51    2.54   344.7    9.4      20.847
2012   12       13    18   0    2.54   344.6    9.4      20.861
2012   12       13    18   9    2.54   344.5    9.4      20.876
2012   12       13    18  19    2.55   344.5    9.4      20.890
2012   12       13    18  28    2.55   344.4    9.4      20.904
2012   12       13    18  37    2.55   344.4    9.4      20.919
2012   12       13    18  47    2.55   344.4    9.5      20.934
2012   12       13    18  56    2.56   344.3    9.5      20.949
2012   12       13    19   5    2.56   344.3    9.5      20.963
2012   12       13    19  15    2.56   344.2    9.5      20.978
2012   12       13    19  24    2.56   344.2    9.5      20.993
2012   12       13    19  33    2.57   344.1    9.5      21.008
2012   12       13    19  43    2.57   344.1    9.6      21.023
2012   12       13    19  52    2.57   344.1    9.6      21.038
2012   12       13    20   1    2.58   344.0    9.6      21.053
2012   12       13    20  10    2.58   344.0    9.6      21.068
2012   12       13    20  20    2.58   344.0    9.6      21.083
2012   12       13    20  29    2.58   343.9    9.6      21.099
2012   12       13    20  39    2.59   343.9    9.7      21.114
2012   12       13    20  48    2.59   343.9    9.7      21.130
2012   12       13    20  58    2.59   343.8    9.7      21.146
2012   12       13    21   7    2.59   343.8    9.7      21.162
2012   12       13    21  17    2.60   343.8    9.7      21.178
2012   12       13    21  26    2.60   343.7    9.7      21.194
2012   12       13    21  36    2.60   343.7    9.8      21.211
2012   12       13    21  45    2.61   343.7    9.8      21.227
2012   12       13    21  55    2.61   343.7    9.8      21.243
2012   12       13    22   4    2.61   343.6    9.8      21.260
2012   12       13    22  14    2.61   343.6    9.8      21.277
2012   12       13    22  23    2.62   343.6    9.8      21.294
2012   12       13    22  32    2.62   343.6    9.9      21.313
2012   12       13    22  42    2.62   343.6    9.9      21.331
2012   12       13    22  51    2.62   343.6    9.9      21.351
2012   12       13    23   1    2.63   343.5    9.9      21.370
2012   12       13    23  10    2.63   343.5    9.9      21.390
2012   12       13    23  20    2.63   343.5    9.9      21.409
2012   12       13    23  29    2.63   343.5    9.9      21.428
2012   12       13    23  38    2.64   343.5   10.0      21.447
2012   12       13    23  48    2.64   343.5   10.0      21.465
2012   12       13    23  57    2.64   343.5   10.0      21.483
2012   12       14     0   7    2.64   343.5   10.0      21.502
