year    month   day   hour  minute  B_enl V_enl   n_enl       T_enl
[year] [month] [day] [hour][minute] [nT]  [km/s]  [cm-3]      [kK]
2013   10        8     0   6    1.29   413.1    6.8      26.734
2013   10        8     0  15    1.29   413.1    6.8      26.729
2013   10        8     0  24    1.29   413.0    6.8      26.724
2013   10        8     0  33    1.28   413.0    6.8      26.718
2013   10        8     0  41    1.28   413.0    6.7      26.713
2013   10        8     0  50    1.28   412.9    6.7      26.707
2013   10        8     0  59    1.28   412.9    6.7      26.701
2013   10        8     1   8    1.28   412.9    6.7      26.695
2013   10        8     1  17    1.28   412.8    6.7      26.690
2013   10        8     1  26    1.28   412.8    6.7      26.684
2013   10        8     1  35    1.28   412.8    6.7      26.678
2013   10        8     1  44    1.28   412.7    6.7      26.672
2013   10        8     1  53    1.28   412.7    6.7      26.666
2013   10        8     2   1    1.28   412.7    6.7      26.660
2013   10        8     2  10    1.27   412.6    6.7      26.654
2013   10        8     2  19    1.27   412.6    6.7      26.649
2013   10        8     2  28    1.27   412.5    6.7      26.643
2013   10        8     2  37    1.27   412.5    6.7      26.637
2013   10        8     2  46    1.27   412.5    6.7      26.632
2013   10        8     2  55    1.27   412.4    6.7      26.627
2013   10        8     3   4    1.27   412.4    6.7      26.622
2013   10        8     3  13    1.27   412.3    6.7      26.617
2013   10        8     3  22    1.27   412.3    6.7      26.613
2013   10        8     3  31    1.27   412.3    6.7      26.608
2013   10        8     3  40    1.27   412.2    6.7      26.604
2013   10        8     3  49    1.27   412.2    6.7      26.600
2013   10        8     3  57    1.26   412.1    6.7      26.596
2013   10        8     4   6    1.26   412.1    6.7      26.593
2013   10        8     4  15    1.26   412.1    6.7      26.589
2013   10        8     4  24    1.26   412.0    6.7      26.585
2013   10        8     4  33    1.26   412.0    6.7      26.580
2013   10        8     4  42    1.26   412.0    6.7      26.575
2013   10        8     4  51    1.26   411.9    6.7      26.569
2013   10        8     5   0    1.26   411.9    6.6      26.563
2013   10        8     5   9    1.26   411.8    6.6      26.556
2013   10        8     5  18    1.26   411.8    6.6      26.549
2013   10        8     5  27    1.25   411.8    6.6      26.541
2013   10        8     5  36    1.25   411.7    6.6      26.533
2013   10        8     5  45    1.25   411.7    6.6      26.525
2013   10        8     5  54    1.25   411.7    6.6      26.516
2013   10        8     6   3    1.25   411.6    6.6      26.507
2013   10        8     6  12    1.25   411.6    6.6      26.498
2013   10        8     6  21    1.25   411.6    6.6      26.489
2013   10        8     6  30    1.25   411.5    6.6      26.479
2013   10        8     6  39    1.25   411.5    6.6      26.469
2013   10        8     6  48    1.24   411.5    6.6      26.459
2013   10        8     6  57    1.24   411.4    6.6      26.449
2013   10        8     7   6    1.24   411.4    6.6      26.439
2013   10        8     7  15    1.24   411.4    6.6      26.428
2013   10        8     7  23    1.24   411.3    6.6      26.417
2013   10        8     7  32    1.24   411.3    6.6      26.406
2013   10        8     7  41    1.24   411.2    6.6      26.395
2013   10        8     7  50    1.24   411.2    6.6      26.384
2013   10        8     7  59    1.23   411.2    6.5      26.373
2013   10        8     8   8    1.23   411.1    6.5      26.361
2013   10        8     8  17    1.23   411.1    6.5      26.350
2013   10        8     8  26    1.23   411.0    6.5      26.338
2013   10        8     8  35    1.23   411.0    6.5      26.326
2013   10        8     8  44    1.23   411.0    6.5      26.314
2013   10        8     8  53    1.23   410.9    6.5      26.302
2013   10        8     9   2    1.22   410.9    6.5      26.289
2013   10        8     9  11    1.22   410.8    6.5      26.277
2013   10        8     9  20    1.22   410.8    6.5      26.264
2013   10        8     9  29    1.22   410.7    6.5      26.251
2013   10        8     9  38    1.22   410.7    6.5      26.238
2013   10        8     9  47    1.22   410.7    6.5      26.225
2013   10        8     9  56    1.22   410.6    6.5      26.212
2013   10        8    10   5    1.21   410.6    6.5      26.198
2013   10        8    10  15    1.21   410.5    6.4      26.185
2013   10        8    10  24    1.21   410.5    6.4      26.171
2013   10        8    10  33    1.21   410.4    6.4      26.157
2013   10        8    10  42    1.21   410.4    6.4      26.143
2013   10        8    10  51    1.21   410.3    6.4      26.128
2013   10        8    11   0    1.21   410.2    6.4      26.114
2013   10        8    11   9    1.20   410.2    6.4      26.099
2013   10        8    11  18    1.20   410.1    6.4      26.084
2013   10        8    11  27    1.20   410.1    6.4      26.068
2013   10        8    11  36    1.20   410.0    6.4      26.053
2013   10        8    11  45    1.20   410.0    6.4      26.036
2013   10        8    11  54    1.20   409.9    6.4      26.020
2013   10        8    12   3    1.20   409.8    6.4      26.003
2013   10        8    12  12    1.19   409.8    6.4      25.986
2013   10        8    12  21    1.19   409.7    6.4      25.969
2013   10        8    12  30    1.19   409.7    6.3      25.951
2013   10        8    12  39    1.19   409.6    6.3      25.933
2013   10        8    12  48    1.19   409.5    6.3      25.915
2013   10        8    12  57    1.19   409.5    6.3      25.897
2013   10        8    13   6    1.18   409.4    6.3      25.879
2013   10        8    13  16    1.18   409.3    6.3      25.860
2013   10        8    13  25    1.18   409.2    6.3      25.841
2013   10        8    13  34    1.18   409.2    6.3      25.823
2013   10        8    13  43    1.18   409.1    6.3      25.804
2013   10        8    13  52    1.18   409.0    6.3      25.785
2013   10        8    14   1    1.18   409.0    6.3      25.766
2013   10        8    14  10    1.17   408.9    6.3      25.747
2013   10        8    14  19    1.17   408.8    6.3      25.728
2013   10        8    14  28    1.17   408.7    6.3      25.709
2013   10        8    14  37    1.17   408.6    6.2      25.690
2013   10        8    14  46    1.17   408.6    6.2      25.671
2013   10        8    14  56    1.17   408.5    6.2      25.652
2013   10        8    15   5    1.16   408.4    6.2      25.634
2013   10        8    15  14    1.16   408.3    6.2      25.615
2013   10        8    15  23    1.16   408.2    6.2      25.597
2013   10        8    15  32    1.16   408.2    6.2      25.578
2013   10        8    15  41    1.16   408.1    6.2      25.560
2013   10        8    15  50    1.16   408.0    6.2      25.542
2013   10        8    15  59    1.16   407.9    6.2      25.524
2013   10        8    16   8    1.15   407.8    6.2      25.506
2013   10        8    16  18    1.15   407.7    6.2      25.489
2013   10        8    16  27    1.15   407.6    6.2      25.471
2013   10        8    16  36    1.15   407.5    6.2      25.453
2013   10        8    16  45    1.15   407.5    6.2      25.436
2013   10        8    16  54    1.15   407.4    6.2      25.418
2013   10        8    17   3    1.14   407.3    6.2      25.401
2013   10        8    17  12    1.14   407.2    6.1      25.383
2013   10        8    17  22    1.14   407.1    6.1      25.365
2013   10        8    17  31    1.14   407.0    6.1      25.348
2013   10        8    17  40    1.14   406.9    6.1      25.330
2013   10        8    17  49    1.14   406.8    6.1      25.312
2013   10        8    17  58    1.14   406.7    6.1      25.295
2013   10        8    18   7    1.13   406.6    6.1      25.277
2013   10        8    18  17    1.13   406.5    6.1      25.259
2013   10        8    18  26    1.13   406.4    6.1      25.241
2013   10        8    18  35    1.13   406.3    6.1      25.223
2013   10        8    18  44    1.13   406.2    6.1      25.204
2013   10        8    18  53    1.13   406.1    6.1      25.186
2013   10        8    19   2    1.13   406.0    6.1      25.168
2013   10        8    19  12    1.12   405.9    6.1      25.149
2013   10        8    19  21    1.12   405.8    6.1      25.131
2013   10        8    19  30    1.12   405.7    6.1      25.112
2013   10        8    19  39    1.12   405.6    6.1      25.093
2013   10        8    19  48    1.12   405.5    6.1      25.074
2013   10        8    19  58    1.12   405.4    6.1      25.056
2013   10        8    20   7    1.12   405.2    6.1      25.037
2013   10        8    20  16    1.11   405.1    6.1      25.018
2013   10        8    20  25    1.11   405.0    6.0      24.999
2013   10        8    20  34    1.11   404.9    6.0      24.980
2013   10        8    20  44    1.11   404.8    6.0      24.961
2013   10        8    20  53    1.11   404.7    6.0      24.942
2013   10        8    21   2    1.11   404.6    6.0      24.923
2013   10        8    21  11    1.11   404.5    6.0      24.905
2013   10        8    21  21    1.10   404.3    6.0      24.886
2013   10        8    21  30    1.10   404.2    6.0      24.867
2013   10        8    21  39    1.10   404.1    6.0      24.849
2013   10        8    21  48    1.10   404.0    6.0      24.830
2013   10        8    21  58    1.10   403.9    6.0      24.812
2013   10        8    22   7    1.10   403.7    6.0      24.794
2013   10        8    22  16    1.10   403.6    6.0      24.776
2013   10        8    22  25    1.09   403.5    6.0      24.758
2013   10        8    22  35    1.09   403.4    6.0      24.740
2013   10        8    22  44    1.09   403.3    6.0      24.722
2013   10        8    22  53    1.09   403.1    6.0      24.704
2013   10        8    23   2    1.09   403.0    6.0      24.686
2013   10        8    23  12    1.09   402.9    6.0      24.668
2013   10        8    23  21    1.09   402.7    6.0      24.650
2013   10        8    23  30    1.09   402.6    6.0      24.632
2013   10        8    23  40    1.08   402.5    6.0      24.614
2013   10        8    23  49    1.08   402.3    6.0      24.595
2013   10        8    23  58    1.08   402.2    6.0      24.577
2013   10        9     0   7    1.08   402.0    6.0      24.558
2013   10        9     0  17    1.08   401.9    6.0      24.539
2013   10        9     0  26    1.08   401.8    6.0      24.520
2013   10        9     0  35    1.08   401.6    6.0      24.501
2013   10        9     0  45    1.07   401.5    5.9      24.481
2013   10        9     0  54    1.07   401.3    5.9      24.461
2013   10        9     1   3    1.07   401.2    5.9      24.441
2013   10        9     1  12    1.07   401.0    5.9      24.420
2013   10        9     1  22    1.07   400.9    5.9      24.400
2013   10        9     1  31    1.07   400.7    5.9      24.378
2013   10        9     1  40    1.07   400.6    5.9      24.357
2013   10        9     1  50    1.07   400.4    5.9      24.335
2013   10        9     1  59    1.06   400.3    5.9      24.313
2013   10        9     2   8    1.06   400.1    5.9      24.291
2013   10        9     2  18    1.06   400.0    5.9      24.268
2013   10        9     2  27    1.06   399.8    5.9      24.245
2013   10        9     2  36    1.06   399.6    5.9      24.222
2013   10        9     2  46    1.06   399.5    5.9      24.198
2013   10        9     2  55    1.06   399.3    5.9      24.174
2013   10        9     3   4    1.06   399.2    5.9      24.150
2013   10        9     3  14    1.06   399.0    5.9      24.125
2013   10        9     3  23    1.05   398.8    5.9      24.100
2013   10        9     3  32    1.05   398.7    5.9      24.075
2013   10        9     3  42    1.05   398.5    5.9      24.050
2013   10        9     3  51    1.05   398.4    5.9      24.024
2013   10        9     4   0    1.05   398.2    5.8      23.998
2013   10        9     4  10    1.05   398.0    5.8      23.972
2013   10        9     4  19    1.05   397.9    5.8      23.946
2013   10        9     4  28    1.05   397.7    5.8      23.919
2013   10        9     4  38    1.04   397.5    5.8      23.892
2013   10        9     4  47    1.04   397.3    5.8      23.865
2013   10        9     4  57    1.04   397.2    5.8      23.838
2013   10        9     5   6    1.04   397.0    5.8      23.810
2013   10        9     5  15    1.04   396.8    5.8      23.783
2013   10        9     5  25    1.04   396.6    5.8      23.755
2013   10        9     5  34    1.04   396.5    5.8      23.728
2013   10        9     5  44    1.04   396.3    5.8      23.700
2013   10        9     5  53    1.04   396.1    5.8      23.672
2013   10        9     6   2    1.03   395.9    5.8      23.644
2013   10        9     6  12    1.03   395.7    5.8      23.617
2013   10        9     6  21    1.03   395.6    5.8      23.589
2013   10        9     6  31    1.03   395.4    5.8      23.561
2013   10        9     6  40    1.03   395.2    5.8      23.534
2013   10        9     6  49    1.03   395.0    5.8      23.506
2013   10        9     6  59    1.03   394.8    5.7      23.479
2013   10        9     7   8    1.03   394.6    5.7      23.452
2013   10        9     7  18    1.03   394.4    5.7      23.425
2013   10        9     7  27    1.02   394.2    5.7      23.398
2013   10        9     7  36    1.02   394.0    5.7      23.371
2013   10        9     7  46    1.02   393.8    5.7      23.344
2013   10        9     7  55    1.02   393.6    5.7      23.317
2013   10        9     8   5    1.02   393.5    5.7      23.291
2013   10        9     8  14    1.02   393.3    5.7      23.264
2013   10        9     8  24    1.02   393.1    5.7      23.237
2013   10        9     8  33    1.02   392.9    5.7      23.210
2013   10        9     8  43    1.02   392.7    5.7      23.183
2013   10        9     8  52    1.02   392.5    5.7      23.156
2013   10        9     9   1    1.01   392.3    5.7      23.129
2013   10        9     9  11    1.01   392.1    5.7      23.101
2013   10        9     9  20    1.01   391.9    5.7      23.073
2013   10        9     9  30    1.01   391.7    5.7      23.045
2013   10        9     9  39    1.01   391.5    5.7      23.016
2013   10        9     9  49    1.01   391.3    5.7      22.987
2013   10        9     9  58    1.01   391.1    5.6      22.957
2013   10        9    10   8    1.01   390.9    5.6      22.927
2013   10        9    10  17    1.01   390.7    5.6      22.897
2013   10        9    10  27    1.01   390.5    5.6      22.867
2013   10        9    10  36    1.01   390.3    5.6      22.836
2013   10        9    10  46    1.00   390.1    5.6      22.805
2013   10        9    10  55    1.00   389.8    5.6      22.773
2013   10        9    11   5    1.00   389.6    5.6      22.742
2013   10        9    11  14    1.00   389.4    5.6      22.710
2013   10        9    11  24    1.00   389.2    5.6      22.678
2013   10        9    11  33    1.00   389.0    5.6      22.645
2013   10        9    11  43    1.00   388.8    5.6      22.613
2013   10        9    11  52    1.00   388.6    5.6      22.580
2013   10        9    12   2    1.00   388.4    5.6      22.547
2013   10        9    12  11    1.00   388.2    5.6      22.514
2013   10        9    12  21    1.00   388.0    5.6      22.481
2013   10        9    12  31    0.99   387.8    5.6      22.447
2013   10        9    12  40    0.99   387.6    5.6      22.414
2013   10        9    12  50    0.99   387.4    5.5      22.380
2013   10        9    12  59    0.99   387.1    5.5      22.346
2013   10        9    13   9    0.99   386.9    5.5      22.312
2013   10        9    13  18    0.99   386.7    5.5      22.279
2013   10        9    13  28    0.99   386.5    5.5      22.245
2013   10        9    13  37    0.99   386.3    5.5      22.211
2013   10        9    13  47    0.99   386.1    5.5      22.177
2013   10        9    13  57    0.99   385.9    5.5      22.143
2013   10        9    14   6    0.99   385.6    5.5      22.110
2013   10        9    14  16    0.98   385.4    5.5      22.076
2013   10        9    14  25    0.98   385.2    5.5      22.043
2013   10        9    14  35    0.98   385.0    5.5      22.010
2013   10        9    14  44    0.98   384.8    5.5      21.977
2013   10        9    14  54    0.98   384.6    5.5      21.945
2013   10        9    15   4    0.98   384.3    5.5      21.913
2013   10        9    15  13    0.98   384.1    5.5      21.881
2013   10        9    15  23    0.98   383.9    5.5      21.850
2013   10        9    15  32    0.98   383.7    5.5      21.819
2013   10        9    15  42    0.98   383.4    5.5      21.788
2013   10        9    15  52    0.98   383.2    5.5      21.758
2013   10        9    16   1    0.98   383.0    5.5      21.729
2013   10        9    16  11    0.98   382.8    5.5      21.700
2013   10        9    16  20    0.98   382.6    5.5      21.672
2013   10        9    16  30    0.97   382.3    5.5      21.644
2013   10        9    16  39    0.97   382.1    5.5      21.617
2013   10        9    16  49    0.97   381.9    5.5      21.590
2013   10        9    16  59    0.97   381.7    5.5      21.564
2013   10        9    17   8    0.97   381.4    5.5      21.538
2013   10        9    17  18    0.97   381.2    5.5      21.513
2013   10        9    17  27    0.97   381.0    5.5      21.488
2013   10        9    17  37    0.97   380.8    5.5      21.463
2013   10        9    17  47    0.97   380.5    5.5      21.439
2013   10        9    17  56    0.97   380.3    5.5      21.415
2013   10        9    18   6    0.97   380.1    5.5      21.391
2013   10        9    18  15    0.97   379.9    5.5      21.367
2013   10        9    18  25    0.97   379.6    5.5      21.344
2013   10        9    18  35    0.97   379.4    5.5      21.320
2013   10        9    18  44    0.97   379.2    5.5      21.296
2013   10        9    18  54    0.97   379.0    5.5      21.272
2013   10        9    19   3    0.97   378.7    5.5      21.248
2013   10        9    19  13    0.97   378.5    5.5      21.223
2013   10        9    19  23    0.97   378.3    5.5      21.198
2013   10        9    19  32    0.97   378.1    5.5      21.173
2013   10        9    19  42    0.97   377.8    5.6      21.147
2013   10        9    19  51    0.97   377.6    5.6      21.121
2013   10        9    20   1    0.97   377.4    5.6      21.094
2013   10        9    20  11    0.97   377.2    5.6      21.067
2013   10        9    20  20    0.96   376.9    5.6      21.040
2013   10        9    20  30    0.96   376.7    5.6      21.013
2013   10        9    20  40    0.96   376.5    5.6      20.986
2013   10        9    20  49    0.96   376.3    5.6      20.958
2013   10        9    20  59    0.96   376.0    5.6      20.931
2013   10        9    21   8    0.96   375.8    5.6      20.903
2013   10        9    21  18    0.96   375.6    5.6      20.876
2013   10        9    21  28    0.96   375.4    5.6      20.848
2013   10        9    21  37    0.96   375.1    5.6      20.821
2013   10        9    21  47    0.96   374.9    5.6      20.793
2013   10        9    21  57    0.96   374.7    5.6      20.766
2013   10        9    22   6    0.96   374.5    5.6      20.738
2013   10        9    22  16    0.96   374.3    5.6      20.711
2013   10        9    22  25    0.96   374.0    5.6      20.683
2013   10        9    22  35    0.96   373.8    5.6      20.656
2013   10        9    22  45    0.96   373.6    5.6      20.629
2013   10        9    22  54    0.96   373.4    5.6      20.601
2013   10        9    23   4    0.96   373.2    5.6      20.574
2013   10        9    23  14    0.96   372.9    5.6      20.546
2013   10        9    23  23    0.96   372.7    5.6      20.519
2013   10        9    23  33    0.96   372.5    5.6      20.492
2013   10        9    23  43    0.96   372.3    5.6      20.464
2013   10        9    23  52    0.96   372.1    5.6      20.437
2013   10       10     0   2    0.96   371.9    5.6      20.410
2013   10       10     0  11    0.96   371.6    5.6      20.382
2013   10       10     0  21    0.96   371.4    5.6      20.355
2013   10       10     0  31    0.96   371.2    5.6      20.328
2013   10       10     0  41    0.96   371.0    5.6      20.301
2013   10       10     0  50    0.96   370.8    5.7      20.275
2013   10       10     1   0    0.96   370.5    5.7      20.248
2013   10       10     1  10    0.96   370.3    5.7      20.221
2013   10       10     1  20    0.96   370.1    5.7      20.195
2013   10       10     1  29    0.96   369.9    5.7      20.169
2013   10       10     1  39    0.96   369.6    5.7      20.143
2013   10       10     1  49    0.96   369.4    5.7      20.117
2013   10       10     1  59    0.96   369.2    5.7      20.092
2013   10       10     2   9    0.96   369.0    5.7      20.067
2013   10       10     2  19    0.96   368.7    5.7      20.042
2013   10       10     2  29    0.96   368.5    5.7      20.017
2013   10       10     2  39    0.96   368.3    5.7      19.993
2013   10       10     2  49    0.96   368.1    5.7      19.969
2013   10       10     2  59    0.96   367.8    5.7      19.946
2013   10       10     3   9    0.96   367.6    5.7      19.923
2013   10       10     3  19    0.96   367.4    5.7      19.900
2013   10       10     3  29    0.96   367.1    5.7      19.878
2013   10       10     3  39    0.96   366.9    5.7      19.856
2013   10       10     3  49    0.96   366.7    5.7      19.834
2013   10       10     4   0    0.96   366.5    5.8      19.813
2013   10       10     4  10    0.96   366.2    5.8      19.791
2013   10       10     4  20    0.96   366.0    5.8      19.770
2013   10       10     4  30    0.96   365.7    5.8      19.750
2013   10       10     4  41    0.96   365.5    5.8      19.729
2013   10       10     4  51    0.96   365.3    5.8      19.709
2013   10       10     5   1    0.96   365.0    5.8      19.689
2013   10       10     5  12    0.96   364.8    5.8      19.669
2013   10       10     5  22    0.96   364.6    5.8      19.649
2013   10       10     5  33    0.96   364.3    5.8      19.629
2013   10       10     5  43    0.96   364.1    5.8      19.610
2013   10       10     5  53    0.96   363.8    5.8      19.591
2013   10       10     6   4    0.96   363.6    5.8      19.572
2013   10       10     6  14    0.96   363.4    5.9      19.554
2013   10       10     6  25    0.96   363.1    5.9      19.535
2013   10       10     6  35    0.96   362.9    5.9      19.517
2013   10       10     6  45    0.96   362.6    5.9      19.499
2013   10       10     6  56    0.96   362.4    5.9      19.482
2013   10       10     7   6    0.96   362.2    5.9      19.464
2013   10       10     7  17    0.96   361.9    5.9      19.447
2013   10       10     7  27    0.96   361.7    5.9      19.430
2013   10       10     7  38    0.96   361.5    5.9      19.414
2013   10       10     7  48    0.96   361.2    5.9      19.397
2013   10       10     7  59    0.96   361.0    5.9      19.382
2013   10       10     8   9    0.96   360.8    6.0      19.366
2013   10       10     8  19    0.96   360.5    6.0      19.351
2013   10       10     8  30    0.96   360.3    6.0      19.336
2013   10       10     8  40    0.96   360.1    6.0      19.322
2013   10       10     8  51    0.96   359.8    6.0      19.308
2013   10       10     9   1    0.96   359.6    6.0      19.295
2013   10       10     9  12    0.96   359.4    6.0      19.282
2013   10       10     9  22    0.96   359.1    6.0      19.269
2013   10       10     9  33    0.97   358.9    6.0      19.257
2013   10       10     9  43    0.97   358.7    6.1      19.246
2013   10       10     9  53    0.97   358.5    6.1      19.235
2013   10       10    10   4    0.97   358.2    6.1      19.224
2013   10       10    10  14    0.97   358.0    6.1      19.214
2013   10       10    10  25    0.97   357.8    6.1      19.204
2013   10       10    10  35    0.97   357.6    6.1      19.195
2013   10       10    10  46    0.97   357.4    6.1      19.186
2013   10       10    10  56    0.97   357.1    6.1      19.178
2013   10       10    11   7    0.97   356.9    6.2      19.170
2013   10       10    11  17    0.97   356.7    6.2      19.163
2013   10       10    11  28    0.97   356.5    6.2      19.156
2013   10       10    11  38    0.98   356.3    6.2      19.149
2013   10       10    11  49    0.98   356.1    6.2      19.143
2013   10       10    11  59    0.98   355.9    6.2      19.138
2013   10       10    12  10    0.98   355.6    6.2      19.133
2013   10       10    12  20    0.98   355.4    6.3      19.128
2013   10       10    12  31    0.98   355.2    6.3      19.124
2013   10       10    12  41    0.98   355.0    6.3      19.120
2013   10       10    12  52    0.98   354.8    6.3      19.116
2013   10       10    13   2    0.98   354.6    6.3      19.113
2013   10       10    13  13    0.99   354.4    6.3      19.111
2013   10       10    13  23    0.99   354.2    6.4      19.108
2013   10       10    13  34    0.99   354.0    6.4      19.106
2013   10       10    13  44    0.99   353.8    6.4      19.104
2013   10       10    13  55    0.99   353.6    6.4      19.103
2013   10       10    14   5    0.99   353.4    6.4      19.101
2013   10       10    14  16    0.99   353.2    6.4      19.100
2013   10       10    14  26    1.00   353.1    6.5      19.099
2013   10       10    14  37    1.00   352.9    6.5      19.098
2013   10       10    14  47    1.00   352.7    6.5      19.098
2013   10       10    14  58    1.00   352.5    6.5      19.097
2013   10       10    15   8    1.00   352.3    6.5      19.097
2013   10       10    15  19    1.00   352.1    6.5      19.096
2013   10       10    15  30    1.00   351.9    6.6      19.096
2013   10       10    15  40    1.00   351.8    6.6      19.096
2013   10       10    15  51    1.01   351.6    6.6      19.095
2013   10       10    16   1    1.01   351.4    6.6      19.095
2013   10       10    16  12    1.01   351.2    6.6      19.094
2013   10       10    16  22    1.01   351.0    6.6      19.093
2013   10       10    16  33    1.01   350.9    6.7      19.093
2013   10       10    16  44    1.01   350.7    6.7      19.092
2013   10       10    16  54    1.01   350.5    6.7      19.091
2013   10       10    17   5    1.02   350.3    6.7      19.090
2013   10       10    17  15    1.02   350.2    6.7      19.089
2013   10       10    17  26    1.02   350.0    6.7      19.088
2013   10       10    17  36    1.02   349.8    6.7      19.086
2013   10       10    17  47    1.02   349.6    6.8      19.085
2013   10       10    17  58    1.02   349.5    6.8      19.083
2013   10       10    18   8    1.02   349.3    6.8      19.082
2013   10       10    18  19    1.02   349.1    6.8      19.080
2013   10       10    18  30    1.03   349.0    6.8      19.078
2013   10       10    18  40    1.03   348.8    6.8      19.076
2013   10       10    18  51    1.03   348.6    6.9      19.074
2013   10       10    19   2    1.03   348.5    6.9      19.073
2013   10       10    19  12    1.03   348.3    6.9      19.071
2013   10       10    19  23    1.03   348.1    6.9      19.069
2013   10       10    19  34    1.03   348.0    6.9      19.067
2013   10       10    19  44    1.04   347.8    6.9      19.065
2013   10       10    19  55    1.04   347.7    6.9      19.063
2013   10       10    20   6    1.04   347.5    7.0      19.061
2013   10       10    20  17    1.04   347.3    7.0      19.059
2013   10       10    20  27    1.04   347.2    7.0      19.057
2013   10       10    20  38    1.04   347.0    7.0      19.055
2013   10       10    20  49    1.04   346.9    7.0      19.053
2013   10       10    21   0    1.05   346.7    7.0      19.051
2013   10       10    21  11    1.05   346.6    7.0      19.049
2013   10       10    21  21    1.05   346.4    7.1      19.048
2013   10       10    21  32    1.05   346.3    7.1      19.046
2013   10       10    21  43    1.05   346.1    7.1      19.044
2013   10       10    21  54    1.05   345.9    7.1      19.043
2013   10       10    22   5    1.06   345.8    7.1      19.042
2013   10       10    22  16    1.06   345.6    7.1      19.040
2013   10       10    22  27    1.06   345.5    7.2      19.039
2013   10       10    22  38    1.06   345.3    7.2      19.039
2013   10       10    22  49    1.06   345.2    7.2      19.038
2013   10       10    23   0    1.06   345.0    7.2      19.037
2013   10       10    23  10    1.06   344.9    7.2      19.037
2013   10       10    23  21    1.07   344.7    7.2      19.037
2013   10       10    23  32    1.07   344.5    7.3      19.037
2013   10       10    23  43    1.07   344.4    7.3      19.037
2013   10       10    23  54    1.07   344.2    7.3      19.038
2013   10       11     0   5    1.07   344.1    7.3      19.039
2013   10       11     0  16    1.07   343.9    7.3      19.040
2013   10       11     0  28    1.08   343.8    7.3      19.041
2013   10       11     0  39    1.08   343.6    7.4      19.043
2013   10       11     0  50    1.08   343.5    7.4      19.044
2013   10       11     1   1    1.08   343.3    7.4      19.046
2013   10       11     1  12    1.08   343.1    7.4      19.049
2013   10       11     1  23    1.08   343.0    7.4      19.051
2013   10       11     1  34    1.09   342.8    7.5      19.054
2013   10       11     1  45    1.09   342.7    7.5      19.057
2013   10       11     1  56    1.09   342.5    7.5      19.060
2013   10       11     2   8    1.09   342.4    7.5      19.063
2013   10       11     2  19    1.09   342.2    7.5      19.067
2013   10       11     2  30    1.09   342.0    7.5      19.071
2013   10       11     2  41    1.10   341.9    7.6      19.075
2013   10       11     2  52    1.10   341.7    7.6      19.079
2013   10       11     3   4    1.10   341.6    7.6      19.084
2013   10       11     3  15    1.10   341.4    7.6      19.089
2013   10       11     3  26    1.10   341.3    7.7      19.094
2013   10       11     3  37    1.10   341.1    7.7      19.100
2013   10       11     3  49    1.11   341.0    7.7      19.106
2013   10       11     4   0    1.11   340.8    7.7      19.113
2013   10       11     4  11    1.11   340.7    7.7      19.119
2013   10       11     4  23    1.11   340.5    7.8      19.127
2013   10       11     4  34    1.11   340.4    7.8      19.134
2013   10       11     4  45    1.12   340.2    7.8      19.142
2013   10       11     4  56    1.12   340.1    7.8      19.151
2013   10       11     5   8    1.12   340.0    7.9      19.159
2013   10       11     5  19    1.12   339.8    7.9      19.169
2013   10       11     5  31    1.12   339.7    7.9      19.178
2013   10       11     5  42    1.13   339.5    7.9      19.188
2013   10       11     5  53    1.13   339.4    8.0      19.198
2013   10       11     6   5    1.13   339.2    8.0      19.209
2013   10       11     6  16    1.13   339.1    8.0      19.220
2013   10       11     6  28    1.14   339.0    8.0      19.231
2013   10       11     6  39    1.14   338.8    8.1      19.243
2013   10       11     6  51    1.14   338.7    8.1      19.255
2013   10       11     7   2    1.14   338.5    8.1      19.268
2013   10       11     7  14    1.14   338.4    8.1      19.280
2013   10       11     7  25    1.15   338.3    8.2      19.294
2013   10       11     7  37    1.15   338.1    8.2      19.308
2013   10       11     7  48    1.15   338.0    8.2      19.322
2013   10       11     8   0    1.15   337.8    8.2      19.337
2013   10       11     8  11    1.16   337.7    8.3      19.352
2013   10       11     8  23    1.16   337.6    8.3      19.368
2013   10       11     8  35    1.16   337.4    8.3      19.384
2013   10       11     8  46    1.16   337.3    8.4      19.401
2013   10       11     8  58    1.17   337.1    8.4      19.419
2013   10       11     9   9    1.17   337.0    8.4      19.438
2013   10       11     9  21    1.17   336.8    8.5      19.457
2013   10       11     9  33    1.17   336.7    8.5      19.478
2013   10       11     9  44    1.18   336.5    8.5      19.499
2013   10       11     9  56    1.18   336.4    8.6      19.521
2013   10       11    10   8    1.18   336.3    8.6      19.545
2013   10       11    10  20    1.18   336.1    8.6      19.570
2013   10       11    10  31    1.19   336.0    8.7      19.596
2013   10       11    10  43    1.19   335.8    8.7      19.624
2013   10       11    10  55    1.19   335.7    8.7      19.653
2013   10       11    11   7    1.20   335.6    8.8      19.684
2013   10       11    11  18    1.20   335.4    8.8      19.717
2013   10       11    11  30    1.20   335.3    8.9      19.753
2013   10       11    11  42    1.21   335.2    8.9      19.792
2013   10       11    11  54    1.21   335.1    9.0      19.833
2013   10       11    12   6    1.21   335.0    9.0      19.876
2013   10       11    12  18    1.22   334.9    9.1      19.922
2013   10       11    12  29    1.22   334.8    9.1      19.971
2013   10       11    12  41    1.23   334.8    9.2      20.023
2013   10       11    12  53    1.23   334.7    9.2      20.078
2013   10       11    13   5    1.23   334.6    9.3      20.133
2013   10       11    13  17    1.24   334.6    9.3      20.188
2013   10       11    13  29    1.24   334.5    9.4      20.241
2013   10       11    13  40    1.24   334.5    9.4      20.292
2013   10       11    13  52    1.25   334.4    9.5      20.342
2013   10       11    14   4    1.25   334.4    9.5      20.390
2013   10       11    14  15    1.25   334.3    9.5      20.437
2013   10       11    14  27    1.26   334.3    9.6      20.484
2013   10       11    14  39    1.26   334.2    9.6      20.529
2013   10       11    14  50    1.26   334.2    9.7      20.573
2013   10       11    15   2    1.27   334.2    9.7      20.617
2013   10       11    15  14    1.27   334.1    9.7      20.660
2013   10       11    15  25    1.27   334.1    9.8      20.703
2013   10       11    15  37    1.28   334.0    9.8      20.745
2013   10       11    15  49    1.28   334.0    9.9      20.787
2013   10       11    16   0    1.28   334.0    9.9      20.828
2013   10       11    16  12    1.29   333.9    9.9      20.869
2013   10       11    16  24    1.29   333.9   10.0      20.910
2013   10       11    16  36    1.29   333.8   10.0      20.950
2013   10       11    16  47    1.30   333.8   10.1      20.991
2013   10       11    16  59    1.30   333.8   10.1      21.031
2013   10       11    17  11    1.30   333.7   10.1      21.072
2013   10       11    17  23    1.31   333.7   10.2      21.113
2013   10       11    17  35    1.31   333.7   10.2      21.155
2013   10       11    17  47    1.31   333.6   10.3      21.197
2013   10       11    17  58    1.32   333.6   10.3      21.240
2013   10       11    18  10    1.32   333.6   10.4      21.284
2013   10       11    18  22    1.32   333.6   10.4      21.329
2013   10       11    18  34    1.33   333.5   10.5      21.375
2013   10       11    18  46    1.33   333.5   10.5      21.424
2013   10       11    18  58    1.34   333.5   10.6      21.476
2013   10       11    19  10    1.34   333.5   10.6      21.530
2013   10       11    19  22    1.34   333.6   10.7      21.587
2013   10       11    19  34    1.35   333.6   10.7      21.648
2013   10       11    19  46    1.35   333.6   10.8      21.714
2013   10       11    19  57    1.36   333.7   10.8      21.785
2013   10       11    20   9    1.36   333.8   10.9      21.859
2013   10       11    20  21    1.36   333.8   10.9      21.935
2013   10       11    20  33    1.37   333.9   11.0      22.008
2013   10       11    20  45    1.37   334.0   11.0      22.079
2013   10       11    20  56    1.38   334.1   11.1      22.147
2013   10       11    21   8    1.38   334.1   11.1      22.213
2013   10       11    21  20    1.38   334.2   11.2      22.277
2013   10       11    21  32    1.39   334.3   11.2      22.339
2013   10       11    21  43    1.39   334.4   11.2      22.399
2013   10       11    21  55    1.39   334.5   11.3      22.458
2013   10       11    22   6    1.39   334.6   11.3      22.514
2013   10       11    22  18    1.40   334.6   11.3      22.570
2013   10       11    22  30    1.40   334.7   11.3      22.624
2013   10       11    22  41    1.40   334.8   11.4      22.677
2013   10       11    22  53    1.40   334.9   11.4      22.729
2013   10       11    23   5    1.41   335.0   11.4      22.780
2013   10       11    23  16    1.41   335.1   11.5      22.829
2013   10       11    23  28    1.41   335.2   11.5      22.878
2013   10       11    23  40    1.42   335.3   11.5      22.925
2013   10       11    23  52    1.42   335.4   11.5      22.971
2013   10       12     0   3    1.42   335.5   11.6      23.016
2013   10       12     0  15    1.42   335.6   11.6      23.061
2013   10       12     0  27    1.42   335.7   11.6      23.105
2013   10       12     0  39    1.43   335.8   11.6      23.148
2013   10       12     0  51    1.43   335.9   11.6      23.190
2013   10       12     1   3    1.43   336.0   11.7      23.232
2013   10       12     1  15    1.43   336.1   11.7      23.274
2013   10       12     1  26    1.44   336.2   11.7      23.316
2013   10       12     1  38    1.44   336.3   11.7      23.357
2013   10       12     1  50    1.44   336.4   11.8      23.398
2013   10       12     2   2    1.44   336.5   11.8      23.441
2013   10       12     2  14    1.45   336.6   11.8      23.484
2013   10       12     2  26    1.45   336.8   11.9      23.529
2013   10       12     2  38    1.45   336.9   11.9      23.575
2013   10       12     2  50    1.46   337.0   11.9      23.624
2013   10       12     3   2    1.46   337.2   11.9      23.677
2013   10       12     3  14    1.46   337.3   12.0      23.732
2013   10       12     3  25    1.46   337.5   12.0      23.790
2013   10       12     3  37    1.47   337.6   12.0      23.847
2013   10       12     3  49    1.47   337.8   12.0      23.902
2013   10       12     4   1    1.47   337.9   12.0      23.955
2013   10       12     4  13    1.47   338.1   12.1      24.006
2013   10       12     4  24    1.48   338.3   12.1      24.055
2013   10       12     4  36    1.48   338.4   12.1      24.102
2013   10       12     4  48    1.48   338.6   12.1      24.147
2013   10       12     4  59    1.48   338.7   12.1      24.190
2013   10       12     5  11    1.48   338.9   12.1      24.233
2013   10       12     5  22    1.48   339.0   12.1      24.274
2013   10       12     5  34    1.48   339.2   12.1      24.314
2013   10       12     5  46    1.49   339.4   12.1      24.353
2013   10       12     5  57    1.49   339.5   12.1      24.391
2013   10       12     6   9    1.49   339.7   12.2      24.429
2013   10       12     6  21    1.49   339.8   12.2      24.466
2013   10       12     6  32    1.49   340.0   12.2      24.502
2013   10       12     6  44    1.49   340.1   12.2      24.537
2013   10       12     6  56    1.49   340.3   12.2      24.572
2013   10       12     7   8    1.49   340.5   12.2      24.607
2013   10       12     7  20    1.49   340.6   12.2      24.642
2013   10       12     7  31    1.49   340.8   12.2      24.676
2013   10       12     7  43    1.50   341.0   12.2      24.711
2013   10       12     7  55    1.50   341.1   12.2      24.747
2013   10       12     8   7    1.50   341.3   12.2      24.783
2013   10       12     8  19    1.50   341.4   12.2      24.821
2013   10       12     8  31    1.50   341.6   12.2      24.860
2013   10       12     8  42    1.50   341.8   12.2      24.902
2013   10       12     8  54    1.50   342.0   12.2      24.948
2013   10       12     9   6    1.51   342.1   12.3      24.995
2013   10       12     9  18    1.51   342.3   12.3      25.045
2013   10       12     9  30    1.51   342.5   12.3      25.100
2013   10       12     9  42    1.51   342.7   12.3      25.159
2013   10       12     9  54    1.51   343.0   12.3      25.220
2013   10       12    10   6    1.52   343.2   12.3      25.285
2013   10       12    10  18    1.52   343.5   12.4      25.348
2013   10       12    10  30    1.52   343.7   12.4      25.408
2013   10       12    10  41    1.52   344.0   12.4      25.465
2013   10       12    10  53    1.52   344.2   12.4      25.518
2013   10       12    11   5    1.52   344.5   12.4      25.567
2013   10       12    11  17    1.52   344.7   12.4      25.611
2013   10       12    11  29    1.53   345.0   12.4      25.651
2013   10       12    11  40    1.53   345.2   12.4      25.687
2013   10       12    11  52    1.53   345.5   12.3      25.719
2013   10       12    12   4    1.53   345.7   12.3      25.747
2013   10       12    12  15    1.53   346.0   12.3      25.772
2013   10       12    12  27    1.53   346.2   12.3      25.795
2013   10       12    12  38    1.53   346.4   12.3      25.814
2013   10       12    12  50    1.53   346.6   12.3      25.831
2013   10       12    13   2    1.52   346.9   12.2      25.846
2013   10       12    13  13    1.52   347.1   12.2      25.860
2013   10       12    13  25    1.52   347.2   12.2      25.872
2013   10       12    13  37    1.52   347.4   12.2      25.883
2013   10       12    13  48    1.52   347.6   12.2      25.894
2013   10       12    14   0    1.52   347.8   12.1      25.904
2013   10       12    14  12    1.52   348.0   12.1      25.914
2013   10       12    14  24    1.52   348.2   12.1      25.923
2013   10       12    14  36    1.52   348.4   12.1      25.932
2013   10       12    14  47    1.52   348.6   12.1      25.942
2013   10       12    14  59    1.52   348.8   12.0      25.951
2013   10       12    15  11    1.51   349.0   12.0      25.961
2013   10       12    15  23    1.51   349.1   12.0      25.971
2013   10       12    15  35    1.51   349.3   12.0      25.982
2013   10       12    15  47    1.51   349.5   12.0      25.995
2013   10       12    15  59    1.51   349.7   11.9      26.009
2013   10       12    16  10    1.51   349.9   11.9      26.026
2013   10       12    16  22    1.51   350.1   11.9      26.045
2013   10       12    16  34    1.51   350.3   11.9      26.066
2013   10       12    16  46    1.51   350.6   11.9      26.091
2013   10       12    16  58    1.51   350.8   11.9      26.119
2013   10       12    17  10    1.51   351.0   11.9      26.149
2013   10       12    17  22    1.51   351.3   11.9      26.182
2013   10       12    17  34    1.51   351.6   11.9      26.213
2013   10       12    17  46    1.51   351.8   11.9      26.240
2013   10       12    17  58    1.51   352.1   11.8      26.264
2013   10       12    18   9    1.51   352.4   11.8      26.284
2013   10       12    18  21    1.51   352.7   11.8      26.301
2013   10       12    18  33    1.50   352.9   11.8      26.313
2013   10       12    18  45    1.50   353.2   11.7      26.322
2013   10       12    18  56    1.50   353.5   11.7      26.326
2013   10       12    19   8    1.50   353.7   11.7      26.327
2013   10       12    19  20    1.50   354.0   11.6      26.324
2013   10       12    19  31    1.49   354.3   11.6      26.317
2013   10       12    19  43    1.49   354.5   11.5      26.306
2013   10       12    19  54    1.49   354.7   11.5      26.291
2013   10       12    20   6    1.49   355.0   11.4      26.273
2013   10       12    20  18    1.48   355.2   11.4      26.251
2013   10       12    20  29    1.48   355.4   11.4      26.227
2013   10       12    20  41    1.48   355.6   11.3      26.200
2013   10       12    20  53    1.48   355.8   11.3      26.170
2013   10       12    21   5    1.47   356.0   11.2      26.137
2013   10       12    21  16    1.47   356.2   11.2      26.103
2013   10       12    21  28    1.47   356.4   11.1      26.066
2013   10       12    21  40    1.46   356.5   11.1      26.026
2013   10       12    21  52    1.46   356.7   11.0      25.983
2013   10       12    22   3    1.46   356.9   10.9      25.937
2013   10       12    22  15    1.45   357.0   10.9      25.890
2013   10       12    22  27    1.45   357.2   10.8      25.843
2013   10       12    22  39    1.44   357.4   10.8      25.796
2013   10       12    22  51    1.44   357.5   10.7      25.749
2013   10       12    23   3    1.44   357.7   10.7      25.702
2013   10       12    23  15    1.43   357.8   10.6      25.655
2013   10       12    23  27    1.43   358.0   10.6      25.609
2013   10       12    23  38    1.43   358.1   10.6      25.562
2013   10       12    23  50    1.42   358.3   10.5      25.515
2013   10       13     0   2    1.42   358.4   10.5      25.468
2013   10       13     0  14    1.42   358.6   10.4      25.421
2013   10       13     0  26    1.42   358.7   10.4      25.374
2013   10       13     0  38    1.41   358.9   10.3      25.328
2013   10       13     0  50    1.41   359.0   10.3      25.281
2013   10       13     1   2    1.41   359.1   10.3      25.235
2013   10       13     1  14    1.40   359.3   10.2      25.189
2013   10       13     1  25    1.40   359.4   10.2      25.144
2013   10       13     1  37    1.40   359.6   10.1      25.099
2013   10       13     1  49    1.39   359.7   10.1      25.053
2013   10       13     2   1    1.39   359.8   10.1      25.008
2013   10       13     2  12    1.39   359.9   10.0      24.962
2013   10       13     2  24    1.39   360.0   10.0      24.915
2013   10       13     2  36    1.38   360.2    9.9      24.867
2013   10       13     2  47    1.38   360.3    9.9      24.819
2013   10       13     2  59    1.38   360.4    9.9      24.769
2013   10       13     3  10    1.37   360.5    9.8      24.718
2013   10       13     3  22    1.37   360.6    9.8      24.665
2013   10       13     3  34    1.37   360.7    9.7      24.610
2013   10       13     3  45    1.36   360.8    9.7      24.553
2013   10       13     3  57    1.36   360.9    9.7      24.494
2013   10       13     4   9    1.36   361.0    9.6      24.431
2013   10       13     4  21    1.35   361.0    9.6      24.366
2013   10       13     4  32    1.35   361.1    9.5      24.298
2013   10       13     4  44    1.35   361.2    9.5      24.227
2013   10       13     4  56    1.34   361.3    9.4      24.151
2013   10       13     5   8    1.34   361.3    9.4      24.072
2013   10       13     5  19    1.34   361.4    9.4      23.990
2013   10       13     5  31    1.33   361.4    9.3      23.905
2013   10       13     5  43    1.33   361.4    9.3      23.821
2013   10       13     5  55    1.33   361.4    9.2      23.738
2013   10       13     6   7    1.32   361.5    9.2      23.656
2013   10       13     6  19    1.32   361.5    9.2      23.576
2013   10       13     6  31    1.32   361.5    9.1      23.497
2013   10       13     6  43    1.32   361.5    9.1      23.420
2013   10       13     6  54    1.31   361.5    9.1      23.345
2013   10       13     7   6    1.31   361.5    9.1      23.273
2013   10       13     7  18    1.31   361.6    9.0      23.204
2013   10       13     7  30    1.31   361.6    9.0      23.137
2013   10       13     7  42    1.30   361.6    9.0      23.074
2013   10       13     7  54    1.30   361.5    9.0      23.013
2013   10       13     8   6    1.30   361.5    8.9      22.955
2013   10       13     8  18    1.30   361.5    8.9      22.900
2013   10       13     8  30    1.30   361.5    8.9      22.848
2013   10       13     8  41    1.29   361.5    8.9      22.798
2013   10       13     8  53    1.29   361.5    8.9      22.750
2013   10       13     9   5    1.29   361.5    8.9      22.704
2013   10       13     9  17    1.29   361.4    8.8      22.660
2013   10       13     9  28    1.29   361.4    8.8      22.618
2013   10       13     9  40    1.29   361.4    8.8      22.576
2013   10       13     9  52    1.29   361.3    8.8      22.535
2013   10       13    10   3    1.28   361.3    8.8      22.493
2013   10       13    10  15    1.28   361.3    8.8      22.452
2013   10       13    10  27    1.28   361.2    8.8      22.411
2013   10       13    10  38    1.28   361.2    8.7      22.370
2013   10       13    10  50    1.28   361.2    8.7      22.329
2013   10       13    11   1    1.28   361.1    8.7      22.288
2013   10       13    11  13    1.28   361.1    8.7      22.246
2013   10       13    11  25    1.28   361.0    8.7      22.204
2013   10       13    11  37    1.27   361.0    8.7      22.162
2013   10       13    11  48    1.27   361.0    8.7      22.119
2013   10       13    12   0    1.27   360.9    8.6      22.076
2013   10       13    12  12    1.27   360.9    8.6      22.032
2013   10       13    12  24    1.27   360.8    8.6      21.987
2013   10       13    12  35    1.27   360.8    8.6      21.942
2013   10       13    12  47    1.27   360.7    8.6      21.896
2013   10       13    12  59    1.27   360.7    8.6      21.850
2013   10       13    13  11    1.27   360.6    8.6      21.804
2013   10       13    13  23    1.27   360.5    8.6      21.759
2013   10       13    13  35    1.27   360.5    8.6      21.714
2013   10       13    13  47    1.27   360.4    8.6      21.672
2013   10       13    13  59    1.27   360.4    8.6      21.631
2013   10       13    14  10    1.27   360.3    8.6      21.592
2013   10       13    14  22    1.27   360.3    8.6      21.555
2013   10       13    14  34    1.27   360.2    8.6      21.522
2013   10       13    14  46    1.27   360.1    8.6      21.491
2013   10       13    14  58    1.27   360.1    8.6      21.463
2013   10       13    15  10    1.27   360.0    8.6      21.438
2013   10       13    15  22    1.27   359.9    8.6      21.416
2013   10       13    15  34    1.27   359.9    8.6      21.397
2013   10       13    15  46    1.27   359.8    8.6      21.380
2013   10       13    15  57    1.27   359.7    8.6      21.366
2013   10       13    16   9    1.27   359.7    8.6      21.355
2013   10       13    16  21    1.27   359.6    8.6      21.345
2013   10       13    16  33    1.27   359.5    8.6      21.337
2013   10       13    16  44    1.28   359.5    8.6      21.330
2013   10       13    16  56    1.28   359.4    8.6      21.324
2013   10       13    17   8    1.28   359.3    8.7      21.318
2013   10       13    17  19    1.28   359.2    8.7      21.311
2013   10       13    17  31    1.28   359.2    8.7      21.304
2013   10       13    17  42    1.28   359.1    8.7      21.297
2013   10       13    17  54    1.29   359.0    8.7      21.290
2013   10       13    18   6    1.29   358.9    8.7      21.282
2013   10       13    18  17    1.29   358.9    8.7      21.274
2013   10       13    18  29    1.29   358.8    8.7      21.265
2013   10       13    18  41    1.29   358.7    8.7      21.257
2013   10       13    18  52    1.30   358.6    8.7      21.248
2013   10       13    19   4    1.30   358.5    8.7      21.239
2013   10       13    19  16    1.30   358.4    8.8      21.229
2013   10       13    19  28    1.30   358.3    8.8      21.220
2013   10       13    19  39    1.30   358.3    8.8      21.210
2013   10       13    19  51    1.31   358.2    8.8      21.200
2013   10       13    20   3    1.31   358.1    8.8      21.191
2013   10       13    20  15    1.31   358.0    8.8      21.182
2013   10       13    20  27    1.32   357.9    8.8      21.174
2013   10       13    20  38    1.32   357.8    8.8      21.167
2013   10       13    20  50    1.32   357.6    8.9      21.161
2013   10       13    21   2    1.33   357.5    8.9      21.158
2013   10       13    21  14    1.33   357.4    8.9      21.157
2013   10       13    21  26    1.33   357.3    8.9      21.159
2013   10       13    21  38    1.34   357.2    9.0      21.166
2013   10       13    21  50    1.34   357.1    9.0      21.177
2013   10       13    22   2    1.35   357.0    9.0      21.194
2013   10       13    22  14    1.36   356.9    9.1      21.216
2013   10       13    22  26    1.36   356.8    9.1      21.245
2013   10       13    22  37    1.37   356.8    9.2      21.283
2013   10       13    22  49    1.38   356.7    9.2      21.330
2013   10       13    23   1    1.39   356.7    9.3      21.385
2013   10       13    23  13    1.40   356.6    9.3      21.449
2013   10       13    23  25    1.40   356.6    9.4      21.521
2013   10       13    23  37    1.41   356.7    9.5      21.605
2013   10       13    23  48    1.42   356.7    9.5      21.698
2013   10       14     0   0    1.43   356.8    9.6      21.799
2013   10       14     0  12    1.44   356.8    9.6      21.904
2013   10       14     0  23    1.45   356.9    9.7      22.006
2013   10       14     0  35    1.45   357.0    9.7      22.104
2013   10       14     0  47    1.46   357.1    9.8      22.198
2013   10       14     0  58    1.47   357.1    9.8      22.289
2013   10       14     1  10    1.48   357.2    9.9      22.377
2013   10       14     1  21    1.48   357.3    9.9      22.464
2013   10       14     1  33    1.49   357.4   10.0      22.549
2013   10       14     1  45    1.50   357.4   10.0      22.632
2013   10       14     1  56    1.51   357.5   10.1      22.715
2013   10       14     2   8    1.52   357.6   10.1      22.797
2013   10       14     2  20    1.52   357.7   10.2      22.878
2013   10       14     2  32    1.53   357.8   10.2      22.959
2013   10       14     2  43    1.54   357.9   10.2      23.040
2013   10       14     2  55    1.55   358.0   10.3      23.121
2013   10       14     3   7    1.55   358.1   10.3      23.203
2013   10       14     3  19    1.56   358.2   10.4      23.287
2013   10       14     3  31    1.57   358.3   10.4      23.374
2013   10       14     3  42    1.58   358.4   10.5      23.464
2013   10       14     3  54    1.59   358.5   10.6      23.559
2013   10       14     4   6    1.60   358.6   10.6      23.659
2013   10       14     4  18    1.61   358.8   10.7      23.765
2013   10       14     4  30    1.62   358.9   10.8      23.880
2013   10       14     4  42    1.63   359.1   10.9      24.003
2013   10       14     4  54    1.64   359.3   10.9      24.135
2013   10       14     5   6    1.65   359.5   11.0      24.277
2013   10       14     5  18    1.67   359.7   11.1      24.435
2013   10       14     5  29    1.68   359.9   11.3      24.609
2013   10       14     5  41    1.69   360.2   11.4      24.795
2013   10       14     5  53    1.71   360.5   11.5      24.996
2013   10       14     6   5    1.72   360.8   11.7      25.220
2013   10       14     6  17    1.74   361.2   11.8      25.462
2013   10       14     6  29    1.76   361.6   11.9      25.719
2013   10       14     6  41    1.77   361.9   12.0      25.983
2013   10       14     6  52    1.79   362.3   12.2      26.242
2013   10       14     7   4    1.80   362.7   12.3      26.492
2013   10       14     7  16    1.82   363.1   12.4      26.737
2013   10       14     7  28    1.83   363.5   12.5      26.973
2013   10       14     7  39    1.84   363.9   12.5      27.200
2013   10       14     7  51    1.86   364.3   12.6      27.411
2013   10       14     8   2    1.87   364.6   12.7      27.612
2013   10       14     8  14    1.88   365.0   12.7      27.801
2013   10       14     8  26    1.89   365.4   12.8      27.981
2013   10       14     8  37    1.90   365.8   12.9      28.152
2013   10       14     8  49    1.91   366.2   12.9      28.315
2013   10       14     9   1    1.92   366.6   12.9      28.471
2013   10       14     9  12    1.93   367.0   13.0      28.621
2013   10       14     9  24    1.94   367.4   13.0      28.765
2013   10       14     9  36    1.95   367.8   13.1      28.904
2013   10       14     9  47    1.96   368.2   13.1      29.039
2013   10       14     9  59    1.97   368.7   13.1      29.171
2013   10       14    10  11    1.98   369.1   13.2      29.300
2013   10       14    10  23    1.98   369.6   13.2      29.427
2013   10       14    10  35    1.99   370.0   13.2      29.553
2013   10       14    10  46    2.00   370.5   13.3      29.680
2013   10       14    10  58    2.01   370.9   13.3      29.808
2013   10       14    11  10    2.02   371.4   13.3      29.937
2013   10       14    11  22    2.03   371.9   13.4      30.070
2013   10       14    11  34    2.04   372.4   13.4      30.206
2013   10       14    11  46    2.05   372.9   13.5      30.347
2013   10       14    11  58    2.05   373.4   13.5      30.494
2013   10       14    12  10    2.06   373.9   13.6      30.647
2013   10       14    12  21    2.07   374.4   13.6      30.809
2013   10       14    12  33    2.08   374.9   13.7      30.985
2013   10       14    12  45    2.10   375.5   13.8      31.178
2013   10       14    12  57    2.11   376.0   13.9      31.388
2013   10       14    13   9    2.12   376.6   14.0      31.617
2013   10       14    13  21    2.13   377.3   14.1      31.868
2013   10       14    13  33    2.15   378.0   14.3      32.149
2013   10       14    13  45    2.16   378.8   14.4      32.455
2013   10       14    13  56    2.18   379.6   14.5      32.778
2013   10       14    14   8    2.19   380.3   14.5      33.099
2013   10       14    14  20    2.20   381.1   14.6      33.401
2013   10       14    14  32    2.21   381.8   14.7      33.683
2013   10       14    14  43    2.22   382.6   14.7      33.949
2013   10       14    14  55    2.23   383.3   14.7      34.197
2013   10       14    15   7    2.24   384.0   14.7      34.433
2013   10       14    15  18    2.25   384.6   14.7      34.657
2013   10       14    15  30    2.26   385.3   14.8      34.873
2013   10       14    15  41    2.27   385.9   14.8      35.080
2013   10       14    15  53    2.27   386.6   14.7      35.281
2013   10       14    16   5    2.28   387.2   14.7      35.477
2013   10       14    16  16    2.28   387.9   14.7      35.668
2013   10       14    16  28    2.29   388.6   14.7      35.853
2013   10       14    16  40    2.29   389.3   14.7      36.033
2013   10       14    16  51    2.30   390.0   14.7      36.206
2013   10       14    17   3    2.30   390.7   14.6      36.374
2013   10       14    17  15    2.31   391.4   14.6      36.535
2013   10       14    17  27    2.31   392.1   14.6      36.690
2013   10       14    17  39    2.32   392.9   14.5      36.839
2013   10       14    17  50    2.32   393.6   14.5      36.980
2013   10       14    18   2    2.32   394.4   14.5      37.115
2013   10       14    18  14    2.32   395.2   14.4      37.246
2013   10       14    18  26    2.33   396.0   14.4      37.371
2013   10       14    18  38    2.33   396.8   14.4      37.493
2013   10       14    18  50    2.33   397.6   14.3      37.610
2013   10       14    19   1    2.33   398.6   14.3      37.726
2013   10       14    19  13    2.33   399.5   14.2      37.840
2013   10       14    19  25    2.33   400.4   14.2      37.949
2013   10       14    19  37    2.33   401.3   14.1      38.053
2013   10       14    19  49    2.33   402.2   14.1      38.155
2013   10       14    20   1    2.33   403.1   14.0      38.241
2013   10       14    20  13    2.32   403.9   14.0      38.318
2013   10       14    20  25    2.32   404.7   13.9      38.393
2013   10       14    20  37    2.32   405.4   13.9      38.460
2013   10       14    20  49    2.32   406.1   13.8      38.552
2013   10       14    21   0    2.33   406.8   13.8      38.669
2013   10       14    21  12    2.33   407.6   13.8      38.810
2013   10       14    21  24    2.33   408.4   13.8      38.971
2013   10       14    21  36    2.33   409.2   13.7      39.132
2013   10       14    21  48    2.33   410.0   13.7      39.294
2013   10       14    21  59    2.33   410.7   13.7      39.455
2013   10       14    22  11    2.33   411.5   13.7      39.619
2013   10       14    22  22    2.34   412.2   13.6      39.787
2013   10       14    22  34    2.34   412.9   13.6      39.961
2013   10       14    22  46    2.34   413.6   13.5      40.149
2013   10       14    22  57    2.34   414.4   13.5      40.345
2013   10       14    23   9    2.33   415.2   13.5      40.543
2013   10       14    23  20    2.33   416.0   13.4      40.741
2013   10       14    23  32    2.33   416.7   13.4      40.926
2013   10       14    23  44    2.33   417.5   13.3      41.101
2013   10       14    23  55    2.33   418.2   13.3      41.265
2013   10       15     0   7    2.33   419.0   13.2      41.420
2013   10       15     0  19    2.33   419.9   13.2      41.569
2013   10       15     0  31    2.32   420.8   13.1      41.711
2013   10       15     0  42    2.32   421.8   13.1      41.849
2013   10       15     0  54    2.32   422.9   13.0      41.980
2013   10       15     1   6    2.31   423.9   12.9      42.100
2013   10       15     1  18    2.31   425.1   12.8      42.196
2013   10       15     1  30    2.30   426.1   12.7      42.258
2013   10       15     1  42    2.29   427.2   12.5      42.279
2013   10       15     1  53    2.28   428.3   12.4      42.274
2013   10       15     2   5    2.26   429.4   12.2      42.207
2013   10       15     2  17    2.25   430.4   12.0      42.100
2013   10       15     2  29    2.23   431.4   11.9      41.973
2013   10       15     2  41    2.21   432.2   11.7      41.815
2013   10       15     2  53    2.20   433.1   11.5      41.679
2013   10       15     3   5    2.18   434.1   11.4      41.561
2013   10       15     3  17    2.17   435.1   11.2      41.440
2013   10       15     3  29    2.15   436.0   11.1      41.306
2013   10       15     3  41    2.14   436.9   10.9      41.168
2013   10       15     3  52    2.12   437.6   10.8      41.022
2013   10       15     4   4    2.11   438.2   10.7      40.883
2013   10       15     4  16    2.10   438.9   10.5      40.764
2013   10       15     4  28    2.08   439.5   10.4      40.663
2013   10       15     4  40    2.07   440.1   10.3      40.577
2013   10       15     4  52    2.06   440.6   10.3      40.502
2013   10       15     5   3    2.05   441.1   10.2      40.443
2013   10       15     5  15    2.04   441.6   10.1      40.393
2013   10       15     5  27    2.03   442.0   10.0      40.357
2013   10       15     5  38    2.02   442.5   10.0      40.338
2013   10       15     5  50    2.01   442.9    9.9      40.335
2013   10       15     6   1    2.00   443.4    9.8      40.355
2013   10       15     6  13    1.99   443.9    9.8      40.393
2013   10       15     6  25    1.98   444.4    9.7      40.441
2013   10       15     6  36    1.97   444.9    9.7      40.490
2013   10       15     6  48    1.96   445.5    9.6      40.532
2013   10       15     7   0    1.95   446.0    9.6      40.557
2013   10       15     7  11    1.94   446.5    9.5      40.571
2013   10       15     7  23    1.93   447.1    9.5      40.576
2013   10       15     7  35    1.92   447.7    9.4      40.576
2013   10       15     7  47    1.91   448.4    9.3      40.572
2013   10       15     7  58    1.90   449.3    9.3      40.567
2013   10       15     8  10    1.89   450.2    9.2      40.558
2013   10       15     8  22    1.88   451.2    9.1      40.541
2013   10       15     8  34    1.86   452.2    9.0      40.494
2013   10       15     8  46    1.85   453.2    8.9      40.400
2013   10       15     8  57    1.83   454.2    8.7      40.254
2013   10       15     9   9    1.81   455.3    8.6      40.065
2013   10       15     9  21    1.79   456.3    8.4      39.789
2013   10       15     9  33    1.77   457.1    8.3      39.453
2013   10       15     9  45    1.75   457.8    8.1      39.083
2013   10       15     9  57    1.73   458.3    8.0      38.675
2013   10       15    10   9    1.72   458.8    7.9      38.311
2013   10       15    10  21    1.70   459.3    7.8      37.980
2013   10       15    10  33    1.68   459.8    7.6      37.675
2013   10       15    10  44    1.67   460.3    7.5      37.390
2013   10       15    10  56    1.65   460.7    7.4      37.126
2013   10       15    11   8    1.64   461.2    7.4      36.876
2013   10       15    11  20    1.62   461.6    7.3      36.640
2013   10       15    11  32    1.61   462.0    7.2      36.416
2013   10       15    11  44    1.60   462.4    7.1      36.203
2013   10       15    11  56    1.58   462.7    7.0      35.997
2013   10       15    12   7    1.57   463.0    7.0      35.800
2013   10       15    12  19    1.56   463.4    6.9      35.608
2013   10       15    12  31    1.55   463.7    6.8      35.424
2013   10       15    12  42    1.54   463.9    6.8      35.244
2013   10       15    12  54    1.53   464.2    6.7      35.070
2013   10       15    13   6    1.51   464.4    6.7      34.899
2013   10       15    13  17    1.50   464.7    6.6      34.733
2013   10       15    13  29    1.49   464.9    6.6      34.568
2013   10       15    13  40    1.48   465.1    6.5      34.406
2013   10       15    13  52    1.47   465.3    6.5      34.245
2013   10       15    14   4    1.46   465.4    6.4      34.086
2013   10       15    14  15    1.45   465.6    6.4      33.927
2013   10       15    14  27    1.44   465.7    6.3      33.769
2013   10       15    14  39    1.43   465.9    6.3      33.611
2013   10       15    14  51    1.42   466.0    6.2      33.455
2013   10       15    15   2    1.41   466.1    6.2      33.297
2013   10       15    15  14    1.40   466.2    6.1      33.140
2013   10       15    15  26    1.39   466.3    6.1      32.983
2013   10       15    15  38    1.38   466.4    6.1      32.826
2013   10       15    15  49    1.37   466.4    6.0      32.670
2013   10       15    16   1    1.36   466.5    6.0      32.515
2013   10       15    16  13    1.35   466.5    5.9      32.361
2013   10       15    16  25    1.34   466.5    5.9      32.209
2013   10       15    16  37    1.33   466.6    5.9      32.060
2013   10       15    16  49    1.32   466.6    5.8      31.913
2013   10       15    17   1    1.31   466.6    5.8      31.770
2013   10       15    17  13    1.30   466.6    5.8      31.632
2013   10       15    17  25    1.29   466.6    5.7      31.496
2013   10       15    17  36    1.29   466.6    5.7      31.365
2013   10       15    17  48    1.28   466.6    5.7      31.237
2013   10       15    18   0    1.27   466.7    5.6      31.112
2013   10       15    18  12    1.26   466.7    5.6      30.989
2013   10       15    18  24    1.26   466.7    5.6      30.866
2013   10       15    18  36    1.25   466.7    5.6      30.744
2013   10       15    18  48    1.24   466.6    5.5      30.622
2013   10       15    19   0    1.24   466.6    5.5      30.500
2013   10       15    19  11    1.23   466.6    5.5      30.380
2013   10       15    19  23    1.22   466.6    5.5      30.260
2013   10       15    19  35    1.22   466.5    5.4      30.143
2013   10       15    19  47    1.21   466.5    5.4      30.028
2013   10       15    19  58    1.21   466.4    5.4      29.916
2013   10       15    20  10    1.20   466.4    5.4      29.806
2013   10       15    20  21    1.19   466.3    5.3      29.700
2013   10       15    20  33    1.19   466.3    5.3      29.595
2013   10       15    20  45    1.18   466.2    5.3      29.493
2013   10       15    20  56    1.18   466.1    5.3      29.392
2013   10       15    21   8    1.17   466.1    5.3      29.291
2013   10       15    21  19    1.17   466.0    5.2      29.190
2013   10       15    21  31    1.16   465.9    5.2      29.090
2013   10       15    21  43    1.16   465.8    5.2      28.990
2013   10       15    21  55    1.15   465.7    5.2      28.891
2013   10       15    22   6    1.15   465.6    5.2      28.792
2013   10       15    22  18    1.14   465.5    5.1      28.694
2013   10       15    22  30    1.14   465.4    5.1      28.596
2013   10       15    22  42    1.13   465.3    5.1      28.500
2013   10       15    22  53    1.13   465.2    5.1      28.404
2013   10       15    23   5    1.12   465.1    5.1      28.309
2013   10       15    23  17    1.12   465.0    5.0      28.215
2013   10       15    23  29    1.11   464.8    5.0      28.122
2013   10       15    23  41    1.11   464.7    5.0      28.029
2013   10       15    23  53    1.10   464.6    5.0      27.937
2013   10       16     0   5    1.10   464.4    5.0      27.847
2013   10       16     0  16    1.10   464.3    5.0      27.757
2013   10       16     0  28    1.09   464.2    4.9      27.668
2013   10       16     0  40    1.09   464.0    4.9      27.581
2013   10       16     0  52    1.08   463.9    4.9      27.495
2013   10       16     1   4    1.08   463.7    4.9      27.410
2013   10       16     1  16    1.08   463.6    4.9      27.325
2013   10       16     1  28    1.07   463.4    4.9      27.241
2013   10       16     1  40    1.07   463.2    4.8      27.157
2013   10       16     1  52    1.06   463.0    4.8      27.074
2013   10       16     2   3    1.06   462.8    4.8      26.990
2013   10       16     2  15    1.06   462.6    4.8      26.907
2013   10       16     2  27    1.05   462.4    4.8      26.824
2013   10       16     2  39    1.05   462.2    4.8      26.742
2013   10       16     2  51    1.05   462.0    4.8      26.663
2013   10       16     3   2    1.04   461.8    4.8      26.586
2013   10       16     3  14    1.04   461.6    4.8      26.510
2013   10       16     3  26    1.04   461.4    4.8      26.438
2013   10       16     3  37    1.03   461.2    4.8      26.367
2013   10       16     3  49    1.03   461.0    4.7      26.299
2013   10       16     4   0    1.03   460.8    4.7      26.231
2013   10       16     4  12    1.02   460.6    4.7      26.164
2013   10       16     4  24    1.02   460.4    4.7      26.095
2013   10       16     4  35    1.02   460.2    4.7      26.026
2013   10       16     4  47    1.01   459.9    4.7      25.956
2013   10       16     4  59    1.01   459.7    4.7      25.886
2013   10       16     5  10    1.01   459.5    4.7      25.816
2013   10       16     5  22    1.00   459.3    4.7      25.745
2013   10       16     5  34    1.00   459.0    4.7      25.674
2013   10       16     5  46    1.00   458.8    4.7      25.604
2013   10       16     5  57    1.00   458.6    4.7      25.533
2013   10       16     6   9    0.99   458.3    4.6      25.462
2013   10       16     6  21    0.99   458.1    4.6      25.391
2013   10       16     6  33    0.99   457.9    4.6      25.320
2013   10       16     6  45    0.98   457.6    4.6      25.249
2013   10       16     6  56    0.98   457.4    4.6      25.178
2013   10       16     7   8    0.98   457.1    4.6      25.106
2013   10       16     7  20    0.98   456.9    4.6      25.035
2013   10       16     7  32    0.97   456.6    4.6      24.964
2013   10       16     7  44    0.97   456.3    4.6      24.894
2013   10       16     7  56    0.97   456.1    4.6      24.824
2013   10       16     8   8    0.97   455.8    4.6      24.754
2013   10       16     8  20    0.96   455.5    4.6      24.685
2013   10       16     8  32    0.96   455.2    4.5      24.617
2013   10       16     8  44    0.96   455.0    4.5      24.549
2013   10       16     8  55    0.95   454.7    4.5      24.482
2013   10       16     9   7    0.95   454.4    4.5      24.416
2013   10       16     9  19    0.95   454.1    4.5      24.351
2013   10       16     9  31    0.95   453.8    4.5      24.286
2013   10       16     9  43    0.94   453.5    4.5      24.222
2013   10       16     9  55    0.94   453.2    4.5      24.158
2013   10       16    10   6    0.94   453.0    4.5      24.095
2013   10       16    10  18    0.94   452.7    4.5      24.033
2013   10       16    10  30    0.93   452.4    4.5      23.972
2013   10       16    10  41    0.93   452.1    4.5      23.910
2013   10       16    10  53    0.93   451.8    4.5      23.850
2013   10       16    11   4    0.93   451.5    4.5      23.789
2013   10       16    11  16    0.93   451.2    4.5      23.729
2013   10       16    11  28    0.92   450.9    4.5      23.669
2013   10       16    11  39    0.92   450.6    4.5      23.609
2013   10       16    11  51    0.92   450.3    4.5      23.548
2013   10       16    12   3    0.92   450.0    4.5      23.488
2013   10       16    12  14    0.91   449.7    4.4      23.427
2013   10       16    12  26    0.91   449.4    4.4      23.367
2013   10       16    12  38    0.91   449.0    4.4      23.306
2013   10       16    12  50    0.91   448.7    4.4      23.246
2013   10       16    13   1    0.91   448.4    4.4      23.185
2013   10       16    13  13    0.90   448.1    4.4      23.124
2013   10       16    13  25    0.90   447.8    4.4      23.063
2013   10       16    13  37    0.90   447.4    4.4      23.002
2013   10       16    13  49    0.90   447.1    4.4      22.940
2013   10       16    14   0    0.89   446.8    4.4      22.879
2013   10       16    14  12    0.89   446.4    4.4      22.816
2013   10       16    14  24    0.89   446.1    4.4      22.754
2013   10       16    14  36    0.89   445.8    4.4      22.691
2013   10       16    14  48    0.89   445.4    4.4      22.628
2013   10       16    15   0    0.88   445.1    4.4      22.565
2013   10       16    15  12    0.88   444.7    4.4      22.501
2013   10       16    15  24    0.88   444.4    4.4      22.437
2013   10       16    15  36    0.88   444.0    4.4      22.373
2013   10       16    15  47    0.88   443.7    4.4      22.309
2013   10       16    15  59    0.87   443.3    4.4      22.244
2013   10       16    16  11    0.87   443.0    4.4      22.179
2013   10       16    16  23    0.87   442.6    4.4      22.114
2013   10       16    16  35    0.87   442.2    4.3      22.049
2013   10       16    16  47    0.87   441.9    4.3      21.984
2013   10       16    16  59    0.86   441.5    4.3      21.919
2013   10       16    17  10    0.86   441.2    4.3      21.854
2013   10       16    17  22    0.86   440.8    4.3      21.790
2013   10       16    17  34    0.86   440.5    4.3      21.726
2013   10       16    17  45    0.86   440.1    4.3      21.662
2013   10       16    17  57    0.85   439.7    4.3      21.599
2013   10       16    18   9    0.85   439.4    4.3      21.536
2013   10       16    18  20    0.85   439.0    4.3      21.474
2013   10       16    18  32    0.85   438.6    4.3      21.411
2013   10       16    18  43    0.85   438.3    4.3      21.349
2013   10       16    18  55    0.85   437.9    4.3      21.286
2013   10       16    19   7    0.84   437.5    4.3      21.224
2013   10       16    19  18    0.84   437.1    4.3      21.161
2013   10       16    19  30    0.84   436.7    4.3      21.099
2013   10       16    19  42    0.84   436.3    4.3      21.037
2013   10       16    19  54    0.84   435.9    4.3      20.975
2013   10       16    20   5    0.83   435.5    4.3      20.914
2013   10       16    20  17    0.83   435.1    4.3      20.853
2013   10       16    20  29    0.83   434.7    4.3      20.792
2013   10       16    20  41    0.83   434.3    4.3      20.733
2013   10       16    20  52    0.83   433.9    4.3      20.673
2013   10       16    21   4    0.83   433.5    4.3      20.615
2013   10       16    21  16    0.82   433.1    4.3      20.557
2013   10       16    21  28    0.82   432.7    4.3      20.500
2013   10       16    21  40    0.82   432.2    4.3      20.444
2013   10       16    21  52    0.82   431.8    4.3      20.388
2013   10       16    22   4    0.82   431.4    4.3      20.333
2013   10       16    22  16    0.82   431.0    4.3      20.278
2013   10       16    22  27    0.82   430.5    4.3      20.223
2013   10       16    22  39    0.81   430.1    4.3      20.169
2013   10       16    22  51    0.81   429.7    4.3      20.114
2013   10       16    23   3    0.81   429.2    4.3      20.059
2013   10       16    23  15    0.81   428.8    4.3      20.003
2013   10       16    23  27    0.81   428.4    4.3      19.947
2013   10       16    23  39    0.81   428.0    4.3      19.890
2013   10       16    23  51    0.81   427.5    4.3      19.834
2013   10       17     0   3    0.80   427.1    4.3      19.776
2013   10       17     0  14    0.80   426.7    4.3      19.719
2013   10       17     0  26    0.80   426.3    4.3      19.661
2013   10       17     0  38    0.80   425.8    4.2      19.604
2013   10       17     0  50    0.80   425.4    4.2      19.546
2013   10       17     1   1    0.80   425.0    4.2      19.489
2013   10       17     1  13    0.80   424.6    4.2      19.431
2013   10       17     1  24    0.79   424.2    4.2      19.374
2013   10       17     1  36    0.79   423.7    4.2      19.316
2013   10       17     1  48    0.79   423.3    4.2      19.258
2013   10       17     1  59    0.79   422.9    4.2      19.200
2013   10       17     2  11    0.79   422.5    4.2      19.142
2013   10       17     2  22    0.79   422.0    4.2      19.083
2013   10       17     2  34    0.79   421.6    4.2      19.025
2013   10       17     2  46    0.78   421.2    4.2      18.967
2013   10       17     2  58    0.78   420.7    4.2      18.909
2013   10       17     3   9    0.78   420.3    4.2      18.851
2013   10       17     3  21    0.78   419.9    4.2      18.794
2013   10       17     3  33    0.78   419.4    4.2      18.737
2013   10       17     3  45    0.78   419.0    4.2      18.681
2013   10       17     3  56    0.78   418.5    4.2      18.626
2013   10       17     4   8    0.78   418.1    4.2      18.572
2013   10       17     4  20    0.77   417.7    4.2      18.518
2013   10       17     4  32    0.77   417.2    4.2      18.466
2013   10       17     4  44    0.77   416.8    4.2      18.415
2013   10       17     4  56    0.77   416.3    4.2      18.365
2013   10       17     5   7    0.77   415.9    4.2      18.315
2013   10       17     5  19    0.77   415.4    4.2      18.266
2013   10       17     5  31    0.77   415.0    4.2      18.218
2013   10       17     5  43    0.77   414.6    4.2      18.171
2013   10       17     5  55    0.77   414.1    4.2      18.124
2013   10       17     6   7    0.76   413.7    4.2      18.077
2013   10       17     6  19    0.76   413.2    4.2      18.029
2013   10       17     6  31    0.76   412.8    4.2      17.981
2013   10       17     6  43    0.76   412.3    4.2      17.932
2013   10       17     6  55    0.76   411.8    4.2      17.884
2013   10       17     7   6    0.76   411.4    4.2      17.835
2013   10       17     7  18    0.76   410.9    4.2      17.787
2013   10       17     7  30    0.76   410.5    4.2      17.738
2013   10       17     7  42    0.76   410.0    4.2      17.690
2013   10       17     7  54    0.76   409.6    4.2      17.643
2013   10       17     8   5    0.75   409.1    4.2      17.596
2013   10       17     8  17    0.75   408.7    4.2      17.550
2013   10       17     8  29    0.75   408.2    4.2      17.505
2013   10       17     8  40    0.75   407.8    4.2      17.460
2013   10       17     8  52    0.75   407.3    4.2      17.416
2013   10       17     9   3    0.75   406.8    4.2      17.373
2013   10       17     9  15    0.75   406.4    4.2      17.330
2013   10       17     9  27    0.75   405.9    4.2      17.288
2013   10       17     9  38    0.75   405.5    4.2      17.246
2013   10       17     9  50    0.75   405.0    4.2      17.204
2013   10       17    10   2    0.75   404.6    4.2      17.162
2013   10       17    10  13    0.75   404.1    4.2      17.120
2013   10       17    10  25    0.75   403.7    4.2      17.079
2013   10       17    10  37    0.75   403.2    4.2      17.037
2013   10       17    10  49    0.74   402.8    4.3      16.995
2013   10       17    11   0    0.74   402.3    4.3      16.953
2013   10       17    11  12    0.74   401.8    4.3      16.911
2013   10       17    11  24    0.74   401.4    4.3      16.869
2013   10       17    11  36    0.74   400.9    4.3      16.827
2013   10       17    11  48    0.74   400.4    4.3      16.784
2013   10       17    11  59    0.74   400.0    4.3      16.742
2013   10       17    12  11    0.74   399.5    4.3      16.699
2013   10       17    12  23    0.74   399.0    4.3      16.656
2013   10       17    12  35    0.74   398.6    4.3      16.613
2013   10       17    12  47    0.74   398.1    4.3      16.570
2013   10       17    12  59    0.74   397.6    4.3      16.526
2013   10       17    13  11    0.74   397.1    4.3      16.483
2013   10       17    13  23    0.74   396.7    4.3      16.439
2013   10       17    13  35    0.74   396.2    4.3      16.395
2013   10       17    13  47    0.73   395.7    4.3      16.351
2013   10       17    13  58    0.73   395.2    4.3      16.308
2013   10       17    14  10    0.73   394.7    4.3      16.264
2013   10       17    14  22    0.73   394.3    4.3      16.221
2013   10       17    14  34    0.73   393.8    4.3      16.178
2013   10       17    14  46    0.73   393.3    4.3      16.135
2013   10       17    14  58    0.73   392.8    4.3      16.093
2013   10       17    15   9    0.73   392.3    4.3      16.052
2013   10       17    15  21    0.73   391.8    4.3      16.012
2013   10       17    15  33    0.73   391.4    4.3      15.972
2013   10       17    15  44    0.73   390.9    4.3      15.934
2013   10       17    15  56    0.73   390.4    4.3      15.897
2013   10       17    16   7    0.73   389.9    4.3      15.860
2013   10       17    16  19    0.73   389.4    4.3      15.825
2013   10       17    16  31    0.73   389.0    4.3      15.790
2013   10       17    16  42    0.73   388.5    4.4      15.757
2013   10       17    16  54    0.73   388.0    4.4      15.723
2013   10       17    17   6    0.73   387.5    4.4      15.691
2013   10       17    17  17    0.73   387.1    4.4      15.659
2013   10       17    17  29    0.73   386.6    4.4      15.628
2013   10       17    17  41    0.73   386.1    4.4      15.598
2013   10       17    17  52    0.73   385.6    4.4      15.567
2013   10       17    18   4    0.73   385.1    4.4      15.537
2013   10       17    18  16    0.73   384.6    4.4      15.508
2013   10       17    18  28    0.73   384.1    4.4      15.479
2013   10       17    18  40    0.73   383.6    4.4      15.451
2013   10       17    18  51    0.73   383.1    4.5      15.422
2013   10       17    19   3    0.73   382.6    4.5      15.395
2013   10       17    19  15    0.73   382.1    4.5      15.368
2013   10       17    19  27    0.73   381.5    4.5      15.342
2013   10       17    19  39    0.73   381.0    4.5      15.316
2013   10       17    19  51    0.73   380.5    4.5      15.291
2013   10       17    20   3    0.73   380.0    4.5      15.267
2013   10       17    20  15    0.74   379.5    4.5      15.243
2013   10       17    20  27    0.74   379.0    4.6      15.220
2013   10       17    20  38    0.74   378.4    4.6      15.197
2013   10       17    20  50    0.74   377.9    4.6      15.176
2013   10       17    21   2    0.74   377.4    4.6      15.155
2013   10       17    21  14    0.74   376.9    4.6      15.135
2013   10       17    21  26    0.74   376.4    4.6      15.116
2013   10       17    21  38    0.74   375.9    4.7      15.097
2013   10       17    21  50    0.74   375.4    4.7      15.079
2013   10       17    22   2    0.75   374.9    4.7      15.062
2013   10       17    22  13    0.75   374.4    4.7      15.046
2013   10       17    22  25    0.75   373.9    4.7      15.031
2013   10       17    22  37    0.75   373.4    4.8      15.016
2013   10       17    22  48    0.75   372.9    4.8      15.002
2013   10       17    23   0    0.75   372.4    4.8      14.988
2013   10       17    23  12    0.76   371.9    4.8      14.976
2013   10       17    23  23    0.76   371.5    4.8      14.963
2013   10       17    23  35    0.76   371.0    4.9      14.952
2013   10       17    23  46    0.76   370.5    4.9      14.941
2013   10       17    23  58    0.76   370.0    4.9      14.931
2013   10       18     0  10    0.76   369.6    4.9      14.921
