year    month   day   hour  minute  B_enl V_enl   n_enl       T_enl
[year] [month] [day] [hour][minute] [nT]  [km/s]  [cm-3]      [kK]
2013   10       24     0   9    1.78   373.8    6.6      20.286
2013   10       24     0  19    1.78   373.6    6.6      20.260
2013   10       24     0  28    1.78   373.4    6.6      20.234
2013   10       24     0  38    1.77   373.2    6.6      20.208
2013   10       24     0  48    1.77   373.0    6.6      20.183
2013   10       24     0  58    1.77   372.8    6.6      20.157
2013   10       24     1   8    1.77   372.6    6.6      20.132
2013   10       24     1  17    1.77   372.4    6.6      20.106
2013   10       24     1  27    1.77   372.2    6.6      20.081
2013   10       24     1  37    1.76   372.1    6.6      20.056
2013   10       24     1  47    1.76   371.9    6.6      20.031
2013   10       24     1  57    1.76   371.7    6.6      20.006
2013   10       24     2   6    1.76   371.5    6.6      19.981
2013   10       24     2  16    1.76   371.3    6.6      19.955
2013   10       24     2  26    1.76   371.1    6.6      19.931
2013   10       24     2  36    1.75   370.9    6.6      19.905
2013   10       24     2  45    1.75   370.7    6.6      19.881
2013   10       24     2  55    1.75   370.5    6.6      19.856
2013   10       24     3   5    1.75   370.3    6.6      19.831
2013   10       24     3  15    1.75   370.1    6.6      19.806
2013   10       24     3  25    1.75   369.9    6.6      19.781
2013   10       24     3  34    1.75   369.7    6.6      19.756
2013   10       24     3  44    1.74   369.5    6.6      19.731
2013   10       24     3  54    1.74   369.3    6.6      19.706
2013   10       24     4   4    1.74   369.1    6.6      19.681
2013   10       24     4  13    1.74   368.9    6.6      19.656
2013   10       24     4  23    1.74   368.7    6.6      19.630
2013   10       24     4  33    1.74   368.5    6.6      19.605
2013   10       24     4  43    1.73   368.3    6.6      19.579
2013   10       24     4  53    1.73   368.0    6.6      19.553
2013   10       24     5   2    1.73   367.8    6.6      19.527
2013   10       24     5  12    1.73   367.6    6.6      19.501
2013   10       24     5  22    1.73   367.4    6.6      19.474
2013   10       24     5  32    1.73   367.2    6.6      19.448
2013   10       24     5  42    1.73   367.0    6.6      19.421
2013   10       24     5  52    1.72   366.8    6.6      19.394
2013   10       24     6   1    1.72   366.6    6.6      19.367
2013   10       24     6  11    1.72   366.4    6.6      19.340
2013   10       24     6  21    1.72   366.2    6.6      19.313
2013   10       24     6  31    1.72   365.9    6.6      19.285
2013   10       24     6  41    1.72   365.7    6.6      19.258
2013   10       24     6  51    1.72   365.5    6.6      19.231
2013   10       24     7   0    1.71   365.3    6.6      19.204
2013   10       24     7  10    1.71   365.1    6.6      19.176
2013   10       24     7  20    1.71   364.9    6.6      19.149
2013   10       24     7  30    1.71   364.6    6.6      19.122
2013   10       24     7  40    1.71   364.4    6.6      19.094
2013   10       24     7  49    1.71   364.2    6.6      19.067
2013   10       24     7  59    1.71   364.0    6.6      19.040
2013   10       24     8   9    1.70   363.8    6.6      19.013
2013   10       24     8  19    1.70   363.6    6.6      18.986
2013   10       24     8  29    1.70   363.3    6.6      18.959
2013   10       24     8  38    1.70   363.1    6.6      18.932
2013   10       24     8  48    1.70   362.9    6.6      18.906
2013   10       24     8  58    1.70   362.7    6.6      18.879
2013   10       24     9   8    1.70   362.4    6.6      18.853
2013   10       24     9  17    1.69   362.2    6.7      18.827
2013   10       24     9  27    1.69   362.0    6.7      18.800
2013   10       24     9  37    1.69   361.7    6.7      18.775
2013   10       24     9  47    1.69   361.5    6.7      18.749
2013   10       24     9  57    1.69   361.3    6.7      18.724
2013   10       24    10   6    1.69   361.1    6.7      18.699
2013   10       24    10  16    1.69   360.8    6.7      18.674
2013   10       24    10  26    1.69   360.6    6.7      18.650
2013   10       24    10  36    1.69   360.4    6.7      18.626
2013   10       24    10  46    1.68   360.1    6.7      18.602
2013   10       24    10  55    1.68   359.9    6.7      18.579
2013   10       24    11   5    1.68   359.7    6.7      18.556
2013   10       24    11  15    1.68   359.4    6.7      18.533
2013   10       24    11  25    1.68   359.2    6.7      18.510
2013   10       24    11  34    1.68   358.9    6.7      18.488
2013   10       24    11  44    1.68   358.7    6.7      18.466
2013   10       24    11  54    1.68   358.5    6.7      18.444
2013   10       24    12   4    1.68   358.2    6.7      18.422
2013   10       24    12  14    1.68   358.0    6.7      18.401
2013   10       24    12  24    1.68   357.8    6.7      18.379
2013   10       24    12  33    1.67   357.5    6.7      18.358
2013   10       24    12  43    1.67   357.3    6.7      18.336
2013   10       24    12  53    1.67   357.0    6.7      18.315
2013   10       24    13   3    1.67   356.8    6.7      18.294
2013   10       24    13  13    1.67   356.6    6.7      18.272
2013   10       24    13  22    1.67   356.3    6.8      18.251
2013   10       24    13  32    1.67   356.1    6.8      18.230
2013   10       24    13  42    1.67   355.8    6.8      18.209
2013   10       24    13  52    1.67   355.6    6.8      18.188
2013   10       24    14   2    1.67   355.3    6.8      18.166
2013   10       24    14  11    1.67   355.1    6.8      18.145
2013   10       24    14  21    1.67   354.9    6.8      18.123
2013   10       24    14  31    1.67   354.6    6.8      18.102
2013   10       24    14  41    1.66   354.4    6.8      18.080
2013   10       24    14  51    1.66   354.1    6.8      18.059
2013   10       24    15   1    1.66   353.9    6.8      18.037
2013   10       24    15  10    1.66   353.6    6.8      18.016
2013   10       24    15  20    1.66   353.4    6.8      17.994
2013   10       24    15  30    1.66   353.1    6.8      17.972
2013   10       24    15  40    1.66   352.9    6.8      17.950
2013   10       24    15  49    1.66   352.6    6.8      17.929
2013   10       24    15  59    1.66   352.4    6.8      17.907
2013   10       24    16   9    1.66   352.1    6.8      17.885
2013   10       24    16  19    1.66   351.9    6.9      17.863
2013   10       24    16  29    1.66   351.6    6.9      17.842
2013   10       24    16  38    1.66   351.4    6.9      17.820
2013   10       24    16  48    1.66   351.1    6.9      17.799
2013   10       24    16  58    1.66   350.9    6.9      17.778
2013   10       24    17   8    1.66   350.6    6.9      17.757
2013   10       24    17  18    1.66   350.4    6.9      17.736
2013   10       24    17  27    1.66   350.1    6.9      17.715
2013   10       24    17  37    1.66   349.8    6.9      17.695
2013   10       24    17  47    1.66   349.6    6.9      17.675
2013   10       24    17  57    1.66   349.3    6.9      17.656
2013   10       24    18   6    1.65   349.1    6.9      17.637
2013   10       24    18  16    1.65   348.8    6.9      17.618
2013   10       24    18  26    1.65   348.6    6.9      17.599
2013   10       24    18  36    1.65   348.3    7.0      17.581
2013   10       24    18  46    1.65   348.1    7.0      17.563
2013   10       24    18  55    1.65   347.8    7.0      17.546
2013   10       24    19   5    1.65   347.6    7.0      17.529
2013   10       24    19  15    1.66   347.3    7.0      17.512
2013   10       24    19  25    1.66   347.1    7.0      17.495
2013   10       24    19  35    1.66   346.8    7.0      17.479
2013   10       24    19  44    1.66   346.6    7.0      17.463
2013   10       24    19  54    1.66   346.3    7.0      17.448
2013   10       24    20   4    1.66   346.1    7.0      17.433
2013   10       24    20  14    1.66   345.8    7.1      17.417
2013   10       24    20  24    1.66   345.6    7.1      17.403
2013   10       24    20  34    1.66   345.3    7.1      17.388
2013   10       24    20  43    1.66   345.1    7.1      17.374
2013   10       24    20  53    1.66   344.8    7.1      17.360
2013   10       24    21   3    1.66   344.6    7.1      17.346
2013   10       24    21  13    1.66   344.3    7.1      17.332
2013   10       24    21  23    1.66   344.1    7.1      17.318
2013   10       24    21  32    1.66   343.8    7.2      17.305
2013   10       24    21  42    1.66   343.6    7.2      17.292
2013   10       24    21  52    1.66   343.3    7.2      17.278
2013   10       24    22   2    1.66   343.1    7.2      17.266
2013   10       24    22  12    1.66   342.8    7.2      17.253
2013   10       24    22  21    1.66   342.6    7.2      17.241
2013   10       24    22  31    1.66   342.3    7.2      17.228
2013   10       24    22  41    1.66   342.1    7.2      17.216
2013   10       24    22  51    1.67   341.8    7.3      17.205
2013   10       24    23   1    1.67   341.6    7.3      17.193
2013   10       24    23  10    1.67   341.3    7.3      17.182
2013   10       24    23  20    1.67   341.1    7.3      17.171
2013   10       24    23  30    1.67   340.8    7.3      17.160
2013   10       24    23  40    1.67   340.6    7.3      17.150
2013   10       24    23  50    1.67   340.4    7.3      17.139
2013   10       24    23  59    1.67   340.1    7.4      17.130
2013   10       25     0   9    1.67   339.9    7.4      17.120
2013   10       25     0  19    1.67   339.6    7.4      17.111
2013   10       25     0  29    1.68   339.4    7.4      17.101
2013   10       25     0  39    1.68   339.2    7.4      17.093
2013   10       25     0  48    1.68   338.9    7.4      17.084
2013   10       25     0  58    1.68   338.7    7.5      17.076
2013   10       25     1   8    1.68   338.5    7.5      17.068
2013   10       25     1  18    1.68   338.2    7.5      17.060
2013   10       25     1  27    1.68   338.0    7.5      17.052
2013   10       25     1  37    1.68   337.8    7.5      17.045
2013   10       25     1  47    1.69   337.5    7.5      17.038
2013   10       25     1  57    1.69   337.3    7.6      17.031
2013   10       25     2   6    1.69   337.1    7.6      17.025
2013   10       25     2  16    1.69   336.9    7.6      17.019
2013   10       25     2  26    1.69   336.6    7.6      17.013
2013   10       25     2  35    1.69   336.4    7.6      17.007
2013   10       25     2  45    1.70   336.2    7.6      17.002
2013   10       25     2  55    1.70   336.0    7.7      16.997
2013   10       25     3   4    1.70   335.7    7.7      16.992
2013   10       25     3  14    1.70   335.5    7.7      16.988
2013   10       25     3  24    1.70   335.3    7.7      16.984
2013   10       25     3  33    1.70   335.1    7.7      16.980
2013   10       25     3  43    1.71   334.9    7.8      16.976
2013   10       25     3  52    1.71   334.7    7.8      16.973
2013   10       25     4   2    1.71   334.4    7.8      16.970
2013   10       25     4  11    1.71   334.2    7.8      16.967
2013   10       25     4  21    1.71   334.0    7.8      16.965
2013   10       25     4  31    1.72   333.8    7.9      16.963
2013   10       25     4  40    1.72   333.6    7.9      16.961
2013   10       25     4  50    1.72   333.4    7.9      16.960
2013   10       25     5   0    1.72   333.2    7.9      16.959
2013   10       25     5   9    1.72   333.0    7.9      16.959
2013   10       25     5  19    1.73   332.8    8.0      16.959
2013   10       25     5  29    1.73   332.6    8.0      16.959
2013   10       25     5  39    1.73   332.3    8.0      16.960
2013   10       25     5  48    1.73   332.1    8.0      16.961
2013   10       25     5  58    1.74   331.9    8.0      16.963
2013   10       25     6   8    1.74   331.7    8.1      16.965
2013   10       25     6  18    1.74   331.5    8.1      16.967
2013   10       25     6  28    1.74   331.3    8.1      16.970
2013   10       25     6  37    1.75   331.1    8.1      16.974
2013   10       25     6  47    1.75   331.0    8.2      16.977
2013   10       25     6  57    1.75   330.8    8.2      16.982
2013   10       25     7   7    1.75   330.6    8.2      16.986
2013   10       25     7  17    1.76   330.4    8.2      16.991
2013   10       25     7  26    1.76   330.2    8.3      16.997
2013   10       25     7  36    1.76   330.0    8.3      17.002
2013   10       25     7  46    1.77   329.8    8.3      17.009
2013   10       25     7  56    1.77   329.6    8.3      17.015
2013   10       25     8   6    1.77   329.5    8.4      17.022
2013   10       25     8  15    1.77   329.3    8.4      17.029
2013   10       25     8  25    1.78   329.1    8.4      17.036
2013   10       25     8  35    1.78   328.9    8.4      17.044
2013   10       25     8  45    1.78   328.8    8.5      17.052
2013   10       25     8  55    1.79   328.6    8.5      17.061
2013   10       25     9   4    1.79   328.4    8.5      17.069
2013   10       25     9  14    1.79   328.3    8.5      17.078
2013   10       25     9  24    1.80   328.1    8.6      17.087
2013   10       25     9  34    1.80   327.9    8.6      17.097
2013   10       25     9  43    1.80   327.8    8.6      17.106
2013   10       25     9  53    1.81   327.6    8.6      17.116
2013   10       25    10   2    1.81   327.5    8.7      17.126
2013   10       25    10  12    1.81   327.3    8.7      17.137
2013   10       25    10  22    1.82   327.1    8.7      17.147
2013   10       25    10  31    1.82   327.0    8.7      17.158
2013   10       25    10  41    1.82   326.8    8.8      17.170
2013   10       25    10  51    1.83   326.7    8.8      17.181
2013   10       25    11   0    1.83   326.5    8.8      17.193
2013   10       25    11  10    1.83   326.4    8.8      17.205
2013   10       25    11  19    1.84   326.2    8.9      17.217
2013   10       25    11  29    1.84   326.1    8.9      17.230
2013   10       25    11  38    1.84   326.0    8.9      17.243
2013   10       25    11  48    1.85   325.8    8.9      17.256
2013   10       25    11  58    1.85   325.7    9.0      17.270
2013   10       25    12   7    1.85   325.5    9.0      17.284
2013   10       25    12  17    1.86   325.4    9.0      17.298
2013   10       25    12  27    1.86   325.3    9.1      17.313
2013   10       25    12  36    1.86   325.1    9.1      17.328
2013   10       25    12  46    1.87   325.0    9.1      17.343
2013   10       25    12  56    1.87   324.9    9.1      17.358
2013   10       25    13   6    1.88   324.7    9.2      17.374
2013   10       25    13  16    1.88   324.6    9.2      17.390
2013   10       25    13  25    1.88   324.5    9.2      17.406
2013   10       25    13  35    1.89   324.3    9.3      17.423
2013   10       25    13  45    1.89   324.2    9.3      17.440
2013   10       25    13  55    1.90   324.1    9.3      17.457
2013   10       25    14   5    1.90   324.0    9.3      17.474
2013   10       25    14  14    1.90   323.9    9.4      17.492
2013   10       25    14  24    1.91   323.7    9.4      17.509
2013   10       25    14  34    1.91   323.6    9.4      17.527
2013   10       25    14  44    1.92   323.5    9.4      17.545
2013   10       25    14  53    1.92   323.4    9.5      17.563
2013   10       25    15   3    1.92   323.3    9.5      17.582
2013   10       25    15  13    1.93   323.2    9.5      17.600
2013   10       25    15  23    1.93   323.1    9.6      17.619
2013   10       25    15  33    1.94   323.0    9.6      17.637
2013   10       25    15  43    1.94   322.9    9.6      17.656
2013   10       25    15  52    1.95   322.7    9.6      17.675
2013   10       25    16   2    1.95   322.6    9.7      17.693
2013   10       25    16  12    1.95   322.5    9.7      17.712
2013   10       25    16  22    1.96   322.4    9.7      17.731
2013   10       25    16  31    1.96   322.3    9.7      17.750
2013   10       25    16  41    1.97   322.2    9.8      17.769
2013   10       25    16  51    1.97   322.1    9.8      17.788
2013   10       25    17   1    1.98   322.0    9.8      17.807
2013   10       25    17  11    1.98   321.9    9.8      17.826
2013   10       25    17  21    1.98   321.8    9.9      17.846
2013   10       25    17  30    1.99   321.7    9.9      17.865
2013   10       25    17  40    1.99   321.7    9.9      17.885
2013   10       25    17  50    2.00   321.6    9.9      17.905
2013   10       25    18   0    2.00   321.5   10.0      17.925
2013   10       25    18  10    2.01   321.4   10.0      17.945
2013   10       25    18  19    2.01   321.3   10.0      17.965
2013   10       25    18  29    2.02   321.2   10.1      17.986
2013   10       25    18  39    2.02   321.1   10.1      18.006
2013   10       25    18  49    2.03   321.0   10.1      18.027
2013   10       25    18  59    2.03   320.9   10.1      18.049
2013   10       25    19   8    2.03   320.9   10.2      18.070
2013   10       25    19  18    2.04   320.8   10.2      18.092
2013   10       25    19  28    2.04   320.7   10.2      18.114
2013   10       25    19  38    2.05   320.6   10.2      18.136
2013   10       25    19  48    2.05   320.6   10.3      18.158
2013   10       25    19  57    2.06   320.5   10.3      18.181
2013   10       25    20   7    2.06   320.4   10.3      18.204
2013   10       25    20  17    2.07   320.3   10.3      18.228
2013   10       25    20  27    2.07   320.3   10.4      18.251
2013   10       25    20  37    2.08   320.2   10.4      18.276
2013   10       25    20  46    2.08   320.1   10.4      18.302
2013   10       25    20  56    2.09   320.1   10.5      18.328
2013   10       25    21   6    2.09   320.0   10.5      18.355
2013   10       25    21  16    2.10   320.0   10.5      18.382
2013   10       25    21  26    2.11   319.9   10.5      18.410
2013   10       25    21  35    2.11   319.9   10.6      18.439
2013   10       25    21  45    2.12   319.8   10.6      18.467
2013   10       25    21  55    2.12   319.8   10.6      18.496
2013   10       25    22   5    2.13   319.7   10.6      18.524
2013   10       25    22  15    2.13   319.7   10.7      18.553
2013   10       25    22  24    2.14   319.7   10.7      18.581
2013   10       25    22  34    2.14   319.6   10.7      18.609
2013   10       25    22  44    2.15   319.6   10.7      18.636
2013   10       25    22  54    2.15   319.6   10.8      18.663
2013   10       25    23   4    2.16   319.5   10.8      18.690
2013   10       25    23  13    2.16   319.5   10.8      18.716
2013   10       25    23  23    2.17   319.5   10.8      18.742
2013   10       25    23  33    2.17   319.4   10.9      18.767
2013   10       25    23  43    2.18   319.4   10.9      18.792
2013   10       25    23  53    2.18   319.4   10.9      18.817
2013   10       26     0   2    2.18   319.3   10.9      18.841
2013   10       26     0  12    2.19   319.3   10.9      18.865
2013   10       26     0  22    2.19   319.3   11.0      18.889
2013   10       26     0  32    2.20   319.2   11.0      18.912
2013   10       26     0  42    2.20   319.2   11.0      18.935
2013   10       26     0  51    2.21   319.2   11.0      18.958
2013   10       26     1   1    2.21   319.1   11.0      18.981
2013   10       26     1  11    2.22   319.1   11.1      19.004
2013   10       26     1  21    2.22   319.1   11.1      19.027
2013   10       26     1  31    2.23   319.1   11.1      19.049
2013   10       26     1  41    2.23   319.0   11.1      19.071
2013   10       26     1  50    2.24   319.0   11.1      19.094
2013   10       26     2   0    2.24   319.0   11.2      19.116
2013   10       26     2  10    2.25   319.0   11.2      19.138
2013   10       26     2  20    2.25   319.0   11.2      19.160
2013   10       26     2  30    2.26   318.9   11.2      19.182
2013   10       26     2  39    2.26   318.9   11.2      19.204
2013   10       26     2  49    2.27   318.9   11.3      19.226
2013   10       26     2  59    2.27   318.9   11.3      19.248
2013   10       26     3   9    2.28   318.8   11.3      19.271
2013   10       26     3  19    2.28   318.8   11.3      19.293
2013   10       26     3  28    2.29   318.8   11.3      19.316
2013   10       26     3  38    2.29   318.8   11.4      19.340
2013   10       26     3  48    2.30   318.8   11.4      19.364
2013   10       26     3  58    2.30   318.8   11.4      19.389
2013   10       26     4   7    2.31   318.8   11.4      19.415
2013   10       26     4  17    2.31   318.8   11.5      19.442
2013   10       26     4  27    2.32   318.8   11.5      19.471
2013   10       26     4  37    2.32   318.8   11.5      19.500
2013   10       26     4  47    2.33   318.8   11.5      19.531
2013   10       26     4  56    2.33   318.8   11.6      19.563
2013   10       26     5   6    2.34   318.8   11.6      19.596
2013   10       26     5  16    2.34   318.8   11.6      19.629
2013   10       26     5  26    2.35   318.9   11.6      19.663
2013   10       26     5  36    2.35   318.9   11.7      19.696
2013   10       26     5  45    2.36   318.9   11.7      19.729
2013   10       26     5  55    2.36   318.9   11.7      19.762
2013   10       26     6   5    2.37   319.0   11.7      19.794
2013   10       26     6  15    2.37   319.0   11.7      19.826
2013   10       26     6  25    2.38   319.0   11.8      19.857
2013   10       26     6  34    2.38   319.1   11.8      19.887
2013   10       26     6  44    2.38   319.1   11.8      19.916
2013   10       26     6  54    2.39   319.1   11.8      19.944
2013   10       26     7   4    2.39   319.2   11.8      19.972
2013   10       26     7  14    2.40   319.2   11.8      19.999
2013   10       26     7  24    2.40   319.2   11.8      20.025
2013   10       26     7  33    2.41   319.3   11.9      20.051
2013   10       26     7  43    2.41   319.3   11.9      20.077
2013   10       26     7  53    2.41   319.3   11.9      20.101
2013   10       26     8   3    2.42   319.4   11.9      20.126
2013   10       26     8  13    2.42   319.4   11.9      20.149
2013   10       26     8  23    2.43   319.4   11.9      20.173
2013   10       26     8  32    2.43   319.5   11.9      20.196
2013   10       26     8  42    2.43   319.5   11.9      20.218
2013   10       26     8  52    2.44   319.6   12.0      20.240
2013   10       26     9   2    2.44   319.6   12.0      20.262
2013   10       26     9  12    2.45   319.6   12.0      20.283
2013   10       26     9  21    2.45   319.7   12.0      20.304
2013   10       26     9  31    2.45   319.7   12.0      20.325
2013   10       26     9  41    2.46   319.7   12.0      20.345
2013   10       26     9  51    2.46   319.8   12.0      20.365
2013   10       26    10   1    2.46   319.8   12.0      20.385
2013   10       26    10  10    2.47   319.9   12.0      20.405
2013   10       26    10  20    2.47   319.9   12.1      20.424
2013   10       26    10  30    2.48   319.9   12.1      20.443
2013   10       26    10  40    2.48   320.0   12.1      20.463
2013   10       26    10  49    2.48   320.0   12.1      20.482
2013   10       26    10  59    2.49   320.1   12.1      20.501
2013   10       26    11   9    2.49   320.1   12.1      20.521
2013   10       26    11  19    2.50   320.1   12.1      20.540
2013   10       26    11  29    2.50   320.2   12.1      20.560
2013   10       26    11  38    2.50   320.2   12.1      20.581
2013   10       26    11  48    2.51   320.3   12.2      20.602
2013   10       26    11  58    2.51   320.3   12.2      20.624
2013   10       26    12   8    2.52   320.4   12.2      20.647
2013   10       26    12  18    2.52   320.4   12.2      20.671
2013   10       26    12  27    2.52   320.5   12.2      20.695
2013   10       26    12  37    2.53   320.6   12.2      20.720
2013   10       26    12  47    2.53   320.6   12.2      20.745
2013   10       26    12  57    2.53   320.7   12.2      20.771
2013   10       26    13   7    2.54   320.8   12.3      20.797
2013   10       26    13  16    2.54   320.8   12.3      20.823
2013   10       26    13  26    2.54   320.9   12.3      20.848
2013   10       26    13  36    2.55   321.0   12.3      20.874
2013   10       26    13  46    2.55   321.0   12.3      20.899
2013   10       26    13  56    2.55   321.1   12.3      20.923
2013   10       26    14   5    2.56   321.2   12.3      20.947
2013   10       26    14  15    2.56   321.2   12.3      20.971
2013   10       26    14  25    2.56   321.3   12.3      20.994
2013   10       26    14  35    2.57   321.4   12.3      21.016
2013   10       26    14  45    2.57   321.5   12.3      21.038
2013   10       26    14  55    2.57   321.5   12.3      21.060
2013   10       26    15   4    2.57   321.6   12.3      21.081
2013   10       26    15  14    2.58   321.7   12.3      21.101
2013   10       26    15  24    2.58   321.7   12.4      21.121
2013   10       26    15  34    2.58   321.8   12.4      21.141
2013   10       26    15  44    2.59   321.9   12.4      21.160
2013   10       26    15  54    2.59   321.9   12.4      21.179
2013   10       26    16   3    2.59   322.0   12.4      21.198
2013   10       26    16  13    2.59   322.1   12.4      21.216
2013   10       26    16  23    2.60   322.2   12.4      21.234
2013   10       26    16  33    2.60   322.2   12.4      21.252
2013   10       26    16  42    2.60   322.3   12.4      21.269
2013   10       26    16  52    2.60   322.4   12.4      21.287
2013   10       26    17   2    2.61   322.4   12.4      21.304
2013   10       26    17  12    2.61   322.5   12.4      21.321
2013   10       26    17  22    2.61   322.6   12.4      21.337
2013   10       26    17  31    2.61   322.6   12.4      21.354
2013   10       26    17  41    2.62   322.7   12.4      21.370
2013   10       26    17  51    2.62   322.8   12.4      21.387
2013   10       26    18   1    2.62   322.8   12.4      21.403
2013   10       26    18  11    2.62   322.9   12.4      21.420
2013   10       26    18  20    2.63   323.0   12.4      21.436
2013   10       26    18  30    2.63   323.0   12.4      21.452
2013   10       26    18  40    2.63   323.1   12.4      21.469
2013   10       26    18  50    2.63   323.2   12.4      21.486
2013   10       26    18  59    2.64   323.3   12.4      21.503
2013   10       26    19   9    2.64   323.3   12.4      21.521
2013   10       26    19  19    2.64   323.4   12.4      21.539
2013   10       26    19  29    2.64   323.5   12.4      21.557
2013   10       26    19  39    2.65   323.6   12.4      21.575
2013   10       26    19  49    2.65   323.6   12.5      21.594
2013   10       26    19  58    2.65   323.7   12.5      21.612
2013   10       26    20   8    2.65   323.8   12.5      21.631
2013   10       26    20  18    2.66   323.9   12.5      21.651
2013   10       26    20  28    2.66   324.0   12.5      21.670
2013   10       26    20  38    2.66   324.0   12.5      21.689
2013   10       26    20  47    2.66   324.1   12.5      21.709
2013   10       26    20  57    2.67   324.2   12.5      21.728
2013   10       26    21   7    2.67   324.3   12.5      21.746
2013   10       26    21  17    2.67   324.4   12.5      21.765
2013   10       26    21  27    2.67   324.5   12.5      21.783
2013   10       26    21  36    2.67   324.6   12.5      21.801
2013   10       26    21  46    2.67   324.6   12.5      21.819
2013   10       26    21  56    2.68   324.7   12.5      21.836
2013   10       26    22   6    2.68   324.8   12.5      21.853
2013   10       26    22  16    2.68   324.9   12.5      21.869
2013   10       26    22  26    2.68   325.0   12.5      21.885
2013   10       26    22  35    2.68   325.1   12.5      21.901
2013   10       26    22  45    2.68   325.1   12.5      21.917
2013   10       26    22  55    2.69   325.2   12.5      21.932
2013   10       26    23   5    2.69   325.3   12.5      21.948
2013   10       26    23  15    2.69   325.4   12.5      21.963
2013   10       26    23  24    2.69   325.5   12.5      21.978
2013   10       26    23  34    2.69   325.5   12.5      21.993
2013   10       26    23  44    2.69   325.6   12.5      22.009
2013   10       26    23  54    2.70   325.7   12.5      22.023
2013   10       27     0   4    2.70   325.8   12.5      22.038
2013   10       27     0  13    2.70   325.9   12.5      22.053
2013   10       27     0  23    2.70   326.0   12.5      22.067
2013   10       27     0  33    2.70   326.0   12.5      22.082
2013   10       27     0  43    2.70   326.1   12.5      22.096
2013   10       27     0  52    2.71   326.2   12.5      22.110
2013   10       27     1   2    2.71   326.3   12.5      22.123
2013   10       27     1  12    2.71   326.4   12.5      22.137
2013   10       27     1  22    2.71   326.5   12.5      22.151
2013   10       27     1  32    2.71   326.5   12.5      22.164
2013   10       27     1  41    2.71   326.6   12.5      22.177
2013   10       27     1  51    2.71   326.7   12.5      22.191
2013   10       27     2   1    2.72   326.8   12.5      22.204
2013   10       27     2  11    2.72   326.9   12.5      22.218
2013   10       27     2  21    2.72   327.0   12.5      22.232
2013   10       27     2  30    2.72   327.0   12.5      22.245
2013   10       27     2  40    2.72   327.1   12.5      22.260
2013   10       27     2  50    2.72   327.2   12.5      22.274
2013   10       27     3   0    2.72   327.3   12.5      22.288
2013   10       27     3  10    2.72   327.4   12.5      22.302
2013   10       27     3  19    2.73   327.5   12.5      22.316
2013   10       27     3  29    2.73   327.6   12.5      22.330
2013   10       27     3  39    2.73   327.7   12.5      22.343
2013   10       27     3  49    2.73   327.8   12.5      22.357
2013   10       27     3  59    2.73   327.8   12.5      22.370
2013   10       27     4   8    2.73   327.9   12.5      22.384
2013   10       27     4  18    2.73   328.0   12.5      22.396
2013   10       27     4  28    2.73   328.1   12.5      22.409
2013   10       27     4  38    2.73   328.2   12.4      22.421
2013   10       27     4  48    2.73   328.3   12.4      22.432
2013   10       27     4  57    2.73   328.4   12.4      22.444
2013   10       27     5   7    2.74   328.5   12.4      22.455
2013   10       27     5  17    2.74   328.6   12.4      22.466
2013   10       27     5  27    2.74   328.7   12.4      22.476
2013   10       27     5  37    2.74   328.8   12.4      22.486
2013   10       27     5  47    2.74   328.9   12.4      22.496
2013   10       27     5  56    2.74   329.0   12.4      22.506
2013   10       27     6   6    2.74   329.1   12.4      22.516
2013   10       27     6  16    2.74   329.1   12.4      22.526
2013   10       27     6  26    2.74   329.2   12.4      22.536
2013   10       27     6  35    2.74   329.3   12.4      22.545
2013   10       27     6  45    2.74   329.4   12.4      22.555
2013   10       27     6  55    2.74   329.5   12.4      22.565
2013   10       27     7   5    2.74   329.6   12.4      22.574
2013   10       27     7  14    2.74   329.7   12.4      22.583
2013   10       27     7  24    2.74   329.8   12.4      22.592
2013   10       27     7  34    2.74   329.9   12.4      22.601
2013   10       27     7  44    2.74   330.0   12.4      22.610
2013   10       27     7  54    2.74   330.1   12.3      22.618
2013   10       27     8   3    2.75   330.2   12.3      22.626
2013   10       27     8  13    2.75   330.3   12.3      22.634
2013   10       27     8  23    2.75   330.4   12.3      22.641
2013   10       27     8  33    2.75   330.5   12.3      22.649
2013   10       27     8  42    2.75   330.6   12.3      22.656
2013   10       27     8  52    2.75   330.7   12.3      22.662
2013   10       27     9   2    2.75   330.8   12.3      22.669
2013   10       27     9  12    2.75   330.9   12.3      22.675
2013   10       27     9  22    2.75   331.0   12.3      22.681
2013   10       27     9  31    2.75   331.1   12.3      22.687
2013   10       27     9  41    2.75   331.2   12.3      22.693
2013   10       27     9  51    2.75   331.3   12.3      22.699
2013   10       27    10   1    2.75   331.4   12.2      22.704
2013   10       27    10  11    2.75   331.5   12.2      22.710
2013   10       27    10  20    2.75   331.6   12.2      22.715
2013   10       27    10  30    2.75   331.6   12.2      22.721
2013   10       27    10  40    2.75   331.7   12.2      22.726
2013   10       27    10  50    2.75   331.8   12.2      22.731
2013   10       27    11   0    2.75   331.9   12.2      22.735
2013   10       27    11  10    2.74   332.0   12.2      22.740
2013   10       27    11  19    2.74   332.1   12.2      22.744
2013   10       27    11  29    2.74   332.2   12.2      22.748
2013   10       27    11  39    2.74   332.3   12.1      22.752
2013   10       27    11  49    2.74   332.4   12.1      22.756
2013   10       27    11  59    2.74   332.5   12.1      22.759
2013   10       27    12   8    2.74   332.6   12.1      22.762
2013   10       27    12  18    2.74   332.7   12.1      22.765
2013   10       27    12  28    2.74   332.8   12.1      22.768
2013   10       27    12  38    2.74   332.9   12.1      22.770
2013   10       27    12  48    2.74   333.0   12.1      22.772
2013   10       27    12  57    2.74   333.1   12.1      22.775
2013   10       27    13   7    2.74   333.2   12.1      22.777
2013   10       27    13  17    2.74   333.3   12.0      22.779
2013   10       27    13  27    2.74   333.4   12.0      22.781
2013   10       27    13  37    2.74   333.5   12.0      22.783
2013   10       27    13  46    2.74   333.6   12.0      22.785
2013   10       27    13  56    2.74   333.7   12.0      22.787
2013   10       27    14   6    2.74   333.8   12.0      22.789
2013   10       27    14  15    2.73   333.9   12.0      22.791
2013   10       27    14  25    2.73   333.9   12.0      22.793
2013   10       27    14  35    2.73   334.0   12.0      22.795
2013   10       27    14  45    2.73   334.1   11.9      22.797
2013   10       27    14  54    2.73   334.2   11.9      22.799
2013   10       27    15   4    2.73   334.3   11.9      22.801
2013   10       27    15  14    2.73   334.4   11.9      22.804
2013   10       27    15  24    2.73   334.5   11.9      22.806
2013   10       27    15  34    2.73   334.6   11.9      22.809
2013   10       27    15  43    2.73   334.7   11.9      22.811
2013   10       27    15  53    2.73   334.8   11.9      22.814
2013   10       27    16   3    2.73   334.9   11.9      22.817
2013   10       27    16  13    2.73   335.0   11.9      22.820
2013   10       27    16  23    2.72   335.1   11.9      22.823
2013   10       27    16  32    2.72   335.1   11.8      22.827
2013   10       27    16  42    2.72   335.2   11.8      22.830
2013   10       27    16  52    2.72   335.3   11.8      22.834
2013   10       27    17   2    2.72   335.4   11.8      22.837
2013   10       27    17  11    2.72   335.5   11.8      22.841
2013   10       27    17  21    2.72   335.6   11.8      22.844
2013   10       27    17  31    2.72   335.7   11.8      22.847
2013   10       27    17  41    2.72   335.8   11.8      22.850
2013   10       27    17  51    2.72   335.9   11.8      22.853
2013   10       27    18   1    2.72   336.0   11.8      22.856
2013   10       27    18  10    2.71   336.1   11.8      22.859
2013   10       27    18  20    2.71   336.2   11.7      22.861
2013   10       27    18  30    2.71   336.3   11.7      22.863
2013   10       27    18  40    2.71   336.4   11.7      22.865
2013   10       27    18  50    2.71   336.4   11.7      22.866
2013   10       27    18  59    2.71   336.5   11.7      22.867
2013   10       27    19   9    2.71   336.6   11.7      22.868
2013   10       27    19  19    2.71   336.7   11.7      22.869
2013   10       27    19  29    2.71   336.8   11.7      22.870
2013   10       27    19  39    2.70   336.9   11.7      22.870
2013   10       27    19  48    2.70   337.0   11.7      22.871
2013   10       27    19  58    2.70   337.1   11.6      22.871
2013   10       27    20   8    2.70   337.1   11.6      22.871
2013   10       27    20  18    2.70   337.2   11.6      22.871
2013   10       27    20  28    2.70   337.3   11.6      22.871
2013   10       27    20  37    2.70   337.4   11.6      22.871
2013   10       27    20  47    2.70   337.5   11.6      22.871
2013   10       27    20  57    2.69   337.6   11.6      22.872
2013   10       27    21   6    2.69   337.6   11.6      22.872
2013   10       27    21  16    2.69   337.7   11.6      22.872
2013   10       27    21  26    2.69   337.8   11.6      22.872
2013   10       27    21  36    2.69   337.9   11.5      22.872
2013   10       27    21  45    2.69   338.0   11.5      22.873
2013   10       27    21  55    2.69   338.0   11.5      22.874
2013   10       27    22   5    2.69   338.1   11.5      22.874
2013   10       27    22  15    2.69   338.2   11.5      22.875
2013   10       27    22  24    2.68   338.3   11.5      22.876
2013   10       27    22  34    2.68   338.4   11.5      22.878
2013   10       27    22  44    2.68   338.4   11.5      22.879
2013   10       27    22  54    2.68   338.5   11.5      22.881
2013   10       27    23   3    2.68   338.6   11.5      22.882
2013   10       27    23  13    2.68   338.7   11.5      22.884
2013   10       27    23  23    2.68   338.8   11.5      22.886
2013   10       27    23  33    2.68   338.8   11.4      22.889
2013   10       27    23  43    2.68   338.9   11.4      22.892
2013   10       27    23  52    2.68   339.0   11.4      22.894
2013   10       28     0   2    2.67   339.1   11.4      22.897
2013   10       28     0  12    2.67   339.2   11.4      22.900
2013   10       28     0  22    2.67   339.2   11.4      22.903
2013   10       28     0  32    2.67   339.3   11.4      22.906
2013   10       28     0  41    2.67   339.4   11.4      22.908
2013   10       28     0  51    2.67   339.5   11.4      22.911
2013   10       28     1   1    2.67   339.6   11.4      22.914
2013   10       28     1  11    2.67   339.6   11.4      22.916
2013   10       28     1  21    2.67   339.7   11.4      22.918
2013   10       28     1  30    2.66   339.8   11.4      22.920
2013   10       28     1  40    2.66   339.9   11.4      22.922
2013   10       28     1  50    2.66   339.9   11.3      22.923
2013   10       28     2   0    2.66   340.0   11.3      22.925
2013   10       28     2  10    2.66   340.1   11.3      22.926
2013   10       28     2  19    2.66   340.2   11.3      22.927
2013   10       28     2  29    2.66   340.2   11.3      22.929
2013   10       28     2  39    2.66   340.3   11.3      22.930
2013   10       28     2  49    2.66   340.4   11.3      22.930
2013   10       28     2  59    2.65   340.5   11.3      22.931
2013   10       28     3   8    2.65   340.5   11.3      22.932
2013   10       28     3  18    2.65   340.6   11.3      22.933
2013   10       28     3  28    2.65   340.7   11.3      22.933
2013   10       28     3  38    2.65   340.8   11.3      22.934
2013   10       28     3  47    2.65   340.8   11.2      22.935
2013   10       28     3  57    2.65   340.9   11.2      22.935
2013   10       28     4   7    2.65   341.0   11.2      22.936
2013   10       28     4  17    2.65   341.0   11.2      22.936
2013   10       28     4  26    2.64   341.1   11.2      22.937
2013   10       28     4  36    2.64   341.2   11.2      22.937
2013   10       28     4  46    2.64   341.2   11.2      22.937
2013   10       28     4  55    2.64   341.3   11.2      22.938
2013   10       28     5   5    2.64   341.4   11.2      22.938
2013   10       28     5  15    2.64   341.5   11.2      22.939
2013   10       28     5  24    2.64   341.5   11.2      22.939
2013   10       28     5  34    2.64   341.6   11.2      22.939
2013   10       28     5  44    2.64   341.7   11.1      22.940
2013   10       28     5  54    2.64   341.7   11.1      22.940
2013   10       28     6   3    2.64   341.8   11.1      22.940
2013   10       28     6  13    2.63   341.9   11.1      22.940
2013   10       28     6  23    2.63   341.9   11.1      22.940
2013   10       28     6  33    2.63   342.0   11.1      22.940
2013   10       28     6  43    2.63   342.1   11.1      22.940
2013   10       28     6  52    2.63   342.1   11.1      22.940
2013   10       28     7   2    2.63   342.2   11.1      22.940
2013   10       28     7  12    2.63   342.3   11.1      22.940
2013   10       28     7  22    2.63   342.3   11.1      22.940
2013   10       28     7  32    2.63   342.4   11.1      22.939
2013   10       28     7  41    2.63   342.5   11.1      22.939
2013   10       28     7  51    2.62   342.5   11.0      22.939
2013   10       28     8   1    2.62   342.6   11.0      22.938
2013   10       28     8  11    2.62   342.7   11.0      22.937
2013   10       28     8  21    2.62   342.7   11.0      22.937
2013   10       28     8  30    2.62   342.8   11.0      22.936
2013   10       28     8  40    2.62   342.8   11.0      22.935
2013   10       28     8  50    2.62   342.9   11.0      22.935
2013   10       28     9   0    2.62   343.0   11.0      22.934
2013   10       28     9  10    2.62   343.0   11.0      22.933
2013   10       28     9  19    2.61   343.1   11.0      22.933
2013   10       28     9  29    2.61   343.2   11.0      22.932
2013   10       28     9  39    2.61   343.2   11.0      22.931
2013   10       28     9  49    2.61   343.3   11.0      22.930
2013   10       28     9  59    2.61   343.3   10.9      22.930
2013   10       28    10   8    2.61   343.4   10.9      22.929
2013   10       28    10  18    2.61   343.4   10.9      22.929
2013   10       28    10  28    2.61   343.5   10.9      22.928
2013   10       28    10  38    2.61   343.6   10.9      22.928
2013   10       28    10  47    2.61   343.6   10.9      22.928
2013   10       28    10  57    2.61   343.7   10.9      22.927
2013   10       28    11   7    2.60   343.7   10.9      22.927
2013   10       28    11  17    2.60   343.8   10.9      22.927
2013   10       28    11  26    2.60   343.8   10.9      22.927
2013   10       28    11  36    2.60   343.9   10.9      22.927
2013   10       28    11  45    2.60   344.0   10.9      22.928
2013   10       28    11  55    2.60   344.0   10.9      22.928
2013   10       28    12   5    2.60   344.1   10.9      22.928
2013   10       28    12  14    2.60   344.1   10.8      22.928
2013   10       28    12  24    2.60   344.2   10.8      22.929
2013   10       28    12  34    2.60   344.2   10.8      22.929
2013   10       28    12  44    2.60   344.3   10.8      22.929
2013   10       28    12  53    2.59   344.3   10.8      22.930
2013   10       28    13   3    2.59   344.4   10.8      22.930
2013   10       28    13  13    2.59   344.5   10.8      22.930
2013   10       28    13  23    2.59   344.5   10.8      22.931
2013   10       28    13  32    2.59   344.6   10.8      22.931
2013   10       28    13  42    2.59   344.6   10.8      22.931
2013   10       28    13  52    2.59   344.7   10.8      22.931
2013   10       28    14   2    2.59   344.7   10.8      22.931
2013   10       28    14  12    2.59   344.8   10.8      22.931
2013   10       28    14  21    2.59   344.8   10.8      22.931
2013   10       28    14  31    2.59   344.9   10.8      22.931
2013   10       28    14  41    2.59   344.9   10.8      22.931
2013   10       28    14  51    2.58   345.0   10.7      22.931
2013   10       28    15   1    2.58   345.0   10.7      22.930
2013   10       28    15  10    2.58   345.1   10.7      22.930
2013   10       28    15  20    2.58   345.1   10.7      22.929
2013   10       28    15  30    2.58   345.2   10.7      22.928
2013   10       28    15  40    2.58   345.2   10.7      22.928
2013   10       28    15  50    2.58   345.3   10.7      22.927
2013   10       28    15  59    2.58   345.3   10.7      22.926
2013   10       28    16   9    2.58   345.4   10.7      22.925
2013   10       28    16  19    2.58   345.4   10.7      22.924
2013   10       28    16  29    2.58   345.5   10.7      22.923
2013   10       28    16  39    2.57   345.5   10.7      22.922
2013   10       28    16  48    2.57   345.6   10.7      22.921
2013   10       28    16  58    2.57   345.6   10.7      22.920
2013   10       28    17   8    2.57   345.7   10.7      22.919
2013   10       28    17  18    2.57   345.7   10.7      22.918
2013   10       28    17  28    2.57   345.8   10.6      22.917
2013   10       28    17  37    2.57   345.8   10.6      22.916
2013   10       28    17  47    2.57   345.9   10.6      22.915
2013   10       28    17  57    2.57   345.9   10.6      22.914
2013   10       28    18   6    2.57   346.0   10.6      22.913
2013   10       28    18  16    2.57   346.0   10.6      22.912
2013   10       28    18  26    2.57   346.0   10.6      22.911
2013   10       28    18  35    2.56   346.1   10.6      22.910
2013   10       28    18  45    2.56   346.1   10.6      22.910
2013   10       28    18  55    2.56   346.2   10.6      22.909
2013   10       28    19   4    2.56   346.2   10.6      22.908
2013   10       28    19  14    2.56   346.3   10.6      22.908
2013   10       28    19  24    2.56   346.3   10.6      22.907
2013   10       28    19  33    2.56   346.4   10.6      22.907
2013   10       28    19  43    2.56   346.4   10.6      22.906
2013   10       28    19  53    2.56   346.4   10.6      22.905
2013   10       28    20   2    2.56   346.5   10.6      22.905
2013   10       28    20  12    2.56   346.5   10.6      22.904
2013   10       28    20  22    2.56   346.6   10.5      22.904
2013   10       28    20  32    2.55   346.6   10.5      22.903
2013   10       28    20  41    2.55   346.7   10.5      22.902
2013   10       28    20  51    2.55   346.7   10.5      22.902
2013   10       28    21   1    2.55   346.7   10.5      22.901
2013   10       28    21  11    2.55   346.8   10.5      22.900
2013   10       28    21  20    2.55   346.8   10.5      22.899
2013   10       28    21  30    2.55   346.9   10.5      22.899
2013   10       28    21  40    2.55   346.9   10.5      22.898
2013   10       28    21  50    2.55   347.0   10.5      22.897
2013   10       28    22   0    2.55   347.0   10.5      22.896
2013   10       28    22   9    2.55   347.0   10.5      22.895
2013   10       28    22  19    2.55   347.1   10.5      22.894
2013   10       28    22  29    2.55   347.1   10.5      22.893
2013   10       28    22  39    2.55   347.2   10.5      22.892
2013   10       28    22  49    2.54   347.2   10.5      22.891
2013   10       28    22  59    2.54   347.3   10.5      22.889
2013   10       28    23   8    2.54   347.3   10.5      22.888
2013   10       28    23  18    2.54   347.3   10.5      22.887
2013   10       28    23  28    2.54   347.4   10.5      22.885
2013   10       28    23  38    2.54   347.4   10.4      22.884
2013   10       28    23  47    2.54   347.5   10.4      22.882
2013   10       28    23  57    2.54   347.5   10.4      22.880
2013   10       29     0   7    2.54   347.5   10.4      22.879
2013   10       29     0  17    2.54   347.6   10.4      22.877
2013   10       29     0  27    2.54   347.6   10.4      22.875
2013   10       29     0  36    2.54   347.7   10.4      22.873
2013   10       29     0  46    2.53   347.7   10.4      22.871
2013   10       29     0  56    2.53   347.7   10.4      22.869
2013   10       29     1   6    2.53   347.8   10.4      22.867
2013   10       29     1  15    2.53   347.8   10.4      22.865
2013   10       29     1  25    2.53   347.9   10.4      22.862
2013   10       29     1  35    2.53   347.9   10.4      22.860
2013   10       29     1  44    2.53   347.9   10.4      22.858
2013   10       29     1  54    2.53   348.0   10.4      22.855
2013   10       29     2   3    2.53   348.0   10.4      22.853
2013   10       29     2  13    2.53   348.0   10.4      22.850
2013   10       29     2  23    2.53   348.1   10.4      22.847
2013   10       29     2  32    2.53   348.1   10.4      22.845
2013   10       29     2  42    2.52   348.1   10.4      22.842
2013   10       29     2  52    2.52   348.2   10.3      22.839
2013   10       29     3   1    2.52   348.2   10.3      22.836
2013   10       29     3  11    2.52   348.2   10.3      22.833
2013   10       29     3  21    2.52   348.3   10.3      22.830
2013   10       29     3  30    2.52   348.3   10.3      22.827
2013   10       29     3  40    2.52   348.3   10.3      22.824
2013   10       29     3  50    2.52   348.4   10.3      22.821
2013   10       29     4   0    2.52   348.4   10.3      22.818
2013   10       29     4   9    2.52   348.4   10.3      22.815
2013   10       29     4  19    2.52   348.4   10.3      22.813
2013   10       29     4  29    2.52   348.5   10.3      22.810
2013   10       29     4  39    2.51   348.5   10.3      22.807
2013   10       29     4  49    2.51   348.5   10.3      22.804
2013   10       29     4  58    2.51   348.6   10.3      22.802
2013   10       29     5   8    2.51   348.6   10.3      22.799
2013   10       29     5  18    2.51   348.6   10.3      22.796
2013   10       29     5  28    2.51   348.7   10.3      22.794
2013   10       29     5  38    2.51   348.7   10.3      22.792
2013   10       29     5  47    2.51   348.7   10.3      22.790
2013   10       29     5  57    2.51   348.7   10.3      22.788
2013   10       29     6   7    2.51   348.8   10.3      22.786
2013   10       29     6  17    2.51   348.8   10.3      22.784
2013   10       29     6  27    2.51   348.8   10.3      22.782
2013   10       29     6  36    2.51   348.9   10.3      22.780
2013   10       29     6  46    2.50   348.9   10.2      22.779
2013   10       29     6  56    2.50   348.9   10.2      22.777
2013   10       29     7   6    2.50   348.9   10.2      22.776
2013   10       29     7  15    2.50   349.0   10.2      22.775
2013   10       29     7  25    2.50   349.0   10.2      22.773
2013   10       29     7  35    2.50   349.0   10.2      22.772
2013   10       29     7  45    2.50   349.0   10.2      22.771
2013   10       29     7  55    2.50   349.1   10.2      22.771
2013   10       29     8   4    2.50   349.1   10.2      22.770
2013   10       29     8  14    2.50   349.1   10.2      22.769
2013   10       29     8  24    2.50   349.1   10.2      22.768
2013   10       29     8  33    2.50   349.2   10.2      22.767
2013   10       29     8  43    2.50   349.2   10.2      22.767
2013   10       29     8  53    2.50   349.2   10.2      22.766
2013   10       29     9   2    2.50   349.2   10.2      22.765
2013   10       29     9  12    2.50   349.2   10.2      22.764
2013   10       29     9  21    2.50   349.3   10.2      22.763
2013   10       29     9  31    2.49   349.3   10.2      22.762
2013   10       29     9  41    2.49   349.3   10.2      22.761
2013   10       29     9  50    2.49   349.3   10.2      22.760
2013   10       29    10   0    2.49   349.3   10.2      22.758
2013   10       29    10   9    2.49   349.3   10.2      22.757
2013   10       29    10  19    2.49   349.4   10.2      22.756
2013   10       29    10  29    2.49   349.4   10.2      22.754
2013   10       29    10  38    2.49   349.4   10.2      22.752
2013   10       29    10  48    2.49   349.4   10.2      22.751
2013   10       29    10  58    2.49   349.4   10.2      22.749
2013   10       29    11   8    2.49   349.4   10.2      22.747
2013   10       29    11  17    2.49   349.4   10.2      22.745
2013   10       29    11  27    2.49   349.4   10.2      22.743
2013   10       29    11  37    2.49   349.5   10.2      22.740
2013   10       29    11  47    2.49   349.5   10.2      22.738
2013   10       29    11  56    2.49   349.5   10.2      22.736
2013   10       29    12   6    2.49   349.5   10.2      22.733
2013   10       29    12  16    2.49   349.5   10.2      22.731
2013   10       29    12  26    2.49   349.5   10.2      22.729
2013   10       29    12  36    2.49   349.5   10.2      22.726
2013   10       29    12  45    2.49   349.5   10.2      22.724
2013   10       29    12  55    2.49   349.5   10.2      22.721
2013   10       29    13   5    2.49   349.6   10.2      22.719
2013   10       29    13  15    2.49   349.6   10.2      22.716
2013   10       29    13  25    2.49   349.6   10.2      22.714
2013   10       29    13  35    2.49   349.6   10.2      22.711
2013   10       29    13  44    2.49   349.6   10.2      22.708
2013   10       29    13  54    2.49   349.6   10.2      22.705
2013   10       29    14   4    2.49   349.6   10.2      22.702
2013   10       29    14  14    2.49   349.6   10.2      22.699
2013   10       29    14  23    2.49   349.6   10.2      22.696
2013   10       29    14  33    2.49   349.6   10.1      22.692
2013   10       29    14  43    2.49   349.6   10.1      22.689
2013   10       29    14  53    2.49   349.6   10.1      22.686
2013   10       29    15   2    2.49   349.7   10.1      22.682
2013   10       29    15  12    2.49   349.7   10.1      22.679
2013   10       29    15  22    2.49   349.7   10.1      22.676
2013   10       29    15  32    2.49   349.7   10.1      22.672
2013   10       29    15  41    2.49   349.7   10.1      22.669
2013   10       29    15  51    2.49   349.7   10.1      22.665
2013   10       29    16   0    2.50   349.7   10.1      22.662
2013   10       29    16  10    2.50   349.7   10.1      22.658
2013   10       29    16  20    2.50   349.7   10.1      22.655
2013   10       29    16  29    2.50   349.7   10.1      22.652
2013   10       29    16  39    2.50   349.7   10.1      22.648
2013   10       29    16  48    2.50   349.7   10.1      22.645
2013   10       29    16  58    2.50   349.7   10.1      22.642
2013   10       29    17   7    2.50   349.7   10.1      22.638
2013   10       29    17  17    2.50   349.7   10.1      22.635
2013   10       29    17  27    2.50   349.7   10.1      22.632
2013   10       29    17  36    2.50   349.7   10.1      22.629
2013   10       29    17  46    2.50   349.7   10.1      22.625
2013   10       29    17  55    2.50   349.7   10.1      22.622
2013   10       29    18   5    2.50   349.7   10.1      22.619
2013   10       29    18  15    2.50   349.7   10.1      22.616
2013   10       29    18  25    2.50   349.7   10.1      22.613
2013   10       29    18  34    2.51   349.7   10.1      22.611
2013   10       29    18  44    2.51   349.7   10.1      22.608
2013   10       29    18  54    2.51   349.7   10.1      22.606
2013   10       29    19   4    2.51   349.7   10.1      22.604
2013   10       29    19  13    2.51   349.7   10.1      22.602
2013   10       29    19  23    2.51   349.7   10.1      22.600
2013   10       29    19  33    2.51   349.7   10.1      22.599
2013   10       29    19  43    2.51   349.7   10.1      22.598
2013   10       29    19  53    2.51   349.8   10.1      22.597
2013   10       29    20   3    2.51   349.8   10.1      22.597
2013   10       29    20  12    2.51   349.8   10.1      22.597
2013   10       29    20  22    2.51   349.8   10.1      22.597
2013   10       29    20  32    2.51   349.8   10.1      22.598
2013   10       29    20  42    2.51   349.8   10.1      22.599
2013   10       29    20  52    2.51   349.8   10.1      22.600
2013   10       29    21   1    2.51   349.8   10.1      22.602
2013   10       29    21  11    2.51   349.8   10.1      22.604
2013   10       29    21  21    2.51   349.8   10.1      22.607
2013   10       29    21  31    2.51   349.8   10.1      22.610
2013   10       29    21  41    2.51   349.8   10.1      22.613
2013   10       29    21  50    2.51   349.8   10.1      22.617
2013   10       29    22   0    2.51   349.8   10.1      22.621
2013   10       29    22  10    2.51   349.8   10.1      22.626
2013   10       29    22  20    2.52   349.8   10.1      22.630
2013   10       29    22  29    2.52   349.8   10.1      22.635
2013   10       29    22  39    2.52   349.8   10.1      22.641
2013   10       29    22  49    2.52   349.8   10.1      22.646
2013   10       29    22  58    2.52   349.8   10.1      22.652
2013   10       29    23   8    2.52   349.8   10.1      22.658
2013   10       29    23  18    2.52   349.8   10.1      22.665
2013   10       29    23  27    2.52   349.8   10.1      22.672
2013   10       29    23  37    2.52   349.8   10.1      22.679
2013   10       29    23  47    2.52   349.8   10.1      22.687
2013   10       29    23  56    2.52   349.8   10.1      22.695
2013   10       30     0   6    2.52   349.9   10.2      22.703
2013   10       30     0  15    2.52   349.9   10.2      22.712
2013   10       30     0  25    2.52   349.9   10.2      22.721
2013   10       30     0  34    2.52   349.9   10.2      22.730
2013   10       30     0  44    2.52   349.9   10.2      22.739
2013   10       30     0  54    2.52   349.9   10.2      22.748
2013   10       30     1   3    2.52   349.9   10.2      22.758
2013   10       30     1  13    2.52   350.0   10.2      22.767
2013   10       30     1  23    2.52   350.0   10.2      22.775
2013   10       30     1  32    2.52   350.0   10.2      22.784
2013   10       30     1  42    2.52   350.0   10.2      22.792
2013   10       30     1  52    2.52   350.0   10.2      22.800
2013   10       30     2   1    2.52   350.1   10.2      22.807
2013   10       30     2  11    2.52   350.1   10.2      22.814
2013   10       30     2  21    2.52   350.1   10.2      22.821
2013   10       30     2  31    2.52   350.1   10.2      22.827
2013   10       30     2  41    2.52   350.1   10.2      22.833
2013   10       30     2  50    2.52   350.1   10.2      22.839
2013   10       30     3   0    2.52   350.2   10.2      22.844
2013   10       30     3  10    2.52   350.2   10.2      22.849
2013   10       30     3  20    2.52   350.2   10.2      22.853
2013   10       30     3  30    2.52   350.2   10.2      22.858
2013   10       30     3  39    2.52   350.2   10.2      22.862
2013   10       30     3  49    2.52   350.2   10.2      22.866
2013   10       30     3  59    2.52   350.2   10.2      22.869
2013   10       30     4   9    2.52   350.3   10.2      22.873
2013   10       30     4  19    2.52   350.3   10.2      22.876
2013   10       30     4  29    2.52   350.3   10.2      22.880
2013   10       30     4  38    2.52   350.3   10.2      22.883
2013   10       30     4  48    2.52   350.3   10.2      22.886
2013   10       30     4  58    2.52   350.3   10.2      22.889
2013   10       30     5   8    2.51   350.3   10.2      22.892
2013   10       30     5  17    2.51   350.4   10.2      22.895
2013   10       30     5  27    2.51   350.4   10.2      22.898
2013   10       30     5  37    2.51   350.4   10.2      22.900
2013   10       30     5  47    2.51   350.4   10.2      22.903
2013   10       30     5  56    2.51   350.4   10.2      22.905
2013   10       30     6   6    2.51   350.4   10.2      22.907
2013   10       30     6  16    2.51   350.5   10.2      22.909
2013   10       30     6  25    2.51   350.5   10.2      22.912
2013   10       30     6  35    2.51   350.5   10.2      22.914
2013   10       30     6  45    2.51   350.5   10.2      22.916
2013   10       30     6  54    2.51   350.5   10.2      22.919
2013   10       30     7   4    2.51   350.6   10.2      22.921
2013   10       30     7  13    2.51   350.6   10.2      22.924
2013   10       30     7  23    2.51   350.6   10.2      22.927
2013   10       30     7  33    2.51   350.6   10.2      22.930
2013   10       30     7  42    2.51   350.7   10.2      22.933
2013   10       30     7  52    2.51   350.7   10.2      22.937
2013   10       30     8   1    2.51   350.7   10.2      22.940
2013   10       30     8  11    2.51   350.7   10.2      22.944
2013   10       30     8  21    2.51   350.8   10.2      22.948
2013   10       30     8  30    2.51   350.8   10.2      22.952
2013   10       30     8  40    2.51   350.8   10.2      22.956
2013   10       30     8  50    2.51   350.9   10.2      22.960
2013   10       30     8  59    2.51   350.9   10.2      22.964
2013   10       30     9   9    2.51   350.9   10.2      22.969
2013   10       30     9  19    2.51   351.0   10.2      22.974
2013   10       30     9  29    2.51   351.0   10.2      22.980
2013   10       30     9  38    2.51   351.0   10.2      22.985
2013   10       30     9  48    2.51   351.1   10.2      22.992
2013   10       30     9  58    2.51   351.1   10.2      22.998
2013   10       30    10   8    2.51   351.1   10.2      23.005
2013   10       30    10  18    2.51   351.2   10.2      23.012
2013   10       30    10  27    2.51   351.2   10.2      23.020
2013   10       30    10  37    2.51   351.3   10.2      23.027
2013   10       30    10  47    2.51   351.3   10.2      23.035
2013   10       30    10  57    2.51   351.3   10.2      23.042
2013   10       30    11   7    2.50   351.4   10.2      23.049
2013   10       30    11  16    2.50   351.4   10.2      23.056
2013   10       30    11  26    2.50   351.4   10.2      23.063
2013   10       30    11  36    2.50   351.5   10.2      23.070
2013   10       30    11  46    2.50   351.5   10.2      23.076
2013   10       30    11  56    2.50   351.5   10.2      23.082
2013   10       30    12   5    2.50   351.6   10.2      23.088
2013   10       30    12  15    2.50   351.6   10.2      23.094
2013   10       30    12  25    2.50   351.6   10.2      23.099
2013   10       30    12  35    2.50   351.7   10.2      23.104
2013   10       30    12  45    2.50   351.7   10.2      23.109
2013   10       30    12  54    2.50   351.8   10.2      23.114
2013   10       30    13   4    2.50   351.8   10.2      23.118
2013   10       30    13  14    2.50   351.8   10.2      23.123
2013   10       30    13  23    2.50   351.9   10.2      23.127
2013   10       30    13  33    2.50   351.9   10.2      23.131
2013   10       30    13  43    2.50   351.9   10.2      23.135
2013   10       30    13  52    2.50   352.0   10.2      23.139
2013   10       30    14   2    2.50   352.0   10.2      23.143
2013   10       30    14  12    2.49   352.1   10.2      23.147
2013   10       30    14  21    2.49   352.1   10.2      23.151
2013   10       30    14  31    2.49   352.1   10.2      23.155
2013   10       30    14  40    2.49   352.2   10.2      23.159
2013   10       30    14  50    2.49   352.2   10.1      23.163
2013   10       30    14  59    2.49   352.2   10.1      23.167
2013   10       30    15   9    2.49   352.3   10.1      23.171
2013   10       30    15  19    2.49   352.3   10.1      23.175
2013   10       30    15  28    2.49   352.3   10.1      23.179
2013   10       30    15  38    2.49   352.4   10.1      23.182
2013   10       30    15  48    2.49   352.4   10.1      23.186
2013   10       30    15  57    2.49   352.4   10.1      23.190
2013   10       30    16   7    2.49   352.5   10.1      23.194
2013   10       30    16  17    2.49   352.5   10.1      23.197
2013   10       30    16  26    2.48   352.5   10.1      23.201
2013   10       30    16  36    2.48   352.6   10.1      23.204
2013   10       30    16  46    2.48   352.6   10.1      23.208
2013   10       30    16  56    2.48   352.6   10.1      23.211
2013   10       30    17   6    2.48   352.7   10.1      23.215
2013   10       30    17  15    2.48   352.7   10.1      23.218
2013   10       30    17  25    2.48   352.7   10.1      23.222
2013   10       30    17  35    2.48   352.7   10.1      23.226
2013   10       30    17  45    2.48   352.8   10.1      23.231
2013   10       30    17  55    2.48   352.8   10.1      23.236
2013   10       30    18   4    2.48   352.8   10.1      23.242
2013   10       30    18  14    2.47   352.9   10.1      23.248
2013   10       30    18  24    2.47   352.9   10.1      23.255
2013   10       30    18  34    2.47   352.9   10.1      23.262
2013   10       30    18  44    2.47   353.0   10.1      23.269
2013   10       30    18  53    2.47   353.0   10.1      23.277
2013   10       30    19   3    2.47   353.0   10.1      23.285
2013   10       30    19  13    2.47   353.1   10.1      23.293
2013   10       30    19  23    2.47   353.1   10.1      23.301
2013   10       30    19  33    2.46   353.1   10.1      23.308
2013   10       30    19  42    2.46   353.2   10.1      23.315
2013   10       30    19  52    2.46   353.2   10.1      23.322
2013   10       30    20   2    2.46   353.2   10.1      23.329
2013   10       30    20  12    2.46   353.3   10.1      23.335
2013   10       30    20  21    2.46   353.3   10.1      23.340
2013   10       30    20  31    2.46   353.3   10.1      23.345
2013   10       30    20  41    2.45   353.4   10.1      23.349
2013   10       30    20  50    2.45   353.4   10.1      23.353
2013   10       30    21   0    2.45   353.4   10.0      23.356
2013   10       30    21  10    2.45   353.4   10.0      23.359
2013   10       30    21  19    2.45   353.5   10.0      23.360
2013   10       30    21  29    2.45   353.5   10.0      23.361
2013   10       30    21  39    2.44   353.5   10.0      23.362
2013   10       30    21  48    2.44   353.6   10.0      23.362
2013   10       30    21  58    2.44   353.6   10.0      23.361
2013   10       30    22   7    2.44   353.6   10.0      23.360
2013   10       30    22  17    2.44   353.7   10.0      23.359
2013   10       30    22  26    2.43   353.7   10.0      23.357
2013   10       30    22  36    2.43   353.7   10.0      23.354
2013   10       30    22  45    2.43   353.7   10.0      23.351
2013   10       30    22  55    2.43   353.8   10.0      23.348
2013   10       30    23   5    2.42   353.8   10.0      23.344
2013   10       30    23  15    2.42   353.8   10.0      23.339
2013   10       30    23  24    2.42   353.8    9.9      23.335
2013   10       30    23  34    2.42   353.8    9.9      23.330
2013   10       30    23  44    2.42   353.9    9.9      23.324
2013   10       30    23  54    2.41   353.9    9.9      23.319
2013   10       31     0   3    2.41   353.9    9.9      23.313
2013   10       31     0  13    2.41   353.9    9.9      23.306
2013   10       31     0  23    2.41   353.9    9.9      23.300
2013   10       31     0  33    2.40   353.9    9.9      23.293
2013   10       31     0  42    2.40   354.0    9.9      23.286
2013   10       31     0  52    2.40   354.0    9.9      23.278
2013   10       31     1   2    2.40   354.0    9.9      23.271
2013   10       31     1  12    2.39   354.0    9.8      23.263
2013   10       31     1  22    2.39   354.0    9.8      23.255
2013   10       31     1  32    2.39   354.0    9.8      23.247
2013   10       31     1  41    2.39   354.0    9.8      23.239
2013   10       31     1  51    2.38   354.0    9.8      23.231
2013   10       31     2   1    2.38   354.0    9.8      23.223
2013   10       31     2  11    2.38   354.0    9.8      23.214
2013   10       31     2  21    2.38   354.0    9.8      23.206
2013   10       31     2  30    2.37   354.0    9.8      23.198
2013   10       31     2  40    2.37   354.0    9.8      23.190
2013   10       31     2  50    2.37   354.0    9.8      23.182
2013   10       31     3   0    2.36   354.0    9.8      23.174
2013   10       31     3   9    2.36   354.0    9.7      23.166
2013   10       31     3  19    2.36   354.0    9.7      23.157
2013   10       31     3  29    2.36   354.0    9.7      23.149
2013   10       31     3  39    2.35   354.0    9.7      23.140
2013   10       31     3  48    2.35   354.0    9.7      23.130
2013   10       31     3  58    2.35   354.0    9.7      23.121
2013   10       31     4   8    2.35   354.0    9.7      23.111
2013   10       31     4  17    2.34   354.0    9.7      23.101
2013   10       31     4  27    2.34   354.0    9.7      23.090
2013   10       31     4  37    2.34   354.0    9.7      23.079
2013   10       31     4  46    2.34   354.0    9.7      23.067
2013   10       31     4  56    2.33   354.0    9.7      23.055
2013   10       31     5   5    2.33   354.0    9.7      23.042
2013   10       31     5  15    2.33   354.0    9.6      23.030
2013   10       31     5  25    2.33   353.9    9.6      23.016
2013   10       31     5  34    2.32   353.9    9.6      23.003
2013   10       31     5  44    2.32   353.9    9.6      22.989
2013   10       31     5  53    2.32   353.9    9.6      22.975
2013   10       31     6   3    2.32   353.9    9.6      22.960
2013   10       31     6  12    2.31   353.9    9.6      22.945
2013   10       31     6  22    2.31   353.8    9.6      22.930
2013   10       31     6  32    2.31   353.8    9.6      22.915
2013   10       31     6  42    2.31   353.8    9.6      22.899
2013   10       31     6  51    2.30   353.8    9.6      22.883
2013   10       31     7   1    2.30   353.7    9.6      22.867
2013   10       31     7  11    2.30   353.7    9.5      22.851
2013   10       31     7  21    2.30   353.7    9.5      22.835
2013   10       31     7  30    2.29   353.7    9.5      22.819
2013   10       31     7  40    2.29   353.6    9.5      22.802
2013   10       31     7  50    2.29   353.6    9.5      22.786
2013   10       31     8   0    2.29   353.6    9.5      22.770
2013   10       31     8  10    2.28   353.5    9.5      22.754
2013   10       31     8  19    2.28   353.5    9.5      22.738
2013   10       31     8  29    2.28   353.5    9.5      22.721
2013   10       31     8  39    2.28   353.4    9.5      22.705
2013   10       31     8  49    2.28   353.4    9.5      22.689
2013   10       31     8  59    2.27   353.4    9.5      22.673
2013   10       31     9   8    2.27   353.3    9.5      22.657
2013   10       31     9  18    2.27   353.3    9.5      22.641
2013   10       31     9  28    2.27   353.2    9.5      22.625
2013   10       31     9  38    2.26   353.2    9.4      22.609
2013   10       31     9  48    2.26   353.2    9.4      22.593
2013   10       31     9  57    2.26   353.1    9.4      22.577
2013   10       31    10   7    2.26   353.1    9.4      22.561
2013   10       31    10  17    2.26   353.0    9.4      22.545
2013   10       31    10  27    2.26   353.0    9.4      22.529
2013   10       31    10  37    2.25   352.9    9.4      22.513
2013   10       31    10  46    2.25   352.9    9.4      22.497
2013   10       31    10  56    2.25   352.8    9.4      22.481
2013   10       31    11   6    2.25   352.8    9.4      22.466
2013   10       31    11  15    2.25   352.7    9.4      22.450
2013   10       31    11  25    2.24   352.6    9.4      22.434
2013   10       31    11  35    2.24   352.6    9.4      22.418
2013   10       31    11  44    2.24   352.5    9.4      22.402
2013   10       31    11  54    2.24   352.5    9.4      22.386
2013   10       31    12   4    2.24   352.4    9.4      22.370
2013   10       31    12  13    2.24   352.4    9.4      22.354
2013   10       31    12  23    2.24   352.3    9.4      22.338
2013   10       31    12  32    2.23   352.2    9.4      22.322
2013   10       31    12  42    2.23   352.2    9.4      22.306
2013   10       31    12  51    2.23   352.1    9.4      22.289
2013   10       31    13   1    2.23   352.0    9.4      22.273
2013   10       31    13  11    2.23   352.0    9.4      22.257
2013   10       31    13  20    2.23   351.9    9.4      22.240
2013   10       31    13  30    2.23   351.8    9.4      22.224
2013   10       31    13  39    2.22   351.7    9.3      22.207
2013   10       31    13  49    2.22   351.7    9.3      22.191
2013   10       31    13  59    2.22   351.6    9.3      22.175
2013   10       31    14   9    2.22   351.5    9.3      22.159
2013   10       31    14  18    2.22   351.5    9.3      22.143
2013   10       31    14  28    2.22   351.4    9.3      22.127
2013   10       31    14  38    2.22   351.3    9.3      22.112
2013   10       31    14  48    2.22   351.2    9.3      22.096
2013   10       31    14  58    2.22   351.2    9.3      22.081
2013   10       31    15   7    2.22   351.1    9.3      22.067
2013   10       31    15  17    2.21   351.0    9.3      22.053
2013   10       31    15  27    2.21   350.9    9.3      22.039
2013   10       31    15  37    2.21   350.9    9.3      22.025
2013   10       31    15  47    2.21   350.8    9.4      22.012
2013   10       31    15  56    2.21   350.7    9.4      21.999
2013   10       31    16   6    2.21   350.6    9.4      21.987
2013   10       31    16  16    2.21   350.6    9.4      21.975
2013   10       31    16  26    2.21   350.5    9.4      21.963
2013   10       31    16  36    2.21   350.4    9.4      21.952
2013   10       31    16  45    2.21   350.3    9.4      21.941
2013   10       31    16  55    2.21   350.3    9.4      21.930
2013   10       31    17   5    2.21   350.2    9.4      21.920
2013   10       31    17  15    2.21   350.1    9.4      21.910
2013   10       31    17  25    2.21   350.0    9.4      21.900
2013   10       31    17  34    2.21   350.0    9.4      21.891
2013   10       31    17  44    2.21   349.9    9.4      21.882
2013   10       31    17  54    2.21   349.8    9.4      21.873
2013   10       31    18   4    2.21   349.7    9.4      21.865
2013   10       31    18  13    2.21   349.6    9.4      21.856
2013   10       31    18  23    2.21   349.6    9.4      21.848
2013   10       31    18  33    2.21   349.5    9.4      21.840
2013   10       31    18  42    2.21   349.4    9.4      21.831
2013   10       31    18  52    2.21   349.3    9.4      21.823
2013   10       31    19   2    2.21   349.2    9.4      21.815
2013   10       31    19  11    2.21   349.1    9.4      21.807
2013   10       31    19  21    2.21   349.1    9.5      21.799
2013   10       31    19  30    2.21   349.0    9.5      21.791
2013   10       31    19  40    2.21   348.9    9.5      21.783
2013   10       31    19  50    2.21   348.8    9.5      21.775
2013   10       31    19  59    2.21   348.7    9.5      21.766
2013   10       31    20   9    2.21   348.6    9.5      21.758
2013   10       31    20  18    2.21   348.5    9.5      21.749
2013   10       31    20  28    2.21   348.4    9.5      21.741
2013   10       31    20  37    2.22   348.3    9.5      21.732
2013   10       31    20  47    2.22   348.2    9.5      21.724
2013   10       31    20  57    2.22   348.1    9.5      21.715
2013   10       31    21   6    2.22   348.0    9.5      21.706
2013   10       31    21  16    2.22   347.9    9.5      21.697
2013   10       31    21  26    2.22   347.8    9.5      21.689
2013   10       31    21  36    2.22   347.7    9.5      21.680
2013   10       31    21  45    2.22   347.6    9.5      21.672
2013   10       31    21  55    2.22   347.5    9.6      21.664
2013   10       31    22   5    2.22   347.4    9.6      21.656
2013   10       31    22  15    2.22   347.3    9.6      21.649
2013   10       31    22  25    2.23   347.2    9.6      21.643
2013   10       31    22  34    2.23   347.1    9.6      21.637
2013   10       31    22  44    2.23   347.0    9.6      21.632
2013   10       31    22  54    2.23   346.9    9.6      21.628
2013   10       31    23   4    2.23   346.8    9.6      21.625
2013   10       31    23  14    2.24   346.7    9.7      21.624
2013   10       31    23  23    2.24   346.6    9.7      21.624
2013   10       31    23  33    2.24   346.5    9.7      21.625
2013   10       31    23  43    2.24   346.4    9.7      21.628
2013   10       31    23  53    2.25   346.3    9.7      21.633
2013   11        1     0   3    2.25   346.2    9.8      21.640
2013   11        1     0  12    2.25   346.1    9.8      21.649
2013   11        1     0  22    2.26   346.1    9.8      21.661
2013   11        1     0  32    2.26   346.0    9.8      21.676
2013   11        1     0  42    2.26   345.9    9.9      21.693
2013   11        1     0  52    2.27   345.9    9.9      21.712
2013   11        1     1   1    2.27   345.8    9.9      21.733
2013   11        1     1  11    2.28   345.8    9.9      21.756
2013   11        1     1  21    2.28   345.7   10.0      21.779
2013   11        1     1  31    2.28   345.7   10.0      21.804
2013   11        1     1  40    2.29   345.6   10.0      21.829
2013   11        1     1  50    2.29   345.6   10.0      21.856
2013   11        1     2   0    2.29   345.5   10.1      21.883
2013   11        1     2   9    2.30   345.5   10.1      21.910
2013   11        1     2  19    2.30   345.4   10.1      21.937
2013   11        1     2  29    2.31   345.4   10.1      21.964
2013   11        1     2  38    2.31   345.3   10.2      21.991
2013   11        1     2  48    2.31   345.3   10.2      22.018
2013   11        1     2  57    2.32   345.3   10.2      22.045
2013   11        1     3   7    2.32   345.2   10.2      22.071
2013   11        1     3  16    2.32   345.2   10.3      22.097
2013   11        1     3  26    2.33   345.1   10.3      22.124
2013   11        1     3  35    2.33   345.1   10.3      22.149
2013   11        1     3  45    2.34   345.1   10.3      22.174
2013   11        1     3  55    2.34   345.0   10.3      22.199
2013   11        1     4   4    2.34   345.0   10.4      22.223
2013   11        1     4  14    2.35   345.0   10.4      22.246
2013   11        1     4  24    2.35   344.9   10.4      22.270
2013   11        1     4  33    2.36   344.9   10.4      22.293
2013   11        1     4  43    2.36   344.8   10.5      22.316
2013   11        1     4  53    2.36   344.8   10.5      22.339
2013   11        1     5   3    2.37   344.8   10.5      22.362
2013   11        1     5  13    2.37   344.7   10.5      22.385
2013   11        1     5  22    2.38   344.7   10.5      22.408
2013   11        1     5  32    2.38   344.7   10.6      22.432
2013   11        1     5  42    2.38   344.6   10.6      22.456
2013   11        1     5  52    2.39   344.6   10.6      22.482
2013   11        1     6   2    2.39   344.6   10.7      22.508
2013   11        1     6  11    2.40   344.5   10.7      22.536
2013   11        1     6  21    2.40   344.5   10.7      22.564
2013   11        1     6  31    2.41   344.5   10.7      22.594
2013   11        1     6  41    2.41   344.5   10.8      22.626
2013   11        1     6  51    2.42   344.5   10.8      22.660
2013   11        1     7   0    2.43   344.4   10.8      22.695
2013   11        1     7  10    2.43   344.4   10.9      22.732
2013   11        1     7  20    2.44   344.4   10.9      22.771
2013   11        1     7  30    2.44   344.4   11.0      22.812
2013   11        1     7  40    2.45   344.4   11.0      22.858
2013   11        1     7  49    2.46   344.4   11.0      22.906
2013   11        1     7  59    2.46   344.4   11.1      22.960
2013   11        1     8   9    2.47   344.5   11.1      23.017
2013   11        1     8  19    2.48   344.5   11.2      23.078
2013   11        1     8  28    2.48   344.5   11.2      23.142
2013   11        1     8  38    2.49   344.6   11.3      23.208
2013   11        1     8  48    2.50   344.6   11.3      23.277
2013   11        1     8  58    2.51   344.7   11.4      23.348
2013   11        1     9   7    2.51   344.7   11.4      23.422
2013   11        1     9  17    2.52   344.8   11.5      23.497
2013   11        1     9  27    2.53   344.9   11.5      23.572
2013   11        1     9  36    2.53   344.9   11.5      23.647
2013   11        1     9  46    2.54   345.0   11.6      23.721
2013   11        1     9  55    2.55   345.1   11.6      23.794
2013   11        1    10   5    2.55   345.2   11.7      23.865
2013   11        1    10  15    2.56   345.3   11.7      23.936
2013   11        1    10  24    2.57   345.3   11.7      24.005
2013   11        1    10  34    2.57   345.4   11.7      24.073
2013   11        1    10  43    2.58   345.5   11.8      24.138
2013   11        1    10  53    2.58   345.6   11.8      24.202
2013   11        1    11   2    2.59   345.7   11.8      24.264
2013   11        1    11  12    2.60   345.8   11.9      24.324
2013   11        1    11  22    2.60   345.9   11.9      24.383
2013   11        1    11  31    2.61   346.0   11.9      24.441
2013   11        1    11  41    2.61   346.2   11.9      24.496
2013   11        1    11  51    2.62   346.3   11.9      24.552
2013   11        1    12   0    2.62   346.4   12.0      24.605
2013   11        1    12  10    2.63   346.5   12.0      24.658
2013   11        1    12  20    2.63   346.6   12.0      24.710
2013   11        1    12  30    2.64   346.7   12.0      24.761
2013   11        1    12  40    2.64   346.8   12.0      24.811
2013   11        1    12  49    2.65   346.9   12.0      24.860
2013   11        1    12  59    2.65   347.1   12.1      24.909
2013   11        1    13   9    2.66   347.2   12.1      24.959
2013   11        1    13  19    2.66   347.3   12.1      25.007
2013   11        1    13  29    2.67   347.4   12.1      25.056
2013   11        1    13  38    2.67   347.5   12.1      25.104
2013   11        1    13  48    2.68   347.7   12.2      25.153
2013   11        1    13  58    2.68   347.8   12.2      25.202
2013   11        1    14   8    2.69   347.9   12.2      25.251
2013   11        1    14  18    2.69   348.0   12.2      25.300
2013   11        1    14  27    2.70   348.1   12.2      25.350
2013   11        1    14  37    2.70   348.3   12.2      25.400
2013   11        1    14  47    2.71   348.4   12.3      25.450
2013   11        1    14  57    2.71   348.5   12.3      25.501
2013   11        1    15   7    2.72   348.6   12.3      25.554
2013   11        1    15  16    2.72   348.7   12.3      25.609
2013   11        1    15  26    2.73   348.9   12.4      25.666
2013   11        1    15  36    2.73   349.0   12.4      25.724
2013   11        1    15  46    2.74   349.1   12.4      25.784
2013   11        1    15  55    2.74   349.3   12.4      25.846
2013   11        1    16   5    2.75   349.4   12.5      25.910
2013   11        1    16  15    2.75   349.5   12.5      25.975
2013   11        1    16  25    2.76   349.7   12.5      26.042
2013   11        1    16  34    2.76   349.8   12.5      26.110
2013   11        1    16  44    2.77   350.0   12.6      26.179
2013   11        1    16  53    2.77   350.2   12.6      26.247
2013   11        1    17   3    2.78   350.3   12.6      26.315
2013   11        1    17  13    2.78   350.5   12.6      26.383
2013   11        1    17  22    2.79   350.7   12.6      26.450
2013   11        1    17  32    2.79   350.8   12.7      26.517
2013   11        1    17  41    2.80   351.0   12.7      26.585
2013   11        1    17  51    2.80   351.2   12.7      26.651
2013   11        1    18   0    2.81   351.4   12.7      26.718
2013   11        1    18  10    2.81   351.5   12.7      26.784
2013   11        1    18  20    2.82   351.7   12.7      26.851
2013   11        1    18  29    2.82   351.9   12.7      26.917
2013   11        1    18  39    2.82   352.1   12.8      26.982
2013   11        1    18  49    2.83   352.3   12.8      27.047
2013   11        1    18  58    2.83   352.5   12.8      27.111
2013   11        1    19   8    2.84   352.8   12.8      27.174
2013   11        1    19  18    2.84   353.0   12.8      27.236
2013   11        1    19  28    2.84   353.2   12.8      27.297
2013   11        1    19  37    2.85   353.4   12.8      27.356
2013   11        1    19  47    2.85   353.6   12.8      27.413
2013   11        1    19  57    2.85   353.8   12.8      27.469
2013   11        1    20   7    2.85   354.0   12.8      27.524
2013   11        1    20  17    2.86   354.2   12.8      27.577
2013   11        1    20  26    2.86   354.5   12.8      27.629
2013   11        1    20  36    2.86   354.7   12.8      27.681
2013   11        1    20  46    2.86   354.9   12.8      27.731
2013   11        1    20  56    2.87   355.1   12.8      27.781
2013   11        1    21   6    2.87   355.3   12.8      27.829
2013   11        1    21  15    2.87   355.5   12.8      27.878
2013   11        1    21  25    2.87   355.7   12.8      27.926
2013   11        1    21  35    2.87   355.9   12.8      27.973
2013   11        1    21  45    2.88   356.1   12.8      28.020
2013   11        1    21  55    2.88   356.3   12.8      28.068
2013   11        1    22   4    2.88   356.6   12.8      28.115
2013   11        1    22  14    2.88   356.8   12.8      28.162
2013   11        1    22  24    2.89   357.0   12.8      28.211
2013   11        1    22  34    2.89   357.2   12.8      28.260
2013   11        1    22  43    2.89   357.4   12.8      28.310
2013   11        1    22  53    2.89   357.6   12.8      28.362
2013   11        1    23   3    2.90   357.8   12.8      28.416
2013   11        1    23  13    2.90   358.1   12.8      28.471
2013   11        1    23  22    2.90   358.3   12.8      28.526
2013   11        1    23  32    2.90   358.5   12.8      28.583
2013   11        1    23  42    2.91   358.8   12.8      28.640
2013   11        1    23  51    2.91   359.0   12.8      28.697
2013   11        2     0   1    2.91   359.2   12.8      28.752
2013   11        2     0  11    2.91   359.5   12.8      28.807
2013   11        2     0  20    2.91   359.7   12.8      28.860
2013   11        2     0  30    2.92   360.0   12.8      28.912
2013   11        2     0  39    2.92   360.2   12.8      28.961
2013   11        2     0  49    2.92   360.4   12.8      29.009
2013   11        2     0  59    2.92   360.7   12.8      29.055
2013   11        2     1   8    2.92   360.9   12.8      29.101
2013   11        2     1  18    2.93   361.1   12.8      29.146
2013   11        2     1  27    2.93   361.3   12.7      29.191
2013   11        2     1  37    2.93   361.6   12.7      29.235
2013   11        2     1  47    2.93   361.8   12.7      29.279
2013   11        2     1  56    2.93   362.0   12.7      29.322
2013   11        2     2   6    2.93   362.3   12.7      29.364
2013   11        2     2  16    2.93   362.5   12.7      29.405
2013   11        2     2  25    2.93   362.7   12.7      29.446
2013   11        2     2  35    2.93   363.0   12.7      29.486
2013   11        2     2  45    2.93   363.2   12.7      29.525
2013   11        2     2  55    2.93   363.4   12.7      29.562
2013   11        2     3   4    2.93   363.7   12.7      29.599
2013   11        2     3  14    2.93   363.9   12.7      29.634
2013   11        2     3  24    2.93   364.1   12.6      29.668
2013   11        2     3  34    2.93   364.4   12.6      29.701
2013   11        2     3  44    2.93   364.6   12.6      29.734
2013   11        2     3  53    2.93   364.8   12.6      29.765
2013   11        2     4   3    2.93   365.1   12.6      29.795
2013   11        2     4  13    2.93   365.3   12.6      29.824
2013   11        2     4  23    2.93   365.6   12.6      29.852
2013   11        2     4  33    2.93   365.8   12.5      29.879
2013   11        2     4  42    2.93   366.0   12.5      29.905
2013   11        2     4  52    2.93   366.3   12.5      29.929
2013   11        2     5   2    2.93   366.5   12.5      29.953
2013   11        2     5  12    2.93   366.7   12.5      29.976
2013   11        2     5  22    2.93   367.0   12.5      29.999
2013   11        2     5  31    2.93   367.2   12.4      30.021
2013   11        2     5  41    2.93   367.4   12.4      30.044
2013   11        2     5  51    2.93   367.7   12.4      30.068
2013   11        2     6   1    2.93   367.9   12.4      30.092
2013   11        2     6  10    2.93   368.1   12.4      30.117
2013   11        2     6  20    2.93   368.4   12.4      30.145
2013   11        2     6  30    2.93   368.6   12.3      30.173
2013   11        2     6  40    2.93   368.9   12.3      30.202
2013   11        2     6  49    2.93   369.1   12.3      30.232
2013   11        2     6  59    2.93   369.4   12.3      30.263
2013   11        2     7   9    2.93   369.6   12.3      30.292
2013   11        2     7  18    2.93   369.9   12.3      30.321
2013   11        2     7  28    2.93   370.2   12.2      30.348
2013   11        2     7  38    2.93   370.4   12.2      30.374
2013   11        2     7  47    2.93   370.7   12.2      30.398
2013   11        2     7  57    2.93   371.0   12.2      30.419
2013   11        2     8   6    2.92   371.3   12.1      30.438
2013   11        2     8  16    2.92   371.5   12.1      30.454
2013   11        2     8  25    2.92   371.8   12.1      30.466
2013   11        2     8  35    2.92   372.1   12.1      30.475
2013   11        2     8  44    2.92   372.4   12.0      30.481
2013   11        2     8  54    2.91   372.6   12.0      30.484
2013   11        2     9   4    2.91   372.9   12.0      30.483
2013   11        2     9  13    2.91   373.1   11.9      30.481
2013   11        2     9  23    2.90   373.4   11.9      30.477
2013   11        2     9  33    2.90   373.6   11.9      30.472
2013   11        2     9  43    2.90   373.8   11.8      30.467
2013   11        2     9  52    2.89   374.0   11.8      30.460
2013   11        2    10   2    2.89   374.3   11.8      30.454
2013   11        2    10  12    2.89   374.5   11.7      30.447
2013   11        2    10  22    2.88   374.7   11.7      30.441
2013   11        2    10  31    2.88   374.9   11.7      30.434
2013   11        2    10  41    2.88   375.1   11.6      30.428
2013   11        2    10  51    2.88   375.3   11.6      30.422
2013   11        2    11   1    2.87   375.5   11.6      30.417
2013   11        2    11  11    2.87   375.7   11.5      30.412
2013   11        2    11  20    2.87   376.0   11.5      30.408
2013   11        2    11  30    2.86   376.2   11.5      30.404
2013   11        2    11  40    2.86   376.4   11.5      30.399
2013   11        2    11  50    2.86   376.6   11.4      30.394
2013   11        2    12   0    2.86   376.8   11.4      30.388
2013   11        2    12   9    2.85   377.0   11.4      30.381
2013   11        2    12  19    2.85   377.3   11.3      30.373
2013   11        2    12  29    2.85   377.5   11.3      30.364
2013   11        2    12  39    2.85   377.7   11.3      30.355
2013   11        2    12  49    2.84   377.9   11.3      30.344
2013   11        2    12  58    2.84   378.1   11.2      30.333
2013   11        2    13   8    2.84   378.3   11.2      30.320
2013   11        2    13  18    2.83   378.5   11.2      30.306
2013   11        2    13  28    2.83   378.7   11.1      30.292
2013   11        2    13  37    2.83   378.9   11.1      30.276
2013   11        2    13  47    2.82   379.1   11.1      30.260
2013   11        2    13  57    2.82   379.4   11.0      30.244
2013   11        2    14   7    2.82   379.6   11.0      30.227
2013   11        2    14  16    2.81   379.8   11.0      30.210
2013   11        2    14  26    2.81   380.0   11.0      30.192
2013   11        2    14  36    2.81   380.2   10.9      30.175
2013   11        2    14  45    2.80   380.4   10.9      30.157
2013   11        2    14  55    2.80   380.6   10.9      30.140
2013   11        2    15   4    2.80   380.8   10.8      30.124
2013   11        2    15  14    2.79   381.1   10.8      30.107
2013   11        2    15  24    2.79   381.3   10.8      30.091
2013   11        2    15  33    2.79   381.5   10.8      30.074
2013   11        2    15  43    2.78   381.8   10.7      30.055
2013   11        2    15  52    2.78   382.0   10.7      30.034
2013   11        2    16   2    2.78   382.3   10.7      30.012
2013   11        2    16  11    2.77   382.5   10.6      29.988
2013   11        2    16  21    2.77   382.7   10.6      29.963
2013   11        2    16  31    2.76   382.9   10.6      29.937
2013   11        2    16  40    2.76   383.1   10.5      29.909
2013   11        2    16  50    2.75   383.4   10.5      29.883
2013   11        2    17   0    2.75   383.6   10.5      29.856
2013   11        2    17  10    2.75   383.8   10.4      29.828
2013   11        2    17  19    2.74   384.0   10.4      29.802
2013   11        2    17  29    2.74   384.2   10.4      29.776
2013   11        2    17  39    2.73   384.3   10.3      29.751
2013   11        2    17  49    2.73   384.5   10.3      29.726
2013   11        2    17  58    2.73   384.7   10.3      29.702
2013   11        2    18   8    2.72   384.8   10.3      29.680
2013   11        2    18  18    2.72   385.0   10.2      29.659
2013   11        2    18  28    2.72   385.2   10.2      29.641
2013   11        2    18  38    2.71   385.3   10.2      29.624
2013   11        2    18  47    2.71   385.5   10.2      29.608
2013   11        2    18  57    2.71   385.6   10.1      29.593
2013   11        2    19   7    2.70   385.8   10.1      29.579
2013   11        2    19  17    2.70   385.9   10.1      29.565
2013   11        2    19  27    2.70   386.1   10.1      29.552
2013   11        2    19  37    2.70   386.2   10.1      29.539
2013   11        2    19  46    2.69   386.4   10.1      29.527
2013   11        2    19  56    2.69   386.5   10.0      29.514
2013   11        2    20   6    2.69   386.7   10.0      29.502
2013   11        2    20  16    2.69   386.8   10.0      29.490
2013   11        2    20  25    2.68   387.0   10.0      29.478
2013   11        2    20  35    2.68   387.1   10.0      29.466
2013   11        2    20  45    2.68   387.3    9.9      29.454
2013   11        2    20  55    2.67   387.4    9.9      29.441
2013   11        2    21   4    2.67   387.6    9.9      29.428
2013   11        2    21  14    2.67   387.7    9.9      29.415
2013   11        2    21  24    2.67   387.8    9.9      29.402
2013   11        2    21  34    2.66   388.0    9.9      29.389
2013   11        2    21  43    2.66   388.1    9.8      29.375
2013   11        2    21  53    2.66   388.3    9.8      29.362
2013   11        2    22   2    2.66   388.4    9.8      29.349
2013   11        2    22  12    2.65   388.5    9.8      29.337
2013   11        2    22  22    2.65   388.7    9.8      29.325
2013   11        2    22  31    2.65   388.8    9.8      29.315
2013   11        2    22  41    2.65   389.0    9.8      29.305
2013   11        2    22  50    2.64   389.1    9.7      29.296
2013   11        2    23   0    2.64   389.3    9.7      29.288
2013   11        2    23   9    2.64   389.5    9.7      29.281
2013   11        2    23  19    2.64   389.6    9.7      29.274
2013   11        2    23  29    2.64   389.8    9.7      29.268
2013   11        2    23  38    2.63   389.9    9.7      29.263
2013   11        2    23  48    2.63   390.1    9.7      29.259
2013   11        2    23  58    2.63   390.3    9.6      29.255
2013   11        3     0   7    2.63   390.4    9.6      29.251
