year    month   day   hour  minute  B_enl V_enl   n_enl       T_enl
[year] [month] [day] [hour][minute] [nT]  [km/s]  [cm-3]      [kK]
2013   10       16     0   0    0.94   400.3    3.7      16.448
2013   10       16     0  10    0.94   399.8    3.7      16.394
2013   10       16     0  20    0.94   399.4    3.7      16.341
2013   10       16     0  31    0.94   398.9    3.7      16.287
2013   10       16     0  41    0.94   398.4    3.7      16.233
2013   10       16     0  52    0.94   397.9    3.7      16.180
2013   10       16     1   2    0.94   397.4    3.7      16.127
2013   10       16     1  13    0.93   396.9    3.7      16.073
2013   10       16     1  23    0.93   396.5    3.7      16.020
2013   10       16     1  34    0.93   396.0    3.7      15.967
2013   10       16     1  44    0.93   395.5    3.7      15.914
2013   10       16     1  55    0.93   395.0    3.7      15.862
2013   10       16     2   5    0.93   394.5    3.7      15.810
2013   10       16     2  15    0.93   394.0    3.7      15.758
2013   10       16     2  26    0.92   393.6    3.7      15.707
2013   10       16     2  36    0.92   393.1    3.7      15.657
2013   10       16     2  46    0.92   392.6    3.7      15.607
2013   10       16     2  57    0.92   392.1    3.7      15.557
2013   10       16     3   7    0.92   391.7    3.7      15.508
2013   10       16     3  17    0.92   391.2    3.7      15.459
2013   10       16     3  28    0.92   390.7    3.7      15.412
2013   10       16     3  38    0.92   390.2    3.7      15.364
2013   10       16     3  48    0.92   389.7    3.7      15.317
2013   10       16     3  58    0.91   389.3    3.7      15.270
2013   10       16     4   9    0.91   388.8    3.7      15.223
2013   10       16     4  19    0.91   388.3    3.7      15.177
2013   10       16     4  29    0.91   387.8    3.7      15.132
2013   10       16     4  40    0.91   387.3    3.7      15.087
2013   10       16     4  50    0.91   386.9    3.7      15.042
2013   10       16     5   0    0.91   386.4    3.7      14.998
2013   10       16     5  10    0.91   385.9    3.7      14.954
2013   10       16     5  21    0.91   385.4    3.7      14.911
2013   10       16     5  31    0.91   384.9    3.7      14.868
2013   10       16     5  42    0.91   384.5    3.7      14.825
2013   10       16     5  52    0.90   384.0    3.7      14.783
2013   10       16     6   2    0.90   383.5    3.7      14.741
2013   10       16     6  13    0.90   383.0    3.7      14.700
2013   10       16     6  23    0.90   382.5    3.7      14.658
2013   10       16     6  33    0.90   382.1    3.7      14.617
2013   10       16     6  44    0.90   381.6    3.8      14.576
2013   10       16     6  54    0.90   381.1    3.8      14.536
2013   10       16     7   4    0.90   380.6    3.8      14.495
2013   10       16     7  15    0.90   380.1    3.8      14.455
2013   10       16     7  25    0.90   379.6    3.8      14.415
2013   10       16     7  36    0.90   379.1    3.8      14.375
2013   10       16     7  46    0.90   378.6    3.8      14.335
2013   10       16     7  57    0.90   378.2    3.8      14.295
2013   10       16     8   7    0.90   377.7    3.8      14.256
2013   10       16     8  17    0.90   377.2    3.8      14.216
2013   10       16     8  28    0.90   376.7    3.8      14.177
2013   10       16     8  38    0.90   376.2    3.8      14.139
2013   10       16     8  49    0.89   375.7    3.8      14.100
2013   10       16     8  59    0.89   375.2    3.8      14.062
2013   10       16     9  10    0.89   374.7    3.8      14.025
2013   10       16     9  20    0.89   374.2    3.8      13.988
2013   10       16     9  31    0.89   373.7    3.8      13.952
2013   10       16     9  41    0.89   373.2    3.8      13.917
2013   10       16     9  51    0.89   372.7    3.8      13.882
2013   10       16    10   2    0.89   372.2    3.8      13.848
2013   10       16    10  12    0.89   371.7    3.8      13.815
2013   10       16    10  22    0.89   371.2    3.8      13.783
2013   10       16    10  33    0.89   370.7    3.9      13.752
2013   10       16    10  43    0.89   370.2    3.9      13.721
2013   10       16    10  53    0.89   369.7    3.9      13.691
2013   10       16    11   3    0.89   369.2    3.9      13.663
2013   10       16    11  14    0.89   368.7    3.9      13.635
2013   10       16    11  24    0.89   368.2    3.9      13.607
2013   10       16    11  34    0.89   367.7    3.9      13.581
2013   10       16    11  44    0.89   367.2    3.9      13.555
2013   10       16    11  55    0.90   366.7    3.9      13.530
2013   10       16    12   5    0.90   366.2    3.9      13.506
2013   10       16    12  15    0.90   365.7    3.9      13.483
2013   10       16    12  26    0.90   365.2    3.9      13.461
2013   10       16    12  36    0.90   364.7    4.0      13.439
2013   10       16    12  46    0.90   364.2    4.0      13.418
2013   10       16    12  57    0.90   363.7    4.0      13.397
2013   10       16    13   7    0.90   363.2    4.0      13.378
2013   10       16    13  17    0.90   362.7    4.0      13.358
2013   10       16    13  28    0.90   362.2    4.0      13.340
2013   10       16    13  38    0.90   361.7    4.0      13.322
2013   10       16    13  49    0.90   361.3    4.0      13.305
2013   10       16    13  59    0.91   360.8    4.1      13.289
2013   10       16    14   9    0.91   360.3    4.1      13.273
2013   10       16    14  20    0.91   359.8    4.1      13.258
2013   10       16    14  30    0.91   359.3    4.1      13.243
2013   10       16    14  41    0.91   358.8    4.1      13.229
2013   10       16    14  51    0.91   358.4    4.1      13.215
2013   10       16    15   1    0.91   357.9    4.2      13.202
2013   10       16    15  12    0.91   357.4    4.2      13.190
2013   10       16    15  22    0.92   356.9    4.2      13.178
2013   10       16    15  33    0.92   356.4    4.2      13.167
2013   10       16    15  43    0.92   356.0    4.2      13.156
2013   10       16    15  54    0.92   355.5    4.2      13.146
2013   10       16    16   4    0.92   355.0    4.3      13.136
2013   10       16    16  15    0.93   354.6    4.3      13.127
2013   10       16    16  25    0.93   354.1    4.3      13.118
2013   10       16    16  35    0.93   353.6    4.3      13.111
2013   10       16    16  46    0.93   353.2    4.3      13.103
2013   10       16    16  56    0.93   352.7    4.4      13.097
2013   10       16    17   7    0.94   352.3    4.4      13.091
2013   10       16    17  17    0.94   351.8    4.4      13.086
2013   10       16    17  27    0.94   351.4    4.4      13.081
2013   10       16    17  38    0.94   350.9    4.5      13.077
2013   10       16    17  48    0.95   350.5    4.5      13.073
2013   10       16    17  58    0.95   350.1    4.5      13.071
2013   10       16    18   8    0.95   349.6    4.5      13.069
2013   10       16    18  19    0.95   349.2    4.5      13.067
2013   10       16    18  29    0.96   348.8    4.6      13.066
2013   10       16    18  39    0.96   348.4    4.6      13.066
2013   10       16    18  49    0.96   347.9    4.6      13.067
2013   10       16    19   0    0.96   347.5    4.6      13.068
2013   10       16    19  10    0.97   347.1    4.7      13.070
2013   10       16    19  20    0.97   346.7    4.7      13.073
2013   10       16    19  31    0.97   346.3    4.7      13.076
2013   10       16    19  41    0.98   345.9    4.7      13.081
2013   10       16    19  51    0.98   345.5    4.8      13.086
2013   10       16    20   2    0.98   345.1    4.8      13.092
2013   10       16    20  12    0.99   344.7    4.8      13.098
2013   10       16    20  22    0.99   344.3    4.9      13.106
2013   10       16    20  33    1.00   343.9    4.9      13.114
2013   10       16    20  43    1.00   343.5    4.9      13.123
2013   10       16    20  53    1.00   343.2    4.9      13.133
2013   10       16    21   4    1.01   342.8    5.0      13.144
2013   10       16    21  14    1.01   342.4    5.0      13.156
2013   10       16    21  25    1.01   342.0    5.0      13.168
2013   10       16    21  35    1.02   341.7    5.1      13.181
2013   10       16    21  45    1.02   341.3    5.1      13.195
2013   10       16    21  56    1.03   341.0    5.1      13.209
2013   10       16    22   6    1.03   340.6    5.2      13.225
2013   10       16    22  17    1.04   340.3    5.2      13.241
2013   10       16    22  27    1.04   339.9    5.2      13.257
2013   10       16    22  37    1.05   339.6    5.3      13.275
2013   10       16    22  48    1.05   339.2    5.3      13.292
2013   10       16    22  58    1.06   338.9    5.3      13.311
2013   10       16    23   9    1.06   338.6    5.4      13.330
2013   10       16    23  19    1.07   338.3    5.4      13.350
2013   10       16    23  30    1.07   337.9    5.5      13.370
2013   10       16    23  40    1.08   337.6    5.5      13.391
2013   10       16    23  51    1.08   337.3    5.5      13.413
2013   10       17     0   1    1.09   337.0    5.6      13.434
2013   10       17     0  11    1.09   336.7    5.6      13.457
2013   10       17     0  22    1.10   336.4    5.7      13.480
2013   10       17     0  32    1.10   336.1    5.7      13.503
2013   10       17     0  43    1.11   335.8    5.7      13.527
2013   10       17     0  53    1.11   335.5    5.8      13.551
2013   10       17     1   3    1.12   335.3    5.8      13.575
2013   10       17     1  13    1.12   335.0    5.9      13.600
2013   10       17     1  24    1.13   334.7    5.9      13.626
2013   10       17     1  34    1.14   334.5    5.9      13.652
2013   10       17     1  44    1.14   334.2    6.0      13.678
2013   10       17     1  54    1.15   334.0    6.0      13.705
2013   10       17     2   5    1.15   333.7    6.1      13.732
2013   10       17     2  15    1.16   333.5    6.1      13.760
2013   10       17     2  25    1.17   333.2    6.2      13.788
2013   10       17     2  35    1.17   333.0    6.2      13.816
2013   10       17     2  46    1.18   332.7    6.2      13.845
2013   10       17     2  56    1.18   332.5    6.3      13.875
2013   10       17     3   6    1.19   332.3    6.3      13.904
2013   10       17     3  17    1.20   332.0    6.4      13.934
2013   10       17     3  27    1.20   331.8    6.4      13.965
2013   10       17     3  37    1.21   331.6    6.5      13.995
2013   10       17     3  48    1.22   331.4    6.5      14.027
2013   10       17     3  58    1.22   331.2    6.5      14.058
2013   10       17     4   8    1.23   330.9    6.6      14.090
2013   10       17     4  19    1.24   330.7    6.6      14.122
2013   10       17     4  29    1.24   330.5    6.7      14.155
2013   10       17     4  39    1.25   330.3    6.7      14.187
2013   10       17     4  50    1.26   330.1    6.8      14.221
2013   10       17     5   0    1.26   329.9    6.8      14.254
2013   10       17     5  11    1.27   329.7    6.9      14.288
2013   10       17     5  21    1.28   329.6    6.9      14.322
2013   10       17     5  31    1.29   329.4    7.0      14.357
2013   10       17     5  42    1.29   329.2    7.0      14.392
2013   10       17     5  52    1.30   329.0    7.1      14.427
2013   10       17     6   3    1.31   328.8    7.1      14.463
2013   10       17     6  13    1.32   328.7    7.2      14.499
2013   10       17     6  24    1.32   328.5    7.2      14.535
2013   10       17     6  34    1.33   328.3    7.3      14.572
2013   10       17     6  44    1.34   328.2    7.3      14.609
2013   10       17     6  55    1.35   328.0    7.4      14.647
2013   10       17     7   5    1.36   327.8    7.4      14.685
2013   10       17     7  16    1.36   327.7    7.5      14.724
2013   10       17     7  26    1.37   327.5    7.5      14.764
2013   10       17     7  37    1.38   327.4    7.6      14.804
2013   10       17     7  47    1.39   327.3    7.6      14.845
2013   10       17     7  57    1.40   327.1    7.7      14.888
2013   10       17     8   8    1.40   327.0    7.7      14.931
2013   10       17     8  18    1.41   326.9    7.8      14.976
2013   10       17     8  28    1.42   326.8    7.8      15.022
2013   10       17     8  38    1.43   326.7    7.9      15.069
2013   10       17     8  49    1.44   326.6    7.9      15.116
2013   10       17     8  59    1.45   326.4    8.0      15.165
2013   10       17     9   7    1.45   326.4    8.0      15.204
2013   10       17     9  15    1.46   326.3    8.0      15.243
2013   10       17     9  22    1.46   326.2    8.1      15.281
2013   10       17     9  30    1.47   326.1    8.1      15.319
2013   10       17     9  37    1.48   326.0    8.2      15.357
2013   10       17     9  45    1.48   326.0    8.2      15.395
2013   10       17     9  52    1.49   325.9    8.2      15.432
2013   10       17     9  59    1.49   325.8    8.3      15.469
2013   10       17    10   7    1.50   325.8    8.3      15.506
2013   10       17    10  14    1.51   325.7    8.3      15.543
2013   10       17    10  21    1.51   325.6    8.4      15.579
2013   10       17    10  28    1.52   325.6    8.4      15.615
2013   10       17    10  35    1.52   325.5    8.4      15.652
2013   10       17    10  43    1.53   325.4    8.4      15.687
2013   10       17    10  50    1.53   325.4    8.5      15.723
2013   10       17    10  57    1.54   325.3    8.5      15.759
2013   10       17    11   4    1.55   325.3    8.5      15.794
2013   10       17    11  11    1.55   325.2    8.6      15.829
2013   10       17    11  18    1.56   325.1    8.6      15.864
2013   10       17    11  26    1.56   325.1    8.6      15.899
2013   10       17    11  33    1.57   325.0    8.7      15.933
2013   10       17    11  40    1.58   325.0    8.7      15.968
2013   10       17    11  47    1.58   324.9    8.7      16.002
2013   10       17    11  54    1.59   324.9    8.8      16.036
2013   10       17    12   1    1.59   324.8    8.8      16.071
2013   10       17    12   9    1.60   324.8    8.8      16.105
2013   10       17    12  16    1.60   324.7    8.9      16.139
2013   10       17    12  23    1.61   324.6    8.9      16.173
2013   10       17    12  30    1.62   324.6    8.9      16.206
2013   10       17    12  37    1.62   324.5    9.0      16.240
2013   10       17    12  44    1.63   324.5    9.0      16.274
2013   10       17    12  52    1.63   324.5    9.0      16.308
2013   10       17    12  59    1.64   324.4    9.1      16.342
2013   10       17    13   6    1.65   324.4    9.1      16.376
2013   10       17    13  13    1.65   324.3    9.1      16.411
2013   10       17    13  20    1.66   324.3    9.2      16.445
2013   10       17    13  28    1.67   324.2    9.2      16.479
2013   10       17    13  35    1.67   324.2    9.2      16.514
2013   10       17    13  42    1.68   324.2    9.3      16.549
2013   10       17    13  49    1.68   324.1    9.3      16.584
2013   10       17    13  56    1.69   324.1    9.3      16.619
2013   10       17    14   4    1.70   324.1    9.4      16.655
2013   10       17    14  11    1.70   324.0    9.4      16.691
2013   10       17    14  18    1.71   324.0    9.4      16.728
2013   10       17    14  25    1.72   324.0    9.5      16.765
2013   10       17    14  33    1.72   323.9    9.5      16.802
2013   10       17    14  40    1.73   323.9    9.6      16.840
2013   10       17    14  47    1.74   323.9    9.6      16.879
2013   10       17    14  54    1.74   323.9    9.6      16.919
2013   10       17    15   1    1.75   323.9    9.7      16.960
2013   10       17    15   9    1.76   323.8    9.7      17.002
2013   10       17    15  16    1.77   323.8    9.8      17.046
2013   10       17    15  23    1.77   323.8    9.8      17.090
2013   10       17    15  30    1.78   323.8    9.8      17.136
2013   10       17    15  37    1.79   323.8    9.9      17.182
2013   10       17    15  45    1.79   323.8    9.9      17.230
2013   10       17    15  52    1.80   323.8    9.9      17.280
2013   10       17    15  59    1.81   323.8   10.0      17.331
2013   10       17    16   6    1.81   323.9   10.0      17.384
2013   10       17    16  14    1.82   323.9   10.1      17.438
2013   10       17    16  21    1.83   323.9   10.1      17.492
2013   10       17    16  28    1.83   323.9   10.1      17.548
2013   10       17    16  35    1.84   323.9   10.2      17.603
2013   10       17    16  43    1.85   323.9   10.2      17.658
2013   10       17    16  50    1.85   323.9   10.2      17.712
2013   10       17    16  57    1.86   324.0   10.3      17.766
2013   10       17    17   4    1.87   324.0   10.3      17.818
2013   10       17    17  12    1.87   324.0   10.3      17.870
2013   10       17    17  19    1.88   324.0   10.4      17.921
2013   10       17    17  26    1.89   324.0   10.4      17.971
2013   10       17    17  33    1.89   324.0   10.4      18.021
2013   10       17    17  41    1.90   324.0   10.4      18.070
2013   10       17    17  48    1.90   324.1   10.5      18.118
2013   10       17    17  55    1.91   324.1   10.5      18.166
2013   10       17    18   3    1.92   324.1   10.5      18.213
2013   10       17    18  10    1.92   324.1   10.5      18.259
2013   10       17    18  17    1.93   324.1   10.6      18.305
2013   10       17    18  25    1.93   324.2   10.6      18.350
2013   10       17    18  32    1.94   324.2   10.6      18.394
2013   10       17    18  39    1.95   324.2   10.7      18.438
2013   10       17    18  47    1.95   324.2   10.7      18.482
2013   10       17    18  54    1.96   324.2   10.7      18.525
2013   10       17    19   1    1.96   324.3   10.7      18.567
2013   10       17    19   9    1.97   324.3   10.8      18.609
2013   10       17    19  16    1.97   324.3   10.8      18.651
2013   10       17    19  23    1.98   324.3   10.8      18.692
2013   10       17    19  31    1.99   324.3   10.8      18.733
2013   10       17    19  38    1.99   324.4   10.9      18.773
2013   10       17    19  46    2.00   324.4   10.9      18.814
2013   10       17    19  53    2.00   324.4   10.9      18.854
2013   10       17    20   0    2.01   324.4   10.9      18.894
2013   10       17    20   8    2.02   324.5   11.0      18.933
2013   10       17    20  15    2.02   324.5   11.0      18.973
2013   10       17    20  23    2.03   324.5   11.0      19.012
2013   10       17    20  30    2.03   324.5   11.0      19.051
2013   10       17    20  38    2.04   324.6   11.1      19.091
2013   10       17    20  45    2.04   324.6   11.1      19.130
2013   10       17    20  52    2.05   324.6   11.1      19.169
2013   10       17    21   0    2.06   324.7   11.1      19.208
2013   10       17    21   7    2.06   324.7   11.2      19.248
2013   10       17    21  15    2.07   324.7   11.2      19.288
2013   10       17    21  22    2.07   324.7   11.2      19.328
2013   10       17    21  30    2.08   324.8   11.3      19.368
2013   10       17    21  37    2.09   324.8   11.3      19.409
2013   10       17    21  45    2.09   324.8   11.3      19.450
2013   10       17    21  53    2.10   324.9   11.3      19.492
2013   10       17    22   0    2.10   324.9   11.4      19.535
2013   10       17    22   8    2.11   325.0   11.4      19.579
2013   10       17    22  15    2.12   325.0   11.4      19.624
2013   10       17    22  23    2.12   325.0   11.5      19.669
2013   10       17    22  30    2.13   325.1   11.5      19.716
2013   10       17    22  38    2.14   325.1   11.6      19.765
2013   10       17    22  46    2.14   325.2   11.6      19.816
2013   10       17    22  53    2.15   325.2   11.6      19.868
2013   10       17    23   1    2.16   325.3   11.7      19.923
2013   10       17    23   9    2.16   325.4   11.7      19.979
2013   10       17    23  16    2.17   325.4   11.8      20.038
2013   10       17    23  24    2.18   325.5   11.8      20.099
2013   10       17    23  32    2.19   325.6   11.8      20.163
2013   10       17    23  39    2.19   325.7   11.9      20.229
2013   10       17    23  47    2.20   325.8   11.9      20.297
2013   10       17    23  55    2.21   325.9   12.0      20.366
2013   10       18     0   2    2.21   326.0   12.0      20.436
2013   10       18     0  10    2.22   326.1   12.0      20.507
2013   10       18     0  18    2.23   326.2   12.1      20.577
2013   10       18     0  26    2.23   326.3   12.1      20.646
2013   10       18     0  33    2.24   326.4   12.1      20.714
2013   10       18     0  41    2.25   326.6   12.1      20.779
2013   10       18     0  49    2.25   326.7   12.2      20.843
2013   10       18     0  57    2.26   326.8   12.2      20.906
2013   10       18     1   5    2.26   326.9   12.2      20.966
2013   10       18     1  12    2.27   327.0   12.2      21.025
2013   10       18     1  20    2.27   327.1   12.3      21.083
2013   10       18     1  28    2.28   327.2   12.3      21.139
2013   10       18     1  36    2.28   327.3   12.3      21.195
2013   10       18     1  44    2.29   327.4   12.3      21.248
2013   10       18     1  51    2.30   327.5   12.3      21.301
2013   10       18     1  59    2.30   327.6   12.4      21.352
2013   10       18     2   7    2.31   327.8   12.4      21.403
2013   10       18     2  15    2.31   327.9   12.4      21.452
2013   10       18     2  23    2.32   328.0   12.4      21.500
2013   10       18     2  31    2.32   328.1   12.4      21.547
2013   10       18     2  39    2.32   328.2   12.4      21.594
2013   10       18     2  47    2.33   328.3   12.4      21.639
2013   10       18     2  55    2.33   328.4   12.5      21.684
2013   10       18     3   3    2.34   328.5   12.5      21.728
2013   10       18     3  11    2.34   328.6   12.5      21.771
2013   10       18     3  18    2.35   328.7   12.5      21.813
2013   10       18     3  26    2.35   328.8   12.5      21.855
2013   10       18     3  34    2.36   328.9   12.5      21.896
2013   10       18     3  42    2.36   329.0   12.5      21.936
2013   10       18     3  50    2.37   329.2   12.5      21.976
2013   10       18     3  58    2.37   329.3   12.5      22.015
2013   10       18     4   6    2.37   329.4   12.6      22.054
2013   10       18     4  15    2.38   329.5   12.6      22.092
2013   10       18     4  23    2.38   329.6   12.6      22.130
2013   10       18     4  31    2.39   329.7   12.6      22.168
2013   10       18     4  39    2.39   329.8   12.6      22.205
2013   10       18     4  47    2.40   329.9   12.6      22.243
2013   10       18     4  55    2.40   330.0   12.6      22.280
2013   10       18     5   3    2.40   330.1   12.6      22.317
2013   10       18     5  11    2.41   330.2   12.6      22.355
2013   10       18     5  19    2.41   330.3   12.7      22.392
2013   10       18     5  27    2.42   330.4   12.7      22.430
2013   10       18     5  36    2.42   330.5   12.7      22.468
2013   10       18     5  44    2.42   330.7   12.7      22.506
2013   10       18     5  52    2.43   330.8   12.7      22.545
2013   10       18     6   0    2.43   330.9   12.7      22.585
2013   10       18     6   8    2.44   331.0   12.7      22.626
2013   10       18     6  17    2.44   331.1   12.8      22.668
2013   10       18     6  25    2.45   331.2   12.8      22.711
2013   10       18     6  33    2.45   331.3   12.8      22.754
2013   10       18     6  41    2.46   331.5   12.8      22.799
2013   10       18     6  50    2.46   331.6   12.8      22.846
2013   10       18     6  58    2.47   331.7   12.9      22.894
2013   10       18     7   6    2.47   331.8   12.9      22.944
2013   10       18     7  14    2.48   332.0   12.9      22.995
2013   10       18     7  23    2.48   332.1   12.9      23.048
2013   10       18     7  31    2.48   332.3   12.9      23.103
2013   10       18     7  39    2.49   332.4   13.0      23.158
2013   10       18     7  48    2.49   332.6   13.0      23.212
2013   10       18     7  56    2.50   332.7   13.0      23.266
2013   10       18     8   4    2.50   332.9   13.0      23.318
2013   10       18     8  13    2.51   333.0   13.0      23.370
2013   10       18     8  21    2.51   333.2   13.0      23.422
2013   10       18     8  30    2.51   333.4   13.1      23.474
2013   10       18     8  38    2.52   333.5   13.1      23.525
2013   10       18     8  46    2.52   333.7   13.1      23.577
2013   10       18     8  55    2.53   333.8   13.1      23.628
2013   10       18     9   3    2.53   334.0   13.1      23.679
2013   10       18     9  12    2.53   334.1   13.1      23.730
2013   10       18     9  20    2.54   334.3   13.1      23.782
2013   10       18     9  29    2.54   334.5   13.1      23.834
2013   10       18     9  37    2.54   334.6   13.2      23.886
2013   10       18     9  46    2.55   334.8   13.2      23.939
2013   10       18     9  54    2.55   335.0   13.2      23.991
2013   10       18    10   3    2.55   335.2   13.2      24.043
2013   10       18    10  11    2.56   335.4   13.2      24.094
2013   10       18    10  20    2.56   335.5   13.2      24.143
2013   10       18    10  29    2.56   335.7   13.2      24.191
2013   10       18    10  37    2.57   335.9   13.2      24.237
2013   10       18    10  46    2.57   336.1   13.2      24.282
2013   10       18    10  54    2.57   336.2   13.2      24.325
2013   10       18    11   3    2.57   336.4   13.2      24.367
2013   10       18    11  12    2.58   336.6   13.2      24.409
2013   10       18    11  20    2.58   336.8   13.2      24.449
2013   10       18    11  29    2.58   337.0   13.2      24.488
2013   10       18    11  38    2.58   337.1   13.2      24.526
2013   10       18    11  46    2.58   337.3   13.2      24.563
2013   10       18    11  55    2.59   337.5   13.2      24.599
2013   10       18    12   4    2.59   337.7   13.2      24.635
2013   10       18    12  12    2.59   337.9   13.2      24.670
2013   10       18    12  21    2.59   338.0   13.2      24.704
2013   10       18    12  30    2.59   338.2   13.2      24.737
2013   10       18    12  39    2.60   338.4   13.2      24.770
2013   10       18    12  47    2.60   338.6   13.1      24.803
2013   10       18    12  56    2.60   338.7   13.1      24.835
2013   10       18    13   5    2.60   338.9   13.1      24.866
2013   10       18    13  13    2.60   339.1   13.1      24.897
2013   10       18    13  22    2.60   339.3   13.1      24.928
2013   10       18    13  31    2.60   339.4   13.1      24.959
2013   10       18    13  40    2.61   339.6   13.1      24.989
2013   10       18    13  48    2.61   339.8   13.1      25.019
2013   10       18    13  57    2.61   340.0   13.1      25.049
2013   10       18    14   6    2.61   340.1   13.1      25.078
2013   10       18    14  15    2.61   340.3   13.1      25.108
2013   10       18    14  23    2.61   340.5   13.1      25.137
2013   10       18    14  32    2.61   340.6   13.1      25.167
2013   10       18    14  41    2.62   340.8   13.1      25.196
2013   10       18    14  50    2.62   341.0   13.1      25.226
2013   10       18    14  58    2.62   341.1   13.1      25.256
2013   10       18    15   7    2.62   341.3   13.1      25.287
2013   10       18    15  16    2.62   341.5   13.1      25.318
2013   10       18    15  25    2.62   341.6   13.1      25.349
2013   10       18    15  34    2.62   341.8   13.1      25.382
2013   10       18    15  42    2.62   342.0   13.1      25.415
2013   10       18    15  51    2.63   342.1   13.1      25.450
2013   10       18    16   0    2.63   342.3   13.1      25.486
2013   10       18    16   9    2.63   342.5   13.1      25.522
2013   10       18    16  18    2.63   342.6   13.1      25.558
2013   10       18    16  26    2.63   342.8   13.1      25.595
2013   10       18    16  35    2.63   343.0   13.1      25.632
2013   10       18    16  44    2.63   343.2   13.1      25.670
2013   10       18    16  53    2.63   343.4   13.0      25.708
2013   10       18    17   2    2.64   343.5   13.0      25.746
2013   10       18    17  11    2.64   343.7   13.0      25.785
2013   10       18    17  19    2.64   343.9   13.0      25.822
2013   10       18    17  28    2.64   344.1   13.0      25.858
2013   10       18    17  37    2.64   344.3   13.0      25.892
2013   10       18    17  46    2.64   344.5   13.0      25.924
2013   10       18    17  55    2.64   344.7   13.0      25.954
2013   10       18    18   4    2.64   344.9   13.0      25.982
2013   10       18    18  13    2.64   345.1   13.0      26.009
2013   10       18    18  21    2.64   345.3   13.0      26.034
2013   10       18    18  30    2.64   345.5   13.0      26.057
2013   10       18    18  39    2.64   345.6   12.9      26.079
2013   10       18    18  48    2.64   345.8   12.9      26.100
2013   10       18    18  57    2.64   346.0   12.9      26.120
2013   10       18    19   6    2.64   346.2   12.9      26.140
2013   10       18    19  15    2.64   346.3   12.9      26.158
2013   10       18    19  24    2.64   346.5   12.9      26.176
2013   10       18    19  33    2.64   346.7   12.8      26.192
2013   10       18    19  42    2.63   346.9   12.8      26.209
2013   10       18    19  50    2.63   347.0   12.8      26.224
2013   10       18    19  59    2.63   347.2   12.8      26.239
2013   10       18    20   8    2.63   347.4   12.8      26.254
2013   10       18    20  17    2.63   347.6   12.7      26.267
2013   10       18    20  26    2.63   347.7   12.7      26.281
2013   10       18    20  35    2.63   347.9   12.7      26.294
2013   10       18    20  44    2.63   348.1   12.7      26.306
2013   10       18    20  53    2.63   348.2   12.7      26.318
2013   10       18    21   2    2.63   348.4   12.6      26.329
2013   10       18    21  11    2.62   348.6   12.6      26.340
2013   10       18    21  20    2.62   348.7   12.6      26.351
2013   10       18    21  29    2.62   348.9   12.6      26.361
2013   10       18    21  38    2.62   349.1   12.6      26.371
2013   10       18    21  47    2.62   349.2   12.5      26.381
2013   10       18    21  56    2.62   349.4   12.5      26.390
2013   10       18    22   5    2.62   349.6   12.5      26.400
2013   10       18    22  14    2.61   349.7   12.5      26.409
2013   10       18    22  23    2.61   349.9   12.5      26.419
2013   10       18    22  32    2.61   350.1   12.4      26.429
2013   10       18    22  41    2.61   350.3   12.4      26.439
2013   10       18    22  50    2.61   350.4   12.4      26.449
2013   10       18    22  59    2.61   350.6   12.4      26.460
2013   10       18    23   8    2.60   350.8   12.4      26.470
2013   10       18    23  17    2.60   351.0   12.3      26.481
2013   10       18    23  26    2.60   351.2   12.3      26.491
2013   10       18    23  35    2.60   351.4   12.3      26.499
2013   10       18    23  44    2.60   351.6   12.3      26.507
2013   10       18    23  53    2.59   351.8   12.2      26.514
2013   10       19     0   2    2.59   352.0   12.2      26.518
2013   10       19     0  11    2.59   352.2   12.2      26.519
2013   10       19     0  20    2.59   352.4   12.1      26.517
2013   10       19     0  29    2.58   352.6   12.1      26.513
2013   10       19     0  38    2.58   352.7   12.1      26.507
2013   10       19     0  47    2.58   352.9   12.1      26.499
2013   10       19     0  56    2.57   353.0   12.0      26.489
2013   10       19     1   5    2.57   353.2   12.0      26.480
2013   10       19     1  14    2.57   353.3   12.0      26.469
2013   10       19     1  23    2.56   353.5   11.9      26.459
2013   10       19     1  32    2.56   353.6   11.9      26.448
2013   10       19     1  41    2.56   353.7   11.9      26.436
2013   10       19     1  50    2.56   353.8   11.8      26.425
2013   10       19     1  59    2.55   353.9   11.8      26.412
2013   10       19     2   8    2.55   354.1   11.8      26.400
2013   10       19     2  18    2.55   354.2   11.8      26.388
2013   10       19     2  27    2.55   354.3   11.7      26.376
2013   10       19     2  36    2.54   354.4   11.7      26.364
2013   10       19     2  45    2.54   354.5   11.7      26.352
2013   10       19     2  54    2.54   354.6   11.6      26.339
2013   10       19     3   3    2.53   354.7   11.6      26.327
2013   10       19     3  12    2.53   354.8   11.6      26.315
2013   10       19     3  21    2.53   354.9   11.6      26.303
2013   10       19     3  30    2.53   355.1   11.5      26.291
2013   10       19     3  39    2.52   355.2   11.5      26.278
2013   10       19     3  49    2.52   355.3   11.5      26.265
2013   10       19     3  58    2.52   355.5   11.5      26.252
2013   10       19     4   7    2.51   355.6   11.4      26.237
2013   10       19     4  16    2.51   355.7   11.4      26.221
2013   10       19     4  25    2.51   355.9   11.4      26.205
2013   10       19     4  34    2.51   356.0   11.4      26.188
2013   10       19     4  43    2.50   356.1   11.3      26.170
2013   10       19     4  53    2.50   356.2   11.3      26.152
2013   10       19     5   2    2.50   356.3   11.3      26.133
2013   10       19     5  11    2.49   356.5   11.3      26.114
2013   10       19     5  20    2.49   356.6   11.2      26.094
2013   10       19     5  29    2.49   356.7   11.2      26.074
2013   10       19     5  38    2.48   356.8   11.2      26.054
2013   10       19     5  47    2.48   357.0   11.1      26.034
2013   10       19     5  57    2.48   357.1   11.1      26.013
2013   10       19     6   6    2.47   357.2   11.1      25.993
2013   10       19     6  15    2.47   357.4   11.1      25.972
2013   10       19     6  24    2.47   357.5   11.0      25.951
2013   10       19     6  33    2.46   357.7   11.0      25.930
2013   10       19     6  43    2.46   357.8   11.0      25.907
2013   10       19     6  52    2.45   358.0   10.9      25.884
2013   10       19     7   1    2.45   358.1   10.9      25.859
2013   10       19     7  10    2.45   358.3   10.9      25.834
2013   10       19     7  19    2.44   358.4   10.8      25.807
2013   10       19     7  29    2.44   358.5   10.8      25.777
2013   10       19     7  38    2.43   358.6   10.8      25.746
2013   10       19     7  47    2.43   358.8   10.8      25.713
2013   10       19     7  56    2.43   358.8   10.7      25.679
2013   10       19     8   5    2.42   358.9   10.7      25.644
2013   10       19     8  15    2.42   359.0   10.7      25.611
2013   10       19     8  24    2.42   359.1   10.6      25.579
2013   10       19     8  33    2.41   359.1   10.6      25.549
2013   10       19     8  42    2.41   359.2   10.6      25.520
2013   10       19     8  52    2.41   359.2   10.6      25.493
2013   10       19     9   1    2.40   359.3   10.5      25.467
2013   10       19     9  10    2.40   359.3   10.5      25.443
2013   10       19     9  19    2.40   359.4   10.5      25.421
2013   10       19     9  29    2.39   359.4   10.5      25.401
2013   10       19     9  38    2.39   359.5   10.5      25.383
2013   10       19     9  47    2.39   359.5   10.5      25.367
2013   10       19     9  56    2.39   359.6   10.4      25.351
2013   10       19    10   6    2.38   359.6   10.4      25.337
2013   10       19    10  15    2.38   359.6   10.4      25.325
2013   10       19    10  24    2.38   359.7   10.4      25.314
2013   10       19    10  33    2.38   359.7   10.4      25.304
2013   10       19    10  43    2.37   359.8   10.4      25.295
2013   10       19    10  52    2.37   359.9   10.4      25.286
2013   10       19    11   1    2.37   359.9   10.4      25.277
2013   10       19    11  11    2.37   360.0   10.3      25.269
2013   10       19    11  20    2.36   360.1   10.3      25.258
2013   10       19    11  29    2.36   360.2   10.3      25.246
2013   10       19    11  39    2.36   360.2   10.3      25.234
2013   10       19    11  48    2.36   360.3   10.3      25.220
2013   10       19    11  57    2.36   360.4   10.3      25.206
2013   10       19    12   6    2.35   360.4   10.3      25.191
2013   10       19    12  16    2.35   360.5   10.2      25.175
2013   10       19    12  25    2.35   360.6   10.2      25.160
2013   10       19    12  34    2.35   360.6   10.2      25.143
2013   10       19    12  44    2.34   360.7   10.2      25.127
2013   10       19    12  53    2.34   360.7   10.2      25.111
2013   10       19    13   3    2.34   360.8   10.2      25.094
2013   10       19    13  12    2.34   360.9   10.2      25.077
2013   10       19    13  21    2.33   360.9   10.1      25.061
2013   10       19    13  31    2.33   361.0   10.1      25.044
2013   10       19    13  40    2.33   361.0   10.1      25.027
2013   10       19    13  49    2.33   361.1   10.1      25.010
2013   10       19    13  59    2.32   361.1   10.1      24.993
2013   10       19    14   8    2.32   361.2   10.1      24.976
2013   10       19    14  17    2.32   361.3   10.1      24.959
2013   10       19    14  27    2.32   361.3   10.0      24.942
2013   10       19    14  36    2.32   361.4   10.0      24.926
2013   10       19    14  46    2.31   361.4   10.0      24.909
2013   10       19    14  55    2.31   361.5   10.0      24.893
2013   10       19    15   4    2.31   361.5   10.0      24.877
2013   10       19    15  14    2.31   361.6   10.0      24.861
2013   10       19    15  23    2.31   361.6   10.0      24.847
2013   10       19    15  33    2.30   361.7   10.0      24.833
2013   10       19    15  42    2.30   361.7   10.0      24.820
2013   10       19    15  51    2.30   361.7   10.0      24.808
2013   10       19    16   1    2.30   361.8    9.9      24.797
2013   10       19    16  10    2.30   361.8    9.9      24.788
2013   10       19    16  20    2.30   361.8    9.9      24.779
2013   10       19    16  29    2.30   361.9    9.9      24.772
2013   10       19    16  39    2.29   361.9    9.9      24.767
2013   10       19    16  48    2.29   362.0    9.9      24.763
2013   10       19    16  58    2.29   362.0    9.9      24.761
2013   10       19    17   7    2.29   362.0    9.9      24.760
2013   10       19    17  16    2.29   362.0    9.9      24.760
2013   10       19    17  26    2.29   362.1    9.9      24.761
2013   10       19    17  35    2.29   362.1    9.9      24.764
2013   10       19    17  45    2.29   362.1    9.9      24.767
2013   10       19    17  54    2.29   362.2    9.9      24.771
2013   10       19    18   4    2.29   362.2    9.9      24.776
2013   10       19    18  13    2.28   362.2    9.9      24.780
2013   10       19    18  23    2.28   362.3    9.9      24.785
2013   10       19    18  32    2.28   362.3    9.9      24.790
2013   10       19    18  42    2.28   362.3    9.9      24.793
2013   10       19    18  51    2.28   362.4    9.9      24.796
2013   10       19    19   1    2.28   362.4    9.9      24.798
2013   10       19    19  10    2.28   362.4    9.9      24.800
2013   10       19    19  20    2.28   362.5    9.9      24.802
2013   10       19    19  29    2.28   362.5    9.9      24.803
2013   10       19    19  39    2.28   362.5    9.9      24.804
2013   10       19    19  48    2.28   362.6    9.9      24.805
2013   10       19    19  58    2.28   362.6    9.9      24.806
2013   10       19    20   7    2.28   362.6    9.9      24.806
2013   10       19    20  17    2.28   362.7    9.8      24.807
2013   10       19    20  26    2.28   362.7    9.8      24.807
2013   10       19    20  36    2.28   362.7    9.8      24.808
2013   10       19    20  46    2.27   362.8    9.8      24.808
2013   10       19    20  55    2.27   362.8    9.8      24.808
2013   10       19    21   5    2.27   362.8    9.8      24.809
2013   10       19    21  14    2.27   362.9    9.8      24.809
2013   10       19    21  24    2.27   362.9    9.8      24.809
2013   10       19    21  33    2.27   362.9    9.8      24.810
2013   10       19    21  43    2.27   363.0    9.8      24.811
2013   10       19    21  52    2.27   363.0    9.8      24.811
2013   10       19    22   2    2.27   363.0    9.8      24.812
2013   10       19    22  12    2.27   363.1    9.8      24.813
2013   10       19    22  21    2.27   363.1    9.8      24.814
2013   10       19    22  31    2.27   363.1    9.8      24.816
2013   10       19    22  40    2.27   363.2    9.8      24.817
2013   10       19    22  50    2.27   363.2    9.8      24.819
2013   10       19    22  59    2.27   363.3    9.8      24.821
2013   10       19    23   9    2.27   363.3    9.8      24.823
2013   10       19    23  19    2.27   363.3    9.8      24.826
2013   10       19    23  28    2.27   363.4    9.8      24.828
2013   10       19    23  38    2.27   363.4    9.8      24.831
2013   10       19    23  47    2.27   363.4    9.8      24.834
2013   10       19    23  57    2.27   363.5    9.8      24.837
2013   10       20     0   7    2.27   363.5    9.8      24.841
2013   10       20     0  16    2.27   363.6    9.8      24.844
2013   10       20     0  26    2.27   363.6    9.8      24.848
2013   10       20     0  36    2.27   363.6    9.8      24.852
2013   10       20     0  45    2.27   363.7    9.8      24.856
2013   10       20     0  55    2.27   363.7    9.8      24.860
2013   10       20     1   4    2.27   363.8    9.8      24.864
2013   10       20     1  14    2.27   363.8    9.8      24.869
2013   10       20     1  24    2.27   363.8    9.8      24.873
2013   10       20     1  33    2.27   363.9    9.8      24.878
2013   10       20     1  43    2.27   363.9    9.8      24.882
2013   10       20     1  53    2.27   363.9    9.8      24.887
2013   10       20     2   2    2.27   364.0    9.8      24.892
2013   10       20     2  12    2.27   364.0    9.7      24.897
2013   10       20     2  22    2.27   364.0    9.7      24.902
2013   10       20     2  31    2.27   364.1    9.7      24.907
2013   10       20     2  41    2.27   364.1    9.7      24.912
2013   10       20     2  51    2.27   364.2    9.7      24.918
2013   10       20     3   0    2.27   364.2    9.7      24.923
2013   10       20     3  10    2.27   364.2    9.7      24.929
2013   10       20     3  20    2.27   364.3    9.7      24.934
2013   10       20     3  29    2.27   364.3    9.7      24.940
2013   10       20     3  39    2.27   364.3    9.7      24.946
2013   10       20     3  49    2.27   364.3    9.7      24.952
2013   10       20     3  59    2.27   364.4    9.7      24.958
2013   10       20     4   8    2.27   364.4    9.7      24.964
2013   10       20     4  18    2.27   364.4    9.7      24.970
2013   10       20     4  28    2.27   364.5    9.7      24.977
2013   10       20     4  37    2.27   364.5    9.7      24.983
2013   10       20     4  47    2.27   364.5    9.7      24.990
2013   10       20     4  57    2.27   364.6    9.7      24.997
2013   10       20     5   7    2.27   364.6    9.7      25.004
2013   10       20     5  16    2.27   364.6    9.7      25.011
2013   10       20     5  26    2.27   364.7    9.7      25.018
2013   10       20     5  36    2.27   364.7    9.7      25.025
2013   10       20     5  46    2.27   364.7    9.7      25.033
2013   10       20     5  55    2.27   364.8    9.7      25.040
2013   10       20     6   5    2.27   364.8    9.7      25.048
2013   10       20     6  15    2.27   364.8    9.7      25.056
2013   10       20     6  25    2.27   364.9    9.7      25.064
2013   10       20     6  35    2.27   364.9    9.7      25.072
2013   10       20     6  45    2.27   365.0    9.7      25.080
2013   10       20     6  54    2.27   365.0    9.7      25.089
2013   10       20     7   4    2.27   365.0    9.7      25.097
2013   10       20     7  14    2.27   365.1    9.7      25.106
2013   10       20     7  24    2.27   365.1    9.7      25.114
2013   10       20     7  34    2.27   365.1    9.7      25.123
2013   10       20     7  43    2.27   365.2    9.7      25.132
2013   10       20     7  53    2.27   365.2    9.7      25.141
2013   10       20     8   3    2.27   365.2    9.7      25.151
2013   10       20     8  13    2.27   365.3    9.7      25.161
2013   10       20     8  23    2.27   365.3    9.7      25.171
2013   10       20     8  33    2.27   365.3    9.7      25.181
2013   10       20     8  42    2.27   365.4    9.7      25.192
2013   10       20     8  52    2.27   365.4    9.7      25.203
2013   10       20     9   2    2.27   365.4    9.7      25.214
2013   10       20     9  12    2.27   365.5    9.7      25.227
2013   10       20     9  22    2.28   365.5    9.7      25.239
2013   10       20     9  32    2.28   365.6    9.7      25.253
2013   10       20     9  42    2.28   365.6    9.7      25.267
2013   10       20     9  51    2.28   365.6    9.7      25.282
2013   10       20    10   1    2.28   365.7    9.7      25.297
2013   10       20    10  11    2.28   365.7    9.7      25.314
2013   10       20    10  21    2.28   365.8    9.7      25.332
2013   10       20    10  31    2.28   365.8    9.8      25.350
2013   10       20    10  41    2.28   365.9    9.8      25.370
2013   10       20    10  51    2.28   365.9    9.8      25.392
2013   10       20    11   1    2.28   366.0    9.8      25.415
2013   10       20    11  11    2.29   366.1    9.8      25.439
2013   10       20    11  20    2.29   366.1    9.8      25.465
2013   10       20    11  30    2.29   366.2    9.8      25.493
2013   10       20    11  40    2.29   366.3    9.8      25.524
2013   10       20    11  50    2.29   366.3    9.8      25.556
2013   10       20    12   0    2.29   366.4    9.8      25.590
2013   10       20    12  10    2.29   366.5    9.8      25.627
2013   10       20    12  20    2.30   366.6    9.8      25.667
2013   10       20    12  30    2.30   366.7    9.8      25.709
2013   10       20    12  40    2.30   366.8    9.9      25.754
2013   10       20    12  50    2.30   366.9    9.9      25.803
2013   10       20    13   0    2.30   367.0    9.9      25.856
2013   10       20    13  10    2.31   367.1    9.9      25.914
2013   10       20    13  20    2.31   367.2    9.9      25.978
2013   10       20    13  30    2.31   367.4   10.0      26.048
2013   10       20    13  39    2.32   367.5   10.0      26.126
2013   10       20    13  49    2.32   367.7   10.0      26.213
2013   10       20    13  59    2.32   367.9   10.1      26.310
2013   10       20    14   9    2.33   368.1   10.1      26.418
2013   10       20    14  19    2.33   368.3   10.2      26.539
2013   10       20    14  29    2.34   368.6   10.2      26.674
2013   10       20    14  39    2.35   368.9   10.3      26.826
2013   10       20    14  49    2.36   369.2   10.4      26.995
2013   10       20    14  59    2.36   369.5   10.5      27.184
2013   10       20    15   9    2.38   369.9   10.6      27.394
2013   10       20    15  19    2.39   370.3   10.7      27.626
2013   10       20    15  29    2.40   370.8   10.9      27.884
2013   10       20    15  39    2.41   371.2   11.0      28.165
2013   10       20    15  49    2.43   371.8   11.2      28.469
2013   10       20    15  59    2.44   372.4   11.5      28.809
2013   10       20    16   9    2.45   373.1   11.7      29.193
2013   10       20    16  19    2.47   373.7   12.0      29.611
2013   10       20    16  29    2.48   374.5   12.2      30.053
2013   10       20    16  39    2.49   375.3   12.6      30.530
2013   10       20    16  49    2.50   376.2   12.9      31.056
2013   10       20    16  59    2.50   377.2   13.2      31.628
2013   10       20    17   9    2.51   378.2   13.5      32.246
2013   10       20    17  19    2.51   379.1   13.8      32.883
2013   10       20    17  30    2.51   380.1   14.1      33.495
2013   10       20    17  40    2.51   380.9   14.4      34.087
2013   10       20    17  50    2.50   381.7   14.6      34.658
2013   10       20    18   0    2.50   382.6   14.8      35.210
2013   10       20    18  10    2.49   383.3   15.0      35.746
2013   10       20    18  20    2.49   384.0   15.2      36.251
2013   10       20    18  30    2.48   384.6   15.3      36.719
2013   10       20    18  40    2.47   385.1   15.4      37.154
2013   10       20    18  50    2.46   385.7   15.5      37.559
2013   10       20    19   0    2.44   386.1   15.6      37.932
2013   10       20    19  10    2.43   386.5   15.6      38.271
2013   10       20    19  20    2.41   386.8   15.6      38.580
2013   10       20    19  31    2.39   387.1   15.6      38.859
2013   10       20    19  41    2.37   387.4   15.6      39.108
2013   10       20    19  51    2.35   387.6   15.6      39.331
2013   10       20    20   1    2.33   387.8   15.6      39.526
2013   10       20    20  11    2.30   388.0   15.6      39.696
2013   10       20    20  21    2.28   388.1   15.5      39.842
2013   10       20    20  31    2.25   388.2   15.5      39.967
2013   10       20    20  41    2.22   388.4   15.4      40.072
2013   10       20    20  52    2.19   388.5   15.4      40.160
2013   10       20    21   2    2.16   388.6   15.3      40.233
2013   10       20    21  12    2.13   388.7   15.3      40.295
2013   10       20    21  22    2.10   388.8   15.2      40.347
2013   10       20    21  32    2.07   388.8   15.1      40.393
2013   10       20    21  42    2.04   388.9   15.1      40.436
2013   10       20    21  52    2.01   389.0   15.0      40.476
2013   10       20    22   3    1.99   389.1   14.9      40.514
2013   10       20    22  13    1.96   389.1   14.8      40.551
2013   10       20    22  23    1.94   389.2   14.7      40.585
2013   10       20    22  33    1.91   389.2   14.6      40.618
2013   10       20    22  43    1.89   389.3   14.4      40.649
2013   10       20    22  53    1.87   389.3   14.3      40.681
2013   10       20    23   4    1.85   389.3   14.1      40.712
2013   10       20    23  14    1.83   389.3   14.0      40.742
2013   10       20    23  24    1.81   389.3   13.8      40.770
2013   10       20    23  34    1.80   389.2   13.6      40.796
2013   10       20    23  44    1.78   389.1   13.4      40.817
2013   10       20    23  55    1.77   389.0   13.2      40.835
2013   10       21     0   5    1.76   388.9   13.0      40.850
2013   10       21     0  15    1.75   388.7   12.7      40.861
2013   10       21     0  25    1.74   388.5   12.5      40.871
2013   10       21     0  35    1.73   388.4   12.3      40.880
2013   10       21     0  46    1.72   388.2   12.0      40.890
2013   10       21     0  56    1.71   388.0   11.7      40.901
2013   10       21     1   6    1.70   387.7   11.5      40.917
2013   10       21     1  16    1.70   387.5   11.2      40.935
2013   10       21     1  27    1.69   387.3   11.0      40.953
2013   10       21     1  37    1.68   387.1   10.8      40.971
2013   10       21     1  47    1.68   386.9   10.5      40.989
2013   10       21     1  57    1.67   386.7   10.3      41.003
2013   10       21     2   8    1.67   386.5   10.1      41.017
2013   10       21     2  18    1.67   386.3    9.9      41.031
2013   10       21     2  28    1.67   386.1    9.7      41.042
2013   10       21     2  38    1.67   385.9    9.5      41.050
2013   10       21     2  49    1.67   385.8    9.3      41.054
2013   10       21     2  59    1.67   385.6    9.2      41.052
2013   10       21     3   9    1.67   385.5    9.0      41.043
2013   10       21     3  19    1.68   385.3    8.8      41.025
2013   10       21     3  30    1.69   385.2    8.7      40.999
2013   10       21     3  40    1.69   385.1    8.5      40.964
2013   10       21     3  50    1.70   385.0    8.4      40.918
2013   10       21     4   1    1.72   384.9    8.3      40.861
2013   10       21     4  11    1.73   384.8    8.2      40.792
2013   10       21     4  21    1.74   384.8    8.0      40.712
2013   10       21     4  32    1.76   384.7    7.9      40.621
2013   10       21     4  42    1.77   384.7    7.8      40.517
2013   10       21     4  52    1.79   384.6    7.7      40.402
2013   10       21     5   3    1.81   384.6    7.6      40.276
2013   10       21     5  13    1.83   384.6    7.6      40.138
2013   10       21     5  23    1.85   384.5    7.5      39.990
2013   10       21     5  34    1.87   384.5    7.4      39.832
2013   10       21     5  44    1.89   384.5    7.3      39.665
2013   10       21     5  54    1.91   384.5    7.2      39.490
2013   10       21     6   5    1.93   384.5    7.2      39.308
2013   10       21     6  15    1.95   384.5    7.1      39.119
2013   10       21     6  26    1.97   384.5    7.1      38.926
2013   10       21     6  36    1.99   384.5    7.0      38.728
2013   10       21     6  46    2.01   384.5    7.0      38.529
2013   10       21     6  57    2.03   384.5    6.9      38.327
2013   10       21     7   7    2.04   384.5    6.9      38.127
2013   10       21     7  17    2.06   384.6    6.8      37.926
2013   10       21     7  27    2.08   384.6    6.8      37.729
2013   10       21     7  38    2.09   384.6    6.8      37.532
2013   10       21     7  48    2.11   384.6    6.7      37.341
2013   10       21     7  58    2.12   384.6    6.7      37.153
2013   10       21     8   8    2.14   384.6    6.7      36.971
2013   10       21     8  19    2.15   384.7    6.6      36.795
2013   10       21     8  29    2.16   384.7    6.6      36.626
2013   10       21     8  39    2.18   384.7    6.6      36.462
2013   10       21     8  50    2.19   384.7    6.6      36.306
2013   10       21     9   0    2.20   384.7    6.6      36.156
2013   10       21     9  10    2.21   384.8    6.5      36.013
2013   10       21     9  21    2.22   384.8    6.5      35.872
2013   10       21     9  31    2.23   384.8    6.5      35.735
2013   10       21     9  41    2.24   384.9    6.5      35.598
2013   10       21     9  52    2.25   385.0    6.5      35.461
2013   10       21    10   2    2.25   385.0    6.5      35.322
2013   10       21    10  12    2.26   385.1    6.5      35.183
2013   10       21    10  23    2.27   385.2    6.5      35.040
2013   10       21    10  33    2.27   385.3    6.5      34.895
2013   10       21    10  43    2.28   385.5    6.5      34.746
2013   10       21    10  54    2.28   385.6    6.5      34.594
2013   10       21    11   4    2.28   385.7    6.5      34.435
2013   10       21    11  15    2.29   385.9    6.5      34.273
2013   10       21    11  25    2.29   386.0    6.5      34.104
2013   10       21    11  35    2.29   386.2    6.5      33.931
2013   10       21    11  46    2.29   386.4    6.5      33.749
2013   10       21    11  56    2.29   386.5    6.5      33.561
2013   10       21    12   7    2.29   386.7    6.5      33.364
2013   10       21    12  17    2.29   386.9    6.6      33.158
2013   10       21    12  28    2.29   387.1    6.6      32.943
2013   10       21    12  38    2.29   387.3    6.6      32.722
2013   10       21    12  49    2.29   387.5    6.6      32.494
2013   10       21    12  59    2.28   387.7    6.7      32.263
2013   10       21    13   9    2.28   387.9    6.7      32.028
2013   10       21    13  20    2.28   388.0    6.7      31.793
2013   10       21    13  30    2.28   388.2    6.7      31.558
2013   10       21    13  41    2.27   388.4    6.8      31.326
2013   10       21    13  51    2.27   388.6    6.8      31.094
2013   10       21    14   1    2.26   388.8    6.8      30.866
2013   10       21    14  12    2.26   389.0    6.9      30.639
2013   10       21    14  22    2.25   389.1    6.9      30.416
2013   10       21    14  32    2.25   389.3    6.9      30.194
2013   10       21    14  42    2.24   389.5    7.0      29.977
2013   10       21    14  53    2.23   389.6    7.0      29.762
2013   10       21    15   3    2.23   389.8    7.0      29.553
2013   10       21    15  13    2.22   389.9    7.1      29.349
2013   10       21    15  23    2.21   390.1    7.1      29.153
2013   10       21    15  34    2.21   390.2    7.2      28.965
2013   10       21    15  44    2.20   390.4    7.2      28.787
2013   10       21    15  54    2.20   390.5    7.2      28.616
2013   10       21    16   5    2.19   390.6    7.3      28.456
2013   10       21    16  15    2.19   390.8    7.3      28.303
2013   10       21    16  25    2.18   390.9    7.3      28.160
2013   10       21    16  36    2.18   391.0    7.4      28.025
2013   10       21    16  46    2.17   391.1    7.4      27.901
2013   10       21    16  56    2.17   391.2    7.4      27.784
2013   10       21    17   7    2.17   391.3    7.4      27.678
2013   10       21    17  17    2.16   391.4    7.5      27.580
2013   10       21    17  27    2.16   391.5    7.5      27.493
2013   10       21    17  38    2.16   391.6    7.5      27.414
2013   10       21    17  48    2.16   391.7    7.6      27.345
2013   10       21    17  58    2.16   391.7    7.6      27.285
2013   10       21    18   9    2.15   391.8    7.6      27.235
2013   10       21    18  19    2.15   391.9    7.6      27.193
2013   10       21    18  30    2.15   391.9    7.7      27.161
2013   10       21    18  40    2.15   392.0    7.7      27.137
2013   10       21    18  50    2.15   392.0    7.7      27.122
2013   10       21    19   1    2.15   392.1    7.8      27.114
2013   10       21    19  11    2.15   392.1    7.8      27.115
2013   10       21    19  22    2.15   392.2    7.8      27.124
2013   10       21    19  32    2.15   392.2    7.8      27.140
2013   10       21    19  43    2.15   392.2    7.9      27.163
2013   10       21    19  53    2.15   392.2    7.9      27.193
2013   10       21    20   4    2.15   392.2    7.9      27.229
2013   10       21    20  14    2.15   392.3    7.9      27.271
2013   10       21    20  25    2.15   392.3    8.0      27.319
2013   10       21    20  35    2.15   392.3    8.0      27.371
2013   10       21    20  45    2.15   392.3    8.0      27.429
2013   10       21    20  56    2.16   392.2    8.0      27.491
2013   10       21    21   6    2.16   392.2    8.1      27.558
2013   10       21    21  16    2.16   392.2    8.1      27.628
2013   10       21    21  27    2.16   392.2    8.1      27.702
2013   10       21    21  37    2.17   392.2    8.2      27.778
2013   10       21    21  47    2.17   392.1    8.2      27.857
2013   10       21    21  57    2.18   392.1    8.2      27.938
2013   10       21    22   8    2.18   392.1    8.3      28.020
2013   10       21    22  18    2.19   392.1    8.3      28.103
2013   10       21    22  28    2.19   392.0    8.3      28.185
2013   10       21    22  38    2.20   392.0    8.4      28.266
2013   10       21    22  49    2.21   392.0    8.4      28.345
2013   10       21    22  59    2.21   392.0    8.4      28.422
2013   10       21    23   9    2.22   392.0    8.4      28.497
2013   10       21    23  20    2.22   392.0    8.5      28.571
2013   10       21    23  30    2.23   391.9    8.5      28.644
2013   10       21    23  40    2.23   391.9    8.5      28.717
2013   10       21    23  51    2.24   391.9    8.6      28.789
2013   10       22     0   1    2.25   391.9    8.6      28.862
2013   10       22     0  11    2.25   391.9    8.6      28.940
2013   10       22     0  21    2.26   391.9    8.7      29.017
2013   10       22     0  32    2.26   391.9    8.7      29.095
2013   10       22     0  42    2.27   391.9    8.8      29.171
2013   10       22     0  53    2.27   391.9    8.8      29.246
2013   10       22     1   3    2.28   392.0    8.8      29.318
2013   10       22     1  13    2.28   392.0    8.8      29.386
2013   10       22     1  24    2.29   392.1    8.9      29.448
2013   10       22     1  34    2.29   392.1    8.9      29.504
2013   10       22     1  45    2.29   392.2    8.9      29.554
2013   10       22     1  55    2.30   392.3    8.9      29.599
2013   10       22     2   5    2.30   392.4    9.0      29.638
2013   10       22     2  16    2.30   392.4    9.0      29.671
2013   10       22     2  26    2.30   392.5    9.0      29.699
2013   10       22     2  37    2.31   392.6    9.0      29.723
2013   10       22     2  47    2.31   392.7    9.0      29.741
2013   10       22     2  58    2.31   392.8    9.0      29.755
2013   10       22     3   8    2.31   392.9    9.0      29.766
2013   10       22     3  19    2.31   393.0    9.0      29.774
2013   10       22     3  29    2.31   393.1    9.0      29.778
2013   10       22     3  39    2.31   393.1    9.0      29.781
2013   10       22     3  50    2.31   393.3    9.0      29.781
2013   10       22     4   0    2.31   393.4    9.0      29.779
2013   10       22     4  10    2.31   393.5    9.0      29.776
2013   10       22     4  21    2.31   393.6    9.0      29.771
2013   10       22     4  31    2.30   393.7    9.0      29.764
2013   10       22     4  41    2.30   393.8    9.0      29.754
2013   10       22     4  52    2.30   394.0    9.0      29.743
2013   10       22     5   2    2.30   394.1    9.0      29.730
2013   10       22     5  12    2.30   394.2    9.0      29.715
2013   10       22     5  22    2.29   394.4    9.0      29.697
2013   10       22     5  33    2.29   394.5    8.9      29.677
2013   10       22     5  43    2.29   394.7    8.9      29.655
2013   10       22     5  53    2.28   394.8    8.9      29.630
2013   10       22     6   3    2.28   395.0    8.9      29.604
2013   10       22     6  14    2.28   395.1    8.9      29.576
2013   10       22     6  24    2.27   395.2    8.9      29.546
2013   10       22     6  34    2.27   395.4    8.8      29.516
2013   10       22     6  44    2.26   395.5    8.8      29.484
2013   10       22     6  55    2.26   395.7    8.8      29.451
2013   10       22     7   5    2.25   395.8    8.8      29.418
2013   10       22     7  15    2.25   395.9    8.8      29.385
2013   10       22     7  26    2.24   396.1    8.7      29.351
2013   10       22     7  36    2.24   396.2    8.7      29.317
2013   10       22     7  46    2.23   396.4    8.7      29.282
2013   10       22     7  57    2.23   396.6    8.7      29.248
2013   10       22     8   7    2.22   396.7    8.7      29.212
2013   10       22     8  17    2.22   396.9    8.6      29.175
2013   10       22     8  28    2.21   397.1    8.6      29.136
2013   10       22     8  38    2.21   397.2    8.6      29.097
2013   10       22     8  49    2.20   397.4    8.6      29.057
2013   10       22     8  59    2.20   397.6    8.5      29.016
2013   10       22     9   9    2.19   397.7    8.5      28.976
2013   10       22     9  20    2.19   397.9    8.5      28.936
2013   10       22     9  30    2.18   398.0    8.5      28.896
2013   10       22     9  41    2.17   398.2    8.4      28.857
2013   10       22     9  51    2.17   398.4    8.4      28.818
2013   10       22    10   2    2.16   398.6    8.4      28.777
2013   10       22    10  12    2.16   398.8    8.4      28.734
2013   10       22    10  22    2.15   399.0    8.3      28.690
2013   10       22    10  33    2.15   399.1    8.3      28.644
2013   10       22    10  43    2.14   399.3    8.3      28.598
2013   10       22    10  54    2.14   399.4    8.3      28.551
2013   10       22    11   4    2.13   399.5    8.2      28.505
2013   10       22    11  15    2.13   399.6    8.2      28.461
2013   10       22    11  25    2.12   399.7    8.2      28.417
2013   10       22    11  35    2.12   399.8    8.2      28.376
2013   10       22    11  46    2.12   399.9    8.1      28.337
2013   10       22    11  56    2.11   400.0    8.1      28.301
2013   10       22    12   6    2.11   400.1    8.1      28.268
2013   10       22    12  17    2.10   400.3    8.1      28.237
2013   10       22    12  27    2.10   400.5    8.1      28.206
2013   10       22    12  37    2.10   400.6    8.0      28.173
2013   10       22    12  47    2.09   400.8    8.0      28.139
2013   10       22    12  57    2.09   400.9    8.0      28.101
2013   10       22    13   8    2.08   401.1    8.0      28.063
2013   10       22    13  18    2.08   401.2    8.0      28.023
2013   10       22    13  28    2.07   401.3    7.9      27.982
2013   10       22    13  39    2.07   401.5    7.9      27.941
2013   10       22    13  49    2.07   401.6    7.9      27.899
2013   10       22    13  59    2.06   401.7    7.9      27.856
2013   10       22    14   9    2.06   401.8    7.8      27.813
2013   10       22    14  20    2.05   401.9    7.8      27.771
2013   10       22    14  30    2.05   401.9    7.8      27.729
2013   10       22    14  40    2.05   402.0    7.8      27.688
2013   10       22    14  51    2.04   402.1    7.8      27.649
2013   10       22    15   1    2.04   402.1    7.8      27.611
2013   10       22    15  11    2.04   402.2    7.7      27.576
2013   10       22    15  22    2.03   402.3    7.7      27.542
2013   10       22    15  32    2.03   402.3    7.7      27.509
2013   10       22    15  42    2.03   402.4    7.7      27.478
2013   10       22    15  53    2.02   402.4    7.7      27.449
2013   10       22    16   3    2.02   402.5    7.7      27.420
2013   10       22    16  14    2.02   402.5    7.6      27.393
2013   10       22    16  24    2.02   402.6    7.6      27.366
2013   10       22    16  34    2.01   402.6    7.6      27.340
2013   10       22    16  45    2.01   402.6    7.6      27.314
2013   10       22    16  55    2.01   402.6    7.6      27.289
2013   10       22    17   6    2.00   402.7    7.6      27.263
2013   10       22    17  16    2.00   402.7    7.6      27.238
2013   10       22    17  27    2.00   402.7    7.6      27.213
2013   10       22    17  37    2.00   402.7    7.6      27.188
2013   10       22    17  48    1.99   402.7    7.6      27.164
2013   10       22    17  58    1.99   402.7    7.5      27.140
2013   10       22    18   8    1.99   402.7    7.5      27.117
2013   10       22    18  19    1.99   402.6    7.5      27.093
2013   10       22    18  29    1.98   402.6    7.5      27.070
2013   10       22    18  40    1.98   402.6    7.5      27.046
2013   10       22    18  50    1.98   402.6    7.5      27.022
2013   10       22    19   0    1.98   402.6    7.5      26.997
2013   10       22    19  11    1.97   402.6    7.5      26.972
2013   10       22    19  21    1.97   402.5    7.5      26.946
2013   10       22    19  31    1.97   402.5    7.5      26.920
2013   10       22    19  41    1.97   402.5    7.5      26.894
2013   10       22    19  52    1.97   402.5    7.5      26.867
2013   10       22    20   2    1.96   402.4    7.4      26.839
2013   10       22    20  12    1.96   402.4    7.4      26.811
2013   10       22    20  22    1.96   402.4    7.4      26.783
2013   10       22    20  33    1.96   402.3    7.4      26.754
2013   10       22    20  43    1.95   402.3    7.4      26.725
2013   10       22    20  53    1.95   402.2    7.4      26.695
2013   10       22    21   3    1.95   402.2    7.4      26.665
2013   10       22    21  14    1.95   402.2    7.4      26.635
2013   10       22    21  24    1.95   402.1    7.4      26.606
2013   10       22    21  34    1.94   402.1    7.4      26.575
2013   10       22    21  45    1.94   402.0    7.4      26.546
2013   10       22    21  55    1.94   402.0    7.4      26.515
2013   10       22    22   5    1.94   401.9    7.4      26.486
2013   10       22    22  16    1.93   401.9    7.3      26.456
2013   10       22    22  26    1.93   401.8    7.3      26.426
2013   10       22    22  36    1.93   401.8    7.3      26.396
2013   10       22    22  47    1.93   401.7    7.3      26.366
2013   10       22    22  57    1.93   401.6    7.3      26.336
2013   10       22    23   7    1.93   401.6    7.3      26.305
2013   10       22    23  18    1.92   401.5    7.3      26.275
2013   10       22    23  28    1.92   401.5    7.3      26.244
2013   10       22    23  39    1.92   401.4    7.3      26.212
2013   10       22    23  49    1.92   401.3    7.3      26.181
2013   10       22    23  59    1.92   401.3    7.3      26.149
2013   10       23     0  10    1.91   401.2    7.3      26.117
2013   10       23     0  20    1.91   401.1    7.3      26.084
2013   10       23     0  31    1.91   401.1    7.3      26.052
2013   10       23     0  41    1.91   401.0    7.3      26.019
2013   10       23     0  52    1.91   400.9    7.2      25.987
2013   10       23     1   2    1.90   400.9    7.2      25.954
2013   10       23     1  13    1.90   400.8    7.2      25.922
2013   10       23     1  23    1.90   400.8    7.2      25.890
2013   10       23     1  34    1.90   400.7    7.2      25.858
2013   10       23     1  44    1.90   400.6    7.2      25.826
2013   10       23     1  54    1.90   400.6    7.2      25.795
2013   10       23     2   5    1.89   400.5    7.2      25.763
2013   10       23     2  15    1.89   400.4    7.2      25.732
2013   10       23     2  25    1.89   400.4    7.2      25.701
2013   10       23     2  36    1.89   400.3    7.2      25.670
2013   10       23     2  46    1.89   400.2    7.2      25.639
2013   10       23     2  56    1.89   400.2    7.2      25.608
2013   10       23     3   6    1.88   400.1    7.2      25.577
2013   10       23     3  16    1.88   400.0    7.2      25.547
2013   10       23     3  27    1.88   400.0    7.2      25.516
2013   10       23     3  37    1.88   399.9    7.2      25.485
2013   10       23     3  47    1.88   399.8    7.2      25.454
2013   10       23     3  57    1.88   399.7    7.2      25.424
2013   10       23     4   8    1.88   399.6    7.2      25.394
2013   10       23     4  18    1.87   399.5    7.1      25.364
2013   10       23     4  28    1.87   399.5    7.1      25.335
2013   10       23     4  39    1.87   399.4    7.1      25.306
2013   10       23     4  49    1.87   399.3    7.1      25.278
2013   10       23     4  59    1.87   399.2    7.1      25.250
2013   10       23     5  10    1.87   399.1    7.1      25.223
2013   10       23     5  20    1.87   399.0    7.1      25.197
2013   10       23     5  30    1.86   398.9    7.1      25.171
2013   10       23     5  41    1.86   398.8    7.1      25.145
2013   10       23     5  51    1.86   398.7    7.1      25.120
2013   10       23     6   1    1.86   398.6    7.1      25.096
2013   10       23     6  12    1.86   398.5    7.1      25.071
2013   10       23     6  22    1.86   398.4    7.1      25.047
2013   10       23     6  32    1.86   398.4    7.1      25.023
2013   10       23     6  43    1.86   398.3    7.1      24.999
2013   10       23     6  53    1.86   398.2    7.1      24.975
2013   10       23     7   4    1.86   398.1    7.1      24.951
2013   10       23     7  14    1.85   398.0    7.1      24.927
2013   10       23     7  24    1.85   397.9    7.1      24.903
2013   10       23     7  35    1.85   397.8    7.1      24.878
2013   10       23     7  45    1.85   397.7    7.1      24.853
2013   10       23     7  56    1.85   397.6    7.1      24.828
2013   10       23     8   6    1.85   397.5    7.1      24.803
2013   10       23     8  17    1.85   397.4    7.1      24.777
2013   10       23     8  27    1.85   397.3    7.1      24.751
2013   10       23     8  38    1.85   397.2    7.1      24.725
2013   10       23     8  48    1.85   397.1    7.1      24.699
2013   10       23     8  59    1.84   397.0    7.1      24.673
2013   10       23     9   9    1.84   396.9    7.1      24.646
2013   10       23     9  19    1.84   396.8    7.1      24.620
2013   10       23     9  30    1.84   396.7    7.1      24.594
2013   10       23     9  40    1.84   396.6    7.1      24.568
2013   10       23     9  50    1.84   396.5    7.1      24.542
2013   10       23    10   0    1.84   396.4    7.1      24.516
2013   10       23    10  11    1.84   396.3    7.1      24.490
2013   10       23    10  21    1.84   396.2    7.1      24.464
2013   10       23    10  31    1.84   396.1    7.1      24.438
2013   10       23    10  41    1.84   396.0    7.1      24.412
2013   10       23    10  52    1.84   395.9    7.1      24.387
2013   10       23    11   2    1.83   395.8    7.1      24.361
2013   10       23    11  12    1.83   395.7    7.1      24.336
2013   10       23    11  22    1.83   395.6    7.1      24.311
2013   10       23    11  33    1.83   395.5    7.1      24.286
2013   10       23    11  43    1.83   395.4    7.1      24.261
2013   10       23    11  53    1.83   395.3    7.1      24.236
2013   10       23    12   4    1.83   395.2    7.1      24.212
2013   10       23    12  14    1.83   395.1    7.1      24.188
2013   10       23    12  24    1.83   395.0    7.1      24.163
2013   10       23    12  34    1.83   394.9    7.1      24.140
2013   10       23    12  45    1.83   394.8    7.1      24.116
2013   10       23    12  55    1.83   394.7    7.1      24.093
2013   10       23    13   6    1.83   394.6    7.1      24.069
2013   10       23    13  16    1.83   394.5    7.1      24.047
2013   10       23    13  26    1.83   394.4    7.1      24.024
2013   10       23    13  37    1.83   394.3    7.1      24.002
2013   10       23    13  47    1.83   394.2    7.1      23.980
2013   10       23    13  57    1.82   394.0    7.1      23.958
2013   10       23    14   8    1.82   393.9    7.1      23.937
2013   10       23    14  18    1.82   393.8    7.1      23.917
2013   10       23    14  29    1.82   393.7    7.1      23.896
2013   10       23    14  39    1.82   393.6    7.1      23.876
2013   10       23    14  50    1.82   393.5    7.1      23.856
2013   10       23    15   0    1.82   393.4    7.1      23.836
2013   10       23    15  10    1.82   393.3    7.1      23.816
2013   10       23    15  21    1.82   393.1    7.1      23.797
2013   10       23    15  31    1.82   393.0    7.1      23.777
2013   10       23    15  42    1.82   392.9    7.1      23.758
2013   10       23    15  52    1.82   392.8    7.1      23.740
2013   10       23    16   3    1.82   392.7    7.1      23.721
2013   10       23    16  13    1.82   392.6    7.1      23.703
2013   10       23    16  23    1.82   392.5    7.1      23.684
2013   10       23    16  34    1.82   392.3    7.1      23.666
2013   10       23    16  44    1.82   392.2    7.1      23.649
2013   10       23    16  54    1.82   392.1    7.1      23.631
2013   10       23    17   5    1.82   392.0    7.1      23.614
2013   10       23    17  15    1.82   391.9    7.1      23.597
2013   10       23    17  25    1.82   391.8    7.1      23.580
2013   10       23    17  35    1.82   391.7    7.1      23.563
2013   10       23    17  46    1.82   391.6    7.1      23.546
2013   10       23    17  56    1.82   391.4    7.1      23.528
2013   10       23    18   6    1.82   391.3    7.1      23.511
2013   10       23    18  16    1.82   391.2    7.1      23.494
2013   10       23    18  27    1.82   391.1    7.1      23.477
2013   10       23    18  37    1.82   391.0    7.1      23.459
2013   10       23    18  47    1.81   390.9    7.1      23.442
2013   10       23    18  58    1.81   390.7    7.1      23.424
2013   10       23    19   8    1.81   390.6    7.1      23.407
2013   10       23    19  18    1.81   390.5    7.1      23.389
2013   10       23    19  28    1.81   390.4    7.1      23.371
2013   10       23    19  39    1.81   390.3    7.1      23.352
2013   10       23    19  49    1.81   390.2    7.1      23.334
2013   10       23    19  59    1.81   390.0    7.1      23.316
2013   10       23    20  10    1.81   389.9    7.1      23.297
2013   10       23    20  20    1.81   389.8    7.1      23.279
2013   10       23    20  30    1.81   389.7    7.1      23.260
2013   10       23    20  41    1.81   389.5    7.1      23.242
2013   10       23    20  51    1.81   389.4    7.1      23.223
2013   10       23    21   2    1.81   389.3    7.1      23.205
2013   10       23    21  12    1.81   389.2    7.1      23.187
2013   10       23    21  22    1.81   389.1    7.1      23.168
2013   10       23    21  33    1.81   388.9    7.2      23.150
2013   10       23    21  43    1.81   388.8    7.2      23.132
2013   10       23    21  54    1.81   388.7    7.2      23.114
2013   10       23    22   4    1.81   388.6    7.2      23.097
2013   10       23    22  15    1.81   388.4    7.2      23.080
2013   10       23    22  25    1.81   388.3    7.2      23.062
2013   10       23    22  35    1.81   388.2    7.2      23.046
2013   10       23    22  46    1.81   388.1    7.2      23.029
2013   10       23    22  56    1.81   387.9    7.2      23.013
2013   10       23    23   7    1.81   387.8    7.2      22.997
2013   10       23    23  17    1.81   387.7    7.2      22.982
2013   10       23    23  28    1.81   387.6    7.2      22.967
2013   10       23    23  38    1.81   387.4    7.2      22.953
2013   10       23    23  48    1.81   387.3    7.2      22.939
2013   10       23    23  59    1.81   387.2    7.2      22.926
2013   10       24     0   9    1.81   387.1    7.2      22.913
2013   10       24     0  19    1.81   386.9    7.2      22.901
2013   10       24     0  30    1.81   386.8    7.2      22.889
2013   10       24     0  40    1.81   386.7    7.2      22.877
2013   10       24     0  50    1.81   386.6    7.2      22.866
2013   10       24     1   0    1.81   386.5    7.2      22.856
2013   10       24     1  11    1.81   386.3    7.2      22.845
2013   10       24     1  21    1.81   386.2    7.2      22.836
2013   10       24     1  31    1.81   386.1    7.2      22.826
2013   10       24     1  41    1.81   386.0    7.2      22.817
2013   10       24     1  52    1.81   385.8    7.2      22.808
2013   10       24     2   2    1.81   385.7    7.3      22.799
2013   10       24     2  12    1.81   385.6    7.3      22.791
2013   10       24     2  22    1.81   385.5    7.3      22.783
2013   10       24     2  33    1.81   385.4    7.3      22.775
2013   10       24     2  43    1.81   385.2    7.3      22.767
2013   10       24     2  53    1.81   385.1    7.3      22.759
2013   10       24     3   4    1.81   385.0    7.3      22.752
2013   10       24     3  14    1.81   384.9    7.3      22.744
2013   10       24     3  24    1.81   384.7    7.3      22.737
2013   10       24     3  35    1.81   384.6    7.3      22.729
2013   10       24     3  45    1.81   384.5    7.3      22.721
2013   10       24     3  55    1.81   384.4    7.3      22.713
2013   10       24     4   6    1.81   384.2    7.3      22.705
2013   10       24     4  16    1.81   384.1    7.3      22.696
2013   10       24     4  27    1.82   384.0    7.3      22.688
2013   10       24     4  37    1.82   383.9    7.3      22.679
2013   10       24     4  47    1.82   383.7    7.3      22.670
2013   10       24     4  58    1.82   383.6    7.3      22.661
2013   10       24     5   8    1.82   383.5    7.3      22.652
2013   10       24     5  19    1.82   383.3    7.3      22.642
2013   10       24     5  29    1.82   383.2    7.4      22.633
2013   10       24     5  40    1.82   383.1    7.4      22.623
2013   10       24     5  50    1.82   383.0    7.4      22.614
2013   10       24     6   1    1.82   382.8    7.4      22.604
2013   10       24     6  11    1.82   382.7    7.4      22.594
2013   10       24     6  21    1.82   382.6    7.4      22.584
2013   10       24     6  32    1.82   382.4    7.4      22.575
2013   10       24     6  42    1.82   382.3    7.4      22.565
2013   10       24     6  53    1.82   382.2    7.4      22.556
2013   10       24     7   3    1.82   382.1    7.4      22.547
2013   10       24     7  13    1.82   381.9    7.4      22.538
2013   10       24     7  24    1.82   381.8    7.4      22.529
2013   10       24     7  34    1.82   381.7    7.4      22.521
2013   10       24     7  44    1.82   381.6    7.4      22.513
2013   10       24     7  54    1.82   381.4    7.4      22.506
2013   10       24     8   5    1.82   381.3    7.4      22.499
2013   10       24     8  15    1.82   381.2    7.4      22.492
2013   10       24     8  25    1.82   381.1    7.4      22.487
2013   10       24     8  35    1.82   381.0    7.4      22.482
2013   10       24     8  46    1.82   380.9    7.5      22.477
2013   10       24     8  56    1.82   380.7    7.5      22.473
2013   10       24     9   6    1.82   380.6    7.5      22.470
2013   10       24     9  16    1.82   380.5    7.5      22.467
2013   10       24     9  27    1.82   380.4    7.5      22.464
2013   10       24     9  37    1.83   380.3    7.5      22.461
2013   10       24     9  47    1.83   380.2    7.5      22.458
2013   10       24     9  58    1.83   380.1    7.5      22.455
2013   10       24    10   8    1.83   380.0    7.5      22.452
2013   10       24    10  18    1.83   379.9    7.5      22.449
2013   10       24    10  29    1.83   379.8    7.5      22.446
2013   10       24    10  39    1.83   379.7    7.5      22.443
2013   10       24    10  49    1.83   379.6    7.5      22.439
2013   10       24    11   0    1.83   379.5    7.6      22.435
2013   10       24    11  10    1.83   379.4    7.6      22.431
2013   10       24    11  20    1.83   379.3    7.6      22.427
2013   10       24    11  31    1.83   379.2    7.6      22.423
2013   10       24    11  41    1.83   379.1    7.6      22.418
2013   10       24    11  52    1.83   379.0    7.6      22.413
2013   10       24    12   2    1.83   378.9    7.6      22.409
2013   10       24    12  12    1.83   378.8    7.6      22.404
2013   10       24    12  23    1.83   378.7    7.6      22.398
2013   10       24    12  33    1.83   378.6    7.6      22.393
2013   10       24    12  44    1.83   378.5    7.6      22.388
2013   10       24    12  54    1.83   378.4    7.6      22.382
2013   10       24    13   5    1.83   378.3    7.6      22.376
2013   10       24    13  15    1.83   378.2    7.6      22.370
2013   10       24    13  26    1.83   378.1    7.6      22.364
2013   10       24    13  36    1.83   378.0    7.6      22.357
2013   10       24    13  46    1.83   377.9    7.6      22.351
2013   10       24    13  57    1.83   377.8    7.6      22.344
2013   10       24    14   7    1.83   377.7    7.6      22.337
2013   10       24    14  18    1.83   377.6    7.6      22.329
2013   10       24    14  28    1.83   377.5    7.6      22.321
2013   10       24    14  38    1.83   377.4    7.6      22.313
2013   10       24    14  49    1.83   377.3    7.7      22.305
2013   10       24    14  59    1.83   377.2    7.7      22.296
2013   10       24    15   9    1.83   377.1    7.7      22.288
2013   10       24    15  19    1.83   377.0    7.7      22.279
2013   10       24    15  30    1.83   376.9    7.7      22.270
2013   10       24    15  40    1.83   376.9    7.7      22.261
2013   10       24    15  50    1.83   376.8    7.7      22.253
2013   10       24    16   0    1.83   376.7    7.7      22.244
2013   10       24    16  11    1.83   376.6    7.7      22.235
2013   10       24    16  21    1.83   376.5    7.7      22.227
2013   10       24    16  31    1.83   376.4    7.7      22.218
2013   10       24    16  41    1.83   376.3    7.7      22.209
2013   10       24    16  52    1.83   376.2    7.7      22.200
2013   10       24    17   2    1.83   376.2    7.7      22.190
2013   10       24    17  12    1.83   376.1    7.7      22.181
2013   10       24    17  23    1.83   376.0    7.7      22.170
2013   10       24    17  33    1.82   375.9    7.7      22.159
2013   10       24    17  43    1.82   375.8    7.7      22.148
2013   10       24    17  54    1.82   375.7    7.7      22.136
2013   10       24    18   4    1.82   375.7    7.7      22.124
2013   10       24    18  14    1.82   375.6    7.7      22.111
2013   10       24    18  25    1.82   375.5    7.7      22.098
2013   10       24    18  35    1.82   375.4    7.7      22.085
2013   10       24    18  45    1.82   375.3    7.7      22.072
2013   10       24    18  56    1.82   375.3    7.7      22.058
2013   10       24    19   6    1.82   375.2    7.7      22.044
2013   10       24    19  17    1.82   375.1    7.7      22.030
2013   10       24    19  27    1.82   375.0    7.7      22.015
2013   10       24    19  37    1.82   374.9    7.7      22.001
2013   10       24    19  48    1.81   374.8    7.7      21.986
2013   10       24    19  58    1.81   374.8    7.7      21.971
2013   10       24    20   9    1.81   374.7    7.7      21.956
2013   10       24    20  19    1.81   374.6    7.7      21.941
2013   10       24    20  30    1.81   374.5    7.7      21.926
2013   10       24    20  40    1.81   374.4    7.7      21.911
2013   10       24    20  51    1.81   374.3    7.7      21.895
2013   10       24    21   1    1.81   374.2    7.7      21.880
2013   10       24    21  11    1.81   374.2    7.7      21.864
2013   10       24    21  22    1.80   374.1    7.7      21.848
2013   10       24    21  32    1.80   374.0    7.7      21.832
2013   10       24    21  43    1.80   373.9    7.7      21.816
2013   10       24    21  53    1.80   373.8    7.7      21.800
2013   10       24    22   3    1.80   373.7    7.7      21.784
2013   10       24    22  13    1.80   373.6    7.7      21.767
2013   10       24    22  24    1.80   373.5    7.7      21.751
2013   10       24    22  34    1.79   373.4    7.7      21.734
2013   10       24    22  44    1.79   373.3    7.7      21.717
2013   10       24    22  54    1.79   373.3    7.7      21.700
2013   10       24    23   5    1.79   373.2    7.7      21.682
2013   10       24    23  15    1.79   373.1    7.7      21.665
2013   10       24    23  25    1.79   373.0    7.7      21.647
2013   10       24    23  35    1.79   372.9    7.7      21.629
2013   10       24    23  46    1.78   372.8    7.7      21.610
2013   10       24    23  56    1.78   372.7    7.7      21.591
2013   10       25     0   6    1.78   372.6    7.7      21.572
2013   10       25     0  17    1.78   372.5    7.7      21.552
2013   10       25     0  27    1.78   372.4    7.6      21.532
2013   10       25     0  37    1.78   372.3    7.6      21.512
2013   10       25     0  47    1.78   372.2    7.6      21.491
2013   10       25     0  58    1.77   372.1    7.6      21.470
2013   10       25     1   8    1.77   372.0    7.6      21.448
2013   10       25     1  18    1.77   371.9    7.6      21.426
2013   10       25     1  29    1.77   371.8    7.6      21.404
2013   10       25     1  39    1.77   371.7    7.6      21.382
2013   10       25     1  50    1.76   371.6    7.6      21.359
2013   10       25     2   0    1.76   371.5    7.6      21.336
2013   10       25     2  10    1.76   371.4    7.6      21.313
2013   10       25     2  21    1.76   371.3    7.6      21.289
2013   10       25     2  31    1.76   371.2    7.6      21.266
2013   10       25     2  42    1.75   371.1    7.6      21.242
2013   10       25     2  52    1.75   371.0    7.6      21.218
2013   10       25     3   2    1.75   370.9    7.6      21.194
2013   10       25     3  13    1.75   370.7    7.6      21.170
2013   10       25     3  23    1.75   370.6    7.6      21.146
2013   10       25     3  34    1.74   370.5    7.6      21.122
2013   10       25     3  44    1.74   370.4    7.6      21.098
2013   10       25     3  55    1.74   370.3    7.6      21.074
2013   10       25     4   5    1.74   370.2    7.6      21.050
2013   10       25     4  16    1.74   370.0    7.6      21.026
2013   10       25     4  26    1.73   369.9    7.6      21.002
2013   10       25     4  36    1.73   369.8    7.6      20.978
2013   10       25     4  47    1.73   369.7    7.6      20.954
2013   10       25     4  57    1.73   369.5    7.6      20.931
2013   10       25     5   7    1.73   369.4    7.6      20.908
2013   10       25     5  18    1.72   369.3    7.6      20.885
2013   10       25     5  28    1.72   369.2    7.6      20.863
2013   10       25     5  38    1.72   369.0    7.6      20.841
2013   10       25     5  49    1.72   368.9    7.6      20.819
2013   10       25     5  59    1.72   368.8    7.6      20.798
2013   10       25     6   9    1.71   368.6    7.5      20.777
2013   10       25     6  19    1.71   368.5    7.5      20.757
2013   10       25     6  29    1.71   368.4    7.5      20.737
2013   10       25     6  40    1.71   368.2    7.5      20.718
2013   10       25     6  50    1.71   368.1    7.5      20.699
2013   10       25     7   0    1.70   368.0    7.5      20.680
2013   10       25     7  11    1.70   367.8    7.5      20.661
2013   10       25     7  21    1.70   367.7    7.5      20.642
2013   10       25     7  31    1.70   367.6    7.5      20.623
2013   10       25     7  41    1.70   367.4    7.5      20.604
2013   10       25     7  52    1.70   367.3    7.5      20.585
2013   10       25     8   2    1.69   367.2    7.5      20.566
2013   10       25     8  12    1.69   367.0    7.6      20.546
2013   10       25     8  23    1.69   366.9    7.6      20.527
2013   10       25     8  33    1.69   366.8    7.6      20.507
2013   10       25     8  43    1.69   366.6    7.6      20.487
2013   10       25     8  54    1.68   366.5    7.6      20.466
2013   10       25     9   4    1.68   366.3    7.6      20.446
2013   10       25     9  15    1.68   366.2    7.5      20.425
2013   10       25     9  25    1.68   366.0    7.5      20.405
2013   10       25     9  35    1.68   365.9    7.5      20.384
2013   10       25     9  46    1.68   365.8    7.5      20.363
2013   10       25     9  56    1.67   365.6    7.5      20.342
2013   10       25    10   6    1.67   365.5    7.5      20.321
2013   10       25    10  17    1.67   365.3    7.5      20.300
2013   10       25    10  27    1.67   365.2    7.5      20.279
2013   10       25    10  38    1.67   365.0    7.5      20.258
2013   10       25    10  48    1.67   364.9    7.5      20.236
2013   10       25    10  59    1.66   364.7    7.5      20.215
2013   10       25    11   9    1.66   364.6    7.5      20.194
2013   10       25    11  20    1.66   364.4    7.5      20.172
2013   10       25    11  30    1.66   364.3    7.5      20.150
2013   10       25    11  41    1.66   364.1    7.5      20.129
2013   10       25    11  51    1.66   363.9    7.5      20.107
2013   10       25    12   1    1.65   363.8    7.5      20.085
2013   10       25    12  12    1.65   363.6    7.6      20.064
2013   10       25    12  22    1.65   363.5    7.6      20.043
2013   10       25    12  32    1.65   363.3    7.6      20.021
2013   10       25    12  43    1.65   363.1    7.6      20.000
2013   10       25    12  53    1.65   363.0    7.6      19.979
2013   10       25    13   3    1.65   362.8    7.6      19.959
2013   10       25    13  13    1.64   362.6    7.6      19.939
2013   10       25    13  24    1.64   362.5    7.6      19.919
2013   10       25    13  34    1.64   362.3    7.6      19.899
2013   10       25    13  44    1.64   362.2    7.6      19.880
2013   10       25    13  54    1.64   362.0    7.6      19.862
2013   10       25    14   5    1.64   361.8    7.6      19.843
2013   10       25    14  15    1.64   361.7    7.6      19.825
2013   10       25    14  25    1.64   361.5    7.6      19.808
2013   10       25    14  35    1.63   361.3    7.6      19.791
2013   10       25    14  46    1.63   361.2    7.6      19.774
2013   10       25    14  56    1.63   361.0    7.6      19.757
2013   10       25    15   6    1.63   360.8    7.6      19.741
2013   10       25    15  17    1.63   360.7    7.6      19.725
2013   10       25    15  27    1.63   360.5    7.6      19.709
2013   10       25    15  37    1.63   360.3    7.6      19.694
2013   10       25    15  48    1.63   360.1    7.6      19.679
2013   10       25    15  58    1.63   360.0    7.6      19.664
2013   10       25    16   8    1.63   359.8    7.6      19.649
2013   10       25    16  19    1.63   359.6    7.7      19.634
2013   10       25    16  29    1.63   359.5    7.7      19.620
2013   10       25    16  39    1.63   359.3    7.7      19.606
2013   10       25    16  50    1.62   359.1    7.7      19.592
2013   10       25    17   0    1.62   358.9    7.7      19.579
2013   10       25    17  11    1.62   358.8    7.7      19.565
2013   10       25    17  21    1.62   358.6    7.7      19.552
2013   10       25    17  31    1.62   358.4    7.7      19.539
2013   10       25    17  42    1.62   358.2    7.7      19.526
2013   10       25    17  52    1.62   358.0    7.7      19.513
2013   10       25    18   3    1.62   357.9    7.7      19.500
2013   10       25    18  13    1.62   357.7    7.7      19.488
2013   10       25    18  24    1.62   357.5    7.7      19.475
2013   10       25    18  34    1.62   357.3    7.8      19.463
2013   10       25    18  45    1.62   357.2    7.8      19.451
2013   10       25    18  55    1.62   357.0    7.8      19.439
2013   10       25    19   5    1.62   356.8    7.8      19.427
2013   10       25    19  16    1.62   356.6    7.8      19.416
2013   10       25    19  26    1.62   356.5    7.8      19.405
2013   10       25    19  37    1.62   356.3    7.8      19.393
2013   10       25    19  47    1.62   356.1    7.8      19.383
2013   10       25    19  57    1.62   355.9    7.8      19.372
2013   10       25    20   7    1.62   355.8    7.8      19.362
2013   10       25    20  18    1.62   355.6    7.8      19.352
2013   10       25    20  28    1.62   355.4    7.9      19.343
2013   10       25    20  38    1.62   355.2    7.9      19.334
2013   10       25    20  48    1.62   355.1    7.9      19.325
2013   10       25    20  59    1.62   354.9    7.9      19.316
2013   10       25    21   9    1.62   354.7    7.9      19.308
2013   10       25    21  19    1.62   354.6    7.9      19.300
2013   10       25    21  29    1.62   354.4    7.9      19.293
2013   10       25    21  40    1.62   354.3    7.9      19.286
2013   10       25    21  50    1.62   354.1    7.9      19.279
2013   10       25    22   0    1.62   353.9    8.0      19.273
2013   10       25    22  11    1.62   353.8    8.0      19.267
2013   10       25    22  21    1.62   353.6    8.0      19.261
2013   10       25    22  31    1.62   353.4    8.0      19.256
2013   10       25    22  42    1.62   353.3    8.0      19.251
2013   10       25    22  52    1.62   353.1    8.0      19.246
2013   10       25    23   2    1.63   352.9    8.0      19.242
2013   10       25    23  12    1.63   352.8    8.1      19.239
2013   10       25    23  23    1.63   352.6    8.1      19.235
2013   10       25    23  33    1.63   352.5    8.1      19.233
2013   10       25    23  44    1.63   352.3    8.1      19.230
2013   10       25    23  54    1.63   352.1    8.1      19.228
2013   10       26     0   4    1.63   352.0    8.1      19.227
