year    month   day   hour  minute  B_enl V_enl   n_enl       T_enl
[year] [month] [day] [hour][minute] [nT]  [km/s]  [cm-3]      [kK]
2013   10       23     0   1    2.16   405.8    6.3      24.214
2013   10       23     0  10    2.16   405.7    6.3      24.198
2013   10       23     0  20    2.16   405.6    6.3      24.182
2013   10       23     0  30    2.16   405.5    6.3      24.167
2013   10       23     0  39    2.16   405.4    6.3      24.151
2013   10       23     0  49    2.16   405.3    6.3      24.134
2013   10       23     0  59    2.16   405.2    6.3      24.118
2013   10       23     1   8    2.16   405.1    6.3      24.102
2013   10       23     1  18    2.16   405.0    6.3      24.085
2013   10       23     1  27    2.15   404.9    6.3      24.069
2013   10       23     1  37    2.15   404.8    6.3      24.052
2013   10       23     1  47    2.15   404.7    6.3      24.036
2013   10       23     1  56    2.15   404.6    6.3      24.019
2013   10       23     2   6    2.15   404.5    6.3      24.002
2013   10       23     2  15    2.15   404.4    6.3      23.985
2013   10       23     2  25    2.15   404.3    6.3      23.968
2013   10       23     2  35    2.15   404.2    6.3      23.951
2013   10       23     2  44    2.15   404.1    6.3      23.935
2013   10       23     2  54    2.15   404.0    6.3      23.918
2013   10       23     3   3    2.15   403.9    6.3      23.901
2013   10       23     3  13    2.15   403.8    6.3      23.884
2013   10       23     3  22    2.14   403.7    6.3      23.867
2013   10       23     3  32    2.14   403.6    6.3      23.850
2013   10       23     3  41    2.14   403.5    6.3      23.833
2013   10       23     3  51    2.14   403.4    6.3      23.816
2013   10       23     4   1    2.14   403.3    6.3      23.800
2013   10       23     4  10    2.14   403.1    6.3      23.783
2013   10       23     4  20    2.14   403.0    6.3      23.767
2013   10       23     4  29    2.14   402.9    6.3      23.750
2013   10       23     4  39    2.14   402.8    6.3      23.734
2013   10       23     4  48    2.14   402.7    6.3      23.718
2013   10       23     4  58    2.14   402.6    6.3      23.702
2013   10       23     5   7    2.13   402.5    6.3      23.687
2013   10       23     5  17    2.13   402.4    6.3      23.671
2013   10       23     5  26    2.13   402.3    6.3      23.655
2013   10       23     5  36    2.13   402.2    6.3      23.640
2013   10       23     5  45    2.13   402.1    6.3      23.625
2013   10       23     5  55    2.13   402.0    6.3      23.610
2013   10       23     6   5    2.13   401.9    6.3      23.594
2013   10       23     6  14    2.13   401.8    6.3      23.579
2013   10       23     6  24    2.13   401.7    6.3      23.564
2013   10       23     6  33    2.13   401.6    6.3      23.549
2013   10       23     6  43    2.13   401.5    6.3      23.534
2013   10       23     6  52    2.13   401.4    6.3      23.519
2013   10       23     7   2    2.13   401.3    6.3      23.504
2013   10       23     7  12    2.12   401.2    6.3      23.489
2013   10       23     7  21    2.12   401.1    6.3      23.473
2013   10       23     7  31    2.12   401.0    6.3      23.458
2013   10       23     7  41    2.12   400.9    6.3      23.443
2013   10       23     7  50    2.12   400.8    6.3      23.427
2013   10       23     8   0    2.12   400.7    6.3      23.412
2013   10       23     8   9    2.12   400.6    6.3      23.396
2013   10       23     8  19    2.12   400.5    6.3      23.380
2013   10       23     8  29    2.12   400.4    6.3      23.365
2013   10       23     8  38    2.12   400.3    6.3      23.349
2013   10       23     8  48    2.12   400.2    6.3      23.333
2013   10       23     8  57    2.11   400.1    6.3      23.317
2013   10       23     9   7    2.11   400.0    6.3      23.301
2013   10       23     9  17    2.11   399.9    6.3      23.284
2013   10       23     9  26    2.11   399.8    6.3      23.268
2013   10       23     9  36    2.11   399.7    6.3      23.251
2013   10       23     9  45    2.11   399.6    6.3      23.234
2013   10       23     9  55    2.11   399.5    6.3      23.217
2013   10       23    10   5    2.11   399.3    6.3      23.199
2013   10       23    10  14    2.11   399.2    6.3      23.182
2013   10       23    10  24    2.11   399.1    6.3      23.164
2013   10       23    10  33    2.11   399.0    6.3      23.146
2013   10       23    10  43    2.10   398.9    6.3      23.128
2013   10       23    10  52    2.10   398.8    6.3      23.110
2013   10       23    11   2    2.10   398.7    6.3      23.092
2013   10       23    11  12    2.10   398.6    6.3      23.073
2013   10       23    11  21    2.10   398.5    6.3      23.055
2013   10       23    11  31    2.10   398.4    6.3      23.036
2013   10       23    11  40    2.10   398.2    6.3      23.018
2013   10       23    11  50    2.10   398.1    6.3      22.999
2013   10       23    11  59    2.10   398.0    6.3      22.980
2013   10       23    12   9    2.10   397.9    6.3      22.961
2013   10       23    12  18    2.09   397.8    6.3      22.943
2013   10       23    12  28    2.09   397.7    6.3      22.924
2013   10       23    12  37    2.09   397.6    6.3      22.905
2013   10       23    12  47    2.09   397.4    6.3      22.887
2013   10       23    12  56    2.09   397.3    6.3      22.868
2013   10       23    13   6    2.09   397.2    6.3      22.849
2013   10       23    13  15    2.09   397.1    6.3      22.831
2013   10       23    13  25    2.09   397.0    6.3      22.812
2013   10       23    13  34    2.09   396.9    6.3      22.793
2013   10       23    13  44    2.09   396.8    6.3      22.774
2013   10       23    13  54    2.08   396.7    6.3      22.756
2013   10       23    14   3    2.08   396.5    6.3      22.737
2013   10       23    14  13    2.08   396.4    6.3      22.719
2013   10       23    14  23    2.08   396.3    6.3      22.700
2013   10       23    14  32    2.08   396.2    6.3      22.682
2013   10       23    14  42    2.08   396.1    6.3      22.663
2013   10       23    14  51    2.08   396.0    6.3      22.645
2013   10       23    15   1    2.08   395.8    6.3      22.627
2013   10       23    15  11    2.08   395.7    6.3      22.609
2013   10       23    15  20    2.07   395.6    6.3      22.591
2013   10       23    15  30    2.07   395.5    6.3      22.573
2013   10       23    15  40    2.07   395.4    6.3      22.555
2013   10       23    15  49    2.07   395.3    6.3      22.538
2013   10       23    15  59    2.07   395.2    6.3      22.520
2013   10       23    16   8    2.07   395.1    6.3      22.503
2013   10       23    16  18    2.07   394.9    6.3      22.485
2013   10       23    16  27    2.07   394.8    6.3      22.468
2013   10       23    16  37    2.07   394.7    6.3      22.450
2013   10       23    16  47    2.07   394.6    6.3      22.433
2013   10       23    16  56    2.06   394.5    6.3      22.416
2013   10       23    17   6    2.06   394.4    6.3      22.398
2013   10       23    17  15    2.06   394.2    6.3      22.381
2013   10       23    17  25    2.06   394.1    6.3      22.364
2013   10       23    17  35    2.06   394.0    6.3      22.346
2013   10       23    17  44    2.06   393.9    6.3      22.329
2013   10       23    17  54    2.06   393.8    6.3      22.311
2013   10       23    18   3    2.06   393.7    6.3      22.293
2013   10       23    18  13    2.06   393.5    6.3      22.276
2013   10       23    18  22    2.05   393.4    6.3      22.258
2013   10       23    18  32    2.05   393.3    6.3      22.240
2013   10       23    18  41    2.05   393.2    6.3      22.222
2013   10       23    18  51    2.05   393.1    6.3      22.204
2013   10       23    19   1    2.05   392.9    6.3      22.186
2013   10       23    19  10    2.05   392.8    6.3      22.167
2013   10       23    19  20    2.05   392.7    6.3      22.149
2013   10       23    19  29    2.05   392.6    6.3      22.130
2013   10       23    19  39    2.04   392.4    6.3      22.111
2013   10       23    19  48    2.04   392.3    6.3      22.092
2013   10       23    19  58    2.04   392.2    6.3      22.073
2013   10       23    20   7    2.04   392.0    6.3      22.054
2013   10       23    20  17    2.04   391.9    6.3      22.035
2013   10       23    20  26    2.04   391.8    6.3      22.015
2013   10       23    20  36    2.04   391.7    6.3      21.996
2013   10       23    20  45    2.04   391.5    6.3      21.976
2013   10       23    20  55    2.03   391.4    6.3      21.956
2013   10       23    21   5    2.03   391.3    6.3      21.936
2013   10       23    21  14    2.03   391.1    6.3      21.916
2013   10       23    21  24    2.03   391.0    6.3      21.895
2013   10       23    21  33    2.03   390.9    6.3      21.875
2013   10       23    21  43    2.03   390.7    6.3      21.855
2013   10       23    21  53    2.03   390.6    6.3      21.834
2013   10       23    22   2    2.03   390.5    6.3      21.814
2013   10       23    22  12    2.02   390.3    6.3      21.793
2013   10       23    22  22    2.02   390.2    6.3      21.773
2013   10       23    22  31    2.02   390.1    6.3      21.752
2013   10       23    22  41    2.02   389.9    6.3      21.732
2013   10       23    22  50    2.02   389.8    6.3      21.711
2013   10       23    23   0    2.02   389.7    6.3      21.691
2013   10       23    23  10    2.02   389.5    6.3      21.670
2013   10       23    23  19    2.02   389.4    6.3      21.650
2013   10       23    23  29    2.01   389.2    6.3      21.630
2013   10       23    23  38    2.01   389.1    6.3      21.609
2013   10       23    23  48    2.01   389.0    6.3      21.589
2013   10       23    23  58    2.01   388.8    6.3      21.569
2013   10       24     0   7    2.01   388.7    6.3      21.549
2013   10       24     0  17    2.01   388.6    6.3      21.529
2013   10       24     0  26    2.01   388.4    6.3      21.509
2013   10       24     0  36    2.00   388.3    6.3      21.489
2013   10       24     0  45    2.00   388.1    6.3      21.469
2013   10       24     0  55    2.00   388.0    6.3      21.450
2013   10       24     1   5    2.00   387.9    6.3      21.430
2013   10       24     1  14    2.00   387.7    6.3      21.410
2013   10       24     1  24    2.00   387.6    6.2      21.391
2013   10       24     1  33    2.00   387.5    6.2      21.371
2013   10       24     1  43    1.99   387.3    6.2      21.352
2013   10       24     1  52    1.99   387.2    6.2      21.333
2013   10       24     2   2    1.99   387.0    6.2      21.313
2013   10       24     2  12    1.99   386.9    6.2      21.294
2013   10       24     2  21    1.99   386.8    6.2      21.274
2013   10       24     2  31    1.99   386.6    6.2      21.255
2013   10       24     2  40    1.99   386.5    6.2      21.235
2013   10       24     2  50    1.98   386.3    6.2      21.215
2013   10       24     2  59    1.98   386.2    6.2      21.196
2013   10       24     3   9    1.98   386.0    6.2      21.176
2013   10       24     3  18    1.98   385.9    6.2      21.156
2013   10       24     3  28    1.98   385.8    6.2      21.136
2013   10       24     3  35    1.98   385.6    6.2      21.123
2013   10       24     3  42    1.98   385.5    6.2      21.110
2013   10       24     3  49    1.97   385.4    6.2      21.098
2013   10       24     3  55    1.97   385.3    6.2      21.087
2013   10       24     4   2    1.97   385.2    6.2      21.076
2013   10       24     4   8    1.97   385.1    6.2      21.065
2013   10       24     4  15    1.97   385.0    6.2      21.054
2013   10       24     4  21    1.97   384.9    6.2      21.043
2013   10       24     4  27    1.97   384.8    6.2      21.032
2013   10       24     4  34    1.97   384.7    6.2      21.021
2013   10       24     4  40    1.97   384.6    6.2      21.010
2013   10       24     4  47    1.97   384.5    6.2      20.999
2013   10       24     4  53    1.96   384.4    6.2      20.988
2013   10       24     4  59    1.96   384.3    6.2      20.977
2013   10       24     5   6    1.96   384.2    6.2      20.967
2013   10       24     5  12    1.96   384.1    6.2      20.956
2013   10       24     5  18    1.96   384.0    6.2      20.945
2013   10       24     5  25    1.96   383.9    6.2      20.934
2013   10       24     5  31    1.96   383.8    6.2      20.924
2013   10       24     5  37    1.96   383.7    6.2      20.913
2013   10       24     5  44    1.96   383.6    6.2      20.902
2013   10       24     5  50    1.96   383.5    6.2      20.891
2013   10       24     5  56    1.96   383.4    6.2      20.881
2013   10       24     6   3    1.95   383.3    6.2      20.870
2013   10       24     6   9    1.95   383.2    6.2      20.859
2013   10       24     6  15    1.95   383.1    6.2      20.848
2013   10       24     6  21    1.95   383.0    6.2      20.838
2013   10       24     6  28    1.95   382.9    6.2      20.827
2013   10       24     6  34    1.95   382.8    6.2      20.816
2013   10       24     6  40    1.95   382.7    6.2      20.805
2013   10       24     6  47    1.95   382.6    6.2      20.794
2013   10       24     6  53    1.95   382.5    6.2      20.783
2013   10       24     6  59    1.94   382.4    6.2      20.772
2013   10       24     7   6    1.94   382.3    6.2      20.761
2013   10       24     7  12    1.94   382.2    6.2      20.750
2013   10       24     7  18    1.94   382.1    6.2      20.738
2013   10       24     7  24    1.94   382.0    6.2      20.727
2013   10       24     7  31    1.94   381.9    6.2      20.715
2013   10       24     7  37    1.94   381.8    6.2      20.704
2013   10       24     7  43    1.94   381.7    6.2      20.692
2013   10       24     7  50    1.94   381.6    6.2      20.681
2013   10       24     7  56    1.93   381.4    6.2      20.669
2013   10       24     8   2    1.93   381.3    6.2      20.657
2013   10       24     8   9    1.93   381.2    6.2      20.645
2013   10       24     8  15    1.93   381.1    6.2      20.633
2013   10       24     8  21    1.93   381.0    6.2      20.621
2013   10       24     8  28    1.93   380.9    6.2      20.609
2013   10       24     8  34    1.93   380.8    6.2      20.597
2013   10       24     8  40    1.93   380.7    6.2      20.585
2013   10       24     8  47    1.93   380.6    6.2      20.573
2013   10       24     8  53    1.92   380.5    6.2      20.561
2013   10       24     8  59    1.92   380.4    6.2      20.548
2013   10       24     9   6    1.92   380.2    6.2      20.536
2013   10       24     9  12    1.92   380.1    6.2      20.524
2013   10       24     9  18    1.92   380.0    6.2      20.512
2013   10       24     9  25    1.92   379.9    6.2      20.499
2013   10       24     9  31    1.92   379.8    6.2      20.487
2013   10       24     9  37    1.92   379.7    6.2      20.474
2013   10       24     9  44    1.91   379.6    6.2      20.462
2013   10       24     9  50    1.91   379.5    6.2      20.449
2013   10       24     9  56    1.91   379.4    6.2      20.437
2013   10       24    10   3    1.91   379.2    6.2      20.424
2013   10       24    10   9    1.91   379.1    6.2      20.412
2013   10       24    10  15    1.91   379.0    6.2      20.399
2013   10       24    10  22    1.91   378.9    6.2      20.386
2013   10       24    10  28    1.91   378.8    6.2      20.373
2013   10       24    10  35    1.90   378.7    6.2      20.360
2013   10       24    10  41    1.90   378.5    6.2      20.347
2013   10       24    10  48    1.90   378.4    6.2      20.334
2013   10       24    10  54    1.90   378.3    6.2      20.321
2013   10       24    11   1    1.90   378.2    6.2      20.307
2013   10       24    11   7    1.90   378.1    6.2      20.294
2013   10       24    11  14    1.90   378.0    6.2      20.281
2013   10       24    11  21    1.90   377.8    6.2      20.268
2013   10       24    11  27    1.89   377.7    6.2      20.254
2013   10       24    11  34    1.89   377.6    6.2      20.241
2013   10       24    11  41    1.89   377.5    6.2      20.228
2013   10       24    11  47    1.89   377.3    6.2      20.214
2013   10       24    11  54    1.89   377.2    6.2      20.201
2013   10       24    12   1    1.89   377.1    6.2      20.187
2013   10       24    12   7    1.89   377.0    6.2      20.174
2013   10       24    12  14    1.89   376.8    6.2      20.160
2013   10       24    12  21    1.88   376.7    6.2      20.147
2013   10       24    12  28    1.88   376.6    6.2      20.133
2013   10       24    12  35    1.88   376.5    6.2      20.120
2013   10       24    12  41    1.88   376.3    6.2      20.106
2013   10       24    12  48    1.88   376.2    6.2      20.092
2013   10       24    12  55    1.88   376.1    6.2      20.079
2013   10       24    13   2    1.88   376.0    6.2      20.065
2013   10       24    13   9    1.88   375.8    6.2      20.051
2013   10       24    13  16    1.87   375.7    6.2      20.037
2013   10       24    13  23    1.87   375.6    6.2      20.023
2013   10       24    13  30    1.87   375.4    6.2      20.009
2013   10       24    13  37    1.87   375.3    6.2      19.995
2013   10       24    13  44    1.87   375.2    6.2      19.981
2013   10       24    13  51    1.87   375.0    6.2      19.966
2013   10       24    13  58    1.87   374.9    6.2      19.952
2013   10       24    14   6    1.86   374.8    6.2      19.937
2013   10       24    14  13    1.86   374.6    6.2      19.923
2013   10       24    14  20    1.86   374.5    6.2      19.908
2013   10       24    14  28    1.86   374.3    6.2      19.892
2013   10       24    14  35    1.86   374.2    6.2      19.877
2013   10       24    14  42    1.86   374.1    6.2      19.861
2013   10       24    14  50    1.86   373.9    6.2      19.845
2013   10       24    14  57    1.85   373.8    6.2      19.829
2013   10       24    15   5    1.85   373.6    6.2      19.813
2013   10       24    15  12    1.85   373.5    6.2      19.796
2013   10       24    15  20    1.85   373.3    6.2      19.779
2013   10       24    15  28    1.85   373.2    6.2      19.762
2013   10       24    15  35    1.85   373.0    6.2      19.745
2013   10       24    15  43    1.84   372.9    6.2      19.727
2013   10       24    15  51    1.84   372.7    6.2      19.709
2013   10       24    15  59    1.84   372.6    6.2      19.691
2013   10       24    16   7    1.84   372.4    6.2      19.673
2013   10       24    16  15    1.84   372.2    6.2      19.654
2013   10       24    16  23    1.84   372.1    6.2      19.635
2013   10       24    16  31    1.83   371.9    6.2      19.616
2013   10       24    16  39    1.83   371.8    6.2      19.596
2013   10       24    16  47    1.83   371.6    6.2      19.577
2013   10       24    16  55    1.83   371.4    6.2      19.557
2013   10       24    17   4    1.83   371.3    6.2      19.537
2013   10       24    17  12    1.83   371.1    6.2      19.516
2013   10       24    17  20    1.82   370.9    6.2      19.496
2013   10       24    17  29    1.82   370.8    6.2      19.475
2013   10       24    17  37    1.82   370.6    6.2      19.454
2013   10       24    17  45    1.82   370.4    6.2      19.433
2013   10       24    17  54    1.82   370.3    6.2      19.411
2013   10       24    18   2    1.82   370.1    6.2      19.390
2013   10       24    18  11    1.81   369.9    6.2      19.368
2013   10       24    18  19    1.81   369.7    6.2      19.346
2013   10       24    18  28    1.81   369.6    6.2      19.324
2013   10       24    18  36    1.81   369.4    6.2      19.302
2013   10       24    18  45    1.81   369.2    6.1      19.279
2013   10       24    18  53    1.81   369.0    6.1      19.257
2013   10       24    19   2    1.80   368.8    6.1      19.234
2013   10       24    19  11    1.80   368.7    6.1      19.211
2013   10       24    19  20    1.80   368.5    6.1      19.188
2013   10       24    19  28    1.80   368.3    6.1      19.165
2013   10       24    19  37    1.80   368.1    6.1      19.141
2013   10       24    19  46    1.79   367.9    6.1      19.118
2013   10       24    19  55    1.79   367.7    6.1      19.094
2013   10       24    20   3    1.79   367.6    6.1      19.071
2013   10       24    20  12    1.79   367.4    6.1      19.047
2013   10       24    20  21    1.79   367.2    6.1      19.023
2013   10       24    20  30    1.79   367.0    6.1      18.999
2013   10       24    20  39    1.78   366.8    6.1      18.976
2013   10       24    20  48    1.78   366.6    6.1      18.952
2013   10       24    20  56    1.78   366.4    6.1      18.928
2013   10       24    21   5    1.78   366.2    6.1      18.904
2013   10       24    21  14    1.78   366.0    6.1      18.880
2013   10       24    21  23    1.77   365.8    6.1      18.856
2013   10       24    21  32    1.77   365.6    6.1      18.832
2013   10       24    21  41    1.77   365.4    6.1      18.808
2013   10       24    21  50    1.77   365.2    6.1      18.784
2013   10       24    21  59    1.77   365.1    6.1      18.760
2013   10       24    22   8    1.77   364.9    6.1      18.736
2013   10       24    22  17    1.76   364.7    6.1      18.712
2013   10       24    22  26    1.76   364.5    6.1      18.688
2013   10       24    22  35    1.76   364.2    6.1      18.664
2013   10       24    22  44    1.76   364.0    6.1      18.640
2013   10       24    22  53    1.76   363.8    6.1      18.615
2013   10       24    23   2    1.75   363.6    6.1      18.591
2013   10       24    23  12    1.75   363.4    6.1      18.567
2013   10       24    23  21    1.75   363.2    6.1      18.542
2013   10       24    23  30    1.75   363.0    6.1      18.518
2013   10       24    23  39    1.75   362.8    6.1      18.493
2013   10       24    23  48    1.74   362.6    6.1      18.469
2013   10       24    23  57    1.74   362.4    6.1      18.444
2013   10       25     0   6    1.74   362.2    6.1      18.419
2013   10       25     0  16    1.74   362.0    6.1      18.395
2013   10       25     0  25    1.74   361.7    6.1      18.370
2013   10       25     0  34    1.74   361.5    6.1      18.345
2013   10       25     0  43    1.73   361.3    6.1      18.320
2013   10       25     0  53    1.73   361.1    6.1      18.296
2013   10       25     1   2    1.73   360.9    6.1      18.271
2013   10       25     1  11    1.73   360.7    6.1      18.246
2013   10       25     1  20    1.73   360.5    6.1      18.221
2013   10       25     1  30    1.73   360.2    6.1      18.196
2013   10       25     1  39    1.72   360.0    6.1      18.171
2013   10       25     1  48    1.72   359.8    6.1      18.146
2013   10       25     1  58    1.72   359.6    6.1      18.121
2013   10       25     2   7    1.72   359.4    6.1      18.095
2013   10       25     2  16    1.72   359.1    6.1      18.070
2013   10       25     2  26    1.71   358.9    6.1      18.044
2013   10       25     2  35    1.71   358.7    6.1      18.018
2013   10       25     2  45    1.71   358.5    6.1      17.992
2013   10       25     2  54    1.71   358.3    6.1      17.966
2013   10       25     3   3    1.71   358.0    6.1      17.940
2013   10       25     3  13    1.71   357.8    6.1      17.913
2013   10       25     3  22    1.70   357.6    6.1      17.887
2013   10       25     3  32    1.70   357.4    6.1      17.860
2013   10       25     3  41    1.70   357.1    6.1      17.833
2013   10       25     3  51    1.70   356.9    6.1      17.806
2013   10       25     4   0    1.70   356.7    6.1      17.778
2013   10       25     4  10    1.70   356.4    6.1      17.751
2013   10       25     4  19    1.69   356.2    6.1      17.723
2013   10       25     4  29    1.69   356.0    6.1      17.696
2013   10       25     4  38    1.69   355.8    6.1      17.668
2013   10       25     4  48    1.69   355.5    6.1      17.640
2013   10       25     4  57    1.69   355.3    6.1      17.612
2013   10       25     5   7    1.69   355.1    6.1      17.585
2013   10       25     5  16    1.68   354.8    6.1      17.557
2013   10       25     5  26    1.68   354.6    6.1      17.529
2013   10       25     5  35    1.68   354.4    6.1      17.501
2013   10       25     5  45    1.68   354.1    6.1      17.473
2013   10       25     5  54    1.68   353.9    6.1      17.446
2013   10       25     6   4    1.68   353.7    6.1      17.418
2013   10       25     6  13    1.67   353.4    6.1      17.391
2013   10       25     6  23    1.67   353.2    6.1      17.363
2013   10       25     6  32    1.67   353.0    6.1      17.336
2013   10       25     6  42    1.67   352.7    6.1      17.309
2013   10       25     6  51    1.67   352.5    6.1      17.282
2013   10       25     7   1    1.67   352.3    6.1      17.255
2013   10       25     7  10    1.66   352.0    6.1      17.228
2013   10       25     7  19    1.66   351.8    6.1      17.201
2013   10       25     7  29    1.66   351.6    6.1      17.174
2013   10       25     7  38    1.66   351.3    6.1      17.147
2013   10       25     7  48    1.66   351.1    6.1      17.120
2013   10       25     7  57    1.66   350.9    6.1      17.093
2013   10       25     8   7    1.66   350.6    6.1      17.066
2013   10       25     8  16    1.65   350.4    6.1      17.040
2013   10       25     8  26    1.65   350.2    6.1      17.013
2013   10       25     8  35    1.65   349.9    6.1      16.986
2013   10       25     8  45    1.65   349.7    6.1      16.959
2013   10       25     8  55    1.65   349.4    6.1      16.933
2013   10       25     9   4    1.65   349.2    6.1      16.906
2013   10       25     9  14    1.65   348.9    6.1      16.879
2013   10       25     9  23    1.64   348.7    6.1      16.853
2013   10       25     9  33    1.64   348.5    6.1      16.826
2013   10       25     9  43    1.64   348.2    6.1      16.799
2013   10       25     9  52    1.64   348.0    6.1      16.773
2013   10       25    10   2    1.64   347.7    6.1      16.746
2013   10       25    10  11    1.64   347.5    6.1      16.720
2013   10       25    10  21    1.64   347.2    6.1      16.693
2013   10       25    10  31    1.63   347.0    6.1      16.667
2013   10       25    10  40    1.63   346.7    6.1      16.641
2013   10       25    10  50    1.63   346.5    6.1      16.615
2013   10       25    10  59    1.63   346.2    6.1      16.589
2013   10       25    11   9    1.63   346.0    6.1      16.564
2013   10       25    11  18    1.63   345.7    6.1      16.538
2013   10       25    11  28    1.63   345.5    6.1      16.513
2013   10       25    11  38    1.63   345.2    6.1      16.487
2013   10       25    11  47    1.62   345.0    6.1      16.462
2013   10       25    11  57    1.62   344.8    6.1      16.437
2013   10       25    12   6    1.62   344.5    6.1      16.413
2013   10       25    12  16    1.62   344.3    6.1      16.388
2013   10       25    12  25    1.62   344.0    6.1      16.363
2013   10       25    12  35    1.62   343.8    6.2      16.339
2013   10       25    12  44    1.62   343.5    6.2      16.314
2013   10       25    12  54    1.62   343.3    6.2      16.290
2013   10       25    13   3    1.62   343.0    6.2      16.266
2013   10       25    13  13    1.61   342.8    6.2      16.242
2013   10       25    13  22    1.61   342.6    6.2      16.217
2013   10       25    13  32    1.61   342.3    6.2      16.193
2013   10       25    13  41    1.61   342.1    6.2      16.169
2013   10       25    13  51    1.61   341.8    6.2      16.145
2013   10       25    14   0    1.61   341.6    6.2      16.121
2013   10       25    14   9    1.61   341.3    6.2      16.097
2013   10       25    14  19    1.61   341.1    6.2      16.073
2013   10       25    14  28    1.61   340.8    6.2      16.048
2013   10       25    14  38    1.60   340.6    6.2      16.024
2013   10       25    14  47    1.60   340.4    6.2      15.999
2013   10       25    14  57    1.60   340.1    6.2      15.975
2013   10       25    15   6    1.60   339.9    6.2      15.950
2013   10       25    15  16    1.60   339.6    6.2      15.925
2013   10       25    15  25    1.60   339.4    6.2      15.900
2013   10       25    15  35    1.60   339.1    6.2      15.875
2013   10       25    15  44    1.60   338.9    6.2      15.850
2013   10       25    15  54    1.60   338.6    6.2      15.825
2013   10       25    16   3    1.60   338.4    6.2      15.799
2013   10       25    16  13    1.59   338.1    6.2      15.774
2013   10       25    16  23    1.59   337.8    6.2      15.748
2013   10       25    16  32    1.59   337.6    6.2      15.722
2013   10       25    16  42    1.59   337.3    6.2      15.697
2013   10       25    16  51    1.59   337.1    6.2      15.671
2013   10       25    17   1    1.59   336.8    6.2      15.645
2013   10       25    17  10    1.59   336.6    6.2      15.620
2013   10       25    17  20    1.59   336.3    6.2      15.594
2013   10       25    17  30    1.59   336.1    6.2      15.569
2013   10       25    17  39    1.59   335.8    6.2      15.544
2013   10       25    17  49    1.59   335.6    6.2      15.519
2013   10       25    17  58    1.58   335.3    6.2      15.494
2013   10       25    18   8    1.58   335.0    6.2      15.470
2013   10       25    18  18    1.58   334.8    6.2      15.445
2013   10       25    18  27    1.58   334.5    6.2      15.421
2013   10       25    18  37    1.58   334.3    6.2      15.396
2013   10       25    18  46    1.58   334.0    6.2      15.372
2013   10       25    18  56    1.58   333.8    6.2      15.348
2013   10       25    19   5    1.58   333.5    6.2      15.325
2013   10       25    19  15    1.58   333.2    6.2      15.301
2013   10       25    19  24    1.58   333.0    6.2      15.278
2013   10       25    19  34    1.58   332.7    6.2      15.254
2013   10       25    19  43    1.58   332.5    6.2      15.232
2013   10       25    19  53    1.58   332.2    6.2      15.209
2013   10       25    20   3    1.57   332.0    6.2      15.186
2013   10       25    20  12    1.57   331.7    6.2      15.164
2013   10       25    20  22    1.57   331.4    6.2      15.141
2013   10       25    20  31    1.57   331.2    6.3      15.119
2013   10       25    20  40    1.57   330.9    6.3      15.098
2013   10       25    20  50    1.57   330.7    6.3      15.076
2013   10       25    20  59    1.57   330.4    6.3      15.055
2013   10       25    21   9    1.57   330.1    6.3      15.034
2013   10       25    21  18    1.57   329.9    6.3      15.013
2013   10       25    21  28    1.57   329.6    6.3      14.992
2013   10       25    21  37    1.57   329.4    6.3      14.972
2013   10       25    21  47    1.57   329.1    6.3      14.951
2013   10       25    21  56    1.57   328.8    6.3      14.932
2013   10       25    22   6    1.57   328.6    6.3      14.912
2013   10       25    22  15    1.57   328.3    6.3      14.892
2013   10       25    22  24    1.57   328.1    6.3      14.872
2013   10       25    22  34    1.57   327.8    6.3      14.853
2013   10       25    22  43    1.57   327.5    6.3      14.834
2013   10       25    22  53    1.57   327.3    6.3      14.815
2013   10       25    23   3    1.57   327.0    6.3      14.796
2013   10       25    23  12    1.56   326.7    6.3      14.778
2013   10       25    23  22    1.56   326.5    6.3      14.759
2013   10       25    23  31    1.56   326.2    6.3      14.741
2013   10       25    23  41    1.56   325.9    6.4      14.723
2013   10       25    23  50    1.56   325.7    6.4      14.705
2013   10       26     0   0    1.56   325.4    6.4      14.687
2013   10       26     0  10    1.56   325.2    6.4      14.669
2013   10       26     0  19    1.56   324.9    6.4      14.651
2013   10       26     0  29    1.56   324.6    6.4      14.633
2013   10       26     0  38    1.56   324.4    6.4      14.615
2013   10       26     0  48    1.56   324.1    6.4      14.598
2013   10       26     0  58    1.56   323.8    6.4      14.580
2013   10       26     1   7    1.56   323.6    6.4      14.563
2013   10       26     1  17    1.56   323.3    6.4      14.545
2013   10       26     1  26    1.56   323.0    6.4      14.528
2013   10       26     1  36    1.56   322.8    6.4      14.510
2013   10       26     1  45    1.56   322.5    6.4      14.493
2013   10       26     1  55    1.56   322.2    6.4      14.475
2013   10       26     2   5    1.56   322.0    6.5      14.458
2013   10       26     2  14    1.56   321.7    6.5      14.440
2013   10       26     2  24    1.57   321.5    6.5      14.422
2013   10       26     2  33    1.57   321.2    6.5      14.405
2013   10       26     2  43    1.57   320.9    6.5      14.387
2013   10       26     2  52    1.57   320.6    6.5      14.370
2013   10       26     3   2    1.57   320.4    6.5      14.352
2013   10       26     3  11    1.57   320.1    6.5      14.335
2013   10       26     3  21    1.57   319.8    6.5      14.318
2013   10       26     3  30    1.57   319.6    6.5      14.301
2013   10       26     3  40    1.57   319.3    6.5      14.284
2013   10       26     3  49    1.57   319.0    6.5      14.267
2013   10       26     3  59    1.57   318.8    6.5      14.251
2013   10       26     4   8    1.57   318.5    6.6      14.234
2013   10       26     4  18    1.57   318.2    6.6      14.218
2013   10       26     4  27    1.57   318.0    6.6      14.203
2013   10       26     4  37    1.57   317.7    6.6      14.187
2013   10       26     4  46    1.57   317.4    6.6      14.172
2013   10       26     4  55    1.57   317.2    6.6      14.157
2013   10       26     5   5    1.57   316.9    6.6      14.142
2013   10       26     5  14    1.57   316.6    6.6      14.128
2013   10       26     5  24    1.57   316.4    6.6      14.114
2013   10       26     5  33    1.57   316.1    6.6      14.100
2013   10       26     5  43    1.57   315.8    6.6      14.087
2013   10       26     5  52    1.58   315.6    6.7      14.074
2013   10       26     6   2    1.58   315.3    6.7      14.061
2013   10       26     6  11    1.58   315.0    6.7      14.048
2013   10       26     6  21    1.58   314.8    6.7      14.036
2013   10       26     6  30    1.58   314.5    6.7      14.024
2013   10       26     6  40    1.58   314.3    6.7      14.013
2013   10       26     6  49    1.58   314.0    6.7      14.001
2013   10       26     6  59    1.58   313.7    6.7      13.990
2013   10       26     7   9    1.58   313.5    6.8      13.980
2013   10       26     7  18    1.59   313.2    6.8      13.969
2013   10       26     7  28    1.59   312.9    6.8      13.959
2013   10       26     7  37    1.59   312.7    6.8      13.949
2013   10       26     7  47    1.59   312.4    6.8      13.940
2013   10       26     7  57    1.59   312.2    6.8      13.931
2013   10       26     8   6    1.59   311.9    6.8      13.922
2013   10       26     8  16    1.60   311.6    6.9      13.913
2013   10       26     8  25    1.60   311.4    6.9      13.905
2013   10       26     8  35    1.60   311.1    6.9      13.897
2013   10       26     8  45    1.60   310.9    6.9      13.890
2013   10       26     8  54    1.60   310.6    6.9      13.882
2013   10       26     9   4    1.60   310.4    6.9      13.875
2013   10       26     9  13    1.61   310.1    7.0      13.868
2013   10       26     9  23    1.61   309.9    7.0      13.862
2013   10       26     9  32    1.61   309.6    7.0      13.855
2013   10       26     9  42    1.61   309.4    7.0      13.849
2013   10       26     9  52    1.61   309.1    7.0      13.843
2013   10       26    10   1    1.62   308.9    7.0      13.838
2013   10       26    10  11    1.62   308.6    7.1      13.832
2013   10       26    10  20    1.62   308.4    7.1      13.827
2013   10       26    10  30    1.62   308.1    7.1      13.822
2013   10       26    10  39    1.62   307.9    7.1      13.817
2013   10       26    10  49    1.63   307.6    7.1      13.812
2013   10       26    10  58    1.63   307.4    7.2      13.807
2013   10       26    11   8    1.63   307.2    7.2      13.803
2013   10       26    11  17    1.63   306.9    7.2      13.798
2013   10       26    11  27    1.64   306.7    7.2      13.794
2013   10       26    11  36    1.64   306.5    7.2      13.790
2013   10       26    11  45    1.64   306.2    7.2      13.786
2013   10       26    11  55    1.64   306.0    7.3      13.782
2013   10       26    12   4    1.65   305.7    7.3      13.779
2013   10       26    12  14    1.65   305.5    7.3      13.775
2013   10       26    12  23    1.65   305.3    7.3      13.772
2013   10       26    12  33    1.65   305.1    7.3      13.769
2013   10       26    12  42    1.66   304.8    7.4      13.765
2013   10       26    12  52    1.66   304.6    7.4      13.762
2013   10       26    13   1    1.66   304.4    7.4      13.760
2013   10       26    13  10    1.67   304.1    7.4      13.757
2013   10       26    13  20    1.67   303.9    7.4      13.755
2013   10       26    13  30    1.67   303.7    7.5      13.753
2013   10       26    13  39    1.67   303.4    7.5      13.752
2013   10       26    13  49    1.68   303.2    7.5      13.752
2013   10       26    13  58    1.68   303.0    7.5      13.755
2013   10       26    14   8    1.68   302.8    7.5      13.760
2013   10       26    14  17    1.69   302.6    7.6      13.773
2013   10       26    14  27    1.69   302.4    7.6      13.796
2013   10       26    14  37    1.69   302.2    7.6      13.838
2013   10       26    14  46    1.70   302.0    7.6      13.915
2013   10       26    14  56    1.70   301.9    7.7      14.051
2013   10       26    15   5    1.71   301.8    7.7      14.290
2013   10       26    15  15    1.71   301.9    7.8      14.709
2013   10       26    15  25    1.72   302.1    7.8      15.433
2013   10       26    15  34    1.74   302.6    7.9      16.677
2013   10       26    15  44    1.76   303.7    8.1      18.762
2013   10       26    15  53    1.78   305.5    8.3      22.203
2013   10       26    16   3    1.82   308.4    8.6      27.641
2013   10       26    16  12    1.88   312.8    9.0      35.944
2013   10       26    16  22    1.97   319.0    9.6      47.828
2013   10       26    16  32    2.09   327.5   10.4      64.082
2013   10       26    16  41    2.26   337.9   11.5      84.289
2013   10       26    16  51    2.50   350.0   12.9     108.373
2013   10       26    17   0    2.80   363.4   14.8     134.811
2013   10       26    17  10    3.18   377.0   17.1     161.464
2013   10       26    17  19    3.63   390.2   19.8     186.969
2013   10       26    17  29    4.15   402.3   22.9     210.074
2013   10       26    17  38    4.69   413.0   26.1     230.010
2013   10       26    17  48    5.25   422.4   29.4     246.770
2013   10       26    17  57    5.80   430.2   32.6     260.260
2013   10       26    18   7    6.32   436.7   35.6     270.836
2013   10       26    18  16    6.79   441.9   38.3     278.866
2013   10       26    18  26    7.20   446.0   40.6     284.822
2013   10       26    18  35    7.55   449.3   42.6     288.941
2013   10       26    18  45    7.84   451.7   44.2     291.447
2013   10       26    18  54    8.07   453.3   45.5     292.710
2013   10       26    19   4    8.26   454.5   46.5     293.092
2013   10       26    19  13    8.40   455.2   47.3     292.807
2013   10       26    19  23    8.51   455.6   47.8     292.069
2013   10       26    19  32    8.59   455.8   48.2     291.052
2013   10       26    19  41    8.64   455.8   48.4     289.829
2013   10       26    19  51    8.68   455.6   48.5     288.512
2013   10       26    20   0    8.70   455.4   48.5     287.095
2013   10       26    20  10    8.70   455.1   48.5     285.593
2013   10       26    20  19    8.69   454.8   48.3     283.955
2013   10       26    20  29    8.66   454.4   48.1     282.197
2013   10       26    20  38    8.63   453.9   47.8     280.198
2013   10       26    20  48    8.59   453.3   47.4     277.954
2013   10       26    20  57    8.53   452.5   47.0     275.389
2013   10       26    21   7    8.47   451.6   46.6     272.513
2013   10       26    21  16    8.39   450.6   46.1     269.268
2013   10       26    21  26    8.31   449.4   45.5     265.797
2013   10       26    21  36    8.22   448.1   44.9     262.038
2013   10       26    21  45    8.12   446.7   44.3     258.147
2013   10       26    21  55    8.01   445.3   43.6     254.141
2013   10       26    22   4    7.91   443.8   43.0     250.142
2013   10       26    22  14    7.80   442.4   42.3     246.159
2013   10       26    22  24    7.69   441.0   41.7     242.293
2013   10       26    22  33    7.58   439.7   41.1     238.523
2013   10       26    22  43    7.47   438.4   40.5     234.878
2013   10       26    22  52    7.37   437.2   39.9     231.343
2013   10       26    23   2    7.26   436.0   39.3     227.938
2013   10       26    23  12    7.16   434.9   38.8     224.601
2013   10       26    23  21    7.06   433.8   38.2     221.365
2013   10       26    23  31    6.96   432.7   37.7     218.179
2013   10       26    23  40    6.86   431.7   37.1     215.083
2013   10       26    23  50    6.76   430.7   36.6     212.025
2013   10       26    23  59    6.67   429.7   36.1     209.051
2013   10       27     0   9    6.57   428.7   35.6     206.112
2013   10       27     0  18    6.48   427.7   35.1     203.255
2013   10       27     0  28    6.38   426.8   34.6     200.431
2013   10       27     0  38    6.29   425.8   34.1     197.689
2013   10       27     0  47    6.20   424.9   33.6     194.979
2013   10       27     0  57    6.11   423.9   33.2     192.349
2013   10       27     1   6    6.02   423.0   32.7     189.752
2013   10       27     1  16    5.93   422.1   32.2     187.232
2013   10       27     1  25    5.84   421.2   31.8     184.744
2013   10       27     1  35    5.75   420.4   31.3     182.328
2013   10       27     1  44    5.66   419.5   30.9     179.944
2013   10       27     1  54    5.58   418.6   30.4     177.626
2013   10       27     2   3    5.49   417.8   30.0     175.340
2013   10       27     2  13    5.41   417.0   29.5     173.116
2013   10       27     2  22    5.32   416.2   29.1     170.922
2013   10       27     2  31    5.24   415.4   28.7     168.787
2013   10       27     2  41    5.16   414.6   28.3     166.679
2013   10       27     2  50    5.07   413.8   27.8     164.626
2013   10       27     3   0    4.99   413.0   27.4     162.597
2013   10       27     3   9    4.91   412.3   27.0     160.621
2013   10       27     3  19    4.83   411.5   26.6     158.667
2013   10       27     3  28    4.75   410.8   26.2     156.769
2013   10       27     3  38    4.67   410.0   25.8     154.891
2013   10       27     3  47    4.59   409.3   25.4     153.072
2013   10       27     3  57    4.50   408.6   25.0     151.274
2013   10       27     4   6    4.42   407.9   24.6     149.538
2013   10       27     4  16    4.34   407.2   24.2     147.826
2013   10       27     4  25    4.26   406.5   23.8     146.178
2013   10       27     4  35    4.18   405.8   23.4     144.556
2013   10       27     4  44    4.10   405.1   23.0     142.998
2013   10       27     4  54    4.02   404.4   22.6     141.470
2013   10       27     5   3    3.94   403.7   22.2     140.003
2013   10       27     5  13    3.86   403.0   21.8     138.570
2013   10       27     5  23    3.78   402.3   21.4     137.194
2013   10       27     5  32    3.70   401.6   21.0     135.856
2013   10       27     5  42    3.63   400.9   20.7     134.571
2013   10       27     5  51    3.55   400.2   20.3     133.324
2013   10       27     6   1    3.47   399.5   19.9     132.126
2013   10       27     6  11    3.39   398.9   19.5     130.962
2013   10       27     6  20    3.32   398.2   19.1     129.842
2013   10       27     6  30    3.24   397.5   18.8     128.751
2013   10       27     6  39    3.17   396.9   18.4     127.700
2013   10       27     6  49    3.09   396.2   18.1     126.672
2013   10       27     6  59    3.02   395.6   17.7     125.680
2013   10       27     7   8    2.95   395.0   17.3     124.707
2013   10       27     7  18    2.88   394.3   17.0     123.765
2013   10       27     7  27    2.82   393.7   16.7     122.839
2013   10       27     7  37    2.75   393.1   16.3     121.942
2013   10       27     7  46    2.69   392.5   16.0     121.057
2013   10       27     7  56    2.62   391.9   15.6     120.198
2013   10       27     8   5    2.56   391.3   15.3     119.347
2013   10       27     8  15    2.50   390.7   15.0     118.520
2013   10       27     8  24    2.44   390.2   14.7     117.699
2013   10       27     8  34    2.39   389.6   14.3     116.900
2013   10       27     8  43    2.33   389.1   14.0     116.109
2013   10       27     8  53    2.28   388.5   13.7     115.334
2013   10       27     9   2    2.23   388.0   13.4     114.565
2013   10       27     9  12    2.18   387.5   13.1     113.812
2013   10       27     9  21    2.13   386.9   12.8     113.064
2013   10       27     9  31    2.09   386.4   12.5     112.329
2013   10       27     9  40    2.04   385.9   12.2     111.598
2013   10       27     9  50    2.00   385.4   12.0     110.881
2013   10       27     9  59    1.96   384.9   11.7     110.165
2013   10       27    10   8    1.92   384.4   11.4     109.461
2013   10       27    10  18    1.89   383.9   11.1     108.758
2013   10       27    10  27    1.85   383.4   10.9     108.065
2013   10       27    10  37    1.82   383.0   10.6     107.371
2013   10       27    10  46    1.79   382.5   10.4     106.688
2013   10       27    10  56    1.76   382.0   10.1     106.002
2013   10       27    11   5    1.74   381.5    9.9     105.327
2013   10       27    11  15    1.71   381.1    9.6     104.649
2013   10       27    11  24    1.69   380.6    9.4     103.983
2013   10       27    11  34    1.67   380.1    9.2     103.313
2013   10       27    11  43    1.65   379.7    8.9     102.655
2013   10       27    11  53    1.63   379.2    8.7     101.994
2013   10       27    12   2    1.61   378.8    8.5     101.343
2013   10       27    12  12    1.60   378.3    8.3     100.689
2013   10       27    12  22    1.58   377.9    8.1     100.046
2013   10       27    12  31    1.57   377.4    7.9      99.402
2013   10       27    12  41    1.56   376.9    7.7      98.766
2013   10       27    12  50    1.55   376.5    7.5      98.132
2013   10       27    13   0    1.54   376.1    7.3      97.507
2013   10       27    13  10    1.53   375.6    7.1      96.885
2013   10       27    13  19    1.52   375.2    6.9      96.271
2013   10       27    13  29    1.51   374.7    6.8      95.661
2013   10       27    13  38    1.51   374.3    6.6      95.061
2013   10       27    13  48    1.50   373.8    6.4      94.463
2013   10       27    13  58    1.50   373.4    6.3      93.876
2013   10       27    14   7    1.50   372.9    6.1      93.293
2013   10       27    14  17    1.49   372.5    6.0      92.721
2013   10       27    14  26    1.49   372.0    5.8      92.153
2013   10       27    14  36    1.49   371.6    5.7      91.598
2013   10       27    14  45    1.49   371.1    5.5      91.046
2013   10       27    14  55    1.49   370.7    5.4      90.509
2013   10       27    15   5    1.49   370.2    5.3      89.976
2013   10       27    15  14    1.49   369.8    5.1      89.458
2013   10       27    15  24    1.49   369.3    5.0      88.946
2013   10       27    15  33    1.49   368.8    4.9      88.449
2013   10       27    15  43    1.49   368.4    4.8      87.959
2013   10       27    15  52    1.49   367.9    4.6      87.484
2013   10       27    16   2    1.49   367.4    4.5      87.018
2013   10       27    16  11    1.50   366.9    4.4      86.568
2013   10       27    16  21    1.50   366.5    4.3      86.127
2013   10       27    16  30    1.50   366.0    4.2      85.702
2013   10       27    16  40    1.50   365.5    4.1      85.287
2013   10       27    16  49    1.51   365.0    4.0      84.889
2013   10       27    16  58    1.51   364.5    3.9      84.502
2013   10       27    17   8    1.51   364.0    3.8      84.131
2013   10       27    17  17    1.52   363.5    3.8      83.770
2013   10       27    17  27    1.52   363.0    3.7      83.426
2013   10       27    17  36    1.52   362.5    3.6      83.092
2013   10       27    17  46    1.53   362.0    3.5      82.774
2013   10       27    17  55    1.53   361.5    3.4      82.466
2013   10       27    18   4    1.53   360.9    3.4      82.173
2013   10       27    18  14    1.54   360.4    3.3      81.889
2013   10       27    18  23    1.54   359.9    3.2      81.621
2013   10       27    18  33    1.55   359.4    3.1      81.362
2013   10       27    18  42    1.55   358.8    3.1      81.118
2013   10       27    18  52    1.56   358.3    3.0      80.882
2013   10       27    19   1    1.57   357.8    2.9      80.660
2013   10       27    19  11    1.57   357.2    2.9      80.446
2013   10       27    19  21    1.58   356.7    2.8      80.245
2013   10       27    19  30    1.59   356.2    2.8      80.051
2013   10       27    19  40    1.59   355.7    2.7      79.868
2013   10       27    19  49    1.60   355.1    2.6      79.691
2013   10       27    19  59    1.61   354.6    2.6      79.524
2013   10       27    20   9    1.62   354.1    2.5      79.363
2013   10       27    20  18    1.63   353.6    2.5      79.210
2013   10       27    20  28    1.64   353.1    2.4      79.062
2013   10       27    20  37    1.65   352.6    2.4      78.920
2013   10       27    20  47    1.66   352.1    2.3      78.782
2013   10       27    20  57    1.67   351.6    2.3      78.649
2013   10       27    21   6    1.69   351.2    2.2      78.518
2013   10       27    21  16    1.70   350.7    2.2      78.391
2013   10       27    21  25    1.71   350.3    2.1      78.265
2013   10       27    21  35    1.73   349.8    2.1      78.143
2013   10       27    21  45    1.74   349.4    2.0      78.022
2013   10       27    21  54    1.76   349.0    2.0      77.903
2013   10       27    22   4    1.78   348.7    2.0      77.785
2013   10       27    22  13    1.79   348.3    1.9      77.669
2013   10       27    22  23    1.81   348.0    1.9      77.552
2013   10       27    22  32    1.83   347.6    1.8      77.436
2013   10       27    22  42    1.85   347.3    1.8      77.315
2013   10       27    22  51    1.87   347.0    1.7      77.192
2013   10       27    23   1    1.90   346.8    1.7      77.060
2013   10       27    23  10    1.92   346.5    1.7      76.917
2013   10       27    23  20    1.95   346.3    1.6      76.754
2013   10       27    23  29    1.97   346.1    1.6      76.569
2013   10       27    23  39    2.00   346.0    1.5      76.351
2013   10       27    23  48    2.02   345.9    1.5      76.097
2013   10       27    23  58    2.05   345.8    1.5      75.793
2013   10       28     0   7    2.08   345.7    1.4      75.435
2013   10       28     0  17    2.11   345.7    1.4      75.009
2013   10       28     0  26    2.14   345.7    1.3      74.511
2013   10       28     0  35    2.17   345.7    1.3      73.916
2013   10       28     0  45    2.20   345.7    1.3      73.220
2013   10       28     0  54    2.22   345.8    1.2      72.405
2013   10       28     1   4    2.25   346.0    1.2      71.483
2013   10       28     1  13    2.28   346.2    1.2      70.437
2013   10       28     1  23    2.31   346.4    1.1      69.287
2013   10       28     1  32    2.34   346.8    1.1      68.012
2013   10       28     1  42    2.36   347.1    1.1      66.636
2013   10       28     1  51    2.39   347.5    1.0      65.126
2013   10       28     2   1    2.41   348.0    1.0      63.520
2013   10       28     2  10    2.44   348.5    1.0      61.787
2013   10       28     2  20    2.46   349.1    1.0      59.967
2013   10       28     2  29    2.48   349.7    1.0      58.029
2013   10       28     2  39    2.50   350.4    1.0      56.035
2013   10       28     2  48    2.52   351.1    1.0      53.950
2013   10       28     2  58    2.54   351.9    1.0      51.822
2013   10       28     3   8    2.55   352.7    1.0      49.622
2013   10       28     3  17    2.57   353.5    1.0      47.393
2013   10       28     3  27    2.58   354.3    1.0      45.126
2013   10       28     3  36    2.59   355.2    1.0      42.862
2013   10       28     3  46    2.61   356.0    1.0      40.594
2013   10       28     3  56    2.62   356.9    1.0      38.358
2013   10       28     4   5    2.62   357.8    1.0      36.141
2013   10       28     4  15    2.63   358.6    1.0      33.992
2013   10       28     4  24    2.64   359.4    1.0      31.896
2013   10       28     4  34    2.64   360.2    1.0      29.889
2013   10       28     4  44    2.65   361.0    1.0      27.954
2013   10       28     4  53    2.65   361.7    1.0      26.126
2013   10       28     5   3    2.66   362.4    1.0      24.386
2013   10       28     5  12    2.66   363.0    1.0      22.767
2013   10       28     5  22    2.66   363.5    1.0      21.245
2013   10       28     5  31    2.66   364.0    1.0      19.848
2013   10       28     5  41    2.66   364.5    1.0      18.552
2013   10       28     5  50    2.66   364.9    1.0      17.376
2013   10       28     6   0    2.66   365.3    1.0      16.297
2013   10       28     6   9    2.66   365.6    1.0      15.329
2013   10       28     6  19    2.65   365.9    1.0      14.450
2013   10       28     6  28    2.65   366.2    1.0      13.669
2013   10       28     6  38    2.65   366.5    1.0      12.965
2013   10       28     6  47    2.64   366.8    1.0      12.341
2013   10       28     6  57    2.64   367.1    1.0      11.781
2013   10       28     7   6    2.63   367.4    1.0      11.286
2013   10       28     7  16    2.62   367.7    1.0      10.841
2013   10       28     7  25    2.62   368.0    1.0      10.445
2013   10       28     7  35    2.61   368.4    1.0      10.088
2013   10       28     7  44    2.60   368.7    1.0       9.768
2013   10       28     7  54    2.59   369.0    1.0       9.474
2013   10       28     8   3    2.58   369.4    1.0       9.206
2013   10       28     8  12    2.57   369.7    1.0       8.957
2013   10       28     8  22    2.56   370.1    1.0       8.727
2013   10       28     8  31    2.55   370.5    1.0       8.508
2013   10       28     8  41    2.53   370.8    1.0       8.303
2013   10       28     8  50    2.52   371.2    1.0       8.105
2013   10       28     9   0    2.50   371.5    1.0       7.918
2013   10       28     9   9    2.49   371.8    1.0       7.738
2013   10       28     9  19    2.47   372.1    1.0       7.567
2013   10       28     9  28    2.45   372.3    1.0       7.403
2013   10       28     9  38    2.43   372.5    1.0       7.249
2013   10       28     9  47    2.41   372.7    1.0       7.103
2013   10       28     9  57    2.39   372.8    1.0       6.967
2013   10       28    10   7    2.37   373.0    1.0       6.841
2013   10       28    10  16    2.35   373.1    1.0       6.726
2013   10       28    10  26    2.33   373.1    1.0       6.622
2013   10       28    10  35    2.31   373.2    1.0       6.530
2013   10       28    10  45    2.30   373.2    1.0       6.449
2013   10       28    10  55    2.28   373.2    1.0       6.382
2013   10       28    11   4    2.26   373.2    1.0       6.325
2013   10       28    11  14    2.24   373.2    1.0       6.281
2013   10       28    11  23    2.22   373.1    1.0       6.249
2013   10       28    11  33    2.21   373.0    1.0       6.227
2013   10       28    11  43    2.19   372.9    1.0       6.215
2013   10       28    11  52    2.18   372.8    1.0       6.213
2013   10       28    12   2    2.16   372.6    1.0       6.219
2013   10       28    12  11    2.15   372.5    1.0       6.234
2013   10       28    12  21    2.14   372.3    1.0       6.256
2013   10       28    12  30    2.12   372.1    1.0       6.284
2013   10       28    12  40    2.11   371.8    1.1       6.317
2013   10       28    12  49    2.10   371.6    1.1       6.355
2013   10       28    12  59    2.09   371.4    1.1       6.397
2013   10       28    13   8    2.08   371.1    1.1       6.442
2013   10       28    13  18    2.07   370.9    1.1       6.489
2013   10       28    13  28    2.07   370.6    1.1       6.538
2013   10       28    13  37    2.06   370.3    1.2       6.587
2013   10       28    13  47    2.05   370.0    1.2       6.636
2013   10       28    13  56    2.05   369.7    1.2       6.686
2013   10       28    14   6    2.04   369.4    1.2       6.734
2013   10       28    14  15    2.03   369.1    1.2       6.781
2013   10       28    14  24    2.03   368.7    1.3       6.827
2013   10       28    14  34    2.03   368.4    1.3       6.871
2013   10       28    14  43    2.02   368.1    1.3       6.914
2013   10       28    14  53    2.02   367.7    1.3       6.954
2013   10       28    15   2    2.01   367.3    1.3       6.993
2013   10       28    15  12    2.01   367.0    1.3       7.030
2013   10       28    15  21    2.01   366.6    1.4       7.065
2013   10       28    15  30    2.00   366.2    1.4       7.099
2013   10       28    15  40    2.00   365.8    1.4       7.131
2013   10       28    15  49    2.00   365.4    1.4       7.162
2013   10       28    15  59    1.99   365.1    1.4       7.192
2013   10       28    16   8    1.99   364.7    1.5       7.221
2013   10       28    16  18    1.99   364.3    1.5       7.249
2013   10       28    16  27    1.99   363.9    1.5       7.277
2013   10       28    16  37    1.99   363.5    1.5       7.304
2013   10       28    16  46    1.98   363.1    1.5       7.332
2013   10       28    16  56    1.98   362.7    1.6       7.359
2013   10       28    17   5    1.98   362.3    1.6       7.387
2013   10       28    17  15    1.98   361.9    1.6       7.415
2013   10       28    17  25    1.98   361.5    1.6       7.443
2013   10       28    17  34    1.98   361.1    1.7       7.472
2013   10       28    17  44    1.98   360.8    1.7       7.502
2013   10       28    17  53    1.98   360.4    1.7       7.532
2013   10       28    18   3    1.97   360.0    1.7       7.563
2013   10       28    18  13    1.97   359.6    1.8       7.594
2013   10       28    18  22    1.97   359.3    1.8       7.627
2013   10       28    18  32    1.97   358.9    1.8       7.660
2013   10       28    18  41    1.97   358.5    1.8       7.694
2013   10       28    18  51    1.97   358.2    1.9       7.728
2013   10       28    19   1    1.97   357.8    1.9       7.763
2013   10       28    19  10    1.97   357.5    1.9       7.799
2013   10       28    19  20    1.97   357.1    1.9       7.835
2013   10       28    19  29    1.97   356.8    2.0       7.872
2013   10       28    19  39    1.97   356.4    2.0       7.909
2013   10       28    19  48    1.97   356.1    2.0       7.947
2013   10       28    19  58    1.97   355.7    2.1       7.985
2013   10       28    20   7    1.97   355.4    2.1       8.024
2013   10       28    20  17    1.97   355.0    2.1       8.062
2013   10       28    20  27    1.97   354.7    2.2       8.101
2013   10       28    20  36    1.96   354.4    2.2       8.141
2013   10       28    20  46    1.96   354.0    2.2       8.180
2013   10       28    20  55    1.96   353.7    2.3       8.219
2013   10       28    21   5    1.96   353.3    2.3       8.259
2013   10       28    21  14    1.96   353.0    2.3       8.298
2013   10       28    21  24    1.96   352.7    2.4       8.338
2013   10       28    21  33    1.96   352.3    2.4       8.377
2013   10       28    21  43    1.96   352.0    2.4       8.417
2013   10       28    21  52    1.96   351.7    2.5       8.456
2013   10       28    22   1    1.96   351.3    2.5       8.496
2013   10       28    22  11    1.96   351.0    2.5       8.535
2013   10       28    22  20    1.97   350.7    2.6       8.574
2013   10       28    22  30    1.97   350.4    2.6       8.613
2013   10       28    22  39    1.97   350.0    2.7       8.652
2013   10       28    22  49    1.97   349.7    2.7       8.692
2013   10       28    22  58    1.97   349.4    2.7       8.730
2013   10       28    23   7    1.97   349.1    2.8       8.770
2013   10       28    23  17    1.97   348.8    2.8       8.809
2013   10       28    23  26    1.97   348.4    2.9       8.848
2013   10       28    23  36    1.97   348.1    2.9       8.887
2013   10       28    23  45    1.97   347.8    2.9       8.927
2013   10       28    23  55    1.97   347.5    3.0       8.966
2013   10       29     0   4    1.97   347.2    3.0       9.006
2013   10       29     0  14    1.97   346.9    3.1       9.046
2013   10       29     0  24    1.97   346.5    3.1       9.086
2013   10       29     0  33    1.97   346.2    3.1       9.126
2013   10       29     0  43    1.97   345.9    3.2       9.167
2013   10       29     0  52    1.98   345.6    3.2       9.208
2013   10       29     1   2    1.98   345.3    3.3       9.249
2013   10       29     1  11    1.98   345.0    3.3       9.291
2013   10       29     1  21    1.98   344.7    3.4       9.333
2013   10       29     1  31    1.98   344.3    3.4       9.376
2013   10       29     1  40    1.98   344.0    3.5       9.419
2013   10       29     1  50    1.98   343.7    3.5       9.462
2013   10       29     1  59    1.98   343.4    3.6       9.506
2013   10       29     2   9    1.98   343.1    3.6       9.551
2013   10       29     2  19    1.99   342.8    3.6       9.596
2013   10       29     2  28    1.99   342.5    3.7       9.642
2013   10       29     2  38    1.99   342.2    3.7       9.689
2013   10       29     2  47    1.99   341.9    3.8       9.736
2013   10       29     2  57    1.99   341.6    3.8       9.784
2013   10       29     3   6    1.99   341.3    3.9       9.833
2013   10       29     3  16    2.00   341.0    3.9       9.883
2013   10       29     3  26    2.00   340.7    4.0       9.933
2013   10       29     3  35    2.00   340.4    4.0       9.984
2013   10       29     3  45    2.00   340.1    4.1      10.036
2013   10       29     3  54    2.00   339.8    4.1      10.089
2013   10       29     4   4    2.00   339.5    4.2      10.142
2013   10       29     4  13    2.01   339.2    4.2      10.197
2013   10       29     4  23    2.01   338.9    4.3      10.252
2013   10       29     4  32    2.01   338.6    4.3      10.308
2013   10       29     4  42    2.01   338.3    4.4      10.365
2013   10       29     4  51    2.01   338.0    4.4      10.423
2013   10       29     5   1    2.01   337.8    4.5      10.481
2013   10       29     5  10    2.02   337.5    4.5      10.541
2013   10       29     5  19    2.02   337.2    4.6      10.601
2013   10       29     5  29    2.02   336.9    4.6      10.662
2013   10       29     5  38    2.02   336.7    4.7      10.723
2013   10       29     5  48    2.02   336.4    4.7      10.786
2013   10       29     5  57    2.03   336.1    4.8      10.850
2013   10       29     6   7    2.03   335.9    4.8      10.914
2013   10       29     6  16    2.03   335.6    4.9      10.979
2013   10       29     6  25    2.03   335.4    5.0      11.045
2013   10       29     6  35    2.04   335.1    5.0      11.112
2013   10       29     6  44    2.04   334.9    5.1      11.180
2013   10       29     6  54    2.04   334.6    5.1      11.248
2013   10       29     7   3    2.04   334.4    5.2      11.318
2013   10       29     7  13    2.05   334.1    5.3      11.388
2013   10       29     7  22    2.05   333.9    5.3      11.460
2013   10       29     7  32    2.05   333.6    5.4      11.531
2013   10       29     7  41    2.05   333.4    5.4      11.605
2013   10       29     7  51    2.06   333.2    5.5      11.678
2013   10       29     8   1    2.06   332.9    5.6      11.753
2013   10       29     8  10    2.06   332.7    5.6      11.828
2013   10       29     8  20    2.07   332.5    5.7      11.905
2013   10       29     8  29    2.07   332.2    5.8      11.981
2013   10       29     8  39    2.07   332.0    5.8      12.059
2013   10       29     8  49    2.08   331.8    5.9      12.138
2013   10       29     8  58    2.08   331.6    6.0      12.217
2013   10       29     9   8    2.08   331.4    6.0      12.297
2013   10       29     9  17    2.09   331.1    6.1      12.378
2013   10       29     9  27    2.09   330.9    6.2      12.459
2013   10       29     9  37    2.09   330.7    6.2      12.541
2013   10       29     9  46    2.10   330.5    6.3      12.623
2013   10       29     9  56    2.10   330.3    6.4      12.706
2013   10       29    10   5    2.11   330.1    6.4      12.790
2013   10       29    10  15    2.11   329.9    6.5      12.875
2013   10       29    10  24    2.11   329.8    6.6      12.959
2013   10       29    10  34    2.12   329.6    6.7      13.045
2013   10       29    10  43    2.12   329.4    6.7      13.131
2013   10       29    10  53    2.13   329.2    6.8      13.218
2013   10       29    11   3    2.13   329.0    6.9      13.305
2013   10       29    11  12    2.14   328.8    6.9      13.393
2013   10       29    11  22    2.14   328.7    7.0      13.480
2013   10       29    11  31    2.15   328.5    7.1      13.569
2013   10       29    11  41    2.15   328.3    7.2      13.658
2013   10       29    11  50    2.16   328.2    7.2      13.748
2013   10       29    12   0    2.16   328.0    7.3      13.838
2013   10       29    12   9    2.17   327.8    7.4      13.928
2013   10       29    12  19    2.18   327.7    7.5      14.019
2013   10       29    12  28    2.18   327.5    7.5      14.110
2013   10       29    12  38    2.19   327.4    7.6      14.201
2013   10       29    12  47    2.20   327.2    7.7      14.293
2013   10       29    12  56    2.20   327.1    7.7      14.385
2013   10       29    13   6    2.21   326.9    7.8      14.478
2013   10       29    13  15    2.22   326.8    7.9      14.570
2013   10       29    13  25    2.22   326.7    8.0      14.663
2013   10       29    13  34    2.23   326.5    8.0      14.757
2013   10       29    13  44    2.24   326.4    8.1      14.851
2013   10       29    13  53    2.24   326.2    8.2      14.945
2013   10       29    14   2    2.25   326.1    8.3      15.040
2013   10       29    14  12    2.26   326.0    8.3      15.135
2013   10       29    14  21    2.27   325.8    8.4      15.231
2013   10       29    14  31    2.28   325.7    8.5      15.327
2013   10       29    14  40    2.29   325.6    8.6      15.424
2013   10       29    14  50    2.29   325.5    8.6      15.521
2013   10       29    15   0    2.30   325.3    8.7      15.618
2013   10       29    15   9    2.31   325.2    8.8      15.716
2013   10       29    15  19    2.32   325.1    8.9      15.815
2013   10       29    15  28    2.33   325.0    8.9      15.913
2013   10       29    15  38    2.34   324.9    9.0      16.012
2013   10       29    15  47    2.35   324.8    9.1      16.111
2013   10       29    15  57    2.36   324.6    9.2      16.211
2013   10       29    16   7    2.37   324.5    9.2      16.311
2013   10       29    16  16    2.38   324.4    9.3      16.412
2013   10       29    16  26    2.39   324.3    9.4      16.512
2013   10       29    16  36    2.40   324.2    9.5      16.613
2013   10       29    16  45    2.42   324.1    9.5      16.714
2013   10       29    16  55    2.43   324.0    9.6      16.816
2013   10       29    17   4    2.44   323.9    9.7      16.918
2013   10       29    17  14    2.45   323.8    9.8      17.021
2013   10       29    17  23    2.46   323.7    9.9      17.123
2013   10       29    17  33    2.47   323.6    9.9      17.227
2013   10       29    17  43    2.49   323.5   10.0      17.330
2013   10       29    17  52    2.50   323.4   10.1      17.435
2013   10       29    18   2    2.51   323.4   10.2      17.540
2013   10       29    18  11    2.52   323.3   10.2      17.647
2013   10       29    18  21    2.54   323.2   10.3      17.753
2013   10       29    18  30    2.55   323.2   10.4      17.861
2013   10       29    18  40    2.56   323.1   10.5      17.969
2013   10       29    18  49    2.58   323.0   10.5      18.078
2013   10       29    18  59    2.59   323.0   10.6      18.186
2013   10       29    19   8    2.61   322.9   10.7      18.296
2013   10       29    19  18    2.62   322.9   10.8      18.406
2013   10       29    19  27    2.63   322.8   10.8      18.516
2013   10       29    19  37    2.65   322.8   10.9      18.626
2013   10       29    19  46    2.66   322.7   11.0      18.737
2013   10       29    19  56    2.68   322.7   11.1      18.846
2013   10       29    20   5    2.69   322.7   11.2      18.957
2013   10       29    20  15    2.71   322.6   11.2      19.066
2013   10       29    20  24    2.72   322.6   11.3      19.176
2013   10       29    20  33    2.74   322.5   11.4      19.285
2013   10       29    20  43    2.75   322.5   11.5      19.395
2013   10       29    20  52    2.77   322.5   11.5      19.505
2013   10       29    21   2    2.78   322.5   11.6      19.616
2013   10       29    21  11    2.80   322.4   11.7      19.728
2013   10       29    21  21    2.81   322.4   11.8      19.841
2013   10       29    21  30    2.83   322.4   11.9      19.954
2013   10       29    21  40    2.85   322.4   11.9      20.069
2013   10       29    21  49    2.86   322.4   12.0      20.184
2013   10       29    21  59    2.88   322.4   12.1      20.301
2013   10       29    22   8    2.89   322.4   12.2      20.417
2013   10       29    22  18    2.91   322.4   12.3      20.535
2013   10       29    22  27    2.93   322.4   12.3      20.652
2013   10       29    22  37    2.94   322.4   12.4      20.771
2013   10       29    22  46    2.96   322.4   12.5      20.890
2013   10       29    22  56    2.98   322.4   12.6      21.009
2013   10       29    23   6    2.99   322.4   12.6      21.127
2013   10       29    23  15    3.01   322.4   12.7      21.245
2013   10       29    23  25    3.03   322.5   12.8      21.362
2013   10       29    23  34    3.04   322.5   12.9      21.479
2013   10       29    23  44    3.06   322.5   12.9      21.594
2013   10       29    23  54    3.07   322.5   13.0      21.710
2013   10       30     0   3    3.09   322.5   13.1      21.824
2013   10       30     0  13    3.11   322.6   13.1      21.937
2013   10       30     0  22    3.12   322.6   13.2      22.049
2013   10       30     0  32    3.14   322.6   13.3      22.160
2013   10       30     0  42    3.15   322.7   13.3      22.270
2013   10       30     0  51    3.17   322.7   13.4      22.380
2013   10       30     1   1    3.18   322.8   13.4      22.488
2013   10       30     1  10    3.20   322.8   13.5      22.596
2013   10       30     1  20    3.21   322.9   13.6      22.701
2013   10       30     1  29    3.23   322.9   13.6      22.806
2013   10       30     1  39    3.24   323.0   13.7      22.908
2013   10       30     1  48    3.25   323.0   13.7      23.010
2013   10       30     1  58    3.27   323.1   13.8      23.110
2013   10       30     2   7    3.28   323.1   13.8      23.208
2013   10       30     2  17    3.30   323.2   13.9      23.304
2013   10       30     2  26    3.31   323.2   14.0      23.400
2013   10       30     2  36    3.32   323.3   14.0      23.492
2013   10       30     2  45    3.34   323.4   14.1      23.584
2013   10       30     2  55    3.35   323.4   14.1      23.673
2013   10       30     3   4    3.36   323.5   14.2      23.761
2013   10       30     3  14    3.38   323.5   14.2      23.848
2013   10       30     3  23    3.39   323.6   14.3      23.933
2013   10       30     3  33    3.41   323.6   14.3      24.017
2013   10       30     3  42    3.42   323.7   14.4      24.101
2013   10       30     3  51    3.43   323.7   14.4      24.183
2013   10       30     4   1    3.45   323.8   14.5      24.266
2013   10       30     4  10    3.46   323.9   14.5      24.349
2013   10       30     4  20    3.47   323.9   14.6      24.434
2013   10       30     4  29    3.49   324.0   14.6      24.519
2013   10       30     4  39    3.50   324.1   14.7      24.605
2013   10       30     4  48    3.51   324.1   14.8      24.692
2013   10       30     4  58    3.53   324.2   14.8      24.781
2013   10       30     5   7    3.54   324.3   14.9      24.870
2013   10       30     5  17    3.55   324.4   14.9      24.961
2013   10       30     5  26    3.57   324.5   15.0      25.053
2013   10       30     5  36    3.58   324.6   15.1      25.148
2013   10       30     5  45    3.59   324.7   15.1      25.245
2013   10       30     5  55    3.61   324.8   15.2      25.344
2013   10       30     6   5    3.62   325.0   15.2      25.444
2013   10       30     6  14    3.63   325.1   15.3      25.545
2013   10       30     6  24    3.65   325.2   15.3      25.646
2013   10       30     6  33    3.66   325.4   15.4      25.747
2013   10       30     6  43    3.67   325.5   15.4      25.846
2013   10       30     6  53    3.68   325.7   15.5      25.945
2013   10       30     7   2    3.69   325.9   15.5      26.043
2013   10       30     7  12    3.70   326.0   15.6      26.139
2013   10       30     7  21    3.71   326.2   15.6      26.233
2013   10       30     7  31    3.72   326.4   15.7      26.325
2013   10       30     7  41    3.73   326.5   15.7      26.413
2013   10       30     7  50    3.74   326.7   15.7      26.499
2013   10       30     8   0    3.75   326.9   15.8      26.582
2013   10       30     8   9    3.76   327.1   15.8      26.662
2013   10       30     8  19    3.77   327.3   15.8      26.739
2013   10       30     8  28    3.77   327.5   15.9      26.815
2013   10       30     8  38    3.78   327.7   15.9      26.887
2013   10       30     8  48    3.79   327.9   15.9      26.958
2013   10       30     8  57    3.80   328.1   15.9      27.026
2013   10       30     9   7    3.80   328.3   15.9      27.092
2013   10       30     9  16    3.81   328.5   15.9      27.157
2013   10       30     9  26    3.81   328.7   16.0      27.219
2013   10       30     9  35    3.82   328.9   16.0      27.280
2013   10       30     9  45    3.83   329.1   16.0      27.340
2013   10       30     9  54    3.83   329.3   16.0      27.397
2013   10       30    10   4    3.84   329.6   16.0      27.454
2013   10       30    10  13    3.84   329.8   16.0      27.509
2013   10       30    10  23    3.84   330.0   16.0      27.563
2013   10       30    10  32    3.85   330.2   16.0      27.615
2013   10       30    10  41    3.85   330.5   16.0      27.667
2013   10       30    10  51    3.86   330.7   16.0      27.717
2013   10       30    11   0    3.86   330.9   16.0      27.767
2013   10       30    11  10    3.86   331.2   16.0      27.816
2013   10       30    11  19    3.87   331.4   16.0      27.865
2013   10       30    11  28    3.87   331.6   16.0      27.913
2013   10       30    11  38    3.87   331.9   16.0      27.960
2013   10       30    11  47    3.88   332.1   16.0      28.007
2013   10       30    11  57    3.88   332.4   16.0      28.054
2013   10       30    12   6    3.88   332.6   16.0      28.100
2013   10       30    12  16    3.88   332.9   16.0      28.145
2013   10       30    12  25    3.89   333.1   16.0      28.190
2013   10       30    12  35    3.89   333.4   16.0      28.235
2013   10       30    12  44    3.89   333.7   15.9      28.278
2013   10       30    12  54    3.89   333.9   15.9      28.321
2013   10       30    13   4    3.90   334.2   15.9      28.363
2013   10       30    13  13    3.90   334.5   15.9      28.404
2013   10       30    13  23    3.90   334.8   15.9      28.444
2013   10       30    13  32    3.90   335.0   15.9      28.482
2013   10       30    13  42    3.91   335.3   15.9      28.520
2013   10       30    13  52    3.91   335.6   15.8      28.557
2013   10       30    14   1    3.91   335.9   15.8      28.592
2013   10       30    14  11    3.91   336.2   15.8      28.627
2013   10       30    14  20    3.91   336.5   15.8      28.661
2013   10       30    14  30    3.91   336.8   15.8      28.695
2013   10       30    14  40    3.91   337.1   15.7      28.727
2013   10       30    14  49    3.91   337.4   15.7      28.758
2013   10       30    14  59    3.91   337.7   15.7      28.786
2013   10       30    15   8    3.91   338.0   15.7      28.813
2013   10       30    15  18    3.92   338.3   15.6      28.839
2013   10       30    15  27    3.92   338.5   15.6      28.865
2013   10       30    15  37    3.92   338.8   15.6      28.890
2013   10       30    15  47    3.92   339.1   15.6      28.915
2013   10       30    15  56    3.92   339.3   15.6      28.940
2013   10       30    16   6    3.92   339.6   15.5      28.965
2013   10       30    16  15    3.92   339.8   15.5      28.989
2013   10       30    16  25    3.92   340.1   15.5      29.013
2013   10       30    16  34    3.92   340.3   15.5      29.037
2013   10       30    16  44    3.92   340.6   15.5      29.063
2013   10       30    16  53    3.92   340.8   15.4      29.090
2013   10       30    17   3    3.92   341.1   15.4      29.118
2013   10       30    17  12    3.92   341.3   15.4      29.148
2013   10       30    17  22    3.92   341.6   15.4      29.178
2013   10       30    17  31    3.92   341.9   15.4      29.209
2013   10       30    17  41    3.92   342.1   15.3      29.240
2013   10       30    17  50    3.93   342.4   15.3      29.271
2013   10       30    18   0    3.93   342.7   15.3      29.302
2013   10       30    18   9    3.93   343.0   15.3      29.332
2013   10       30    18  18    3.93   343.3   15.3      29.362
2013   10       30    18  28    3.93   343.6   15.2      29.391
2013   10       30    18  37    3.93   343.9   15.2      29.419
2013   10       30    18  47    3.93   344.2   15.2      29.446
2013   10       30    18  56    3.93   344.5   15.2      29.472
2013   10       30    19   5    3.93   344.8   15.2      29.497
2013   10       30    19  15    3.93   345.1   15.1      29.520
2013   10       30    19  24    3.93   345.4   15.1      29.543
2013   10       30    19  34    3.93   345.7   15.1      29.565
2013   10       30    19  43    3.93   346.0   15.1      29.586
2013   10       30    19  53    3.93   346.3   15.0      29.606
2013   10       30    20   3    3.93   346.6   15.0      29.627
2013   10       30    20  12    3.93   346.9   15.0      29.647
2013   10       30    20  22    3.93   347.2   15.0      29.667
2013   10       30    20  31    3.93   347.6   14.9      29.688
2013   10       30    20  41    3.93   347.9   14.9      29.708
2013   10       30    20  51    3.93   348.2   14.9      29.727
2013   10       30    21   0    3.93   348.5   14.8      29.745
2013   10       30    21  10    3.93   348.8   14.8      29.762
2013   10       30    21  19    3.93   349.2   14.8      29.778
2013   10       30    21  29    3.94   349.5   14.8      29.794
2013   10       30    21  39    3.94   349.8   14.7      29.810
2013   10       30    21  48    3.94   350.1   14.7      29.825
2013   10       30    21  58    3.94   350.3   14.7      29.841
2013   10       30    22   7    3.94   350.6   14.6      29.858
2013   10       30    22  17    3.94   350.9   14.6      29.874
2013   10       30    22  26    3.94   351.1   14.6      29.890
2013   10       30    22  36    3.94   351.4   14.6      29.908
2013   10       30    22  46    3.94   351.6   14.6      29.928
2013   10       30    22  55    3.94   351.9   14.5      29.951
2013   10       30    23   5    3.94   352.1   14.5      29.976
2013   10       30    23  14    3.94   352.4   14.5      30.004
2013   10       30    23  24    3.95   352.6   14.5      30.036
2013   10       30    23  33    3.95   352.9   14.5      30.070
2013   10       30    23  43    3.95   353.2   14.5      30.107
2013   10       30    23  52    3.95   353.4   14.5      30.146
2013   10       31     0   2    3.96   353.7   14.5      30.188
2013   10       31     0  11    3.96   354.0   14.5      30.232
2013   10       31     0  21    3.96   354.3   14.5      30.279
2013   10       31     0  30    3.97   354.6   14.4      30.327
2013   10       31     0  40    3.97   354.9   14.4      30.377
2013   10       31     0  49    3.97   355.3   14.4      30.429
2013   10       31     0  59    3.98   355.6   14.4      30.482
2013   10       31     1   8    3.98   355.9   14.4      30.537
2013   10       31     1  18    3.98   356.2   14.4      30.592
2013   10       31     1  27    3.99   356.6   14.4      30.649
2013   10       31     1  36    3.99   356.9   14.4      30.706
2013   10       31     1  46    3.99   357.3   14.4      30.765
2013   10       31     1  55    4.00   357.6   14.4      30.824
2013   10       31     2   5    4.00   357.9   14.4      30.885
2013   10       31     2  14    4.01   358.3   14.4      30.947
2013   10       31     2  24    4.01   358.6   14.4      31.012
2013   10       31     2  33    4.02   359.0   14.4      31.081
2013   10       31     2  43    4.02   359.3   14.4      31.153
2013   10       31     2  52    4.03   359.7   14.5      31.228
2013   10       31     3   2    4.03   360.1   14.5      31.304
2013   10       31     3  11    4.04   360.5   14.5      31.384
2013   10       31     3  21    4.04   360.8   14.5      31.465
2013   10       31     3  30    4.05   361.2   14.5      31.548
2013   10       31     3  40    4.06   361.6   14.5      31.630
2013   10       31     3  49    4.06   362.0   14.5      31.714
2013   10       31     3  59    4.07   362.4   14.5      31.796
2013   10       31     4   9    4.07   362.7   14.5      31.879
2013   10       31     4  18    4.08   363.1   14.5      31.961
2013   10       31     4  28    4.08   363.5   14.5      32.042
2013   10       31     4  38    4.08   363.9   14.5      32.122
2013   10       31     4  47    4.09   364.2   14.5      32.201
2013   10       31     4  57    4.09   364.6   14.5      32.279
2013   10       31     5   6    4.10   364.9   14.5      32.357
2013   10       31     5  16    4.10   365.3   14.5      32.433
2013   10       31     5  26    4.10   365.7   14.5      32.508
2013   10       31     5  35    4.11   366.0   14.5      32.582
2013   10       31     5  45    4.11   366.4   14.5      32.657
2013   10       31     5  54    4.12   366.7   14.4      32.730
2013   10       31     6   4    4.12   367.1   14.4      32.804
2013   10       31     6  13    4.12   367.4   14.4      32.878
2013   10       31     6  23    4.13   367.8   14.4      32.952
2013   10       31     6  32    4.13   368.1   14.4      33.026
2013   10       31     6  42    4.13   368.5   14.4      33.101
2013   10       31     6  51    4.14   368.8   14.4      33.177
2013   10       31     7   1    4.14   369.2   14.4      33.254
2013   10       31     7  10    4.15   369.6   14.4      33.331
2013   10       31     7  20    4.15   369.9   14.4      33.409
2013   10       31     7  30    4.15   370.3   14.4      33.489
2013   10       31     7  39    4.16   370.7   14.4      33.570
2013   10       31     7  48    4.16   371.0   14.4      33.652
2013   10       31     7  58    4.17   371.4   14.4      33.736
2013   10       31     8   7    4.17   371.8   14.4      33.822
2013   10       31     8  17    4.18   372.1   14.4      33.910
2013   10       31     8  26    4.18   372.5   14.4      34.000
2013   10       31     8  36    4.19   372.9   14.4      34.094
2013   10       31     8  45    4.19   373.3   14.4      34.190
2013   10       31     8  55    4.20   373.7   14.4      34.291
2013   10       31     9   4    4.20   374.1   14.5      34.397
2013   10       31     9  13    4.21   374.5   14.5      34.509
2013   10       31     9  23    4.22   374.9   14.5      34.625
2013   10       31     9  32    4.23   375.4   14.5      34.752
2013   10       31     9  42    4.23   375.8   14.6      34.894
2013   10       31     9  51    4.24   376.3   14.6      35.050
2013   10       31    10   1    4.25   376.9   14.6      35.217
2013   10       31    10  10    4.26   377.4   14.7      35.396
2013   10       31    10  20    4.27   378.0   14.7      35.580
2013   10       31    10  29    4.28   378.6   14.7      35.768
2013   10       31    10  39    4.29   379.2   14.8      35.955
2013   10       31    10  48    4.30   379.9   14.8      36.145
2013   10       31    10  58    4.31   380.5   14.8      36.327
2013   10       31    11   8    4.31   381.1   14.8      36.501
2013   10       31    11  17    4.32   381.7   14.8      36.665
2013   10       31    11  27    4.32   382.3   14.8      36.822
2013   10       31    11  36    4.33   382.8   14.8      36.971
2013   10       31    11  46    4.33   383.4   14.8      37.113
2013   10       31    11  56    4.34   383.9   14.8      37.248
2013   10       31    12   5    4.34   384.4   14.8      37.380
2013   10       31    12  15    4.34   384.9   14.8      37.506
2013   10       31    12  24    4.35   385.4   14.8      37.629
2013   10       31    12  34    4.35   385.9   14.7      37.748
2013   10       31    12  44    4.35   386.3   14.7      37.866
2013   10       31    12  53    4.35   386.8   14.7      37.980
2013   10       31    13   3    4.36   387.3   14.7      38.091
2013   10       31    13  12    4.36   387.8   14.7      38.199
2013   10       31    13  22    4.36   388.3   14.6      38.305
2013   10       31    13  31    4.37   388.8   14.6      38.406
2013   10       31    13  41    4.37   389.3   14.6      38.505
2013   10       31    13  50    4.37   389.8   14.5      38.599
2013   10       31    14   0    4.37   390.3   14.5      38.692
2013   10       31    14  10    4.38   390.9   14.5      38.782
2013   10       31    14  19    4.38   391.4   14.5      38.871
2013   10       31    14  29    4.38   392.0   14.4      38.955
2013   10       31    14  38    4.38   392.5   14.4      39.037
2013   10       31    14  48    4.39   393.0   14.4      39.114
2013   10       31    14  57    4.39   393.6   14.3      39.188
2013   10       31    15   7    4.39   394.1   14.3      39.259
2013   10       31    15  16    4.39   394.6   14.3      39.328
2013   10       31    15  26    4.39   395.1   14.2      39.396
2013   10       31    15  35    4.39   395.5   14.2      39.467
2013   10       31    15  44    4.40   396.0   14.2      39.542
2013   10       31    15  54    4.40   396.5   14.2      39.624
2013   10       31    16   3    4.40   397.0   14.1      39.712
2013   10       31    16  13    4.40   397.6   14.1      39.815
2013   10       31    16  22    4.41   398.2   14.1      39.930
2013   10       31    16  32    4.41   398.7   14.1      40.055
2013   10       31    16  41    4.41   399.3   14.1      40.193
2013   10       31    16  50    4.42   400.0   14.1      40.348
2013   10       31    17   0    4.42   400.6   14.1      40.514
2013   10       31    17   9    4.42   401.3   14.1      40.691
2013   10       31    17  19    4.43   402.0   14.1      40.872
2013   10       31    17  28    4.43   402.6   14.1      41.059
2013   10       31    17  38    4.43   403.3   14.1      41.244
2013   10       31    17  47    4.44   404.0   14.1      41.430
2013   10       31    17  57    4.44   404.7   14.1      41.617
2013   10       31    18   7    4.44   405.4   14.1      41.802
2013   10       31    18  16    4.44   406.1   14.1      41.983
2013   10       31    18  26    4.44   406.8   14.1      42.165
2013   10       31    18  35    4.44   407.5   14.0      42.342
2013   10       31    18  45    4.44   408.3   14.0      42.518
2013   10       31    18  55    4.44   409.0   14.0      42.689
2013   10       31    19   4    4.43   409.6   14.0      42.857
2013   10       31    19  14    4.43   410.3   13.9      43.020
2013   10       31    19  23    4.43   411.0   13.9      43.180
2013   10       31    19  33    4.43   411.7   13.9      43.334
2013   10       31    19  43    4.43   412.3   13.8      43.486
2013   10       31    19  52    4.42   413.0   13.8      43.629
2013   10       31    20   2    4.42   413.7   13.7      43.767
2013   10       31    20  11    4.42   414.4   13.7      43.899
2013   10       31    20  21    4.42   415.1   13.7      44.025
2013   10       31    20  30    4.42   415.8   13.6      44.147
2013   10       31    20  40    4.41   416.5   13.6      44.264
2013   10       31    20  50    4.41   417.2   13.5      44.375
2013   10       31    20  59    4.41   418.0   13.5      44.482
2013   10       31    21   9    4.41   418.8   13.4      44.583
2013   10       31    21  18    4.40   419.6   13.4      44.682
2013   10       31    21  28    4.40   420.4   13.3      44.776
2013   10       31    21  37    4.39   421.3   13.3      44.862
2013   10       31    21  47    4.39   422.1   13.2      44.939
2013   10       31    21  56    4.38   423.0   13.1      45.007
2013   10       31    22   6    4.37   423.8   13.0      45.053
2013   10       31    22  15    4.36   424.6   12.9      45.081
2013   10       31    22  25    4.35   425.4   12.8      45.093
2013   10       31    22  34    4.34   426.1   12.7      45.093
2013   10       31    22  44    4.33   426.8   12.6      45.076
2013   10       31    22  53    4.32   427.5   12.5      45.047
2013   10       31    23   3    4.31   428.2   12.4      45.014
2013   10       31    23  12    4.29   428.9   12.3      44.978
2013   10       31    23  21    4.28   429.5   12.2      44.943
2013   10       31    23  31    4.27   430.2   12.1      44.921
2013   10       31    23  40    4.25   430.9   12.0      44.911
2013   10       31    23  50    4.24   431.6   12.0      44.911
2013   10       31    23  59    4.23   432.3   11.9      44.920
2013   11        1     0   9    4.21   433.0   11.8      44.932
2013   11        1     0  18    4.20   433.7   11.7      44.953
2013   11        1     0  27    4.19   434.4   11.6      44.979
2013   11        1     0  37    4.18   435.0   11.6      45.008
2013   11        1     0  47    4.16   435.6   11.5      45.041
2013   11        1     0  56    4.15   436.2   11.4      45.074
2013   11        1     1   6    4.14   436.8   11.4      45.111
2013   11        1     1  15    4.12   437.4   11.3      45.151
2013   11        1     1  25    4.11   438.0   11.2      45.198
2013   11        1     1  34    4.10   438.7   11.2      45.252
2013   11        1     1  44    4.09   439.3   11.1      45.312
2013   11        1     1  53    4.07   440.0   11.1      45.376
2013   11        1     2   3    4.06   440.6   11.0      45.442
2013   11        1     2  13    4.05   441.3   10.9      45.509
2013   11        1     2  22    4.04   441.9   10.9      45.575
2013   11        1     2  32    4.02   442.6   10.8      45.638
2013   11        1     2  42    4.01   443.2   10.8      45.698
2013   11        1     2  51    4.00   443.9   10.7      45.755
2013   11        1     3   1    3.98   444.5   10.7      45.806
2013   11        1     3  10    3.97   445.2   10.6      45.849
2013   11        1     3  20    3.96   445.9   10.5      45.886
2013   11        1     3  29    3.94   446.5   10.5      45.918
2013   11        1     3  39    3.93   447.2   10.4      45.946
2013   11        1     3  49    3.92   447.9   10.4      45.971
2013   11        1     3  58    3.90   448.6   10.3      45.994
2013   11        1     4   8    3.89   449.3   10.3      46.015
2013   11        1     4  17    3.87   450.0   10.2      46.032
2013   11        1     4  27    3.86   450.8   10.1      46.048
2013   11        1     4  36    3.84   451.6   10.1      46.061
2013   11        1     4  46    3.82   452.4   10.0      46.068
2013   11        1     4  55    3.81   453.2    9.9      46.067
2013   11        1     5   5    3.79   454.0    9.8      46.061
2013   11        1     5  14    3.77   454.9    9.8      46.035
2013   11        1     5  24    3.75   455.7    9.7      45.989
2013   11        1     5  33    3.73   456.6    9.6      45.925
2013   11        1     5  43    3.71   457.4    9.5      45.846
2013   11        1     5  52    3.69   458.2    9.4      45.744
2013   11        1     6   2    3.67   459.0    9.3      45.623
2013   11        1     6  11    3.65   459.7    9.2      45.487
2013   11        1     6  21    3.62   460.4    9.1      45.340
2013   11        1     6  30    3.60   461.1    9.0      45.178
2013   11        1     6  39    3.58   461.7    8.9      45.020
2013   11        1     6  49    3.56   462.3    8.8      44.863
2013   11        1     6  58    3.54   462.9    8.7      44.710
2013   11        1     7   8    3.52   463.5    8.6      44.558
2013   11        1     7  17    3.50   464.0    8.6      44.409
2013   11        1     7  27    3.49   464.5    8.5      44.269
2013   11        1     7  36    3.47   465.1    8.4      44.139
2013   11        1     7  46    3.45   465.6    8.3      44.014
2013   11        1     7  55    3.43   466.1    8.3      43.896
2013   11        1     8   5    3.42   466.6    8.2      43.780
2013   11        1     8  14    3.40   467.1    8.1      43.670
2013   11        1     8  24    3.38   467.6    8.1      43.561
2013   11        1     8  33    3.37   468.1    8.0      43.455
2013   11        1     8  43    3.35   468.6    8.0      43.349
2013   11        1     8  52    3.33   469.1    7.9      43.245
2013   11        1     9   2    3.32   469.6    7.9      43.140
2013   11        1     9  12    3.30   470.0    7.8      43.035
2013   11        1     9  21    3.28   470.5    7.7      42.929
2013   11        1     9  31    3.27   470.9    7.7      42.823
2013   11        1     9  40    3.25   471.4    7.6      42.715
2013   11        1     9  50    3.24   471.8    7.6      42.606
2013   11        1    10   0    3.22   472.2    7.5      42.495
2013   11        1    10   9    3.20   472.6    7.5      42.383
2013   11        1    10  19    3.19   473.0    7.4      42.268
2013   11        1    10  28    3.17   473.4    7.4      42.154
2013   11        1    10  38    3.16   473.8    7.3      42.037
2013   11        1    10  48    3.14   474.2    7.3      41.921
2013   11        1    10  57    3.12   474.5    7.2      41.804
2013   11        1    11   7    3.11   474.8    7.2      41.688
2013   11        1    11  16    3.09   475.1    7.2      41.571
2013   11        1    11  26    3.08   475.4    7.1      41.456
2013   11        1    11  35    3.06   475.7    7.1      41.340
2013   11        1    11  45    3.05   476.0    7.0      41.227
2013   11        1    11  54    3.03   476.3    7.0      41.113
2013   11        1    12   4    3.01   476.6    6.9      41.002
2013   11        1    12  13    3.00   476.8    6.9      40.890
2013   11        1    12  23    2.99   477.1    6.9      40.779
2013   11        1    12  32    2.97   477.3    6.8      40.669
2013   11        1    12  42    2.96   477.6    6.8      40.560
2013   11        1    12  51    2.94   477.8    6.8      40.450
2013   11        1    13   1    2.93   478.0    6.7      40.342
2013   11        1    13  10    2.92   478.2    6.7      40.234
2013   11        1    13  20    2.90   478.4    6.7      40.126
2013   11        1    13  29    2.89   478.6    6.6      40.018
2013   11        1    13  39    2.88   478.8    6.6      39.912
2013   11        1    13  48    2.86   479.0    6.6      39.807
2013   11        1    13  58    2.85   479.2    6.5      39.704
2013   11        1    14   7    2.84   479.3    6.5      39.603
2013   11        1    14  16    2.83   479.4    6.5      39.505
2013   11        1    14  26    2.82   479.6    6.5      39.409
2013   11        1    14  35    2.81   479.7    6.4      39.316
2013   11        1    14  45    2.80   479.8    6.4      39.226
2013   11        1    14  54    2.79   480.0    6.4      39.138
2013   11        1    15   4    2.78   480.1    6.4      39.052
2013   11        1    15  13    2.77   480.2    6.3      38.969
2013   11        1    15  23    2.76   480.4    6.3      38.886
2013   11        1    15  32    2.75   480.5    6.3      38.806
2013   11        1    15  42    2.74   480.7    6.3      38.724
2013   11        1    15  51    2.73   480.9    6.2      38.644
2013   11        1    16   1    2.72   481.0    6.2      38.562
2013   11        1    16  10    2.71   481.2    6.2      38.481
2013   11        1    16  20    2.70   481.4    6.2      38.397
2013   11        1    16  30    2.69   481.5    6.1      38.314
2013   11        1    16  39    2.68   481.7    6.1      38.230
2013   11        1    16  49    2.68   481.9    6.1      38.146
2013   11        1    16  59    2.67   482.0    6.1      38.060
2013   11        1    17   8    2.66   482.2    6.1      37.976
2013   11        1    17  18    2.65   482.3    6.0      37.891
2013   11        1    17  27    2.64   482.4    6.0      37.807
2013   11        1    17  37    2.63   482.6    6.0      37.723
2013   11        1    17  46    2.62   482.7    6.0      37.641
2013   11        1    17  56    2.61   482.8    5.9      37.560
2013   11        1    18   6    2.61   482.8    5.9      37.482
2013   11        1    18  15    2.60   482.9    5.9      37.405
2013   11        1    18  25    2.59   483.0    5.9      37.331
2013   11        1    18  34    2.58   483.1    5.9      37.258
2013   11        1    18  44    2.58   483.1    5.8      37.188
2013   11        1    18  53    2.57   483.2    5.8      37.120
2013   11        1    19   3    2.56   483.3    5.8      37.053
2013   11        1    19  13    2.55   483.3    5.8      36.987
2013   11        1    19  22    2.55   483.4    5.8      36.922
2013   11        1    19  32    2.54   483.4    5.8      36.857
2013   11        1    19  41    2.53   483.5    5.7      36.794
2013   11        1    19  51    2.53   483.6    5.7      36.730
2013   11        1    20   0    2.52   483.6    5.7      36.666
2013   11        1    20  10    2.51   483.7    5.7      36.601
2013   11        1    20  19    2.50   483.7    5.7      36.535
2013   11        1    20  28    2.50   483.8    5.7      36.468
2013   11        1    20  38    2.49   483.9    5.7      36.399
2013   11        1    20  47    2.49   483.9    5.6      36.329
2013   11        1    20  57    2.48   484.0    5.6      36.260
2013   11        1    21   6    2.47   484.0    5.6      36.189
2013   11        1    21  16    2.47   484.1    5.6      36.119
2013   11        1    21  25    2.46   484.1    5.6      36.048
2013   11        1    21  34    2.45   484.1    5.6      35.980
2013   11        1    21  44    2.45   484.1    5.5      35.912
2013   11        1    21  53    2.44   484.1    5.5      35.845
2013   11        1    22   3    2.44   484.1    5.5      35.779
2013   11        1    22  12    2.43   484.1    5.5      35.714
2013   11        1    22  22    2.42   484.2    5.5      35.649
2013   11        1    22  31    2.42   484.2    5.5      35.585
2013   11        1    22  41    2.41   484.2    5.5      35.520
2013   11        1    22  50    2.41   484.2    5.5      35.456
2013   11        1    23   0    2.40   484.2    5.4      35.391
2013   11        1    23   9    2.40   484.3    5.4      35.326
2013   11        1    23  19    2.39   484.3    5.4      35.261
2013   11        1    23  29    2.39   484.3    5.4      35.195
2013   11        1    23  38    2.38   484.3    5.4      35.129
2013   11        1    23  48    2.37   484.4    5.4      35.063
2013   11        1    23  57    2.37   484.4    5.4      34.998
2013   11        2     0   7    2.36   484.4    5.4      34.933
