year    month   day   hour  minute  B_enl V_enl   n_enl       T_enl
[year] [month] [day] [hour][minute] [nT]  [km/s]  [cm-3]      [kK]
2013   10        6     0   1    1.66   401.5    8.7      28.409
2013   10        6     0  11    1.65   401.6    8.7      28.362
2013   10        6     0  22    1.65   401.8    8.6      28.317
2013   10        6     0  33    1.64   401.9    8.6      28.273
2013   10        6     0  43    1.64   402.0    8.6      28.229
2013   10        6     0  54    1.63   402.1    8.6      28.187
2013   10        6     1   5    1.63   402.2    8.5      28.145
2013   10        6     1  15    1.63   402.3    8.5      28.105
2013   10        6     1  26    1.62   402.4    8.5      28.066
2013   10        6     1  37    1.62   402.5    8.5      28.027
2013   10        6     1  47    1.62   402.6    8.4      27.988
2013   10        6     1  58    1.61   402.7    8.4      27.951
2013   10        6     2   9    1.61   402.9    8.4      27.915
2013   10        6     2  19    1.61   403.0    8.4      27.879
2013   10        6     2  30    1.60   403.1    8.3      27.844
2013   10        6     2  41    1.60   403.2    8.3      27.810
2013   10        6     2  51    1.59   403.3    8.3      27.775
2013   10        6     3   2    1.59   403.4    8.3      27.740
2013   10        6     3  13    1.59   403.5    8.3      27.705
2013   10        6     3  23    1.58   403.6    8.2      27.671
2013   10        6     3  34    1.58   403.7    8.2      27.638
2013   10        6     3  45    1.58   403.8    8.2      27.604
2013   10        6     3  55    1.57   403.9    8.2      27.570
2013   10        6     4   6    1.57   404.0    8.2      27.536
2013   10        6     4  16    1.57   404.1    8.1      27.501
2013   10        6     4  27    1.56   404.1    8.1      27.466
2013   10        6     4  38    1.56   404.2    8.1      27.430
2013   10        6     4  48    1.56   404.3    8.1      27.395
2013   10        6     4  59    1.56   404.3    8.1      27.360
2013   10        6     5  10    1.55   404.4    8.0      27.326
2013   10        6     5  20    1.55   404.5    8.0      27.292
2013   10        6     5  31    1.55   404.5    8.0      27.259
2013   10        6     5  41    1.54   404.6    8.0      27.227
2013   10        6     5  52    1.54   404.7    8.0      27.196
2013   10        6     6   3    1.54   404.8    8.0      27.164
2013   10        6     6  13    1.54   404.9    7.9      27.134
2013   10        6     6  24    1.53   405.0    7.9      27.102
2013   10        6     6  35    1.53   405.0    7.9      27.070
2013   10        6     6  45    1.53   405.1    7.9      27.036
2013   10        6     6  56    1.52   405.2    7.9      27.001
2013   10        6     7   7    1.52   405.3    7.8      26.966
2013   10        6     7  17    1.52   405.4    7.8      26.931
2013   10        6     7  28    1.52   405.4    7.8      26.895
2013   10        6     7  39    1.51   405.5    7.8      26.859
2013   10        6     7  50    1.51   405.6    7.8      26.823
2013   10        6     8   0    1.51   405.6    7.8      26.787
2013   10        6     8  11    1.51   405.7    7.7      26.751
2013   10        6     8  22    1.50   405.7    7.7      26.715
2013   10        6     8  32    1.50   405.8    7.7      26.680
2013   10        6     8  43    1.50   405.8    7.7      26.646
2013   10        6     8  54    1.50   405.9    7.7      26.612
2013   10        6     9   4    1.49   405.9    7.7      26.579
2013   10        6     9  15    1.49   405.9    7.6      26.547
2013   10        6     9  26    1.49   406.0    7.6      26.515
2013   10        6     9  36    1.49   406.0    7.6      26.485
2013   10        6     9  47    1.48   406.0    7.6      26.455
2013   10        6     9  58    1.48   406.0    7.6      26.426
2013   10        6    10   8    1.48   406.1    7.6      26.398
2013   10        6    10  19    1.48   406.1    7.6      26.371
2013   10        6    10  30    1.47   406.1    7.6      26.345
2013   10        6    10  40    1.47   406.1    7.5      26.320
2013   10        6    10  51    1.47   406.1    7.5      26.295
2013   10        6    11   1    1.47   406.1    7.5      26.270
2013   10        6    11  12    1.47   406.2    7.5      26.246
2013   10        6    11  23    1.46   406.2    7.5      26.222
2013   10        6    11  33    1.46   406.2    7.5      26.198
2013   10        6    11  44    1.46   406.2    7.5      26.174
2013   10        6    11  55    1.46   406.2    7.5      26.150
2013   10        6    12   5    1.46   406.2    7.5      26.125
2013   10        6    12  16    1.46   406.2    7.5      26.101
2013   10        6    12  26    1.45   406.2    7.4      26.076
2013   10        6    12  37    1.45   406.3    7.4      26.051
2013   10        6    12  48    1.45   406.3    7.4      26.026
2013   10        6    12  58    1.45   406.3    7.4      26.001
2013   10        6    13   9    1.45   406.3    7.4      25.976
2013   10        6    13  20    1.44   406.3    7.4      25.950
2013   10        6    13  30    1.44   406.3    7.4      25.925
2013   10        6    13  41    1.44   406.3    7.4      25.900
2013   10        6    13  52    1.44   406.3    7.4      25.874
2013   10        6    14   2    1.44   406.3    7.4      25.849
2013   10        6    14  13    1.44   406.3    7.3      25.824
2013   10        6    14  24    1.43   406.3    7.3      25.798
2013   10        6    14  34    1.43   406.3    7.3      25.773
2013   10        6    14  45    1.43   406.3    7.3      25.747
2013   10        6    14  56    1.43   406.3    7.3      25.722
2013   10        6    15   6    1.43   406.3    7.3      25.697
2013   10        6    15  17    1.43   406.3    7.3      25.671
2013   10        6    15  28    1.42   406.3    7.3      25.646
2013   10        6    15  39    1.42   406.2    7.3      25.621
2013   10        6    15  49    1.42   406.2    7.3      25.596
2013   10        6    16   0    1.42   406.2    7.3      25.572
2013   10        6    16  11    1.42   406.2    7.3      25.547
2013   10        6    16  21    1.42   406.2    7.2      25.523
2013   10        6    16  32    1.41   406.2    7.2      25.499
2013   10        6    16  43    1.41   406.1    7.2      25.475
2013   10        6    16  53    1.41   406.1    7.2      25.452
2013   10        6    17   4    1.41   406.1    7.2      25.429
2013   10        6    17  15    1.41   406.1    7.2      25.406
2013   10        6    17  25    1.41   406.1    7.2      25.383
2013   10        6    17  36    1.41   406.0    7.2      25.361
2013   10        6    17  47    1.40   406.0    7.2      25.339
2013   10        6    17  57    1.40   406.0    7.2      25.317
2013   10        6    18   8    1.40   406.0    7.2      25.295
2013   10        6    18  18    1.40   405.9    7.2      25.274
2013   10        6    18  29    1.40   405.9    7.2      25.252
2013   10        6    18  40    1.40   405.9    7.2      25.231
2013   10        6    18  48    1.40   405.8    7.1      25.218
2013   10        6    18  56    1.40   405.8    7.1      25.204
2013   10        6    19   4    1.40   405.8    7.1      25.191
2013   10        6    19  12    1.39   405.8    7.1      25.178
2013   10        6    19  20    1.39   405.8    7.1      25.166
2013   10        6    19  27    1.39   405.7    7.1      25.154
2013   10        6    19  35    1.39   405.7    7.1      25.142
2013   10        6    19  43    1.39   405.7    7.1      25.130
2013   10        6    19  51    1.39   405.7    7.1      25.118
2013   10        6    19  58    1.39   405.6    7.1      25.107
2013   10        6    20   6    1.39   405.6    7.1      25.095
2013   10        6    20  14    1.39   405.6    7.1      25.084
2013   10        6    20  21    1.39   405.6    7.1      25.073
2013   10        6    20  29    1.39   405.5    7.1      25.061
2013   10        6    20  37    1.39   405.5    7.1      25.050
2013   10        6    20  44    1.38   405.5    7.1      25.039
2013   10        6    20  52    1.38   405.5    7.1      25.028
2013   10        6    21   0    1.38   405.4    7.1      25.017
2013   10        6    21   7    1.38   405.4    7.1      25.006
2013   10        6    21  15    1.38   405.4    7.1      24.995
2013   10        6    21  23    1.38   405.3    7.1      24.984
2013   10        6    21  30    1.38   405.3    7.1      24.973
2013   10        6    21  38    1.38   405.3    7.1      24.962
2013   10        6    21  46    1.38   405.2    7.1      24.951
2013   10        6    21  53    1.38   405.2    7.1      24.940
2013   10        6    22   1    1.38   405.2    7.1      24.928
2013   10        6    22   9    1.38   405.2    7.1      24.917
2013   10        6    22  16    1.38   405.1    7.1      24.906
2013   10        6    22  24    1.37   405.1    7.0      24.895
2013   10        6    22  32    1.37   405.1    7.0      24.884
2013   10        6    22  40    1.37   405.0    7.0      24.873
2013   10        6    22  47    1.37   405.0    7.0      24.862
2013   10        6    22  55    1.37   404.9    7.0      24.850
2013   10        6    23   3    1.37   404.9    7.0      24.839
2013   10        6    23  11    1.37   404.9    7.0      24.828
2013   10        6    23  18    1.37   404.8    7.0      24.817
2013   10        6    23  26    1.37   404.8    7.0      24.806
2013   10        6    23  34    1.37   404.8    7.0      24.795
2013   10        6    23  41    1.37   404.7    7.0      24.783
2013   10        6    23  49    1.37   404.7    7.0      24.772
2013   10        6    23  57    1.37   404.7    7.0      24.760
2013   10        7     0   5    1.37   404.6    7.0      24.749
2013   10        7     0  13    1.36   404.6    7.0      24.737
2013   10        7     0  21    1.36   404.5    7.0      24.725
2013   10        7     0  28    1.36   404.5    7.0      24.713
2013   10        7     0  36    1.36   404.5    7.0      24.702
2013   10        7     0  44    1.36   404.4    7.0      24.690
2013   10        7     0  52    1.36   404.4    7.0      24.678
2013   10        7     1   0    1.36   404.3    7.0      24.665
2013   10        7     1   8    1.36   404.3    7.0      24.653
2013   10        7     1  16    1.36   404.2    7.0      24.641
2013   10        7     1  25    1.36   404.2    7.0      24.629
2013   10        7     1  33    1.36   404.2    7.0      24.617
2013   10        7     1  41    1.36   404.1    7.0      24.605
2013   10        7     1  49    1.36   404.1    7.0      24.593
2013   10        7     1  57    1.36   404.0    7.0      24.581
2013   10        7     2   5    1.36   404.0    7.0      24.569
2013   10        7     2  13    1.36   403.9    7.0      24.556
2013   10        7     2  21    1.35   403.9    7.0      24.544
2013   10        7     2  30    1.35   403.8    7.0      24.532
2013   10        7     2  38    1.35   403.8    7.0      24.521
2013   10        7     2  46    1.35   403.7    7.0      24.509
2013   10        7     2  54    1.35   403.7    7.0      24.497
2013   10        7     3   3    1.35   403.6    6.9      24.485
2013   10        7     3  11    1.35   403.6    6.9      24.473
2013   10        7     3  19    1.35   403.5    6.9      24.461
2013   10        7     3  27    1.35   403.5    6.9      24.449
2013   10        7     3  36    1.35   403.4    6.9      24.437
2013   10        7     3  44    1.35   403.4    6.9      24.426
2013   10        7     3  52    1.35   403.3    6.9      24.414
2013   10        7     4   1    1.35   403.3    6.9      24.402
2013   10        7     4   9    1.35   403.2    6.9      24.391
2013   10        7     4  17    1.35   403.2    6.9      24.379
2013   10        7     4  26    1.35   403.1    6.9      24.368
2013   10        7     4  34    1.35   403.1    6.9      24.357
2013   10        7     4  43    1.34   403.0    6.9      24.345
2013   10        7     4  51    1.34   402.9    6.9      24.334
2013   10        7     4  59    1.34   402.9    6.9      24.323
2013   10        7     5   8    1.34   402.8    6.9      24.312
2013   10        7     5  17    1.34   402.8    6.9      24.301
2013   10        7     5  25    1.34   402.7    6.9      24.290
2013   10        7     5  34    1.34   402.7    6.9      24.279
2013   10        7     5  42    1.34   402.6    6.9      24.269
2013   10        7     5  51    1.34   402.5    6.9      24.258
2013   10        7     6   0    1.34   402.5    6.9      24.248
2013   10        7     6   8    1.34   402.4    6.9      24.237
2013   10        7     6  17    1.34   402.4    6.9      24.227
2013   10        7     6  26    1.34   402.3    6.9      24.216
2013   10        7     6  35    1.34   402.2    6.9      24.206
2013   10        7     6  43    1.34   402.2    6.9      24.195
2013   10        7     6  52    1.34   402.1    6.9      24.185
2013   10        7     7   1    1.34   402.1    6.9      24.174
2013   10        7     7  10    1.34   402.0    6.9      24.164
2013   10        7     7  19    1.34   401.9    6.9      24.153
2013   10        7     7  28    1.34   401.9    6.9      24.143
2013   10        7     7  37    1.33   401.8    6.9      24.132
2013   10        7     7  46    1.33   401.8    6.9      24.121
2013   10        7     7  55    1.33   401.7    6.9      24.110
2013   10        7     8   4    1.33   401.6    6.9      24.099
2013   10        7     8  13    1.33   401.6    6.9      24.088
2013   10        7     8  22    1.33   401.5    6.9      24.076
2013   10        7     8  31    1.33   401.4    6.9      24.065
2013   10        7     8  41    1.33   401.4    6.9      24.053
2013   10        7     8  50    1.33   401.3    6.9      24.041
2013   10        7     8  59    1.33   401.2    6.9      24.029
2013   10        7     9   8    1.33   401.2    6.9      24.017
2013   10        7     9  18    1.33   401.1    6.9      24.004
2013   10        7     9  27    1.33   401.0    6.9      23.991
2013   10        7     9  36    1.33   401.0    6.9      23.978
2013   10        7     9  46    1.33   400.9    6.9      23.964
2013   10        7     9  55    1.33   400.8    6.9      23.951
2013   10        7    10   4    1.33   400.8    6.9      23.937
2013   10        7    10  14    1.33   400.7    6.9      23.923
2013   10        7    10  23    1.33   400.6    6.9      23.909
2013   10        7    10  33    1.33   400.5    6.9      23.894
2013   10        7    10  42    1.33   400.5    6.9      23.880
2013   10        7    10  52    1.33   400.4    6.9      23.865
2013   10        7    11   1    1.32   400.3    6.9      23.851
2013   10        7    11  11    1.32   400.2    6.9      23.836
2013   10        7    11  20    1.32   400.2    6.9      23.821
2013   10        7    11  30    1.32   400.1    6.9      23.806
2013   10        7    11  40    1.32   400.0    6.9      23.791
2013   10        7    11  49    1.32   399.9    6.9      23.776
2013   10        7    11  59    1.32   399.9    6.9      23.761
2013   10        7    12   9    1.32   399.8    6.9      23.746
2013   10        7    12  18    1.32   399.7    6.9      23.731
2013   10        7    12  28    1.32   399.6    6.9      23.716
2013   10        7    12  38    1.32   399.5    6.9      23.701
2013   10        7    12  47    1.32   399.5    6.9      23.686
2013   10        7    12  57    1.32   399.4    6.9      23.671
2013   10        7    13   7    1.32   399.3    6.9      23.657
2013   10        7    13  16    1.32   399.2    6.8      23.642
2013   10        7    13  26    1.32   399.1    6.8      23.628
2013   10        7    13  36    1.32   399.1    6.8      23.614
2013   10        7    13  46    1.32   399.0    6.8      23.600
2013   10        7    13  56    1.32   398.9    6.8      23.586
2013   10        7    14   5    1.32   398.8    6.8      23.572
2013   10        7    14  15    1.32   398.7    6.8      23.559
2013   10        7    14  25    1.32   398.6    6.8      23.547
2013   10        7    14  35    1.31   398.5    6.8      23.534
2013   10        7    14  45    1.31   398.5    6.8      23.522
2013   10        7    14  55    1.31   398.4    6.8      23.511
2013   10        7    15   5    1.31   398.3    6.8      23.499
2013   10        7    15  14    1.31   398.2    6.8      23.489
2013   10        7    15  24    1.31   398.1    6.8      23.478
2013   10        7    15  34    1.31   398.0    6.9      23.468
2013   10        7    15  44    1.31   397.9    6.9      23.458
2013   10        7    15  54    1.31   397.8    6.9      23.449
2013   10        7    16   4    1.31   397.8    6.9      23.440
2013   10        7    16  14    1.31   397.7    6.9      23.431
2013   10        7    16  24    1.31   397.6    6.9      23.422
2013   10        7    16  34    1.31   397.5    6.9      23.413
2013   10        7    16  44    1.31   397.4    6.9      23.405
2013   10        7    16  54    1.31   397.3    6.9      23.397
2013   10        7    17   4    1.31   397.2    6.9      23.388
2013   10        7    17  14    1.31   397.1    6.9      23.380
2013   10        7    17  24    1.31   397.1    6.9      23.371
2013   10        7    17  34    1.31   397.0    6.9      23.361
2013   10        7    17  45    1.31   396.9    6.9      23.351
2013   10        7    17  55    1.31   396.8    6.9      23.340
2013   10        7    18   5    1.31   396.7    6.9      23.329
2013   10        7    18  15    1.31   396.6    6.9      23.318
2013   10        7    18  25    1.31   396.5    6.9      23.306
2013   10        7    18  35    1.31   396.4    6.9      23.294
2013   10        7    18  45    1.31   396.4    6.9      23.281
2013   10        7    18  55    1.31   396.3    6.9      23.268
2013   10        7    19   6    1.31   396.2    6.9      23.255
2013   10        7    19  16    1.31   396.1    6.9      23.241
2013   10        7    19  26    1.31   396.0    6.9      23.227
2013   10        7    19  36    1.31   395.9    6.9      23.213
2013   10        7    19  46    1.30   395.8    6.9      23.198
2013   10        7    19  57    1.30   395.7    6.9      23.184
2013   10        7    20   7    1.30   395.6    6.9      23.169
2013   10        7    20  17    1.30   395.5    6.9      23.154
2013   10        7    20  27    1.30   395.4    6.9      23.139
2013   10        7    20  38    1.30   395.3    6.9      23.125
2013   10        7    20  48    1.30   395.2    6.9      23.110
2013   10        7    20  58    1.30   395.1    6.9      23.096
2013   10        7    21   8    1.30   395.0    6.9      23.082
2013   10        7    21  19    1.30   394.9    6.9      23.069
2013   10        7    21  29    1.30   394.8    6.9      23.056
2013   10        7    21  39    1.30   394.7    6.9      23.044
2013   10        7    21  50    1.30   394.6    6.9      23.033
2013   10        7    22   0    1.30   394.5    6.9      23.024
2013   10        7    22  10    1.30   394.4    6.9      23.015
2013   10        7    22  21    1.30   394.3    6.9      23.007
2013   10        7    22  31    1.30   394.2    6.9      23.000
2013   10        7    22  42    1.30   394.1    6.9      22.994
2013   10        7    22  52    1.30   394.0    6.9      22.989
2013   10        7    23   2    1.30   393.9    6.9      22.985
2013   10        7    23  13    1.30   393.8    6.9      22.982
2013   10        7    23  23    1.30   393.7    6.9      22.979
2013   10        7    23  34    1.30   393.6    6.9      22.976
2013   10        7    23  44    1.30   393.5    6.9      22.972
2013   10        7    23  54    1.30   393.5    6.9      22.968
2013   10        8     0   5    1.30   393.4    6.9      22.965
2013   10        8     0  15    1.30   393.3    6.9      22.961
2013   10        8     0  26    1.30   393.2    6.9      22.958
2013   10        8     0  36    1.30   393.1    6.9      22.954
2013   10        8     0  47    1.30   393.0    6.9      22.950
2013   10        8     0  57    1.30   392.9    6.9      22.945
2013   10        8     1   8    1.30   392.8    6.9      22.940
2013   10        8     1  18    1.30   392.7    7.0      22.934
2013   10        8     1  29    1.30   392.7    7.0      22.929
2013   10        8     1  39    1.30   392.6    7.0      22.923
2013   10        8     1  50    1.30   392.5    7.0      22.917
2013   10        8     2   1    1.30   392.4    7.0      22.911
2013   10        8     2  11    1.30   392.3    7.0      22.904
2013   10        8     2  22    1.30   392.3    7.0      22.897
2013   10        8     2  32    1.30   392.2    7.0      22.889
2013   10        8     2  43    1.30   392.1    7.0      22.881
2013   10        8     2  54    1.30   392.0    7.0      22.872
2013   10        8     3   4    1.29   391.9    7.0      22.863
2013   10        8     3  15    1.29   391.9    7.0      22.854
2013   10        8     3  25    1.29   391.8    7.0      22.844
2013   10        8     3  36    1.29   391.7    7.0      22.833
2013   10        8     3  47    1.29   391.6    7.0      22.823
2013   10        8     3  57    1.29   391.6    7.0      22.812
2013   10        8     4   8    1.29   391.5    7.0      22.801
2013   10        8     4  18    1.29   391.4    7.0      22.790
2013   10        8     4  29    1.29   391.3    7.0      22.779
2013   10        8     4  39    1.29   391.2    7.0      22.768
2013   10        8     4  50    1.29   391.2    7.0      22.757
2013   10        8     5   1    1.29   391.1    7.0      22.746
2013   10        8     5  11    1.29   391.0    7.0      22.736
2013   10        8     5  22    1.29   390.9    7.0      22.726
2013   10        8     5  32    1.29   390.9    7.0      22.716
2013   10        8     5  43    1.29   390.8    7.0      22.707
2013   10        8     5  54    1.29   390.7    7.0      22.698
2013   10        8     6   4    1.29   390.7    7.0      22.690
2013   10        8     6  15    1.29   390.6    7.0      22.682
2013   10        8     6  25    1.29   390.5    7.0      22.674
2013   10        8     6  36    1.29   390.5    7.0      22.666
2013   10        8     6  47    1.29   390.4    7.0      22.658
2013   10        8     6  57    1.29   390.3    7.0      22.650
2013   10        8     7   8    1.29   390.2    7.0      22.640
2013   10        8     7  18    1.29   390.2    7.0      22.631
2013   10        8     7  29    1.28   390.1    7.0      22.621
2013   10        8     7  40    1.28   390.0    7.0      22.610
2013   10        8     7  50    1.28   390.0    7.0      22.600
2013   10        8     8   1    1.28   389.9    7.0      22.589
2013   10        8     8  12    1.28   389.8    7.0      22.578
2013   10        8     8  22    1.28   389.8    7.0      22.567
2013   10        8     8  33    1.28   389.7    7.0      22.556
2013   10        8     8  44    1.28   389.6    7.0      22.545
2013   10        8     8  54    1.28   389.6    7.0      22.534
2013   10        8     9   5    1.28   389.5    7.0      22.523
2013   10        8     9  16    1.28   389.4    7.0      22.511
2013   10        8     9  26    1.28   389.4    7.0      22.499
2013   10        8     9  37    1.28   389.3    6.9      22.486
2013   10        8     9  48    1.28   389.2    6.9      22.474
2013   10        8     9  58    1.28   389.2    6.9      22.460
2013   10        8    10   9    1.28   389.1    6.9      22.446
2013   10        8    10  20    1.27   389.1    6.9      22.432
2013   10        8    10  30    1.27   389.0    6.9      22.418
2013   10        8    10  41    1.27   388.9    6.9      22.403
2013   10        8    10  51    1.27   388.9    6.9      22.388
2013   10        8    11   2    1.27   388.8    6.9      22.372
2013   10        8    11  13    1.27   388.8    6.9      22.356
2013   10        8    11  23    1.27   388.7    6.9      22.340
2013   10        8    11  34    1.27   388.6    6.9      22.324
2013   10        8    11  44    1.27   388.6    6.9      22.307
2013   10        8    11  55    1.27   388.5    6.9      22.289
2013   10        8    12   5    1.26   388.4    6.9      22.272
2013   10        8    12  16    1.26   388.4    6.9      22.254
2013   10        8    12  27    1.26   388.3    6.9      22.236
2013   10        8    12  37    1.26   388.2    6.9      22.217
2013   10        8    12  48    1.26   388.2    6.9      22.199
2013   10        8    12  58    1.26   388.1    6.9      22.180
2013   10        8    13   9    1.26   388.0    6.9      22.160
2013   10        8    13  20    1.26   388.0    6.9      22.141
2013   10        8    13  30    1.26   387.9    6.8      22.121
2013   10        8    13  41    1.25   387.8    6.8      22.101
2013   10        8    13  51    1.25   387.8    6.8      22.081
2013   10        8    14   2    1.25   387.7    6.8      22.061
2013   10        8    14  13    1.25   387.6    6.8      22.040
2013   10        8    14  23    1.25   387.5    6.8      22.020
2013   10        8    14  34    1.25   387.5    6.8      21.999
2013   10        8    14  45    1.25   387.4    6.8      21.978
2013   10        8    14  55    1.25   387.3    6.8      21.957
2013   10        8    15   6    1.24   387.2    6.8      21.936
2013   10        8    15  16    1.24   387.2    6.8      21.915
2013   10        8    15  27    1.24   387.1    6.8      21.894
2013   10        8    15  38    1.24   387.0    6.8      21.873
2013   10        8    15  48    1.24   386.9    6.8      21.851
2013   10        8    15  59    1.24   386.8    6.8      21.830
2013   10        8    16  10    1.24   386.8    6.8      21.808
2013   10        8    16  20    1.24   386.7    6.8      21.786
2013   10        8    16  31    1.23   386.6    6.7      21.763
2013   10        8    16  42    1.23   386.5    6.7      21.741
2013   10        8    16  52    1.23   386.4    6.7      21.718
2013   10        8    17   3    1.23   386.3    6.7      21.694
2013   10        8    17  14    1.23   386.2    6.7      21.670
2013   10        8    17  24    1.23   386.2    6.7      21.646
2013   10        8    17  35    1.23   386.1    6.7      21.622
2013   10        8    17  46    1.22   386.0    6.7      21.597
2013   10        8    17  56    1.22   385.9    6.7      21.572
2013   10        8    18   7    1.22   385.8    6.7      21.548
2013   10        8    18  17    1.22   385.7    6.7      21.523
2013   10        8    18  28    1.22   385.6    6.7      21.497
2013   10        8    18  39    1.22   385.5    6.7      21.472
2013   10        8    18  49    1.21   385.4    6.7      21.446
2013   10        8    19   0    1.21   385.3    6.7      21.420
2013   10        8    19  10    1.21   385.2    6.6      21.394
2013   10        8    19  21    1.21   385.1    6.6      21.368
2013   10        8    19  31    1.21   385.0    6.6      21.341
2013   10        8    19  42    1.21   384.9    6.6      21.314
2013   10        8    19  53    1.20   384.8    6.6      21.288
2013   10        8    20   3    1.20   384.7    6.6      21.260
2013   10        8    20  14    1.20   384.6    6.6      21.233
2013   10        8    20  24    1.20   384.5    6.6      21.206
2013   10        8    20  35    1.20   384.4    6.6      21.178
2013   10        8    20  46    1.20   384.3    6.6      21.151
2013   10        8    20  56    1.19   384.2    6.6      21.123
2013   10        8    21   7    1.19   384.1    6.6      21.096
2013   10        8    21  17    1.19   383.9    6.6      21.068
2013   10        8    21  28    1.19   383.8    6.6      21.041
2013   10        8    21  39    1.19   383.7    6.5      21.013
2013   10        8    21  49    1.19   383.6    6.5      20.986
2013   10        8    22   0    1.18   383.5    6.5      20.959
2013   10        8    22  11    1.18   383.4    6.5      20.932
2013   10        8    22  21    1.18   383.3    6.5      20.905
2013   10        8    22  32    1.18   383.1    6.5      20.878
2013   10        8    22  42    1.18   383.0    6.5      20.852
2013   10        8    22  53    1.18   382.9    6.5      20.825
2013   10        8    23   4    1.18   382.8    6.5      20.798
2013   10        8    23  14    1.17   382.7    6.5      20.771
2013   10        8    23  25    1.17   382.5    6.5      20.745
2013   10        8    23  36    1.17   382.4    6.5      20.717
2013   10        8    23  46    1.17   382.3    6.5      20.690
2013   10        8    23  57    1.17   382.2    6.5      20.663
2013   10        9     0   8    1.17   382.1    6.5      20.635
2013   10        9     0  18    1.16   381.9    6.5      20.607
2013   10        9     0  29    1.16   381.8    6.5      20.579
2013   10        9     0  40    1.16   381.7    6.5      20.550
2013   10        9     0  50    1.16   381.5    6.4      20.522
2013   10        9     1   1    1.16   381.4    6.4      20.493
2013   10        9     1  12    1.16   381.3    6.4      20.465
2013   10        9     1  22    1.16   381.1    6.4      20.436
2013   10        9     1  33    1.15   381.0    6.4      20.407
2013   10        9     1  43    1.15   380.9    6.4      20.378
2013   10        9     1  54    1.15   380.7    6.4      20.349
2013   10        9     2   5    1.15   380.6    6.4      20.320
2013   10        9     2  15    1.15   380.5    6.4      20.291
2013   10        9     2  26    1.15   380.3    6.4      20.262
2013   10        9     2  36    1.14   380.2    6.4      20.232
2013   10        9     2  47    1.14   380.0    6.4      20.203
2013   10        9     2  57    1.14   379.9    6.4      20.174
2013   10        9     3   8    1.14   379.7    6.4      20.145
2013   10        9     3  19    1.14   379.6    6.4      20.116
2013   10        9     3  29    1.14   379.5    6.4      20.086
2013   10        9     3  40    1.14   379.3    6.4      20.057
2013   10        9     3  50    1.13   379.2    6.4      20.028
2013   10        9     4   1    1.13   379.0    6.4      19.999
2013   10        9     4  12    1.13   378.9    6.3      19.970
2013   10        9     4  22    1.13   378.7    6.3      19.941
2013   10        9     4  33    1.13   378.6    6.3      19.912
2013   10        9     4  43    1.13   378.4    6.3      19.883
2013   10        9     4  54    1.13   378.2    6.3      19.854
2013   10        9     5   5    1.12   378.1    6.3      19.825
2013   10        9     5  15    1.12   377.9    6.3      19.796
2013   10        9     5  26    1.12   377.8    6.3      19.767
2013   10        9     5  37    1.12   377.6    6.3      19.738
2013   10        9     5  47    1.12   377.5    6.3      19.709
2013   10        9     5  58    1.12   377.3    6.3      19.680
2013   10        9     6   8    1.12   377.2    6.3      19.651
2013   10        9     6  19    1.12   377.0    6.3      19.622
2013   10        9     6  30    1.11   376.8    6.3      19.593
2013   10        9     6  40    1.11   376.7    6.3      19.564
2013   10        9     6  51    1.11   376.5    6.3      19.534
2013   10        9     7   2    1.11   376.4    6.3      19.505
2013   10        9     7  12    1.11   376.2    6.3      19.476
2013   10        9     7  23    1.11   376.0    6.3      19.447
2013   10        9     7  34    1.11   375.9    6.3      19.417
2013   10        9     7  44    1.11   375.7    6.3      19.387
2013   10        9     7  55    1.10   375.6    6.3      19.358
2013   10        9     8   6    1.10   375.4    6.3      19.328
2013   10        9     8  16    1.10   375.2    6.3      19.299
2013   10        9     8  27    1.10   375.1    6.2      19.269
2013   10        9     8  38    1.10   374.9    6.2      19.239
2013   10        9     8  48    1.10   374.7    6.2      19.209
2013   10        9     8  59    1.10   374.6    6.2      19.180
2013   10        9     9   9    1.10   374.4    6.2      19.150
2013   10        9     9  20    1.09   374.2    6.2      19.120
2013   10        9     9  31    1.09   374.0    6.2      19.091
2013   10        9     9  41    1.09   373.9    6.2      19.062
2013   10        9     9  52    1.09   373.7    6.2      19.032
2013   10        9    10   2    1.09   373.5    6.2      19.004
2013   10        9    10  13    1.09   373.3    6.2      18.975
2013   10        9    10  23    1.09   373.2    6.2      18.946
2013   10        9    10  34    1.09   373.0    6.2      18.918
2013   10        9    10  45    1.09   372.8    6.2      18.890
2013   10        9    10  55    1.08   372.6    6.2      18.863
2013   10        9    11   6    1.08   372.4    6.2      18.836
2013   10        9    11  16    1.08   372.2    6.2      18.809
2013   10        9    11  27    1.08   372.1    6.2      18.784
2013   10        9    11  38    1.08   371.9    6.2      18.758
2013   10        9    11  48    1.08   371.7    6.2      18.733
2013   10        9    11  59    1.08   371.5    6.2      18.709
2013   10        9    12   9    1.08   371.3    6.2      18.686
2013   10        9    12  20    1.08   371.2    6.2      18.663
2013   10        9    12  31    1.08   371.0    6.2      18.642
2013   10        9    12  41    1.07   370.8    6.2      18.622
2013   10        9    12  52    1.07   370.6    6.2      18.604
2013   10        9    13   3    1.07   370.4    6.2      18.588
2013   10        9    13  13    1.07   370.2    6.2      18.575
2013   10        9    13  24    1.07   370.1    6.2      18.565
2013   10        9    13  35    1.07   369.9    6.2      18.560
2013   10        9    13  45    1.07   369.7    6.2      18.560
2013   10        9    13  56    1.07   369.6    6.2      18.568
2013   10        9    14   6    1.07   369.4    6.2      18.585
2013   10        9    14  17    1.07   369.3    6.2      18.614
2013   10        9    14  28    1.07   369.1    6.2      18.656
2013   10        9    14  38    1.07   369.0    6.3      18.717
2013   10        9    14  49    1.07   368.9    6.3      18.798
2013   10        9    15   0    1.07   368.9    6.3      18.906
2013   10        9    15  10    1.07   368.8    6.3      19.045
2013   10        9    15  21    1.08   368.8    6.3      19.222
2013   10        9    15  32    1.08   368.9    6.4      19.444
2013   10        9    15  42    1.08   368.9    6.4      19.718
2013   10        9    15  53    1.09   369.1    6.5      20.057
2013   10        9    16   4    1.09   369.3    6.5      20.466
2013   10        9    16  14    1.09   369.6    6.6      20.953
2013   10        9    16  25    1.10   370.0    6.7      21.529
2013   10        9    16  35    1.11   370.5    6.8      22.210
2013   10        9    16  46    1.11   371.0    6.9      22.989
2013   10        9    16  56    1.12   371.7    7.0      23.880
2013   10        9    17   7    1.13   372.5    7.2      24.875
2013   10        9    17  18    1.14   373.4    7.3      25.978
2013   10        9    17  28    1.15   374.4    7.5      27.179
2013   10        9    17  39    1.17   375.6    7.7      28.485
2013   10        9    17  49    1.18   376.8    7.9      29.883
2013   10        9    18   0    1.20   378.1    8.1      31.364
2013   10        9    18  11    1.22   379.5    8.4      32.936
2013   10        9    18  21    1.24   381.0    8.6      34.606
2013   10        9    18  32    1.26   382.5    8.9      36.336
2013   10        9    18  42    1.28   384.1    9.3      38.082
2013   10        9    18  53    1.31   385.8    9.6      39.894
2013   10        9    19   4    1.34   387.5    9.9      41.720
2013   10        9    19  14    1.36   389.3   10.2      43.519
2013   10        9    19  25    1.39   390.9   10.5      45.236
2013   10        9    19  35    1.41   392.4   10.8      46.750
2013   10        9    19  46    1.43   393.7   11.1      48.084
2013   10        9    19  57    1.45   394.8   11.4      49.244
2013   10        9    20   7    1.47   395.9   11.6      50.253
2013   10        9    20  18    1.49   396.8   11.8      51.119
2013   10        9    20  29    1.51   397.6   12.1      51.864
2013   10        9    20  39    1.53   398.3   12.3      52.501
2013   10        9    20  50    1.55   398.9   12.5      53.048
2013   10        9    21   1    1.57   399.5   12.7      53.520
2013   10        9    21  11    1.59   400.0   12.9      53.931
2013   10        9    21  22    1.60   400.5   13.1      54.294
2013   10        9    21  32    1.62   400.9   13.3      54.628
2013   10        9    21  43    1.64   401.3   13.5      54.943
2013   10        9    21  54    1.66   401.7   13.7      55.236
2013   10        9    22   4    1.68   402.1   13.9      55.525
2013   10        9    22  15    1.70   402.5   14.1      55.819
2013   10        9    22  26    1.72   402.9   14.3      56.114
2013   10        9    22  36    1.73   403.3   14.5      56.411
2013   10        9    22  47    1.75   403.7   14.6      56.678
2013   10        9    22  58    1.76   404.0   14.8      56.909
2013   10        9    23   8    1.77   404.2   14.9      57.105
2013   10        9    23  19    1.78   404.4   15.0      57.270
2013   10        9    23  30    1.78   404.6   15.1      57.401
2013   10        9    23  40    1.79   404.7   15.2      57.500
2013   10        9    23  51    1.80   404.8   15.3      57.564
2013   10       10     0   1    1.80   404.9   15.4      57.594
2013   10       10     0  12    1.81   404.9   15.4      57.587
2013   10       10     0  22    1.81   404.9   15.5      57.544
2013   10       10     0  33    1.81   404.8   15.5      57.466
2013   10       10     0  44    1.82   404.7   15.6      57.357
2013   10       10     0  54    1.82   404.5   15.6      57.220
2013   10       10     1   5    1.82   404.3   15.7      57.057
2013   10       10     1  15    1.82   404.1   15.7      56.871
2013   10       10     1  26    1.82   403.8   15.7      56.662
2013   10       10     1  37    1.82   403.5   15.7      56.435
2013   10       10     1  47    1.82   403.2   15.7      56.192
2013   10       10     1  58    1.82   402.9   15.7      55.934
2013   10       10     2   8    1.82   402.6   15.7      55.661
2013   10       10     2  19    1.81   402.2   15.6      55.378
2013   10       10     2  30    1.81   401.8   15.6      55.085
2013   10       10     2  40    1.80   401.5   15.5      54.784
2013   10       10     2  51    1.80   401.1   15.5      54.473
2013   10       10     3   1    1.79   400.7   15.4      54.153
2013   10       10     3  12    1.78   400.3   15.3      53.826
2013   10       10     3  23    1.77   400.0   15.2      53.495
2013   10       10     3  33    1.77   399.6   15.2      53.155
2013   10       10     3  44    1.76   399.2   15.0      52.813
2013   10       10     3  55    1.75   398.9   14.9      52.469
2013   10       10     4   5    1.73   398.5   14.8      52.126
2013   10       10     4  16    1.72   398.2   14.7      51.790
2013   10       10     4  27    1.71   397.8   14.6      51.463
2013   10       10     4  37    1.70   397.5   14.4      51.134
2013   10       10     4  48    1.68   397.1   14.3      50.805
2013   10       10     4  58    1.67   396.7   14.2      50.467
2013   10       10     5   9    1.66   396.3   14.0      50.119
2013   10       10     5  20    1.64   395.9   13.9      49.756
2013   10       10     5  30    1.63   395.5   13.7      49.380
2013   10       10     5  41    1.61   395.0   13.6      48.986
2013   10       10     5  52    1.60   394.5   13.4      48.576
2013   10       10     6   2    1.58   394.1   13.2      48.147
2013   10       10     6  13    1.56   393.5   13.1      47.700
2013   10       10     6  24    1.54   393.0   12.9      47.235
2013   10       10     6  34    1.52   392.5   12.7      46.756
2013   10       10     6  45    1.50   391.9   12.5      46.266
2013   10       10     6  55    1.49   391.3   12.3      45.764
2013   10       10     7   6    1.47   390.7   12.1      45.256
2013   10       10     7  17    1.45   390.1   11.9      44.752
2013   10       10     7  27    1.43   389.5   11.8      44.257
2013   10       10     7  38    1.41   388.9   11.6      43.783
2013   10       10     7  48    1.39   388.2   11.4      43.333
2013   10       10     7  59    1.37   387.6   11.2      42.905
2013   10       10     8  10    1.35   387.0   11.0      42.494
2013   10       10     8  20    1.33   386.4   10.8      42.099
2013   10       10     8  31    1.31   385.9   10.6      41.717
2013   10       10     8  41    1.29   385.3   10.5      41.348
2013   10       10     8  52    1.27   384.8   10.3      40.988
2013   10       10     9   2    1.25   384.2   10.1      40.638
2013   10       10     9  13    1.23   383.7   10.0      40.297
2013   10       10     9  24    1.22   383.1    9.8      39.965
2013   10       10     9  34    1.20   382.6    9.6      39.642
2013   10       10     9  45    1.18   382.1    9.5      39.329
2013   10       10     9  55    1.16   381.6    9.3      39.025
2013   10       10    10   6    1.14   381.1    9.1      38.731
2013   10       10    10  17    1.13   380.6    9.0      38.446
2013   10       10    10  27    1.11   380.1    8.8      38.170
2013   10       10    10  38    1.09   379.7    8.7      37.903
2013   10       10    10  49    1.07   379.2    8.5      37.648
2013   10       10    10  59    1.06   378.8    8.4      37.401
2013   10       10    11  10    1.04   378.3    8.2      37.165
2013   10       10    11  21    1.03   377.9    8.1      36.938
2013   10       10    11  31    1.01   377.5    7.9      36.718
2013   10       10    11  42    1.00   377.1    7.8      36.506
2013   10       10    11  52    0.98   376.7    7.7      36.301
2013   10       10    12   3    0.97   376.3    7.5      36.102
2013   10       10    12  14    0.96   376.0    7.4      35.908
2013   10       10    12  24    0.94   375.6    7.3      35.718
2013   10       10    12  35    0.93   375.3    7.2      35.533
2013   10       10    12  46    0.92   375.0    7.1      35.350
2013   10       10    12  56    0.91   374.6    7.0      35.169
2013   10       10    13   7    0.90   374.3    6.8      34.990
2013   10       10    13  18    0.89   374.0    6.7      34.811
2013   10       10    13  28    0.88   373.8    6.6      34.632
2013   10       10    13  39    0.88   373.5    6.5      34.452
2013   10       10    13  50    0.87   373.2    6.4      34.270
2013   10       10    14   0    0.86   373.0    6.4      34.086
2013   10       10    14  11    0.86   372.7    6.3      33.898
2013   10       10    14  21    0.86   372.5    6.2      33.705
2013   10       10    14  32    0.85   372.3    6.1      33.508
2013   10       10    14  43    0.85   372.1    6.0      33.305
2013   10       10    14  53    0.85   371.9    5.9      33.096
2013   10       10    15   4    0.85   371.7    5.9      32.880
2013   10       10    15  14    0.85   371.6    5.8      32.657
2013   10       10    15  25    0.85   371.4    5.7      32.426
2013   10       10    15  35    0.85   371.3    5.7      32.187
2013   10       10    15  46    0.86   371.2    5.6      31.940
2013   10       10    15  57    0.86   371.0    5.6      31.684
2013   10       10    16   7    0.86   370.9    5.5      31.420
2013   10       10    16  18    0.87   370.8    5.4      31.147
2013   10       10    16  28    0.87   370.8    5.4      30.867
2013   10       10    16  39    0.88   370.7    5.3      30.578
2013   10       10    16  50    0.88   370.6    5.3      30.283
2013   10       10    17   0    0.89   370.6    5.3      29.979
2013   10       10    17  11    0.90   370.5    5.2      29.670
2013   10       10    17  21    0.90   370.5    5.2      29.353
2013   10       10    17  32    0.91   370.5    5.1      29.032
2013   10       10    17  43    0.91   370.5    5.1      28.706
2013   10       10    17  53    0.92   370.5    5.1      28.376
2013   10       10    18   4    0.93   370.5    5.0      28.043
2013   10       10    18  15    0.93   370.5    5.0      27.707
2013   10       10    18  25    0.94   370.5    4.9      27.369
2013   10       10    18  36    0.95   370.6    4.9      27.030
2013   10       10    18  47    0.95   370.6    4.9      26.691
2013   10       10    18  57    0.96   370.7    4.8      26.353
2013   10       10    19   8    0.97   370.7    4.8      26.015
2013   10       10    19  18    0.97   370.8    4.8      25.680
2013   10       10    19  29    0.98   370.9    4.8      25.347
2013   10       10    19  40    0.98   371.0    4.7      25.018
2013   10       10    19  50    0.99   371.0    4.7      24.693
2013   10       10    20   1    0.99   371.1    4.7      24.373
2013   10       10    20  12    1.00   371.2    4.6      24.058
2013   10       10    20  22    1.01   371.3    4.6      23.751
2013   10       10    20  33    1.01   371.4    4.6      23.449
2013   10       10    20  44    1.02   371.5    4.6      23.154
2013   10       10    20  54    1.02   371.6    4.5      22.867
2013   10       10    21   5    1.03   371.6    4.5      22.587
2013   10       10    21  16    1.03   371.7    4.5      22.314
2013   10       10    21  26    1.04   371.8    4.5      22.049
2013   10       10    21  37    1.05   371.9    4.4      21.791
2013   10       10    21  47    1.05   372.0    4.4      21.541
2013   10       10    21  58    1.05   372.1    4.4      21.298
2013   10       10    22   8    1.06   372.2    4.4      21.062
2013   10       10    22  19    1.06   372.2    4.4      20.832
2013   10       10    22  30    1.07   372.3    4.3      20.609
2013   10       10    22  40    1.07   372.4    4.3      20.392
2013   10       10    22  51    1.07   372.5    4.3      20.181
2013   10       10    23   1    1.08   372.5    4.3      19.975
2013   10       10    23  12    1.08   372.6    4.3      19.775
2013   10       10    23  22    1.08   372.7    4.2      19.579
2013   10       10    23  33    1.08   372.7    4.2      19.388
2013   10       10    23  44    1.08   372.8    4.2      19.201
2013   10       10    23  54    1.09   372.8    4.2      19.019
2013   10       11     0   5    1.09   372.9    4.2      18.841
2013   10       11     0  15    1.09   372.9    4.2      18.667
2013   10       11     0  26    1.09   373.0    4.1      18.497
2013   10       11     0  37    1.09   373.0    4.1      18.330
2013   10       11     0  47    1.09   373.1    4.1      18.167
2013   10       11     0  58    1.09   373.1    4.1      18.008
2013   10       11     1   9    1.09   373.1    4.1      17.852
2013   10       11     1  19    1.09   373.2    4.1      17.699
2013   10       11     1  30    1.09   373.2    4.1      17.549
2013   10       11     1  41    1.09   373.2    4.0      17.402
2013   10       11     1  51    1.09   373.2    4.0      17.257
2013   10       11     2   2    1.09   373.2    4.0      17.114
2013   10       11     2  12    1.09   373.3    4.0      16.974
2013   10       11     2  23    1.10   373.3    4.0      16.835
2013   10       11     2  34    1.10   373.3    4.0      16.699
2013   10       11     2  44    1.10   373.3    4.0      16.564
2013   10       11     2  55    1.10   373.3    4.0      16.431
2013   10       11     3   6    1.10   373.3    4.0      16.300
2013   10       11     3  16    1.10   373.2    3.9      16.171
2013   10       11     3  27    1.11   373.2    3.9      16.043
2013   10       11     3  38    1.11   373.2    3.9      15.917
2013   10       11     3  48    1.11   373.1    3.9      15.793
2013   10       11     3  59    1.11   373.1    3.9      15.669
2013   10       11     4  10    1.11   373.0    3.9      15.548
2013   10       11     4  20    1.12   373.0    3.9      15.427
2013   10       11     4  31    1.12   372.9    3.9      15.308
2013   10       11     4  41    1.12   372.8    3.9      15.190
2013   10       11     4  52    1.12   372.7    3.9      15.073
2013   10       11     5   3    1.12   372.6    3.9      14.956
2013   10       11     5  13    1.12   372.5    3.9      14.841
2013   10       11     5  24    1.12   372.4    3.9      14.727
2013   10       11     5  34    1.12   372.3    3.9      14.614
2013   10       11     5  45    1.12   372.2    3.9      14.504
2013   10       11     5  55    1.12   372.0    3.9      14.396
2013   10       11     6   6    1.12   371.9    3.9      14.290
2013   10       11     6  17    1.12   371.7    3.9      14.188
2013   10       11     6  27    1.12   371.5    3.9      14.090
2013   10       11     6  38    1.12   371.4    3.9      13.994
2013   10       11     6  48    1.12   371.2    3.9      13.902
2013   10       11     6  59    1.12   371.0    3.9      13.814
2013   10       11     7  10    1.12   370.7    3.9      13.728
2013   10       11     7  20    1.12   370.5    4.0      13.645
2013   10       11     7  31    1.12   370.3    4.0      13.565
2013   10       11     7  41    1.12   370.1    4.0      13.488
2013   10       11     7  52    1.12   369.8    4.0      13.413
2013   10       11     8   3    1.12   369.6    4.0      13.341
2013   10       11     8  13    1.12   369.3    4.0      13.270
2013   10       11     8  24    1.12   369.1    4.1      13.203
2013   10       11     8  35    1.12   368.8    4.1      13.139
2013   10       11     8  45    1.11   368.5    4.1      13.080
2013   10       11     8  56    1.11   368.3    4.1      13.026
2013   10       11     9   6    1.11   368.0    4.2      12.977
2013   10       11     9  17    1.11   367.7    4.2      12.933
2013   10       11     9  28    1.11   367.4    4.2      12.896
2013   10       11     9  38    1.11   367.1    4.3      12.866
2013   10       11     9  49    1.11   366.9    4.3      12.842
2013   10       11    10   0    1.10   366.6    4.3      12.824
2013   10       11    10  10    1.10   366.3    4.4      12.814
2013   10       11    10  21    1.10   366.1    4.4      12.810
2013   10       11    10  32    1.10   365.8    4.4      12.812
2013   10       11    10  42    1.10   365.5    4.5      12.821
2013   10       11    10  53    1.10   365.3    4.5      12.836
2013   10       11    11   4    1.10   365.0    4.5      12.857
2013   10       11    11  14    1.10   364.7    4.6      12.882
2013   10       11    11  25    1.09   364.5    4.6      12.913
2013   10       11    11  35    1.09   364.2    4.6      12.949
2013   10       11    11  46    1.09   364.0    4.7      12.988
2013   10       11    11  57    1.09   363.7    4.7      13.032
2013   10       11    12   7    1.09   363.4    4.8      13.079
2013   10       11    12  18    1.09   363.2    4.8      13.129
2013   10       11    12  28    1.09   362.9    4.8      13.181
2013   10       11    12  39    1.09   362.6    4.9      13.237
2013   10       11    12  50    1.09   362.3    4.9      13.294
2013   10       11    13   0    1.09   362.1    4.9      13.354
2013   10       11    13  11    1.09   361.8    5.0      13.415
2013   10       11    13  21    1.09   361.5    5.0      13.478
2013   10       11    13  32    1.08   361.3    5.1      13.542
2013   10       11    13  42    1.08   361.0    5.1      13.608
2013   10       11    13  53    1.09   360.8    5.1      13.674
2013   10       11    14   4    1.09   360.5    5.2      13.741
2013   10       11    14  14    1.09   360.2    5.2      13.809
2013   10       11    14  25    1.09   360.0    5.3      13.878
2013   10       11    14  35    1.09   359.7    5.3      13.947
2013   10       11    14  46    1.09   359.5    5.3      14.016
2013   10       11    14  57    1.09   359.2    5.4      14.086
2013   10       11    15   7    1.09   359.0    5.4      14.156
2013   10       11    15  18    1.09   358.7    5.5      14.226
2013   10       11    15  28    1.09   358.4    5.5      14.296
2013   10       11    15  39    1.09   358.2    5.6      14.367
2013   10       11    15  50    1.09   357.9    5.6      14.438
2013   10       11    16   0    1.09   357.7    5.7      14.508
2013   10       11    16  11    1.10   357.5    5.7      14.579
2013   10       11    16  22    1.10   357.2    5.7      14.650
2013   10       11    16  32    1.10   357.0    5.8      14.721
2013   10       11    16  43    1.10   356.7    5.8      14.793
2013   10       11    16  54    1.10   356.5    5.9      14.864
2013   10       11    17   4    1.10   356.2    5.9      14.936
2013   10       11    17  15    1.11   356.0    6.0      15.007
2013   10       11    17  26    1.11   355.8    6.0      15.079
2013   10       11    17  36    1.11   355.5    6.1      15.152
2013   10       11    17  47    1.11   355.3    6.1      15.224
2013   10       11    17  57    1.11   355.1    6.2      15.297
2013   10       11    18   8    1.11   354.8    6.2      15.369
2013   10       11    18  19    1.12   354.6    6.3      15.442
2013   10       11    18  29    1.12   354.3    6.3      15.515
2013   10       11    18  40    1.12   354.1    6.4      15.589
2013   10       11    18  51    1.12   353.9    6.4      15.662
2013   10       11    19   1    1.12   353.6    6.4      15.736
2013   10       11    19  12    1.13   353.4    6.5      15.810
2013   10       11    19  22    1.13   353.2    6.5      15.884
2013   10       11    19  33    1.13   352.9    6.6      15.958
2013   10       11    19  44    1.13   352.7    6.6      16.033
2013   10       11    19  54    1.13   352.5    6.7      16.107
2013   10       11    20   5    1.14   352.2    6.7      16.183
2013   10       11    20  15    1.14   352.0    6.7      16.259
2013   10       11    20  26    1.14   351.8    6.8      16.335
2013   10       11    20  36    1.14   351.5    6.8      16.413
2013   10       11    20  47    1.15   351.3    6.9      16.491
2013   10       11    20  58    1.15   351.0    6.9      16.570
2013   10       11    21   8    1.15   350.8    6.9      16.650
2013   10       11    21  19    1.15   350.6    7.0      16.731
2013   10       11    21  29    1.15   350.3    7.0      16.812
2013   10       11    21  40    1.16   350.1    7.0      16.892
2013   10       11    21  51    1.16   349.9    7.1      16.972
2013   10       11    22   1    1.16   349.7    7.1      17.050
2013   10       11    22  12    1.16   349.4    7.2      17.125
2013   10       11    22  22    1.17   349.2    7.2      17.197
2013   10       11    22  33    1.17   349.0    7.2      17.265
2013   10       11    22  44    1.17   348.8    7.3      17.329
2013   10       11    22  54    1.17   348.6    7.3      17.391
2013   10       11    23   5    1.17   348.4    7.3      17.449
2013   10       11    23  16    1.18   348.2    7.3      17.503
2013   10       11    23  26    1.18   347.9    7.4      17.555
2013   10       11    23  37    1.18   347.7    7.4      17.604
2013   10       11    23  47    1.18   347.5    7.4      17.650
2013   10       11    23  58    1.18   347.3    7.5      17.694
2013   10       12     0   9    1.19   347.1    7.5      17.734
2013   10       12     0  19    1.19   346.9    7.5      17.772
2013   10       12     0  30    1.19   346.7    7.5      17.808
2013   10       12     0  41    1.19   346.5    7.5      17.841
2013   10       12     0  51    1.19   346.3    7.6      17.871
2013   10       12     1   2    1.19   346.1    7.6      17.899
2013   10       12     1  13    1.20   345.9    7.6      17.925
2013   10       12     1  23    1.20   345.7    7.6      17.949
2013   10       12     1  34    1.20   345.5    7.7      17.971
2013   10       12     1  45    1.20   345.3    7.7      17.991
2013   10       12     1  55    1.20   345.1    7.7      18.008
2013   10       12     2   6    1.20   344.9    7.7      18.024
2013   10       12     2  17    1.20   344.7    7.7      18.038
2013   10       12     2  27    1.20   344.4    7.7      18.051
2013   10       12     2  38    1.20   344.2    7.8      18.061
2013   10       12     2  48    1.21   344.0    7.8      18.071
2013   10       12     2  59    1.21   343.8    7.8      18.079
2013   10       12     3   9    1.21   343.6    7.8      18.086
2013   10       12     3  20    1.21   343.4    7.8      18.091
2013   10       12     3  31    1.21   343.1    7.8      18.096
2013   10       12     3  41    1.21   342.9    7.9      18.100
2013   10       12     3  52    1.21   342.7    7.9      18.103
2013   10       12     4   2    1.21   342.5    7.9      18.106
2013   10       12     4  13    1.21   342.2    7.9      18.107
2013   10       12     4  23    1.21   342.0    7.9      18.109
2013   10       12     4  34    1.22   341.8    7.9      18.110
2013   10       12     4  45    1.22   341.5    8.0      18.111
2013   10       12     4  55    1.22   341.3    8.0      18.112
2013   10       12     5   6    1.22   341.1    8.0      18.113
2013   10       12     5  16    1.22   340.8    8.0      18.114
2013   10       12     5  27    1.22   340.6    8.0      18.115
2013   10       12     5  38    1.22   340.3    8.1      18.117
2013   10       12     5  48    1.22   340.1    8.1      18.119
2013   10       12     5  59    1.22   339.8    8.1      18.122
2013   10       12     6   9    1.22   339.6    8.1      18.126
2013   10       12     6  20    1.23   339.3    8.2      18.130
2013   10       12     6  31    1.23   339.1    8.2      18.135
2013   10       12     6  41    1.23   338.8    8.2      18.142
2013   10       12     6  52    1.23   338.6    8.2      18.149
2013   10       12     7   3    1.23   338.4    8.3      18.157
2013   10       12     7  13    1.23   338.1    8.3      18.166
2013   10       12     7  24    1.23   337.9    8.3      18.175
2013   10       12     7  35    1.24   337.7    8.4      18.183
2013   10       12     7  45    1.24   337.5    8.4      18.190
2013   10       12     7  56    1.24   337.2    8.4      18.196
2013   10       12     8   7    1.24   337.0    8.4      18.201
2013   10       12     8  17    1.24   336.8    8.4      18.204
2013   10       12     8  28    1.24   336.7    8.5      18.206
2013   10       12     8  39    1.24   336.5    8.5      18.206
2013   10       12     8  49    1.24   336.3    8.5      18.205
2013   10       12     9   0    1.25   336.1    8.5      18.203
2013   10       12     9  10    1.25   335.9    8.5      18.199
2013   10       12     9  21    1.25   335.8    8.6      18.194
2013   10       12     9  32    1.25   335.6    8.6      18.188
2013   10       12     9  42    1.25   335.4    8.6      18.182
2013   10       12     9  53    1.25   335.3    8.6      18.174
2013   10       12    10   3    1.25   335.1    8.6      18.165
2013   10       12    10  14    1.25   334.9    8.6      18.155
2013   10       12    10  25    1.25   334.8    8.6      18.145
2013   10       12    10  35    1.25   334.6    8.6      18.134
2013   10       12    10  46    1.25   334.5    8.7      18.122
2013   10       12    10  56    1.25   334.3    8.7      18.109
2013   10       12    11   7    1.25   334.2    8.7      18.096
2013   10       12    11  17    1.25   334.0    8.7      18.082
2013   10       12    11  28    1.25   333.9    8.7      18.068
2013   10       12    11  39    1.25   333.7    8.7      18.053
2013   10       12    11  49    1.26   333.6    8.7      18.037
2013   10       12    12   0    1.26   333.4    8.7      18.022
2013   10       12    12  10    1.26   333.3    8.7      18.005
2013   10       12    12  21    1.26   333.1    8.7      17.989
2013   10       12    12  32    1.26   333.0    8.7      17.972
2013   10       12    12  42    1.26   332.8    8.7      17.954
2013   10       12    12  53    1.26   332.7    8.7      17.937
2013   10       12    13   3    1.26   332.6    8.7      17.919
2013   10       12    13  14    1.26   332.4    8.7      17.900
2013   10       12    13  25    1.26   332.3    8.8      17.882
2013   10       12    13  35    1.26   332.2    8.8      17.863
2013   10       12    13  46    1.26   332.0    8.8      17.844
2013   10       12    13  57    1.26   331.9    8.8      17.825
2013   10       12    14   7    1.26   331.8    8.8      17.806
2013   10       12    14  18    1.26   331.6    8.8      17.787
2013   10       12    14  28    1.26   331.5    8.8      17.767
2013   10       12    14  39    1.26   331.4    8.8      17.747
2013   10       12    14  50    1.26   331.2    8.8      17.728
2013   10       12    15   0    1.26   331.1    8.8      17.708
2013   10       12    15  11    1.26   331.0    8.8      17.688
2013   10       12    15  22    1.26   330.8    8.8      17.668
2013   10       12    15  32    1.26   330.7    8.8      17.648
2013   10       12    15  43    1.26   330.6    8.8      17.628
2013   10       12    15  54    1.26   330.5    8.8      17.608
2013   10       12    16   4    1.26   330.3    8.8      17.588
2013   10       12    16  15    1.26   330.2    8.8      17.568
2013   10       12    16  26    1.26   330.1    8.8      17.548
2013   10       12    16  36    1.26   330.0    8.8      17.529
2013   10       12    16  47    1.26   329.8    8.8      17.509
2013   10       12    16  58    1.26   329.7    8.8      17.489
2013   10       12    17   8    1.26   329.6    8.8      17.469
2013   10       12    17  19    1.26   329.5    8.8      17.450
2013   10       12    17  29    1.26   329.3    8.8      17.430
2013   10       12    17  40    1.26   329.2    8.8      17.411
2013   10       12    17  50    1.26   329.1    8.8      17.392
2013   10       12    18   1    1.26   329.0    8.8      17.373
2013   10       12    18  12    1.26   328.9    8.8      17.354
2013   10       12    18  22    1.26   328.7    8.8      17.335
2013   10       12    18  33    1.26   328.6    8.8      17.316
2013   10       12    18  43    1.26   328.5    8.8      17.298
2013   10       12    18  54    1.26   328.4    8.8      17.279
2013   10       12    19   4    1.26   328.3    8.8      17.261
2013   10       12    19  15    1.26   328.2    8.8      17.243
2013   10       12    19  26    1.26   328.0    8.8      17.225
2013   10       12    19  36    1.26   327.9    8.8      17.207
2013   10       12    19  47    1.26   327.8    8.8      17.190
2013   10       12    19  57    1.26   327.7    8.8      17.173
2013   10       12    20   8    1.26   327.6    8.8      17.155
2013   10       12    20  19    1.26   327.5    8.8      17.138
2013   10       12    20  29    1.26   327.3    8.8      17.122
2013   10       12    20  40    1.26   327.2    8.8      17.105
2013   10       12    20  50    1.26   327.1    8.8      17.089
2013   10       12    21   1    1.26   327.0    8.8      17.073
2013   10       12    21  12    1.26   326.9    8.8      17.057
2013   10       12    21  22    1.26   326.8    8.8      17.041
2013   10       12    21  33    1.26   326.7    8.8      17.026
2013   10       12    21  44    1.26   326.5    8.8      17.010
2013   10       12    21  54    1.26   326.4    8.8      16.995
2013   10       12    22   5    1.26   326.3    8.8      16.980
2013   10       12    22  16    1.26   326.2    8.8      16.965
2013   10       12    22  26    1.26   326.1    8.8      16.950
2013   10       12    22  37    1.26   326.0    8.9      16.936
2013   10       12    22  48    1.26   325.8    8.9      16.921
2013   10       12    22  58    1.26   325.7    8.9      16.907
2013   10       12    23   9    1.26   325.6    8.9      16.893
2013   10       12    23  20    1.26   325.5    8.9      16.880
2013   10       12    23  30    1.26   325.4    8.9      16.866
2013   10       12    23  41    1.26   325.3    8.9      16.853
2013   10       12    23  51    1.26   325.1    8.9      16.841
2013   10       13     0   2    1.26   325.0    8.9      16.828
2013   10       13     0  13    1.27   324.9    8.9      16.817
2013   10       13     0  23    1.27   324.8    8.9      16.805
2013   10       13     0  34    1.27   324.7    8.9      16.794
2013   10       13     0  44    1.27   324.6    8.9      16.783
2013   10       13     0  55    1.27   324.4    8.9      16.773
2013   10       13     1   6    1.27   324.3    8.9      16.764
2013   10       13     1  16    1.27   324.2    8.9      16.755
2013   10       13     1  27    1.27   324.1    8.9      16.746
2013   10       13     1  37    1.27   324.0    8.9      16.738
2013   10       13     1  48    1.27   323.9    8.9      16.731
2013   10       13     1  58    1.27   323.8    8.9      16.724
2013   10       13     2   9    1.27   323.6    8.9      16.717
2013   10       13     2  20    1.28   323.5    9.0      16.712
2013   10       13     2  30    1.28   323.4    9.0      16.706
2013   10       13     2  41    1.28   323.3    9.0      16.702
2013   10       13     2  51    1.28   323.2    9.0      16.698
2013   10       13     3   2    1.28   323.1    9.0      16.694
2013   10       13     3  13    1.28   323.0    9.0      16.691
2013   10       13     3  23    1.28   322.9    9.0      16.689
2013   10       13     3  34    1.28   322.8    9.0      16.687
2013   10       13     3  44    1.29   322.7    9.0      16.686
2013   10       13     3  55    1.29   322.5    9.1      16.685
2013   10       13     4   6    1.29   322.4    9.1      16.685
2013   10       13     4  16    1.29   322.3    9.1      16.686
2013   10       13     4  27    1.29   322.2    9.1      16.687
2013   10       13     4  38    1.29   322.1    9.1      16.689
2013   10       13     4  48    1.29   322.0    9.1      16.691
2013   10       13     4  59    1.30   321.9    9.1      16.694
2013   10       13     5  10    1.30   321.8    9.2      16.698
2013   10       13     5  20    1.30   321.7    9.2      16.702
2013   10       13     5  31    1.30   321.6    9.2      16.707
2013   10       13     5  41    1.30   321.5    9.2      16.712
2013   10       13     5  52    1.30   321.4    9.2      16.717
2013   10       13     6   3    1.31   321.3    9.2      16.723
2013   10       13     6  13    1.31   321.2    9.3      16.730
2013   10       13     6  24    1.31   321.1    9.3      16.736
2013   10       13     6  35    1.31   321.0    9.3      16.743
2013   10       13     6  45    1.31   320.9    9.3      16.751
2013   10       13     6  56    1.32   320.8    9.3      16.758
2013   10       13     7   7    1.32   320.7    9.3      16.766
2013   10       13     7  17    1.32   320.6    9.4      16.775
2013   10       13     7  28    1.32   320.5    9.4      16.783
2013   10       13     7  39    1.32   320.4    9.4      16.792
2013   10       13     7  49    1.33   320.3    9.4      16.801
2013   10       13     8   0    1.33   320.2    9.4      16.811
2013   10       13     8  10    1.33   320.2    9.5      16.820
2013   10       13     8  21    1.33   320.1    9.5      16.830
2013   10       13     8  31    1.33   320.0    9.5      16.841
2013   10       13     8  42    1.34   319.9    9.5      16.851
2013   10       13     8  53    1.34   319.8    9.5      16.863
2013   10       13     9   3    1.34   319.7    9.6      16.874
2013   10       13     9  14    1.35   319.6    9.6      16.886
2013   10       13     9  24    1.35   319.5    9.6      16.899
2013   10       13     9  35    1.35   319.4    9.6      16.912
2013   10       13     9  45    1.35   319.3    9.6      16.926
2013   10       13     9  56    1.36   319.3    9.7      16.940
2013   10       13    10   7    1.36   319.2    9.7      16.956
2013   10       13    10  17    1.36   319.1    9.7      16.972
2013   10       13    10  28    1.37   319.0    9.7      16.989
2013   10       13    10  38    1.37   318.9    9.8      17.007
2013   10       13    10  49    1.38   318.8    9.8      17.025
2013   10       13    11   0    1.38   318.8    9.8      17.045
2013   10       13    11  10    1.39   318.7    9.9      17.066
2013   10       13    11  21    1.39   318.6    9.9      17.088
2013   10       13    11  32    1.39   318.5    9.9      17.111
2013   10       13    11  42    1.40   318.4    9.9      17.135
2013   10       13    11  53    1.40   318.4   10.0      17.160
2013   10       13    12   3    1.41   318.3   10.0      17.186
2013   10       13    12  14    1.42   318.2   10.0      17.213
2013   10       13    12  25    1.42   318.2   10.1      17.242
2013   10       13    12  35    1.43   318.1   10.1      17.271
2013   10       13    12  46    1.43   318.0   10.1      17.302
2013   10       13    12  57    1.44   317.9   10.2      17.333
2013   10       13    13   7    1.45   317.9   10.2      17.366
2013   10       13    13  18    1.45   317.8   10.3      17.400
2013   10       13    13  29    1.46   317.7   10.3      17.435
2013   10       13    13  39    1.47   317.6   10.3      17.470
2013   10       13    13  50    1.47   317.5   10.4      17.507
2013   10       13    14   1    1.48   317.4   10.4      17.545
2013   10       13    14  11    1.49   317.3   10.5      17.584
2013   10       13    14  22    1.50   317.2   10.5      17.624
2013   10       13    14  32    1.51   317.0   10.6      17.667
2013   10       13    14  43    1.52   316.9   10.6      17.711
2013   10       13    14  54    1.53   316.7   10.7      17.758
2013   10       13    15   4    1.54   316.6   10.7      17.808
2013   10       13    15  15    1.55   316.5   10.8      17.862
2013   10       13    15  25    1.57   316.4   10.9      17.920
2013   10       13    15  36    1.58   316.3   10.9      17.982
2013   10       13    15  47    1.59   316.2   11.0      18.050
2013   10       13    15  57    1.61   316.1   11.1      18.121
2013   10       13    16   8    1.62   316.1   11.1      18.198
2013   10       13    16  18    1.63   316.0   11.2      18.279
2013   10       13    16  29    1.65   316.0   11.3      18.365
2013   10       13    16  39    1.66   316.0   11.4      18.455
2013   10       13    16  50    1.68   316.0   11.5      18.549
2013   10       13    17   1    1.69   316.0   11.6      18.647
2013   10       13    17  11    1.71   316.0   11.7      18.749
2013   10       13    17  22    1.72   316.0   11.8      18.855
2013   10       13    17  32    1.74   316.1   11.9      18.966
2013   10       13    17  43    1.76   316.1   12.0      19.081
2013   10       13    17  54    1.77   316.2   12.1      19.200
2013   10       13    18   4    1.79   316.2   12.2      19.325
2013   10       13    18  15    1.81   316.3   12.3      19.456
2013   10       13    18  25    1.82   316.4   12.4      19.594
2013   10       13    18  36    1.84   316.6   12.5      19.739
2013   10       13    18  47    1.86   316.7   12.7      19.892
2013   10       13    18  57    1.88   316.9   12.8      20.055
2013   10       13    19   8    1.90   317.1   12.9      20.230
2013   10       13    19  19    1.92   317.3   13.1      20.418
2013   10       13    19  29    1.94   317.6   13.2      20.621
2013   10       13    19  40    1.96   317.9   13.4      20.841
2013   10       13    19  51    1.98   318.3   13.6      21.081
2013   10       13    20   1    2.01   318.6   13.7      21.341
2013   10       13    20  12    2.03   319.1   13.9      21.623
2013   10       13    20  23    2.06   319.5   14.1      21.933
2013   10       13    20  33    2.09   319.9   14.3      22.270
2013   10       13    20  44    2.12   320.4   14.6      22.635
2013   10       13    20  55    2.15   321.0   14.9      23.036
2013   10       13    21   5    2.18   321.6   15.1      23.495
2013   10       13    21  16    2.22   322.2   15.4      24.004
2013   10       13    21  26    2.26   322.9   15.8      24.554
2013   10       13    21  37    2.30   323.8   16.1      25.137
2013   10       13    21  48    2.34   324.7   16.5      25.787
2013   10       13    21  58    2.38   325.7   16.8      26.488
2013   10       13    22   9    2.42   327.0   17.2      27.236
2013   10       13    22  19    2.46   328.2   17.5      28.014
2013   10       13    22  30    2.50   329.4   17.7      28.787
2013   10       13    22  41    2.53   330.5   18.0      29.495
2013   10       13    22  51    2.57   331.5   18.2      30.141
2013   10       13    23   2    2.60   332.6   18.4      30.726
2013   10       13    23  12    2.62   333.5   18.5      31.254
2013   10       13    23  23    2.65   334.4   18.6      31.725
2013   10       13    23  33    2.68   335.2   18.7      32.147
2013   10       13    23  44    2.70   335.9   18.8      32.522
2013   10       13    23  55    2.72   336.5   18.9      32.855
2013   10       14     0   5    2.74   337.1   19.0      33.150
2013   10       14     0  16    2.77   337.6   19.0      33.414
2013   10       14     0  26    2.79   338.1   19.1      33.650
2013   10       14     0  37    2.81   338.5   19.1      33.864
2013   10       14     0  48    2.83   338.8   19.2      34.061
2013   10       14     0  58    2.85   339.1   19.2      34.247
2013   10       14     1   9    2.87   339.5   19.3      34.424
2013   10       14     1  19    2.89   339.8   19.4      34.597
2013   10       14     1  30    2.91   340.1   19.4      34.767
2013   10       14     1  41    2.93   340.5   19.5      34.936
2013   10       14     1  51    2.95   340.8   19.6      35.105
2013   10       14     2   2    2.97   341.1   19.6      35.279
2013   10       14     2  13    3.00   341.4   19.7      35.463
2013   10       14     2  23    3.02   341.8   19.9      35.661
2013   10       14     2  34    3.04   342.2   20.0      35.878
2013   10       14     2  44    3.07   342.6   20.1      36.123
2013   10       14     2  55    3.09   343.1   20.3      36.399
2013   10       14     3   6    3.12   343.7   20.6      36.712
2013   10       14     3  16    3.15   344.4   20.8      37.072
2013   10       14     3  27    3.18   345.2   21.1      37.512
2013   10       14     3  38    3.22   346.1   21.5      38.029
2013   10       14     3  48    3.26   347.0   21.9      38.608
2013   10       14     3  59    3.31   348.2   22.3      39.247
2013   10       14     4  10    3.36   349.5   22.8      39.992
2013   10       14     4  20    3.41   351.0   23.2      40.835
2013   10       14     4  31    3.46   352.8   23.7      41.777
2013   10       14     4  42    3.51   354.4   24.2      42.774
2013   10       14     4  52    3.57   356.0   24.6      43.780
2013   10       14     5   3    3.61   357.5   25.0      44.764
2013   10       14     5  13    3.66   359.1   25.4      45.739
2013   10       14     5  24    3.70   360.7   25.7      46.722
2013   10       14     5  35    3.74   362.3   26.0      47.723
2013   10       14     5  45    3.77   363.8   26.2      48.723
2013   10       14     5  56    3.80   365.3   26.4      49.695
2013   10       14     6   6    3.83   366.7   26.5      50.635
2013   10       14     6  17    3.85   368.1   26.6      51.550
2013   10       14     6  28    3.87   369.5   26.6      52.436
2013   10       14     6  38    3.89   370.8   26.7      53.290
2013   10       14     6  49    3.91   372.2   26.7      54.106
2013   10       14     6  59    3.93   373.6   26.6      54.883
2013   10       14     7  10    3.94   374.9   26.6      55.611
2013   10       14     7  20    3.95   376.3   26.5      56.292
2013   10       14     7  31    3.97   377.7   26.4      56.930
2013   10       14     7  42    3.98   379.0   26.3      57.524
2013   10       14     7  52    3.99   380.4   26.2      58.070
2013   10       14     8   3    4.00   381.8   26.1      58.581
2013   10       14     8  13    4.00   383.3   25.9      59.053
2013   10       14     8  24    4.01   384.9   25.7      59.502
2013   10       14     8  35    4.01   386.4   25.5      59.931
2013   10       14     8  45    4.01   387.9   25.3      60.320
2013   10       14     8  56    4.00   389.4   25.0      60.659
2013   10       14     9   6    4.00   390.8   24.8      60.974
2013   10       14     9  17    3.99   392.1   24.5      61.187
2013   10       14     9  28    3.98   393.2   24.2      61.292
2013   10       14     9  38    3.97   394.2   23.9      61.322
2013   10       14     9  49    3.96   394.9   23.6      61.284
2013   10       14    10   0    3.95   395.6   23.4      61.227
2013   10       14    10  10    3.95   396.4   23.2      61.242
2013   10       14    10  21    3.95   397.2   23.1      61.315
2013   10       14    10  32    3.95   398.0   23.1      61.451
2013   10       14    10  42    3.96   399.0   23.1      61.664
2013   10       14    10  53    3.97   400.0   23.1      61.965
2013   10       14    11   4    3.99   400.9   23.2      62.318
2013   10       14    11  14    4.00   402.1   23.3      62.742
2013   10       14    11  25    4.02   403.4   23.5      63.274
2013   10       14    11  36    4.04   404.8   23.6      63.923
2013   10       14    11  46    4.06   406.6   23.7      64.697
2013   10       14    11  57    4.07   408.4   23.8      65.582
2013   10       14    12   7    4.08   410.2   23.8      66.518
2013   10       14    12  18    4.09   412.1   23.8      67.449
2013   10       14    12  29    4.10   413.9   23.7      68.372
2013   10       14    12  39    4.10   415.7   23.7      69.290
2013   10       14    12  50    4.10   417.5   23.5      70.197
2013   10       14    13   0    4.09   419.1   23.4      71.084
2013   10       14    13  11    4.08   420.7   23.2      71.936
2013   10       14    13  22    4.07   422.3   23.0      72.754
2013   10       14    13  32    4.06   423.7   22.8      73.527
2013   10       14    13  43    4.04   425.1   22.5      74.230
2013   10       14    13  53    4.02   426.5   22.2      74.850
2013   10       14    14   4    4.00   427.9   21.9      75.393
2013   10       14    14  14    3.97   429.3   21.6      75.866
2013   10       14    14  25    3.95   430.6   21.2      76.207
2013   10       14    14  36    3.92   431.9   20.9      76.450
2013   10       14    14  46    3.89   433.2   20.6      76.619
2013   10       14    14  57    3.86   434.6   20.2      76.713
2013   10       14    15   7    3.83   436.2   19.9      76.824
2013   10       14    15  18    3.80   437.9   19.6      76.959
2013   10       14    15  29    3.76   439.8   19.2      77.111
2013   10       14    15  39    3.73   442.0   18.9      77.289
2013   10       14    15  50    3.69   444.2   18.5      77.503
2013   10       14    16   0    3.66   446.5   18.1      77.719
2013   10       14    16  11    3.62   448.9   17.7      77.921
2013   10       14    16  22    3.58   451.5   17.3      78.152
2013   10       14    16  32    3.53   454.0   16.9      78.304
2013   10       14    16  43    3.49   456.4   16.4      78.326
2013   10       14    16  54    3.44   458.6   16.0      78.253
2013   10       14    17   4    3.40   460.4   15.6      78.067
2013   10       14    17  15    3.36   462.1   15.2      77.809
2013   10       14    17  25    3.33   463.8   14.9      77.636
2013   10       14    17  36    3.30   465.4   14.6      77.535
2013   10       14    17  47    3.27   467.0   14.3      77.505
2013   10       14    17  57    3.24   468.6   14.1      77.519
2013   10       14    18   8    3.21   470.1   13.9      77.589
2013   10       14    18  19    3.19   471.6   13.7      77.707
2013   10       14    18  29    3.16   473.1   13.5      77.861
2013   10       14    18  40    3.14   474.5   13.3      78.050
2013   10       14    18  51    3.12   476.0   13.2      78.272
2013   10       14    19   1    3.09   477.5   13.0      78.519
2013   10       14    19  12    3.07   479.0   12.9      78.781
2013   10       14    19  23    3.05   480.5   12.7      79.057
2013   10       14    19  33    3.02   482.0   12.6      79.336
2013   10       14    19  44    3.00   483.6   12.4      79.619
2013   10       14    19  54    2.97   485.2   12.2      79.900
2013   10       14    20   5    2.94   486.9   12.1      80.174
2013   10       14    20  16    2.91   488.6   11.9      80.426
2013   10       14    20  26    2.88   490.3   11.7      80.643
2013   10       14    20  37    2.85   492.2   11.5      80.796
2013   10       14    20  47    2.82   494.1   11.3      80.890
2013   10       14    20  58    2.78   496.0   11.0      80.866
2013   10       14    21   8    2.75   498.1   10.8      80.695
2013   10       14    21  19    2.71   500.1   10.5      80.359
2013   10       14    21  30    2.67   502.4   10.2      79.911
2013   10       14    21  40    2.63   504.6    9.9      79.236
2013   10       14    21  51    2.58   506.8    9.6      78.346
2013   10       14    22   1    2.54   508.9    9.3      77.301
2013   10       14    22  12    2.50   510.8    9.0      76.073
2013   10       14    22  23    2.45   512.8    8.7      74.842
2013   10       14    22  33    2.41   514.8    8.5      73.683
2013   10       14    22  44    2.37   516.9    8.2      72.585
2013   10       14    22  54    2.33   518.9    8.0      71.528
2013   10       14    23   5    2.29   520.9    7.8      70.503
2013   10       14    23  16    2.25   522.9    7.5      69.516
2013   10       14    23  26    2.21   524.9    7.3      68.554
2013   10       14    23  37    2.17   526.7    7.2      67.614
2013   10       14    23  47    2.14   528.6    7.0      66.708
2013   10       14    23  58    2.10   530.3    6.8      65.820
2013   10       15     0   9    2.07   532.0    6.6      64.966
2013   10       15     0  19    2.04   533.6    6.5      64.131
2013   10       15     0  30    2.00   535.1    6.3      63.324
2013   10       15     0  41    1.97   536.5    6.2      62.531
2013   10       15     0  51    1.94   537.7    6.1      61.762
2013   10       15     1   2    1.92   538.9    5.9      61.002
2013   10       15     1  13    1.89   539.9    5.8      60.263
2013   10       15     1  23    1.86   540.8    5.7      59.528
2013   10       15     1  34    1.83   541.5    5.6      58.809
2013   10       15     1  45    1.81   542.2    5.5      58.089
2013   10       15     1  55    1.78   542.8    5.4      57.379
2013   10       15     2   6    1.76   543.2    5.3      56.664
2013   10       15     2  17    1.74   543.6    5.3      55.956
2013   10       15     2  27    1.71   543.9    5.2      55.237
2013   10       15     2  38    1.69   544.1    5.1      54.521
2013   10       15     2  48    1.67   544.2    5.1      53.797
2013   10       15     2  59    1.65   544.2    5.0      53.070
2013   10       15     3  10    1.63   544.2    4.9      52.342
2013   10       15     3  20    1.61   544.0    4.9      51.612
2013   10       15     3  31    1.59   543.9    4.8      50.885
2013   10       15     3  41    1.57   543.7    4.8      50.163
2013   10       15     3  52    1.55   543.4    4.7      49.451
2013   10       15     4   3    1.53   543.1    4.7      48.748
2013   10       15     4  13    1.51   542.8    4.7      48.068
2013   10       15     4  24    1.50   542.5    4.6      47.404
2013   10       15     4  34    1.48   542.2    4.6      46.773
2013   10       15     4  45    1.46   541.9    4.5      46.157
2013   10       15     4  55    1.45   541.7    4.5      45.596
2013   10       15     5   6    1.43   541.6    4.5      45.052
2013   10       15     5  17    1.42   541.5    4.4      44.546
2013   10       15     5  27    1.41   541.4    4.4      44.074
2013   10       15     5  38    1.39   541.4    4.4      43.626
2013   10       15     5  48    1.38   541.4    4.4      43.207
2013   10       15     5  59    1.37   541.4    4.3      42.813
2013   10       15     6  10    1.36   541.4    4.3      42.436
2013   10       15     6  20    1.34   541.4    4.3      42.073
2013   10       15     6  31    1.33   541.3    4.2      41.720
2013   10       15     6  41    1.32   541.2    4.2      41.377
2013   10       15     6  52    1.31   541.1    4.2      41.042
2013   10       15     7   3    1.30   541.0    4.2      40.715
2013   10       15     7  13    1.29   540.9    4.1      40.399
2013   10       15     7  24    1.29   540.7    4.1      40.094
2013   10       15     7  35    1.28   540.6    4.1      39.798
2013   10       15     7  45    1.27   540.4    4.1      39.514
2013   10       15     7  56    1.26   540.2    4.0      39.243
2013   10       15     8   6    1.25   540.0    4.0      38.982
2013   10       15     8  17    1.24   539.9    4.0      38.732
2013   10       15     8  28    1.24   539.7    4.0      38.490
2013   10       15     8  38    1.23   539.5    4.0      38.252
2013   10       15     8  49    1.22   539.3    3.9      38.017
2013   10       15     9   0    1.22   539.1    3.9      37.786
2013   10       15     9  10    1.21   538.8    3.9      37.560
2013   10       15     9  21    1.20   538.6    3.9      37.338
2013   10       15     9  32    1.20   538.4    3.9      37.121
2013   10       15     9  42    1.19   538.1    3.9      36.910
2013   10       15     9  53    1.19   537.9    3.8      36.703
2013   10       15    10   4    1.18   537.6    3.8      36.501
2013   10       15    10  14    1.18   537.3    3.8      36.304
2013   10       15    10  25    1.17   537.1    3.8      36.113
2013   10       15    10  35    1.17   536.8    3.8      35.926
2013   10       15    10  46    1.16   536.5    3.8      35.745
2013   10       15    10  57    1.16   536.2    3.8      35.570
2013   10       15    11   7    1.15   535.9    3.8      35.401
2013   10       15    11  18    1.15   535.7    3.8      35.236
2013   10       15    11  28    1.14   535.4    3.7      35.078
2013   10       15    11  39    1.14   535.1    3.7      34.925
2013   10       15    11  49    1.13   534.8    3.7      34.777
2013   10       15    12   0    1.13   534.5    3.7      34.634
2013   10       15    12  11    1.13   534.2    3.7      34.497
2013   10       15    12  21    1.12   534.0    3.7      34.364
2013   10       15    12  32    1.12   533.7    3.7      34.235
2013   10       15    12  42    1.12   533.4    3.7      34.109
2013   10       15    12  53    1.11   533.1    3.7      33.988
2013   10       15    13   4    1.11   532.8    3.7      33.870
2013   10       15    13  14    1.11   532.6    3.7      33.754
2013   10       15    13  25    1.10   532.3    3.7      33.641
2013   10       15    13  35    1.10   531.9    3.7      33.530
2013   10       15    13  46    1.10   531.6    3.6      33.419
2013   10       15    13  57    1.09   531.3    3.6      33.311
2013   10       15    14   7    1.09   530.9    3.6      33.202
2013   10       15    14  18    1.09   530.5    3.6      33.093
2013   10       15    14  28    1.09   530.1    3.6      32.986
2013   10       15    14  39    1.08   529.8    3.6      32.883
2013   10       15    14  50    1.08   529.4    3.6      32.781
2013   10       15    15   0    1.08   529.0    3.6      32.685
2013   10       15    15  11    1.08   528.7    3.6      32.597
2013   10       15    15  22    1.07   528.3    3.6      32.515
2013   10       15    15  32    1.07   528.0    3.6      32.437
2013   10       15    15  43    1.07   527.7    3.6      32.363
2013   10       15    15  54    1.07   527.4    3.6      32.289
2013   10       15    16   4    1.07   527.0    3.6      32.214
2013   10       15    16  15    1.06   526.7    3.6      32.137
2013   10       15    16  26    1.06   526.3    3.6      32.061
2013   10       15    16  36    1.06   526.0    3.6      31.985
2013   10       15    16  47    1.06   525.7    3.6      31.910
2013   10       15    16  58    1.06   525.3    3.6      31.835
2013   10       15    17   8    1.05   525.0    3.6      31.761
2013   10       15    17  19    1.05   524.7    3.6      31.687
2013   10       15    17  29    1.05   524.3    3.6      31.613
2013   10       15    17  40    1.05   524.0    3.6      31.540
2013   10       15    17  51    1.05   523.6    3.6      31.467
2013   10       15    18   1    1.05   523.3    3.6      31.396
2013   10       15    18  12    1.04   523.0    3.6      31.326
2013   10       15    18  22    1.04   522.6    3.6      31.257
2013   10       15    18  33    1.04   522.3    3.6      31.190
2013   10       15    18  43    1.04   521.9    3.6      31.124
2013   10       15    18  54    1.04   521.6    3.6      31.059
2013   10       15    19   5    1.04   521.3    3.6      30.995
2013   10       15    19  15    1.04   520.9    3.6      30.933
2013   10       15    19  26    1.03   520.6    3.6      30.870
2013   10       15    19  36    1.03   520.2    3.6      30.809
2013   10       15    19  47    1.03   519.9    3.6      30.747
2013   10       15    19  58    1.03   519.6    3.6      30.685
2013   10       15    20   8    1.03   519.2    3.6      30.623
2013   10       15    20  19    1.03   518.9    3.6      30.561
2013   10       15    20  29    1.03   518.5    3.6      30.498
2013   10       15    20  40    1.03   518.2    3.6      30.436
2013   10       15    20  51    1.02   517.9    3.6      30.375
2013   10       15    21   1    1.02   517.5    3.6      30.314
2013   10       15    21  12    1.02   517.2    3.6      30.253
2013   10       15    21  22    1.02   516.8    3.6      30.194
2013   10       15    21  33    1.02   516.5    3.6      30.135
2013   10       15    21  44    1.02   516.1    3.6      30.078
2013   10       15    21  54    1.02   515.8    3.6      30.022
2013   10       15    22   5    1.02   515.4    3.6      29.967
2013   10       15    22  16    1.02   515.1    3.6      29.913
2013   10       15    22  26    1.01   514.7    3.6      29.861
2013   10       15    22  37    1.01   514.4    3.6      29.810
2013   10       15    22  47    1.01   514.0    3.6      29.761
2013   10       15    22  58    1.01   513.7    3.6      29.712
2013   10       15    23   9    1.01   513.3    3.6      29.665
2013   10       15    23  19    1.01   513.0    3.6      29.619
2013   10       15    23  30    1.01   512.7    3.6      29.573
2013   10       15    23  41    1.01   512.3    3.6      29.528
2013   10       15    23  51    1.01   512.0    3.6      29.483
2013   10       16     0   2    1.01   511.6    3.6      29.439
