year    month   day   hour  minute  B_enl V_enl   n_enl       T_enl
[year] [month] [day] [hour][minute] [nT]  [km/s]  [cm-3]      [kK]
2013    9       30     0   7    1.75   307.5   13.4      19.175
2013    9       30     0  18    1.75   307.6   13.4      19.189
2013    9       30     0  29    1.76   307.7   13.4      19.203
2013    9       30     0  40    1.76   307.8   13.4      19.218
2013    9       30     0  51    1.76   307.9   13.4      19.232
2013    9       30     1   2    1.76   308.0   13.4      19.247
2013    9       30     1  13    1.76   308.0   13.4      19.262
2013    9       30     1  24    1.76   308.1   13.4      19.277
2013    9       30     1  35    1.76   308.2   13.4      19.293
2013    9       30     1  46    1.76   308.3   13.4      19.308
2013    9       30     1  56    1.76   308.4   13.4      19.324
2013    9       30     2   7    1.77   308.5   13.4      19.340
2013    9       30     2  18    1.77   308.5   13.4      19.355
2013    9       30     2  29    1.77   308.6   13.4      19.370
2013    9       30     2  40    1.77   308.7   13.4      19.386
2013    9       30     2  51    1.77   308.8   13.4      19.401
2013    9       30     3   2    1.77   308.9   13.4      19.416
2013    9       30     3  13    1.77   309.0   13.4      19.431
2013    9       30     3  24    1.77   309.0   13.4      19.446
2013    9       30     3  35    1.77   309.1   13.4      19.461
2013    9       30     3  46    1.77   309.2   13.4      19.476
2013    9       30     3  57    1.77   309.3   13.4      19.491
2013    9       30     4   7    1.77   309.4   13.4      19.506
2013    9       30     4  18    1.77   309.5   13.4      19.521
2013    9       30     4  29    1.77   309.6   13.4      19.536
2013    9       30     4  40    1.77   309.6   13.4      19.550
2013    9       30     4  50    1.77   309.7   13.4      19.564
2013    9       30     5   1    1.77   309.8   13.4      19.577
2013    9       30     5  12    1.77   309.9   13.4      19.589
2013    9       30     5  23    1.77   310.0   13.4      19.601
2013    9       30     5  33    1.77   310.1   13.4      19.613
2013    9       30     5  44    1.77   310.2   13.4      19.624
2013    9       30     5  55    1.77   310.3   13.4      19.634
2013    9       30     6   6    1.77   310.4   13.3      19.644
2013    9       30     6  17    1.77   310.4   13.3      19.653
2013    9       30     6  27    1.77   310.5   13.3      19.662
2013    9       30     6  38    1.77   310.6   13.3      19.670
2013    9       30     6  49    1.77   310.7   13.3      19.678
2013    9       30     7   0    1.77   310.8   13.3      19.685
2013    9       30     7  11    1.77   310.9   13.3      19.692
2013    9       30     7  22    1.77   311.0   13.3      19.699
2013    9       30     7  33    1.77   311.0   13.3      19.705
2013    9       30     7  43    1.77   311.1   13.3      19.711
2013    9       30     7  54    1.77   311.2   13.3      19.717
2013    9       30     8   5    1.77   311.3   13.3      19.723
2013    9       30     8  16    1.77   311.4   13.2      19.729
2013    9       30     8  27    1.77   311.5   13.2      19.735
2013    9       30     8  38    1.77   311.6   13.2      19.741
2013    9       30     8  49    1.77   311.7   13.2      19.747
2013    9       30     9   0    1.77   311.8   13.2      19.753
2013    9       30     9  11    1.77   311.9   13.2      19.759
2013    9       30     9  22    1.77   311.9   13.2      19.764
2013    9       30     9  33    1.77   312.0   13.2      19.769
2013    9       30     9  43    1.77   312.1   13.2      19.774
2013    9       30     9  54    1.77   312.2   13.1      19.778
2013    9       30    10   5    1.76   312.3   13.1      19.782
2013    9       30    10  16    1.76   312.4   13.1      19.785
2013    9       30    10  27    1.76   312.5   13.1      19.788
2013    9       30    10  38    1.76   312.6   13.1      19.791
2013    9       30    10  49    1.76   312.6   13.1      19.792
2013    9       30    11   0    1.76   312.7   13.0      19.794
2013    9       30    11  11    1.76   312.8   13.0      19.795
2013    9       30    11  22    1.76   312.9   13.0      19.795
2013    9       30    11  32    1.76   313.0   13.0      19.795
2013    9       30    11  43    1.75   313.0   13.0      19.795
2013    9       30    11  54    1.75   313.1   13.0      19.794
2013    9       30    12   5    1.75   313.2   12.9      19.793
2013    9       30    12  15    1.75   313.3   12.9      19.791
2013    9       30    12  26    1.75   313.4   12.9      19.789
2013    9       30    12  37    1.75   313.4   12.9      19.786
2013    9       30    12  48    1.75   313.5   12.9      19.783
2013    9       30    12  58    1.74   313.6   12.9      19.779
2013    9       30    13   9    1.74   313.7   12.8      19.775
2013    9       30    13  20    1.74   313.7   12.8      19.770
2013    9       30    13  31    1.74   313.8   12.8      19.765
2013    9       30    13  42    1.74   313.9   12.8      19.759
2013    9       30    13  52    1.74   314.0   12.8      19.753
2013    9       30    14   3    1.73   314.0   12.7      19.746
2013    9       30    14  14    1.73   314.1   12.7      19.739
2013    9       30    14  25    1.73   314.2   12.7      19.731
2013    9       30    14  36    1.73   314.3   12.7      19.723
2013    9       30    14  47    1.73   314.3   12.6      19.715
2013    9       30    14  58    1.72   314.4   12.6      19.706
2013    9       30    15   8    1.72   314.5   12.6      19.696
2013    9       30    15  19    1.72   314.5   12.6      19.686
2013    9       30    15  30    1.72   314.6   12.6      19.675
2013    9       30    15  41    1.71   314.7   12.5      19.664
2013    9       30    15  52    1.71   314.7   12.5      19.652
2013    9       30    16   3    1.71   314.8   12.5      19.640
2013    9       30    16  14    1.71   314.9   12.5      19.628
2013    9       30    16  25    1.71   314.9   12.4      19.615
2013    9       30    16  36    1.70   315.0   12.4      19.601
2013    9       30    16  47    1.70   315.1   12.4      19.588
2013    9       30    16  58    1.70   315.1   12.4      19.573
2013    9       30    17   9    1.70   315.2   12.3      19.558
2013    9       30    17  20    1.69   315.2   12.3      19.543
2013    9       30    17  31    1.69   315.3   12.3      19.527
2013    9       30    17  42    1.69   315.4   12.3      19.511
2013    9       30    17  52    1.69   315.4   12.2      19.495
2013    9       30    18   3    1.68   315.5   12.2      19.478
2013    9       30    18  14    1.68   315.5   12.2      19.462
2013    9       30    18  25    1.68   315.6   12.2      19.444
2013    9       30    18  36    1.68   315.6   12.1      19.427
2013    9       30    18  47    1.67   315.7   12.1      19.410
2013    9       30    18  57    1.67   315.7   12.1      19.392
2013    9       30    19   8    1.67   315.7   12.1      19.374
2013    9       30    19  19    1.67   315.8   12.1      19.356
2013    9       30    19  30    1.66   315.8   12.0      19.338
2013    9       30    19  40    1.66   315.9   12.0      19.320
2013    9       30    19  51    1.66   315.9   12.0      19.302
2013    9       30    20   2    1.66   315.9   12.0      19.283
2013    9       30    20  13    1.65   316.0   11.9      19.265
2013    9       30    20  23    1.65   316.0   11.9      19.247
2013    9       30    20  34    1.65   316.0   11.9      19.228
2013    9       30    20  45    1.64   316.1   11.9      19.210
2013    9       30    20  56    1.64   316.1   11.9      19.191
2013    9       30    21   7    1.64   316.1   11.9      19.173
2013    9       30    21  18    1.64   316.2   11.8      19.154
2013    9       30    21  28    1.63   316.2   11.8      19.136
2013    9       30    21  39    1.63   316.2   11.8      19.118
2013    9       30    21  50    1.63   316.2   11.8      19.100
2013    9       30    22   1    1.63   316.3   11.8      19.081
2013    9       30    22  12    1.62   316.3   11.7      19.063
2013    9       30    22  23    1.62   316.3   11.7      19.045
2013    9       30    22  34    1.62   316.3   11.7      19.027
2013    9       30    22  44    1.62   316.4   11.7      19.010
2013    9       30    22  55    1.61   316.4   11.7      18.992
2013    9       30    23   6    1.61   316.4   11.7      18.974
2013    9       30    23  17    1.61   316.4   11.7      18.957
2013    9       30    23  28    1.61   316.4   11.6      18.939
2013    9       30    23  39    1.60   316.4   11.6      18.922
2013    9       30    23  50    1.60   316.5   11.6      18.905
2013   10        1     0   1    1.60   316.5   11.6      18.888
2013   10        1     0  12    1.60   316.5   11.6      18.871
2013   10        1     0  23    1.59   316.5   11.6      18.854
2013   10        1     0  34    1.59   316.5   11.6      18.838
2013   10        1     0  45    1.59   316.5   11.5      18.821
2013   10        1     0  56    1.59   316.5   11.5      18.804
2013   10        1     1   7    1.59   316.5   11.5      18.788
2013   10        1     1  18    1.58   316.5   11.5      18.772
2013   10        1     1  28    1.58   316.5   11.5      18.756
2013   10        1     1  39    1.58   316.5   11.5      18.740
2013   10        1     1  50    1.58   316.5   11.5      18.724
2013   10        1     2   1    1.58   316.5   11.5      18.709
2013   10        1     2  12    1.57   316.5   11.4      18.693
2013   10        1     2  22    1.57   316.5   11.4      18.678
2013   10        1     2  33    1.57   316.5   11.4      18.664
2013   10        1     2  44    1.57   316.5   11.4      18.649
2013   10        1     2  55    1.57   316.5   11.4      18.634
2013   10        1     3   5    1.56   316.5   11.4      18.620
2013   10        1     3  16    1.56   316.5   11.4      18.606
2013   10        1     3  27    1.56   316.5   11.4      18.592
2013   10        1     3  38    1.56   316.5   11.4      18.579
2013   10        1     3  49    1.56   316.4   11.4      18.566
2013   10        1     3  59    1.56   316.4   11.4      18.553
2013   10        1     4  10    1.55   316.4   11.3      18.540
2013   10        1     4  21    1.55   316.4   11.3      18.527
2013   10        1     4  32    1.55   316.4   11.3      18.515
2013   10        1     4  43    1.55   316.4   11.3      18.503
2013   10        1     4  53    1.55   316.4   11.3      18.491
2013   10        1     5   4    1.55   316.3   11.3      18.480
2013   10        1     5  15    1.55   316.3   11.3      18.469
2013   10        1     5  26    1.54   316.3   11.3      18.458
2013   10        1     5  37    1.54   316.3   11.3      18.447
2013   10        1     5  48    1.54   316.3   11.3      18.437
2013   10        1     5  59    1.54   316.3   11.3      18.427
2013   10        1     6  10    1.54   316.2   11.3      18.418
2013   10        1     6  20    1.54   316.2   11.3      18.408
2013   10        1     6  31    1.54   316.2   11.3      18.399
2013   10        1     6  42    1.54   316.2   11.3      18.391
2013   10        1     6  53    1.54   316.2   11.3      18.383
2013   10        1     7   4    1.53   316.1   11.3      18.375
2013   10        1     7  15    1.53   316.1   11.3      18.368
2013   10        1     7  26    1.53   316.1   11.3      18.360
2013   10        1     7  37    1.53   316.1   11.3      18.354
2013   10        1     7  48    1.53   316.0   11.3      18.347
2013   10        1     7  59    1.53   316.0   11.3      18.341
2013   10        1     8  10    1.53   316.0   11.3      18.335
2013   10        1     8  21    1.53   316.0   11.3      18.330
2013   10        1     8  32    1.53   315.9   11.3      18.325
2013   10        1     8  43    1.53   315.9   11.3      18.321
2013   10        1     8  53    1.53   315.9   11.3      18.316
2013   10        1     9   4    1.53   315.9   11.3      18.313
2013   10        1     9  15    1.53   315.8   11.3      18.309
2013   10        1     9  26    1.53   315.8   11.3      18.306
2013   10        1     9  37    1.53   315.8   11.3      18.303
2013   10        1     9  47    1.52   315.8   11.3      18.300
2013   10        1     9  58    1.52   315.7   11.4      18.298
2013   10        1    10   9    1.52   315.7   11.4      18.295
2013   10        1    10  20    1.52   315.7   11.4      18.294
2013   10        1    10  30    1.52   315.6   11.4      18.292
2013   10        1    10  41    1.52   315.6   11.4      18.291
2013   10        1    10  52    1.52   315.6   11.4      18.290
2013   10        1    11   3    1.52   315.6   11.4      18.289
2013   10        1    11  14    1.53   315.5   11.4      18.288
2013   10        1    11  24    1.53   315.5   11.4      18.288
2013   10        1    11  35    1.53   315.5   11.4      18.288
2013   10        1    11  46    1.53   315.4   11.4      18.288
2013   10        1    11  57    1.53   315.4   11.4      18.289
2013   10        1    12   8    1.53   315.4   11.4      18.290
2013   10        1    12  19    1.53   315.4   11.4      18.291
2013   10        1    12  29    1.53   315.3   11.4      18.293
2013   10        1    12  40    1.53   315.3   11.5      18.295
2013   10        1    12  51    1.53   315.3   11.5      18.298
2013   10        1    13   2    1.53   315.2   11.5      18.301
2013   10        1    13  13    1.53   315.2   11.5      18.304
2013   10        1    13  24    1.53   315.2   11.5      18.308
2013   10        1    13  35    1.53   315.1   11.5      18.313
2013   10        1    13  46    1.53   315.1   11.5      18.317
2013   10        1    13  57    1.53   315.1   11.5      18.323
2013   10        1    14   7    1.54   315.1   11.5      18.329
2013   10        1    14  18    1.54   315.0   11.6      18.336
2013   10        1    14  29    1.54   315.0   11.6      18.343
2013   10        1    14  40    1.54   315.0   11.6      18.350
2013   10        1    14  51    1.54   315.0   11.6      18.359
2013   10        1    15   2    1.54   314.9   11.6      18.368
2013   10        1    15  13    1.54   314.9   11.6      18.378
2013   10        1    15  24    1.54   314.9   11.7      18.388
2013   10        1    15  35    1.55   314.8   11.7      18.399
2013   10        1    15  46    1.55   314.8   11.7      18.411
2013   10        1    15  57    1.55   314.8   11.7      18.424
2013   10        1    16   8    1.55   314.8   11.8      18.438
2013   10        1    16  18    1.55   314.7   11.8      18.452
2013   10        1    16  29    1.55   314.7   11.8      18.467
2013   10        1    16  40    1.56   314.7   11.8      18.483
2013   10        1    16  51    1.56   314.7   11.9      18.501
2013   10        1    17   2    1.56   314.7   11.9      18.519
2013   10        1    17  12    1.56   314.6   11.9      18.538
2013   10        1    17  23    1.57   314.6   11.9      18.559
2013   10        1    17  34    1.57   314.6   12.0      18.581
2013   10        1    17  45    1.57   314.6   12.0      18.604
2013   10        1    17  56    1.57   314.6   12.0      18.628
2013   10        1    18   6    1.58   314.6   12.1      18.655
2013   10        1    18  17    1.58   314.6   12.1      18.682
2013   10        1    18  28    1.58   314.6   12.2      18.711
2013   10        1    18  39    1.59   314.6   12.2      18.742
2013   10        1    18  50    1.59   314.6   12.2      18.775
2013   10        1    19   0    1.59   314.6   12.3      18.809
2013   10        1    19  11    1.60   314.7   12.3      18.845
2013   10        1    19  22    1.60   314.7   12.3      18.884
2013   10        1    19  33    1.60   314.7   12.4      18.924
2013   10        1    19  44    1.61   314.8   12.4      18.966
2013   10        1    19  55    1.61   314.8   12.5      19.008
2013   10        1    20   6    1.62   314.8   12.5      19.052
2013   10        1    20  16    1.62   314.9   12.5      19.097
2013   10        1    20  27    1.63   314.9   12.6      19.141
2013   10        1    20  38    1.63   315.0   12.6      19.187
2013   10        1    20  49    1.63   315.0   12.7      19.233
2013   10        1    21   0    1.64   315.0   12.7      19.280
2013   10        1    21  11    1.64   315.1   12.8      19.328
2013   10        1    21  22    1.65   315.2   12.8      19.377
2013   10        1    21  33    1.65   315.2   12.8      19.427
2013   10        1    21  44    1.66   315.3   12.9      19.477
2013   10        1    21  55    1.66   315.3   12.9      19.528
2013   10        1    22   6    1.67   315.4   13.0      19.580
2013   10        1    22  17    1.67   315.5   13.0      19.633
2013   10        1    22  28    1.68   315.5   13.1      19.686
2013   10        1    22  39    1.69   315.6   13.1      19.741
2013   10        1    22  49    1.69   315.7   13.2      19.797
2013   10        1    23   0    1.70   315.8   13.2      19.855
2013   10        1    23  11    1.70   315.9   13.2      19.913
2013   10        1    23  22    1.71   316.0   13.3      19.973
2013   10        1    23  33    1.71   316.1   13.3      20.033
2013   10        1    23  43    1.72   316.2   13.4      20.094
2013   10        1    23  54    1.73   316.2   13.4      20.156
2013   10        2     0   5    1.73   316.3   13.5      20.218
2013   10        2     0  16    1.74   316.4   13.5      20.279
2013   10        2     0  26    1.74   316.5   13.6      20.341
2013   10        2     0  37    1.75   316.6   13.6      20.403
2013   10        2     0  48    1.76   316.7   13.7      20.466
2013   10        2     0  59    1.76   316.8   13.7      20.529
2013   10        2     1  10    1.77   316.9   13.8      20.593
2013   10        2     1  20    1.77   317.0   13.8      20.658
2013   10        2     1  31    1.78   317.1   13.9      20.723
2013   10        2     1  42    1.79   317.2   13.9      20.790
2013   10        2     1  53    1.80   317.4   14.0      20.859
2013   10        2     2   4    1.80   317.5   14.1      20.929
2013   10        2     2  14    1.81   317.6   14.1      21.001
2013   10        2     2  25    1.82   317.7   14.2      21.075
2013   10        2     2  36    1.82   317.9   14.2      21.153
2013   10        2     2  47    1.83   318.0   14.3      21.234
2013   10        2     2  58    1.84   318.2   14.4      21.318
2013   10        2     3   9    1.85   318.3   14.4      21.404
2013   10        2     3  20    1.86   318.5   14.5      21.493
2013   10        2     3  30    1.86   318.7   14.6      21.585
2013   10        2     3  41    1.87   318.9   14.6      21.682
2013   10        2     3  52    1.88   319.1   14.7      21.782
2013   10        2     4   3    1.89   319.4   14.8      21.886
2013   10        2     4  14    1.90   319.6   14.8      21.993
2013   10        2     4  25    1.91   319.8   14.9      22.102
2013   10        2     4  36    1.92   320.1   15.0      22.208
2013   10        2     4  47    1.93   320.3   15.0      22.313
2013   10        2     4  58    1.94   320.6   15.1      22.416
2013   10        2     5   9    1.95   320.9   15.1      22.517
2013   10        2     5  20    1.95   321.1   15.2      22.616
2013   10        2     5  31    1.96   321.4   15.2      22.715
2013   10        2     5  42    1.97   321.6   15.3      22.812
2013   10        2     5  53    1.98   321.9   15.3      22.908
2013   10        2     6   3    1.99   322.2   15.4      23.003
2013   10        2     6  14    2.00   322.5   15.4      23.099
2013   10        2     6  25    2.01   322.8   15.5      23.193
2013   10        2     6  36    2.02   323.1   15.5      23.287
2013   10        2     6  47    2.02   323.4   15.5      23.380
2013   10        2     6  57    2.03   323.6   15.6      23.473
2013   10        2     7   8    2.04   323.9   15.6      23.565
2013   10        2     7  19    2.05   324.2   15.6      23.655
2013   10        2     7  30    2.06   324.5   15.6      23.744
2013   10        2     7  40    2.07   324.8   15.7      23.832
2013   10        2     7  51    2.07   325.1   15.7      23.917
2013   10        2     8   2    2.08   325.4   15.7      24.002
2013   10        2     8  13    2.09   325.6   15.7      24.085
2013   10        2     8  23    2.10   325.9   15.8      24.166
2013   10        2     8  34    2.10   326.2   15.8      24.247
2013   10        2     8  45    2.11   326.5   15.8      24.326
2013   10        2     8  56    2.12   326.7   15.8      24.404
2013   10        2     9   7    2.13   327.0   15.8      24.482
2013   10        2     9  17    2.14   327.3   15.9      24.559
2013   10        2     9  28    2.14   327.6   15.9      24.636
2013   10        2     9  39    2.15   327.8   15.9      24.713
2013   10        2     9  50    2.16   328.1   15.9      24.789
2013   10        2    10   1    2.17   328.4   16.0      24.867
2013   10        2    10  12    2.17   328.6   16.0      24.946
2013   10        2    10  22    2.18   328.9   16.0      25.026
2013   10        2    10  33    2.19   329.2   16.1      25.108
2013   10        2    10  44    2.20   329.5   16.1      25.191
2013   10        2    10  55    2.20   329.8   16.1      25.278
2013   10        2    11   6    2.21   330.1   16.2      25.367
2013   10        2    11  17    2.22   330.4   16.2      25.461
2013   10        2    11  28    2.23   330.8   16.2      25.558
2013   10        2    11  39    2.24   331.1   16.2      25.658
2013   10        2    11  50    2.25   331.5   16.3      25.756
2013   10        2    12   1    2.25   331.8   16.3      25.854
2013   10        2    12  12    2.26   332.2   16.3      25.950
2013   10        2    12  22    2.27   332.5   16.3      26.046
2013   10        2    12  33    2.28   332.9   16.4      26.142
2013   10        2    12  44    2.29   333.2   16.4      26.238
2013   10        2    12  55    2.29   333.6   16.4      26.335
2013   10        2    13   6    2.30   334.0   16.4      26.433
2013   10        2    13  17    2.31   334.3   16.5      26.533
2013   10        2    13  28    2.32   334.7   16.5      26.635
2013   10        2    13  39    2.32   335.1   16.5      26.742
2013   10        2    13  50    2.33   335.5   16.5      26.854
2013   10        2    14   1    2.34   335.8   16.6      26.969
2013   10        2    14  12    2.35   336.2   16.6      27.087
2013   10        2    14  22    2.36   336.6   16.6      27.211
2013   10        2    14  33    2.37   337.1   16.7      27.341
2013   10        2    14  44    2.38   337.5   16.7      27.474
2013   10        2    14  55    2.39   338.0   16.7      27.612
2013   10        2    15   5    2.39   338.5   16.8      27.750
2013   10        2    15  16    2.40   339.0   16.8      27.884
2013   10        2    15  27    2.41   339.5   16.8      28.009
2013   10        2    15  38    2.42   340.0   16.8      28.128
2013   10        2    15  48    2.42   340.4   16.8      28.239
2013   10        2    15  59    2.43   340.9   16.8      28.345
2013   10        2    16  10    2.44   341.4   16.8      28.444
2013   10        2    16  21    2.44   341.8   16.8      28.539
2013   10        2    16  32    2.45   342.3   16.8      28.628
2013   10        2    16  42    2.45   342.7   16.7      28.715
2013   10        2    16  53    2.46   343.2   16.7      28.798
2013   10        2    17   4    2.46   343.6   16.7      28.878
2013   10        2    17  15    2.47   344.1   16.7      28.957
2013   10        2    17  26    2.47   344.5   16.7      29.033
2013   10        2    17  37    2.48   344.9   16.6      29.109
2013   10        2    17  48    2.48   345.4   16.6      29.183
2013   10        2    17  58    2.48   345.8   16.6      29.257
2013   10        2    18   9    2.49   346.2   16.6      29.330
2013   10        2    18  20    2.49   346.6   16.5      29.403
2013   10        2    18  31    2.50   347.0   16.5      29.476
2013   10        2    18  42    2.50   347.5   16.5      29.549
2013   10        2    18  53    2.50   347.9   16.5      29.621
2013   10        2    19   4    2.51   348.3   16.4      29.694
2013   10        2    19  15    2.51   348.7   16.4      29.766
2013   10        2    19  26    2.51   349.2   16.4      29.839
2013   10        2    19  37    2.52   349.6   16.4      29.912
2013   10        2    19  48    2.52   350.0   16.4      29.985
2013   10        2    19  59    2.53   350.4   16.3      30.058
2013   10        2    20  10    2.53   350.8   16.3      30.133
2013   10        2    20  21    2.53   351.3   16.3      30.209
2013   10        2    20  31    2.54   351.7   16.3      30.286
2013   10        2    20  42    2.54   352.1   16.3      30.366
2013   10        2    20  53    2.55   352.5   16.3      30.449
2013   10        2    21   4    2.55   352.9   16.3      30.537
2013   10        2    21  15    2.55   353.3   16.3      30.629
2013   10        2    21  26    2.56   353.7   16.3      30.723
2013   10        2    21  36    2.56   354.1   16.3      30.822
2013   10        2    21  47    2.57   354.6   16.3      30.928
2013   10        2    21  58    2.57   355.0   16.3      31.038
2013   10        2    22   9    2.58   355.5   16.3      31.153
2013   10        2    22  19    2.58   356.0   16.3      31.272
2013   10        2    22  30    2.59   356.6   16.3      31.388
2013   10        2    22  41    2.59   357.1   16.3      31.498
2013   10        2    22  52    2.60   357.6   16.3      31.603
2013   10        2    23   3    2.60   358.1   16.3      31.701
2013   10        2    23  13    2.61   358.7   16.2      31.795
2013   10        2    23  24    2.61   359.2   16.2      31.883
2013   10        2    23  35    2.61   359.7   16.2      31.967
2013   10        2    23  46    2.61   360.3   16.1      32.046
2013   10        2    23  57    2.61   360.8   16.1      32.122
2013   10        3     0   7    2.62   361.3   16.1      32.195
2013   10        3     0  18    2.62   361.9   16.0      32.264
2013   10        3     0  29    2.62   362.4   16.0      32.331
2013   10        3     0  40    2.62   362.9   15.9      32.396
2013   10        3     0  51    2.62   363.4   15.9      32.458
2013   10        3     1   2    2.62   364.0   15.9      32.519
2013   10        3     1  13    2.62   364.5   15.8      32.579
2013   10        3     1  23    2.63   365.0   15.8      32.639
2013   10        3     1  34    2.63   365.6   15.7      32.698
2013   10        3     1  45    2.63   366.1   15.7      32.758
2013   10        3     1  56    2.63   366.7   15.6      32.817
2013   10        3     2   7    2.63   367.3   15.6      32.878
2013   10        3     2  18    2.63   367.9   15.5      32.937
2013   10        3     2  29    2.63   368.5   15.4      32.994
2013   10        3     2  40    2.62   369.1   15.4      33.049
2013   10        3     2  51    2.62   369.6   15.3      33.097
2013   10        3     3   2    2.62   370.2   15.2      33.138
2013   10        3     3  13    2.62   370.8   15.1      33.172
2013   10        3     3  24    2.61   371.4   15.0      33.200
2013   10        3     3  35    2.61   371.9   14.9      33.217
2013   10        3     3  46    2.60   372.5   14.9      33.224
2013   10        3     3  57    2.60   373.0   14.8      33.224
2013   10        3     4   7    2.59   373.5   14.7      33.219
2013   10        3     4  18    2.59   373.9   14.6      33.209
2013   10        3     4  29    2.58   374.4   14.5      33.206
2013   10        3     4  40    2.58   374.9   14.4      33.208
2013   10        3     4  51    2.58   375.4   14.3      33.215
2013   10        3     5   1    2.57   375.9   14.3      33.226
2013   10        3     5  12    2.57   376.3   14.2      33.240
2013   10        3     5  23    2.57   376.8   14.1      33.258
2013   10        3     5  34    2.56   377.3   14.1      33.278
2013   10        3     5  44    2.56   377.8   14.0      33.300
2013   10        3     5  55    2.56   378.3   14.0      33.323
2013   10        3     6   6    2.55   378.8   13.9      33.347
2013   10        3     6  17    2.55   379.3   13.8      33.371
2013   10        3     6  28    2.54   379.8   13.8      33.395
2013   10        3     6  38    2.54   380.4   13.7      33.417
2013   10        3     6  49    2.54   380.9   13.6      33.438
2013   10        3     7   0    2.53   381.4   13.6      33.457
2013   10        3     7  11    2.53   381.9   13.5      33.474
2013   10        3     7  22    2.53   382.4   13.5      33.487
2013   10        3     7  32    2.52   382.9   13.4      33.495
2013   10        3     7  43    2.52   383.4   13.3      33.500
2013   10        3     7  54    2.51   383.9   13.3      33.501
2013   10        3     8   5    2.51   384.4   13.2      33.501
2013   10        3     8  16    2.50   384.9   13.1      33.500
2013   10        3     8  27    2.50   385.4   13.1      33.499
2013   10        3     8  38    2.49   385.9   13.0      33.497
2013   10        3     8  49    2.49   386.4   12.9      33.496
2013   10        3     8  59    2.48   386.9   12.9      33.494
2013   10        3     9  10    2.47   387.5   12.8      33.494
2013   10        3     9  21    2.47   388.0   12.8      33.494
2013   10        3     9  32    2.46   388.6   12.7      33.493
2013   10        3     9  43    2.45   389.2   12.6      33.491
2013   10        3     9  54    2.45   389.7   12.5      33.486
2013   10        3    10   5    2.44   390.3   12.5      33.475
2013   10        3    10  16    2.43   390.9   12.4      33.456
2013   10        3    10  27    2.42   391.5   12.3      33.428
2013   10        3    10  38    2.41   392.0   12.2      33.392
2013   10        3    10  49    2.41   392.6   12.1      33.347
2013   10        3    11   0    2.40   393.1   12.0      33.288
2013   10        3    11  11    2.39   393.6   11.9      33.221
2013   10        3    11  22    2.38   394.1   11.8      33.148
2013   10        3    11  32    2.37   394.5   11.7      33.068
2013   10        3    11  43    2.36   394.9   11.6      32.997
2013   10        3    11  54    2.35   395.3   11.6      32.933
2013   10        3    12   5    2.34   395.7   11.5      32.877
2013   10        3    12  16    2.34   396.1   11.4      32.828
2013   10        3    12  26    2.33   396.5   11.4      32.784
2013   10        3    12  37    2.32   396.9   11.3      32.747
2013   10        3    12  48    2.31   397.3   11.3      32.713
2013   10        3    12  59    2.31   397.7   11.2      32.683
2013   10        3    13   9    2.30   398.1   11.2      32.656
2013   10        3    13  20    2.29   398.5   11.1      32.631
2013   10        3    13  31    2.29   398.9   11.0      32.608
2013   10        3    13  42    2.28   399.3   11.0      32.584
2013   10        3    13  52    2.27   399.8   10.9      32.561
2013   10        3    14   3    2.27   400.2   10.9      32.536
2013   10        3    14  14    2.26   400.7   10.8      32.509
2013   10        3    14  25    2.25   401.1   10.8      32.480
2013   10        3    14  36    2.25   401.6   10.7      32.447
2013   10        3    14  47    2.24   402.0   10.7      32.408
2013   10        3    14  57    2.23   402.5   10.6      32.364
2013   10        3    15   8    2.22   402.8   10.5      32.314
2013   10        3    15  19    2.21   403.2   10.5      32.261
2013   10        3    15  30    2.21   403.6   10.4      32.205
2013   10        3    15  41    2.20   403.9   10.4      32.149
2013   10        3    15  52    2.19   404.2   10.3      32.094
2013   10        3    16   3    2.18   404.6   10.2      32.042
2013   10        3    16  14    2.18   404.9   10.2      31.991
2013   10        3    16  24    2.17   405.2   10.1      31.942
2013   10        3    16  35    2.16   405.5   10.1      31.895
2013   10        3    16  46    2.15   405.8   10.1      31.849
2013   10        3    16  57    2.15   406.0   10.0      31.805
2013   10        3    17   8    2.14   406.3   10.0      31.762
2013   10        3    17  19    2.13   406.6    9.9      31.721
2013   10        3    17  30    2.13   406.9    9.9      31.681
2013   10        3    17  41    2.12   407.2    9.8      31.642
2013   10        3    17  52    2.11   407.5    9.8      31.604
2013   10        3    18   3    2.11   407.8    9.8      31.567
2013   10        3    18  14    2.10   408.1    9.7      31.529
2013   10        3    18  25    2.09   408.3    9.7      31.492
2013   10        3    18  36    2.09   408.6    9.6      31.456
2013   10        3    18  47    2.08   408.8    9.6      31.421
2013   10        3    18  57    2.08   409.0    9.6      31.387
2013   10        3    19   8    2.07   409.2    9.5      31.354
2013   10        3    19  19    2.07   409.5    9.5      31.323
2013   10        3    19  30    2.06   409.7    9.5      31.295
2013   10        3    19  40    2.06   409.9    9.5      31.270
2013   10        3    19  51    2.05   410.1    9.4      31.248
2013   10        3    20   2    2.05   410.4    9.4      31.229
2013   10        3    20  13    2.04   410.7    9.4      31.211
2013   10        3    20  23    2.04   410.9    9.3      31.194
2013   10        3    20  34    2.03   411.2    9.3      31.177
2013   10        3    20  45    2.03   411.5    9.3      31.158
2013   10        3    20  56    2.02   411.8    9.2      31.136
2013   10        3    21   7    2.02   412.0    9.2      31.113
2013   10        3    21  17    2.01   412.3    9.2      31.090
2013   10        3    21  28    2.01   412.6    9.2      31.065
2013   10        3    21  39    2.00   412.9    9.1      31.038
2013   10        3    21  50    2.00   413.2    9.1      31.010
2013   10        3    22   1    1.99   413.5    9.1      30.980
2013   10        3    22  12    1.99   413.8    9.0      30.947
2013   10        3    22  22    1.98   414.1    9.0      30.910
2013   10        3    22  33    1.98   414.3    8.9      30.871
2013   10        3    22  44    1.97   414.6    8.9      30.831
2013   10        3    22  55    1.97   414.8    8.9      30.789
2013   10        3    23   6    1.97   415.0    8.9      30.751
2013   10        3    23  17    1.96   415.2    8.8      30.716
2013   10        3    23  28    1.96   415.4    8.8      30.683
2013   10        3    23  39    1.95   415.6    8.8      30.653
2013   10        3    23  50    1.95   415.8    8.7      30.625
2013   10        4     0   0    1.95   416.0    8.7      30.599
2013   10        4     0  11    1.94   416.2    8.7      30.573
2013   10        4     0  22    1.94   416.4    8.7      30.548
2013   10        4     0  33    1.94   416.6    8.6      30.525
2013   10        4     0  44    1.93   416.8    8.6      30.502
2013   10        4     0  55    1.93   417.0    8.6      30.479
2013   10        4     1   6    1.92   417.2    8.6      30.457
2013   10        4     1  17    1.92   417.4    8.5      30.434
2013   10        4     1  28    1.92   417.6    8.5      30.409
2013   10        4     1  39    1.91   417.8    8.5      30.383
2013   10        4     1  50    1.91   418.0    8.5      30.358
2013   10        4     2   1    1.91   418.2    8.4      30.332
2013   10        4     2  12    1.90   418.4    8.4      30.307
2013   10        4     2  22    1.90   418.5    8.4      30.282
2013   10        4     2  33    1.90   418.7    8.4      30.257
2013   10        4     2  44    1.89   418.8    8.4      30.234
2013   10        4     2  55    1.89   419.0    8.3      30.214
2013   10        4     3   5    1.89   419.2    8.3      30.195
2013   10        4     3  16    1.88   419.4    8.3      30.179
2013   10        4     3  27    1.88   419.6    8.3      30.165
2013   10        4     3  38    1.88   419.8    8.3      30.151
2013   10        4     3  48    1.87   420.0    8.2      30.136
2013   10        4     3  59    1.87   420.3    8.2      30.118
2013   10        4     4  10    1.87   420.5    8.2      30.098
2013   10        4     4  21    1.86   420.6    8.2      30.076
2013   10        4     4  32    1.86   420.8    8.2      30.052
2013   10        4     4  42    1.86   421.0    8.1      30.029
2013   10        4     4  53    1.85   421.2    8.1      30.004
2013   10        4     5   4    1.85   421.4    8.1      29.980
2013   10        4     5  15    1.85   421.6    8.1      29.955
2013   10        4     5  26    1.84   421.7    8.0      29.929
2013   10        4     5  37    1.84   421.9    8.0      29.903
2013   10        4     5  47    1.84   422.0    8.0      29.877
2013   10        4     5  58    1.84   422.2    8.0      29.852
2013   10        4     6   9    1.83   422.4    8.0      29.828
2013   10        4     6  20    1.83   422.5    7.9      29.805
2013   10        4     6  31    1.83   422.7    7.9      29.783
2013   10        4     6  42    1.82   422.8    7.9      29.763
2013   10        4     6  53    1.82   423.0    7.9      29.743
2013   10        4     7   4    1.82   423.2    7.9      29.724
2013   10        4     7  15    1.82   423.3    7.9      29.706
2013   10        4     7  26    1.81   423.5    7.8      29.688
2013   10        4     7  36    1.81   423.7    7.8      29.670
2013   10        4     7  47    1.81   423.8    7.8      29.652
2013   10        4     7  58    1.80   424.0    7.8      29.634
2013   10        4     8   9    1.80   424.1    7.8      29.616
2013   10        4     8  20    1.80   424.2    7.8      29.598
2013   10        4     8  31    1.80   424.4    7.7      29.581
2013   10        4     8  42    1.79   424.5    7.7      29.563
2013   10        4     8  53    1.79   424.6    7.7      29.547
2013   10        4     9   4    1.79   424.7    7.7      29.531
2013   10        4     9  15    1.79   424.9    7.7      29.515
2013   10        4     9  26    1.78   425.0    7.7      29.499
2013   10        4     9  36    1.78   425.1    7.7      29.485
2013   10        4     9  47    1.78   425.2    7.6      29.470
2013   10        4     9  58    1.78   425.3    7.6      29.456
2013   10        4    10   9    1.78   425.5    7.6      29.441
2013   10        4    10  19    1.77   425.6    7.6      29.427
2013   10        4    10  30    1.77   425.7    7.6      29.412
2013   10        4    10  41    1.77   425.8    7.6      29.397
2013   10        4    10  52    1.77   425.9    7.6      29.382
2013   10        4    11   3    1.76   426.0    7.5      29.367
2013   10        4    11  13    1.76   426.2    7.5      29.351
2013   10        4    11  24    1.76   426.3    7.5      29.335
2013   10        4    11  35    1.76   426.4    7.5      29.319
2013   10        4    11  46    1.76   426.5    7.5      29.303
2013   10        4    11  57    1.75   426.6    7.5      29.286
2013   10        4    12   7    1.75   426.7    7.5      29.270
2013   10        4    12  18    1.75   426.8    7.5      29.253
2013   10        4    12  29    1.75   426.9    7.4      29.237
2013   10        4    12  40    1.75   427.0    7.4      29.220
2013   10        4    12  51    1.74   427.1    7.4      29.203
2013   10        4    13   2    1.74   427.2    7.4      29.187
2013   10        4    13  12    1.74   427.3    7.4      29.170
2013   10        4    13  23    1.74   427.4    7.4      29.154
2013   10        4    13  34    1.74   427.5    7.4      29.138
2013   10        4    13  45    1.73   427.6    7.3      29.122
2013   10        4    13  56    1.73   427.7    7.3      29.106
2013   10        4    14   7    1.73   427.8    7.3      29.090
2013   10        4    14  18    1.73   427.9    7.3      29.075
2013   10        4    14  29    1.73   428.0    7.3      29.060
2013   10        4    14  40    1.72   428.1    7.3      29.045
2013   10        4    14  51    1.72   428.2    7.3      29.030
2013   10        4    15   2    1.72   428.2    7.3      29.016
2013   10        4    15  12    1.72   428.3    7.3      29.002
2013   10        4    15  23    1.72   428.4    7.2      28.988
2013   10        4    15  34    1.71   428.5    7.2      28.974
2013   10        4    15  45    1.71   428.6    7.2      28.961
2013   10        4    15  56    1.71   428.7    7.2      28.948
2013   10        4    16   7    1.71   428.7    7.2      28.935
2013   10        4    16  18    1.71   428.8    7.2      28.922
2013   10        4    16  29    1.71   428.9    7.2      28.910
2013   10        4    16  40    1.70   429.0    7.2      28.898
2013   10        4    16  51    1.70   429.0    7.2      28.885
2013   10        4    17   1    1.70   429.1    7.2      28.874
2013   10        4    17  12    1.70   429.2    7.2      28.862
2013   10        4    17  23    1.70   429.2    7.1      28.850
2013   10        4    17  34    1.70   429.3    7.1      28.838
2013   10        4    17  44    1.70   429.4    7.1      28.826
2013   10        4    17  55    1.69   429.4    7.1      28.814
2013   10        4    18   6    1.69   429.5    7.1      28.803
2013   10        4    18  17    1.69   429.6    7.1      28.791
2013   10        4    18  27    1.69   429.6    7.1      28.779
2013   10        4    18  38    1.69   429.7    7.1      28.767
2013   10        4    18  49    1.69   429.8    7.1      28.755
2013   10        4    19   0    1.69   429.8    7.1      28.743
2013   10        4    19  11    1.68   429.9    7.1      28.731
2013   10        4    19  22    1.68   429.9    7.1      28.719
2013   10        4    19  32    1.68   430.0    7.0      28.707
2013   10        4    19  43    1.68   430.0    7.0      28.694
2013   10        4    19  54    1.68   430.1    7.0      28.682
2013   10        4    20   5    1.68   430.1    7.0      28.670
2013   10        4    20  16    1.68   430.2    7.0      28.658
2013   10        4    20  27    1.67   430.2    7.0      28.645
2013   10        4    20  37    1.67   430.3    7.0      28.633
2013   10        4    20  48    1.67   430.3    7.0      28.621
2013   10        4    20  59    1.67   430.4    7.0      28.609
2013   10        4    21  10    1.67   430.4    7.0      28.597
2013   10        4    21  21    1.67   430.5    7.0      28.585
2013   10        4    21  32    1.67   430.5    7.0      28.573
2013   10        4    21  43    1.67   430.6    6.9      28.561
2013   10        4    21  54    1.67   430.6    6.9      28.550
2013   10        4    22   5    1.66   430.7    6.9      28.538
2013   10        4    22  16    1.66   430.7    6.9      28.527
2013   10        4    22  27    1.66   430.7    6.9      28.516
2013   10        4    22  38    1.66   430.8    6.9      28.505
2013   10        4    22  49    1.66   430.8    6.9      28.494
2013   10        4    22  59    1.66   430.9    6.9      28.483
2013   10        4    23  10    1.66   430.9    6.9      28.473
2013   10        4    23  21    1.66   430.9    6.9      28.463
2013   10        4    23  32    1.66   431.0    6.9      28.453
2013   10        4    23  43    1.65   431.0    6.9      28.444
2013   10        4    23  54    1.65   431.1    6.9      28.434
2013   10        5     0   5    1.65   431.1    6.9      28.425
2013   10        5     0  15    1.65   431.1    6.9      28.416
2013   10        5     0  26    1.65   431.2    6.9      28.407
2013   10        5     0  37    1.65   431.2    6.9      28.399
2013   10        5     0  48    1.65   431.2    6.8      28.391
2013   10        5     0  58    1.65   431.3    6.8      28.382
2013   10        5     1   9    1.65   431.3    6.8      28.374
2013   10        5     1  20    1.65   431.3    6.8      28.366
2013   10        5     1  31    1.65   431.3    6.8      28.358
2013   10        5     1  42    1.65   431.4    6.8      28.351
2013   10        5     1  52    1.64   431.4    6.8      28.343
2013   10        5     2   3    1.64   431.4    6.8      28.336
2013   10        5     2  14    1.64   431.5    6.8      28.329
2013   10        5     2  25    1.64   431.5    6.8      28.321
2013   10        5     2  36    1.64   431.5    6.8      28.314
2013   10        5     2  46    1.64   431.5    6.8      28.307
2013   10        5     2  57    1.64   431.6    6.8      28.299
2013   10        5     3   8    1.64   431.6    6.8      28.292
2013   10        5     3  19    1.64   431.6    6.8      28.285
2013   10        5     3  30    1.64   431.6    6.8      28.277
2013   10        5     3  41    1.64   431.7    6.8      28.270
2013   10        5     3  52    1.64   431.7    6.8      28.262
2013   10        5     4   2    1.64   431.7    6.8      28.255
2013   10        5     4  13    1.64   431.7    6.8      28.247
2013   10        5     4  24    1.63   431.8    6.8      28.240
2013   10        5     4  35    1.63   431.8    6.8      28.232
2013   10        5     4  46    1.63   431.8    6.8      28.224
2013   10        5     4  57    1.63   431.8    6.7      28.217
2013   10        5     5   8    1.63   431.9    6.7      28.209
2013   10        5     5  19    1.63   431.9    6.7      28.201
2013   10        5     5  30    1.63   431.9    6.7      28.193
2013   10        5     5  41    1.63   431.9    6.7      28.185
2013   10        5     5  52    1.63   431.9    6.7      28.177
2013   10        5     6   3    1.63   432.0    6.7      28.169
2013   10        5     6  14    1.63   432.0    6.7      28.161
2013   10        5     6  24    1.63   432.0    6.7      28.153
2013   10        5     6  35    1.63   432.0    6.7      28.145
2013   10        5     6  46    1.63   432.0    6.7      28.137
2013   10        5     6  57    1.63   432.1    6.7      28.130
2013   10        5     7   8    1.62   432.1    6.7      28.122
2013   10        5     7  19    1.62   432.1    6.7      28.115
2013   10        5     7  30    1.62   432.1    6.7      28.108
2013   10        5     7  40    1.62   432.1    6.7      28.101
2013   10        5     7  51    1.62   432.1    6.7      28.094
2013   10        5     8   2    1.62   432.2    6.7      28.087
2013   10        5     8  13    1.62   432.2    6.7      28.080
2013   10        5     8  23    1.62   432.2    6.7      28.074
2013   10        5     8  34    1.62   432.2    6.7      28.068
2013   10        5     8  45    1.62   432.2    6.7      28.062
2013   10        5     8  56    1.62   432.3    6.7      28.056
2013   10        5     9   6    1.62   432.3    6.7      28.051
2013   10        5     9  17    1.62   432.3    6.7      28.046
2013   10        5     9  28    1.62   432.3    6.7      28.040
2013   10        5     9  39    1.62   432.3    6.7      28.036
2013   10        5     9  50    1.62   432.4    6.7      28.031
2013   10        5    10   1    1.62   432.4    6.7      28.026
2013   10        5    10  11    1.62   432.4    6.7      28.021
2013   10        5    10  22    1.62   432.4    6.7      28.016
2013   10        5    10  33    1.62   432.4    6.6      28.011
2013   10        5    10  44    1.62   432.5    6.6      28.006
2013   10        5    10  55    1.62   432.5    6.6      28.000
2013   10        5    11   6    1.62   432.5    6.6      27.995
2013   10        5    11  17    1.61   432.5    6.6      27.990
2013   10        5    11  27    1.61   432.5    6.6      27.985
2013   10        5    11  38    1.61   432.6    6.6      27.980
2013   10        5    11  49    1.61   432.6    6.6      27.974
2013   10        5    12   0    1.61   432.6    6.6      27.969
2013   10        5    12  11    1.61   432.6    6.6      27.964
2013   10        5    12  22    1.61   432.6    6.6      27.958
2013   10        5    12  33    1.61   432.7    6.6      27.953
2013   10        5    12  44    1.61   432.7    6.6      27.947
2013   10        5    12  55    1.61   432.7    6.6      27.942
2013   10        5    13   6    1.61   432.7    6.6      27.937
2013   10        5    13  17    1.61   432.7    6.6      27.931
2013   10        5    13  28    1.61   432.8    6.6      27.926
2013   10        5    13  39    1.61   432.8    6.6      27.921
2013   10        5    13  50    1.61   432.8    6.6      27.916
2013   10        5    14   0    1.61   432.8    6.6      27.911
2013   10        5    14  11    1.61   432.8    6.6      27.905
2013   10        5    14  22    1.61   432.8    6.6      27.900
2013   10        5    14  33    1.61   432.9    6.6      27.895
2013   10        5    14  44    1.61   432.9    6.6      27.890
2013   10        5    14  54    1.61   432.9    6.6      27.885
2013   10        5    15   5    1.61   432.9    6.6      27.880
2013   10        5    15  16    1.60   432.9    6.6      27.875
2013   10        5    15  27    1.60   433.0    6.6      27.870
2013   10        5    15  37    1.60   433.0    6.6      27.865
2013   10        5    15  48    1.60   433.0    6.6      27.860
2013   10        5    15  59    1.60   433.0    6.6      27.854
2013   10        5    16  10    1.60   433.0    6.6      27.849
2013   10        5    16  21    1.60   433.1    6.6      27.844
2013   10        5    16  31    1.60   433.1    6.6      27.838
2013   10        5    16  42    1.60   433.1    6.6      27.833
2013   10        5    16  53    1.60   433.1    6.6      27.828
2013   10        5    17   4    1.60   433.1    6.5      27.822
2013   10        5    17  15    1.60   433.2    6.5      27.817
2013   10        5    17  25    1.60   433.2    6.5      27.811
2013   10        5    17  36    1.60   433.2    6.5      27.806
2013   10        5    17  47    1.60   433.2    6.5      27.801
2013   10        5    17  58    1.60   433.2    6.5      27.795
2013   10        5    18   9    1.60   433.3    6.5      27.790
2013   10        5    18  20    1.60   433.3    6.5      27.785
2013   10        5    18  31    1.60   433.3    6.5      27.779
2013   10        5    18  42    1.60   433.3    6.5      27.774
2013   10        5    18  52    1.60   433.4    6.5      27.769
2013   10        5    19   3    1.60   433.4    6.5      27.764
2013   10        5    19  14    1.60   433.4    6.5      27.759
2013   10        5    19  25    1.60   433.4    6.5      27.754
2013   10        5    19  36    1.60   433.4    6.5      27.749
2013   10        5    19  47    1.59   433.5    6.5      27.745
2013   10        5    19  58    1.59   433.5    6.5      27.740
2013   10        5    20   9    1.59   433.5    6.5      27.736
2013   10        5    20  20    1.59   433.5    6.5      27.732
2013   10        5    20  31    1.59   433.5    6.5      27.729
2013   10        5    20  42    1.59   433.6    6.5      27.725
2013   10        5    20  53    1.59   433.6    6.5      27.722
2013   10        5    21   4    1.59   433.6    6.5      27.718
2013   10        5    21  14    1.59   433.6    6.5      27.715
2013   10        5    21  25    1.59   433.6    6.5      27.711
2013   10        5    21  36    1.59   433.7    6.5      27.708
2013   10        5    21  47    1.59   433.7    6.5      27.704
2013   10        5    21  58    1.59   433.7    6.5      27.700
2013   10        5    22   8    1.59   433.7    6.5      27.695
2013   10        5    22  19    1.59   433.7    6.5      27.691
2013   10        5    22  30    1.59   433.8    6.5      27.686
2013   10        5    22  41    1.59   433.8    6.5      27.681
2013   10        5    22  52    1.59   433.8    6.5      27.675
2013   10        5    23   2    1.59   433.8    6.5      27.669
2013   10        5    23  13    1.59   433.8    6.5      27.663
2013   10        5    23  24    1.58   433.9    6.5      27.657
2013   10        5    23  35    1.58   433.9    6.4      27.650
2013   10        5    23  45    1.58   433.9    6.4      27.644
2013   10        5    23  56    1.58   433.9    6.4      27.636
2013   10        6     0   7    1.58   433.9    6.4      27.629
2013   10        6     0  18    1.58   434.0    6.4      27.621
2013   10        6     0  29    1.58   434.0    6.4      27.614
2013   10        6     0  40    1.58   434.0    6.4      27.606
2013   10        6     0  50    1.58   434.0    6.4      27.598
2013   10        6     1   1    1.58   434.0    6.4      27.590
2013   10        6     1  12    1.58   434.0    6.4      27.582
2013   10        6     1  23    1.58   434.1    6.4      27.574
2013   10        6     1  34    1.58   434.1    6.4      27.566
2013   10        6     1  45    1.58   434.1    6.4      27.558
2013   10        6     1  56    1.58   434.1    6.4      27.551
2013   10        6     2   6    1.58   434.1    6.4      27.543
2013   10        6     2  17    1.57   434.2    6.4      27.535
2013   10        6     2  28    1.57   434.2    6.4      27.528
2013   10        6     2  39    1.57   434.2    6.4      27.520
2013   10        6     2  50    1.57   434.2    6.4      27.512
2013   10        6     3   1    1.57   434.2    6.4      27.505
2013   10        6     3  12    1.57   434.3    6.4      27.497
2013   10        6     3  23    1.57   434.3    6.4      27.489
2013   10        6     3  34    1.57   434.3    6.4      27.482
2013   10        6     3  45    1.57   434.3    6.4      27.474
2013   10        6     3  56    1.57   434.3    6.4      27.466
2013   10        6     4   7    1.57   434.3    6.4      27.458
2013   10        6     4  18    1.57   434.3    6.4      27.450
2013   10        6     4  29    1.57   434.4    6.4      27.442
2013   10        6     4  39    1.56   434.4    6.4      27.433
2013   10        6     4  50    1.56   434.4    6.3      27.424
2013   10        6     5   1    1.56   434.4    6.3      27.415
2013   10        6     5  12    1.56   434.4    6.3      27.405
2013   10        6     5  23    1.56   434.4    6.3      27.395
2013   10        6     5  33    1.56   434.4    6.3      27.385
2013   10        6     5  44    1.56   434.4    6.3      27.374
2013   10        6     5  55    1.56   434.4    6.3      27.363
2013   10        6     6   5    1.56   434.4    6.3      27.352
2013   10        6     6  16    1.56   434.4    6.3      27.340
2013   10        6     6  27    1.56   434.4    6.3      27.328
2013   10        6     6  38    1.56   434.4    6.3      27.315
2013   10        6     6  49    1.55   434.4    6.3      27.302
2013   10        6     6  59    1.55   434.4    6.3      27.289
2013   10        6     7  10    1.55   434.4    6.3      27.275
2013   10        6     7  21    1.55   434.4    6.3      27.262
2013   10        6     7  32    1.55   434.4    6.3      27.248
2013   10        6     7  42    1.55   434.4    6.3      27.234
2013   10        6     7  53    1.55   434.4    6.3      27.219
2013   10        6     8   4    1.55   434.4    6.3      27.205
2013   10        6     8  15    1.55   434.4    6.3      27.191
2013   10        6     8  26    1.55   434.4    6.2      27.177
2013   10        6     8  37    1.54   434.4    6.2      27.163
2013   10        6     8  48    1.54   434.4    6.2      27.149
2013   10        6     8  58    1.54   434.4    6.2      27.135
2013   10        6     9   9    1.54   434.4    6.2      27.121
2013   10        6     9  20    1.54   434.4    6.2      27.108
2013   10        6     9  31    1.54   434.3    6.2      27.094
2013   10        6     9  42    1.54   434.3    6.2      27.081
2013   10        6     9  53    1.54   434.3    6.2      27.067
2013   10        6    10   4    1.54   434.3    6.2      27.053
2013   10        6    10  15    1.54   434.3    6.2      27.040
2013   10        6    10  26    1.53   434.3    6.2      27.025
2013   10        6    10  37    1.53   434.3    6.2      27.011
2013   10        6    10  47    1.53   434.3    6.2      26.997
2013   10        6    10  58    1.53   434.3    6.2      26.982
2013   10        6    11   9    1.53   434.2    6.2      26.967
2013   10        6    11  20    1.53   434.2    6.2      26.952
2013   10        6    11  31    1.53   434.2    6.2      26.936
2013   10        6    11  42    1.53   434.2    6.2      26.921
2013   10        6    11  53    1.53   434.1    6.2      26.905
2013   10        6    12   4    1.53   434.1    6.2      26.889
2013   10        6    12  15    1.52   434.1    6.2      26.874
2013   10        6    12  26    1.52   434.0    6.2      26.858
2013   10        6    12  36    1.52   434.0    6.2      26.842
2013   10        6    12  47    1.52   434.0    6.2      26.826
2013   10        6    12  58    1.52   433.9    6.1      26.810
2013   10        6    13   8    1.52   433.9    6.1      26.794
2013   10        6    13  19    1.52   433.9    6.1      26.778
2013   10        6    13  30    1.52   433.8    6.1      26.761
2013   10        6    13  41    1.52   433.8    6.1      26.745
2013   10        6    13  52    1.52   433.8    6.1      26.728
2013   10        6    14   2    1.51   433.7    6.1      26.711
2013   10        6    14  13    1.51   433.7    6.1      26.694
2013   10        6    14  24    1.51   433.6    6.1      26.677
2013   10        6    14  35    1.51   433.6    6.1      26.659
2013   10        6    14  45    1.51   433.5    6.1      26.642
2013   10        6    14  56    1.51   433.5    6.1      26.624
2013   10        6    15   7    1.51   433.4    6.1      26.606
2013   10        6    15  18    1.51   433.4    6.1      26.588
2013   10        6    15  29    1.51   433.3    6.1      26.570
2013   10        6    15  40    1.51   433.3    6.1      26.551
2013   10        6    15  50    1.50   433.2    6.1      26.533
2013   10        6    16   1    1.50   433.2    6.1      26.514
2013   10        6    16  12    1.50   433.1    6.1      26.495
2013   10        6    16  23    1.50   433.1    6.1      26.477
2013   10        6    16  34    1.50   433.0    6.1      26.458
2013   10        6    16  45    1.50   433.0    6.1      26.439
2013   10        6    16  56    1.50   432.9    6.1      26.420
2013   10        6    17   7    1.50   432.8    6.1      26.401
2013   10        6    17  18    1.50   432.8    6.1      26.382
2013   10        6    17  28    1.50   432.7    6.1      26.363
2013   10        6    17  39    1.49   432.7    6.1      26.344
2013   10        6    17  50    1.49   432.6    6.1      26.325
2013   10        6    18   1    1.49   432.5    6.1      26.305
2013   10        6    18  12    1.49   432.5    6.0      26.286
2013   10        6    18  23    1.49   432.4    6.0      26.267
2013   10        6    18  34    1.49   432.3    6.0      26.248
2013   10        6    18  45    1.49   432.3    6.0      26.228
2013   10        6    18  56    1.49   432.2    6.0      26.209
2013   10        6    19   7    1.49   432.1    6.0      26.189
2013   10        6    19  18    1.49   432.1    6.0      26.170
2013   10        6    19  29    1.49   432.0    6.0      26.151
2013   10        6    19  39    1.48   431.9    6.0      26.132
2013   10        6    19  50    1.48   431.8    6.0      26.113
2013   10        6    20   1    1.48   431.8    6.0      26.094
2013   10        6    20  12    1.48   431.7    6.0      26.076
2013   10        6    20  22    1.48   431.6    6.0      26.057
2013   10        6    20  33    1.48   431.5    6.0      26.038
2013   10        6    20  44    1.48   431.4    6.0      26.020
2013   10        6    20  55    1.48   431.3    6.0      26.001
2013   10        6    21   5    1.48   431.3    6.0      25.982
2013   10        6    21  16    1.48   431.2    6.0      25.964
2013   10        6    21  27    1.48   431.1    6.0      25.945
2013   10        6    21  38    1.48   431.0    6.0      25.926
2013   10        6    21  48    1.48   430.9    6.0      25.907
2013   10        6    21  59    1.47   430.8    6.0      25.888
2013   10        6    22  10    1.47   430.7    6.0      25.869
2013   10        6    22  21    1.47   430.6    6.0      25.850
2013   10        6    22  32    1.47   430.5    6.0      25.830
2013   10        6    22  43    1.47   430.4    6.0      25.810
2013   10        6    22  53    1.47   430.3    6.0      25.790
2013   10        6    23   4    1.47   430.2    6.0      25.770
2013   10        6    23  15    1.47   430.1    6.0      25.750
2013   10        6    23  26    1.47   430.0    6.0      25.729
2013   10        6    23  37    1.47   429.9    6.0      25.709
2013   10        6    23  48    1.47   429.8    6.0      25.688
2013   10        6    23  59    1.47   429.7    6.0      25.667
2013   10        7     0   9    1.47   429.6    6.0      25.646
2013   10        7     0  20    1.46   429.5    6.0      25.625
2013   10        7     0  31    1.46   429.4    6.0      25.603
2013   10        7     0  42    1.46   429.3    6.0      25.582
2013   10        7     0  53    1.46   429.2    6.0      25.561
2013   10        7     1   4    1.46   429.1    6.0      25.540
2013   10        7     1  15    1.46   429.0    6.0      25.519
2013   10        7     1  26    1.46   428.9    6.0      25.498
2013   10        7     1  37    1.46   428.8    6.0      25.477
2013   10        7     1  48    1.46   428.7    6.0      25.456
2013   10        7     1  59    1.46   428.6    6.0      25.435
2013   10        7     2  10    1.46   428.5    6.0      25.415
2013   10        7     2  21    1.46   428.4    6.0      25.395
2013   10        7     2  31    1.46   428.2    6.0      25.375
2013   10        7     2  42    1.46   428.1    6.0      25.356
2013   10        7     2  53    1.46   428.0    6.0      25.337
2013   10        7     3   4    1.46   427.9    6.0      25.318
2013   10        7     3  15    1.46   427.8    6.0      25.300
2013   10        7     3  25    1.45   427.7    6.0      25.281
2013   10        7     3  36    1.45   427.6    6.0      25.263
2013   10        7     3  47    1.45   427.5    6.0      25.244
2013   10        7     3  58    1.45   427.4    6.0      25.226
2013   10        7     4   8    1.45   427.2    6.0      25.207
2013   10        7     4  19    1.45   427.1    6.0      25.188
2013   10        7     4  30    1.45   427.0    6.0      25.168
2013   10        7     4  41    1.45   426.9    6.0      25.149
2013   10        7     4  51    1.45   426.8    6.0      25.129
2013   10        7     5   2    1.45   426.7    6.0      25.108
2013   10        7     5  13    1.45   426.5    6.0      25.088
2013   10        7     5  24    1.45   426.4    6.0      25.067
2013   10        7     5  35    1.45   426.3    6.0      25.046
2013   10        7     5  45    1.45   426.2    6.0      25.025
2013   10        7     5  56    1.45   426.0    6.0      25.003
2013   10        7     6   7    1.45   425.9    6.0      24.982
2013   10        7     6  18    1.45   425.8    6.0      24.960
2013   10        7     6  29    1.45   425.7    6.0      24.938
2013   10        7     6  40    1.45   425.5    6.0      24.916
2013   10        7     6  51    1.44   425.4    6.0      24.893
2013   10        7     7   1    1.44   425.3    6.0      24.871
2013   10        7     7  12    1.44   425.1    6.0      24.848
2013   10        7     7  23    1.44   425.0    6.0      24.825
2013   10        7     7  34    1.44   424.9    6.0      24.801
2013   10        7     7  45    1.44   424.7    6.0      24.778
2013   10        7     7  56    1.44   424.6    6.0      24.754
2013   10        7     8   7    1.44   424.5    6.0      24.730
2013   10        7     8  18    1.44   424.3    6.0      24.706
2013   10        7     8  29    1.44   424.2    6.0      24.682
2013   10        7     8  40    1.44   424.1    6.0      24.658
2013   10        7     8  51    1.44   423.9    6.0      24.633
2013   10        7     9   2    1.44   423.8    6.0      24.609
2013   10        7     9  13    1.44   423.7    6.0      24.585
2013   10        7     9  23    1.44   423.5    6.0      24.561
2013   10        7     9  34    1.44   423.4    6.0      24.537
2013   10        7     9  45    1.44   423.3    6.0      24.514
2013   10        7     9  56    1.44   423.1    6.0      24.490
2013   10        7    10   7    1.44   423.0    6.0      24.467
2013   10        7    10  18    1.44   422.9    6.0      24.444
2013   10        7    10  28    1.44   422.7    6.0      24.421
2013   10        7    10  39    1.43   422.6    6.0      24.398
2013   10        7    10  50    1.43   422.5    6.0      24.376
2013   10        7    11   1    1.43   422.3    6.0      24.353
2013   10        7    11  11    1.43   422.2    6.0      24.330
2013   10        7    11  22    1.43   422.1    6.0      24.307
2013   10        7    11  33    1.43   421.9    6.0      24.284
2013   10        7    11  44    1.43   421.8    6.0      24.260
2013   10        7    11  54    1.43   421.6    6.0      24.237
2013   10        7    12   5    1.43   421.5    6.0      24.214
2013   10        7    12  16    1.43   421.3    6.0      24.190
2013   10        7    12  27    1.43   421.2    6.0      24.167
2013   10        7    12  38    1.43   421.0    6.0      24.145
2013   10        7    12  48    1.43   420.9    6.0      24.122
2013   10        7    12  59    1.43   420.7    6.0      24.101
2013   10        7    13  10    1.43   420.6    6.0      24.079
2013   10        7    13  21    1.43   420.4    6.0      24.058
2013   10        7    13  32    1.43   420.3    6.0      24.037
2013   10        7    13  43    1.43   420.1    6.0      24.017
2013   10        7    13  53    1.43   420.0    6.0      23.997
2013   10        7    14   4    1.43   419.8    6.0      23.977
2013   10        7    14  15    1.43   419.7    6.0      23.958
2013   10        7    14  26    1.43   419.5    6.0      23.940
2013   10        7    14  37    1.43   419.4    6.0      23.921
2013   10        7    14  48    1.43   419.2    6.0      23.904
2013   10        7    14  59    1.43   419.1    6.0      23.887
2013   10        7    15  10    1.43   418.9    6.0      23.870
2013   10        7    15  21    1.43   418.8    6.0      23.854
2013   10        7    15  31    1.43   418.6    6.0      23.837
2013   10        7    15  42    1.43   418.5    6.0      23.820
2013   10        7    15  53    1.43   418.3    6.0      23.802
2013   10        7    16   4    1.43   418.2    6.0      23.784
2013   10        7    16  15    1.43   418.0    6.0      23.765
2013   10        7    16  26    1.43   417.9    6.0      23.746
2013   10        7    16  37    1.43   417.7    6.0      23.727
2013   10        7    16  48    1.42   417.6    6.0      23.708
2013   10        7    16  59    1.42   417.5    6.0      23.688
2013   10        7    17  10    1.42   417.3    6.0      23.668
2013   10        7    17  21    1.42   417.2    6.0      23.648
2013   10        7    17  31    1.42   417.0    6.0      23.628
2013   10        7    17  42    1.42   416.9    6.0      23.608
2013   10        7    17  53    1.42   416.8    6.0      23.587
2013   10        7    18   4    1.42   416.6    6.0      23.567
2013   10        7    18  14    1.42   416.5    6.0      23.546
2013   10        7    18  25    1.42   416.3    6.0      23.526
2013   10        7    18  36    1.42   416.2    6.0      23.505
2013   10        7    18  47    1.42   416.0    6.0      23.485
2013   10        7    18  57    1.42   415.9    6.0      23.465
2013   10        7    19   8    1.42   415.8    6.0      23.445
2013   10        7    19  19    1.42   415.6    6.0      23.426
2013   10        7    19  30    1.42   415.5    6.0      23.408
2013   10        7    19  41    1.42   415.3    6.0      23.390
2013   10        7    19  51    1.42   415.2    6.0      23.373
2013   10        7    20   2    1.42   415.0    6.0      23.357
2013   10        7    20  13    1.42   414.9    6.0      23.342
2013   10        7    20  24    1.42   414.7    6.0      23.327
2013   10        7    20  35    1.42   414.6    6.0      23.314
2013   10        7    20  45    1.42   414.5    6.0      23.301
2013   10        7    20  56    1.42   414.3    6.0      23.289
2013   10        7    21   7    1.42   414.2    6.0      23.278
2013   10        7    21  18    1.42   414.0    6.0      23.268
2013   10        7    21  29    1.42   413.9    6.0      23.258
2013   10        7    21  40    1.42   413.8    6.1      23.250
2013   10        7    21  51    1.42   413.6    6.1      23.243
2013   10        7    22   2    1.42   413.5    6.1      23.236
2013   10        7    22  12    1.42   413.3    6.1      23.231
2013   10        7    22  23    1.42   413.2    6.1      23.227
2013   10        7    22  34    1.42   413.1    6.1      23.223
2013   10        7    22  45    1.42   412.9    6.1      23.220
2013   10        7    22  56    1.42   412.8    6.1      23.218
2013   10        7    23   7    1.42   412.7    6.1      23.215
2013   10        7    23  18    1.42   412.5    6.1      23.214
2013   10        7    23  29    1.42   412.4    6.1      23.212
2013   10        7    23  40    1.42   412.3    6.1      23.211
2013   10        7    23  51    1.42   412.2    6.1      23.210
2013   10        8     0   2    1.42   412.1    6.1      23.208
2013   10        8     0  13    1.42   411.9    6.1      23.205
2013   10        8     0  24    1.42   411.8    6.1      23.202
2013   10        8     0  34    1.42   411.7    6.1      23.198
2013   10        8     0  45    1.42   411.6    6.1      23.193
2013   10        8     0  56    1.42   411.5    6.1      23.189
2013   10        8     1   7    1.42   411.4    6.2      23.183
2013   10        8     1  17    1.42   411.3    6.2      23.178
2013   10        8     1  28    1.42   411.2    6.2      23.171
2013   10        8     1  39    1.42   411.1    6.2      23.165
2013   10        8     1  50    1.42   411.0    6.2      23.158
2013   10        8     2   0    1.42   410.9    6.2      23.152
2013   10        8     2  11    1.42   410.8    6.2      23.145
2013   10        8     2  22    1.42   410.7    6.2      23.137
2013   10        8     2  33    1.42   410.6    6.2      23.130
2013   10        8     2  43    1.42   410.5    6.2      23.122
2013   10        8     2  54    1.42   410.4    6.2      23.114
2013   10        8     3   5    1.42   410.3    6.2      23.105
2013   10        8     3  16    1.42   410.2    6.2      23.097
2013   10        8     3  27    1.42   410.1    6.2      23.088
2013   10        8     3  38    1.42   410.1    6.2      23.080
2013   10        8     3  48    1.42   410.0    6.2      23.071
2013   10        8     3  59    1.42   409.9    6.2      23.062
2013   10        8     4  10    1.42   409.8    6.2      23.053
2013   10        8     4  21    1.42   409.7    6.2      23.044
2013   10        8     4  32    1.42   409.6    6.2      23.035
2013   10        8     4  43    1.42   409.5    6.2      23.026
2013   10        8     4  54    1.42   409.4    6.2      23.017
2013   10        8     5   4    1.42   409.3    6.2      23.009
2013   10        8     5  15    1.42   409.2    6.2      23.000
2013   10        8     5  26    1.42   409.1    6.2      22.991
2013   10        8     5  37    1.42   409.0    6.2      22.983
2013   10        8     5  48    1.42   408.9    6.2      22.974
2013   10        8     5  59    1.42   408.8    6.2      22.967
2013   10        8     6  10    1.42   408.7    6.2      22.959
2013   10        8     6  21    1.42   408.6    6.2      22.952
2013   10        8     6  32    1.42   408.5    6.2      22.945
2013   10        8     6  43    1.42   408.4    6.2      22.938
2013   10        8     6  54    1.42   408.3    6.2      22.932
2013   10        8     7   5    1.42   408.2    6.2      22.926
2013   10        8     7  16    1.42   408.1    6.2      22.920
2013   10        8     7  26    1.42   408.0    6.2      22.913
2013   10        8     7  37    1.42   407.9    6.2      22.905
2013   10        8     7  48    1.42   407.9    6.2      22.897
2013   10        8     7  59    1.42   407.8    6.2      22.889
2013   10        8     8  10    1.41   407.7    6.2      22.881
2013   10        8     8  20    1.41   407.6    6.2      22.872
2013   10        8     8  31    1.41   407.5    6.2      22.864
2013   10        8     8  42    1.41   407.4    6.2      22.856
2013   10        8     8  53    1.41   407.3    6.2      22.848
2013   10        8     9   3    1.41   407.2    6.2      22.841
2013   10        8     9  14    1.41   407.2    6.2      22.833
2013   10        8     9  25    1.41   407.1    6.2      22.826
2013   10        8     9  36    1.41   407.0    6.2      22.820
2013   10        8     9  46    1.41   406.9    6.2      22.813
2013   10        8     9  57    1.41   406.9    6.2      22.806
2013   10        8    10   8    1.41   406.8    6.2      22.799
2013   10        8    10  19    1.41   406.7    6.2      22.790
2013   10        8    10  30    1.41   406.6    6.2      22.780
2013   10        8    10  40    1.41   406.5    6.2      22.770
2013   10        8    10  51    1.40   406.5    6.2      22.758
2013   10        8    11   2    1.40   406.4    6.2      22.746
2013   10        8    11  13    1.40   406.3    6.2      22.732
2013   10        8    11  24    1.40   406.2    6.2      22.718
2013   10        8    11  35    1.40   406.2    6.2      22.704
2013   10        8    11  45    1.40   406.1    6.2      22.688
2013   10        8    11  56    1.40   406.0    6.2      22.672
2013   10        8    12   7    1.40   405.9    6.2      22.655
2013   10        8    12  18    1.40   405.8    6.2      22.637
2013   10        8    12  29    1.39   405.7    6.2      22.619
2013   10        8    12  40    1.39   405.7    6.2      22.601
2013   10        8    12  51    1.39   405.6    6.2      22.582
2013   10        8    13   2    1.39   405.5    6.2      22.562
2013   10        8    13  13    1.39   405.4    6.2      22.542
2013   10        8    13  24    1.39   405.3    6.2      22.522
2013   10        8    13  35    1.39   405.2    6.2      22.501
2013   10        8    13  45    1.39   405.2    6.2      22.480
2013   10        8    13  56    1.38   405.1    6.2      22.458
2013   10        8    14   7    1.38   405.0    6.2      22.436
2013   10        8    14  18    1.38   404.9    6.2      22.414
2013   10        8    14  29    1.38   404.8    6.2      22.391
2013   10        8    14  40    1.38   404.7    6.1      22.369
2013   10        8    14  51    1.38   404.6    6.1      22.346
2013   10        8    15   2    1.38   404.5    6.1      22.324
2013   10        8    15  13    1.38   404.4    6.1      22.301
2013   10        8    15  23    1.37   404.3    6.1      22.279
2013   10        8    15  34    1.37   404.2    6.1      22.258
2013   10        8    15  45    1.37   404.1    6.1      22.236
2013   10        8    15  56    1.37   404.1    6.1      22.215
2013   10        8    16   6    1.37   404.0    6.1      22.195
2013   10        8    16  17    1.37   403.9    6.1      22.175
2013   10        8    16  28    1.37   403.8    6.1      22.155
2013   10        8    16  39    1.36   403.7    6.1      22.136
2013   10        8    16  49    1.36   403.6    6.1      22.118
2013   10        8    17   0    1.36   403.5    6.1      22.100
2013   10        8    17  11    1.36   403.4    6.1      22.082
2013   10        8    17  22    1.36   403.3    6.1      22.064
2013   10        8    17  33    1.36   403.2    6.1      22.045
2013   10        8    17  43    1.35   403.1    6.1      22.026
2013   10        8    17  54    1.35   403.1    6.1      22.005
2013   10        8    18   5    1.35   403.0    6.1      21.984
2013   10        8    18  16    1.35   402.9    6.1      21.962
2013   10        8    18  27    1.35   402.8    6.1      21.939
2013   10        8    18  38    1.35   402.7    6.1      21.916
2013   10        8    18  48    1.34   402.6    6.0      21.892
2013   10        8    18  59    1.34   402.5    6.0      21.868
2013   10        8    19  10    1.34   402.4    6.0      21.843
2013   10        8    19  21    1.34   402.3    6.0      21.817
2013   10        8    19  32    1.34   402.2    6.0      21.791
2013   10        8    19  43    1.33   402.1    6.0      21.765
2013   10        8    19  54    1.33   402.0    6.0      21.738
2013   10        8    20   5    1.33   401.9    6.0      21.711
2013   10        8    20  15    1.33   401.8    6.0      21.683
2013   10        8    20  26    1.33   401.7    6.0      21.655
2013   10        8    20  37    1.32   401.6    6.0      21.627
2013   10        8    20  48    1.32   401.5    6.0      21.598
2013   10        8    20  59    1.32   401.4    6.0      21.569
2013   10        8    21  10    1.32   401.3    6.0      21.540
2013   10        8    21  21    1.32   401.2    6.0      21.510
2013   10        8    21  32    1.31   401.1    5.9      21.480
2013   10        8    21  43    1.31   401.0    5.9      21.450
2013   10        8    21  54    1.31   400.9    5.9      21.419
2013   10        8    22   5    1.31   400.7    5.9      21.389
2013   10        8    22  16    1.31   400.6    5.9      21.358
2013   10        8    22  26    1.30   400.5    5.9      21.327
2013   10        8    22  37    1.30   400.4    5.9      21.296
2013   10        8    22  48    1.30   400.3    5.9      21.264
2013   10        8    22  59    1.30   400.2    5.9      21.233
2013   10        8    23   9    1.29   400.1    5.9      21.201
2013   10        8    23  20    1.29   400.0    5.9      21.168
2013   10        8    23  31    1.29   399.8    5.9      21.136
2013   10        8    23  42    1.29   399.7    5.9      21.103
2013   10        8    23  52    1.29   399.6    5.8      21.069
2013   10        9     0   3    1.28   399.5    5.8      21.036
2013   10        9     0  14    1.28   399.3    5.8      21.002
2013   10        9     0  25    1.28   399.2    5.8      20.968
2013   10        9     0  36    1.28   399.1    5.8      20.933
2013   10        9     0  46    1.27   399.0    5.8      20.899
2013   10        9     0  57    1.27   398.8    5.8      20.864
2013   10        9     1   8    1.27   398.7    5.8      20.829
2013   10        9     1  19    1.27   398.6    5.8      20.793
2013   10        9     1  30    1.27   398.4    5.8      20.757
2013   10        9     1  40    1.26   398.3    5.8      20.721
2013   10        9     1  51    1.26   398.1    5.8      20.685
2013   10        9     2   2    1.26   398.0    5.8      20.648
2013   10        9     2  13    1.26   397.8    5.7      20.611
2013   10        9     2  24    1.25   397.7    5.7      20.574
2013   10        9     2  35    1.25   397.6    5.7      20.536
2013   10        9     2  46    1.25   397.4    5.7      20.498
2013   10        9     2  56    1.25   397.3    5.7      20.460
2013   10        9     3   7    1.24   397.1    5.7      20.421
2013   10        9     3  18    1.24   396.9    5.7      20.383
2013   10        9     3  29    1.24   396.8    5.7      20.344
2013   10        9     3  40    1.24   396.6    5.7      20.305
2013   10        9     3  51    1.23   396.5    5.7      20.265
2013   10        9     4   2    1.23   396.3    5.7      20.225
2013   10        9     4  13    1.23   396.2    5.6      20.185
2013   10        9     4  24    1.23   396.0    5.6      20.145
2013   10        9     4  35    1.22   395.8    5.6      20.104
2013   10        9     4  46    1.22   395.7    5.6      20.063
2013   10        9     4  57    1.22   395.5    5.6      20.022
2013   10        9     5   8    1.22   395.3    5.6      19.980
2013   10        9     5  19    1.21   395.2    5.6      19.939
2013   10        9     5  29    1.21   395.0    5.6      19.897
2013   10        9     5  40    1.21   394.8    5.6      19.856
2013   10        9     5  51    1.21   394.6    5.6      19.814
2013   10        9     6   2    1.21   394.5    5.6      19.772
2013   10        9     6  12    1.20   394.3    5.6      19.731
2013   10        9     6  23    1.20   394.1    5.5      19.689
2013   10        9     6  34    1.20   393.9    5.5      19.647
2013   10        9     6  45    1.20   393.7    5.5      19.604
2013   10        9     6  55    1.19   393.5    5.5      19.562
2013   10        9     7   6    1.19   393.3    5.5      19.520
2013   10        9     7  17    1.19   393.1    5.5      19.478
2013   10        9     7  28    1.19   392.9    5.5      19.435
2013   10        9     7  38    1.18   392.7    5.5      19.393
2013   10        9     7  49    1.18   392.5    5.5      19.350
2013   10        9     8   0    1.18   392.3    5.5      19.308
2013   10        9     8  11    1.18   392.1    5.5      19.266
2013   10        9     8  22    1.18   391.9    5.5      19.224
2013   10        9     8  33    1.17   391.7    5.5      19.182
2013   10        9     8  43    1.17   391.5    5.5      19.140
2013   10        9     8  54    1.17   391.3    5.4      19.098
2013   10        9     9   5    1.17   391.1    5.4      19.056
2013   10        9     9  16    1.16   390.9    5.4      19.014
2013   10        9     9  27    1.16   390.6    5.4      18.972
2013   10        9     9  38    1.16   390.4    5.4      18.930
2013   10        9     9  48    1.16   390.2    5.4      18.887
2013   10        9     9  59    1.16   390.0    5.4      18.845
2013   10        9    10  10    1.15   389.8    5.4      18.803
2013   10        9    10  21    1.15   389.5    5.4      18.760
2013   10        9    10  32    1.15   389.3    5.4      18.717
2013   10        9    10  43    1.15   389.1    5.4      18.674
2013   10        9    10  54    1.15   388.8    5.4      18.631
2013   10        9    11   5    1.14   388.6    5.4      18.587
2013   10        9    11  16    1.14   388.4    5.4      18.544
2013   10        9    11  27    1.14   388.1    5.4      18.500
2013   10        9    11  38    1.14   387.9    5.3      18.457
2013   10        9    11  49    1.13   387.7    5.3      18.412
2013   10        9    12   0    1.13   387.4    5.3      18.368
2013   10        9    12  10    1.13   387.2    5.3      18.324
2013   10        9    12  21    1.13   387.0    5.3      18.280
2013   10        9    12  32    1.13   386.7    5.3      18.236
2013   10        9    12  43    1.12   386.5    5.3      18.192
2013   10        9    12  54    1.12   386.3    5.3      18.148
2013   10        9    13   5    1.12   386.0    5.3      18.104
2013   10        9    13  16    1.12   385.8    5.3      18.060
2013   10        9    13  26    1.12   385.5    5.3      18.017
2013   10        9    13  37    1.12   385.3    5.3      17.973
2013   10        9    13  48    1.11   385.0    5.3      17.929
2013   10        9    13  58    1.11   384.8    5.3      17.886
2013   10        9    14   9    1.11   384.5    5.3      17.843
2013   10        9    14  20    1.11   384.3    5.3      17.800
2013   10        9    14  31    1.11   384.0    5.3      17.757
2013   10        9    14  42    1.10   383.8    5.2      17.714
2013   10        9    14  52    1.10   383.5    5.2      17.672
2013   10        9    15   3    1.10   383.2    5.2      17.630
2013   10        9    15  14    1.10   383.0    5.2      17.589
2013   10        9    15  25    1.10   382.7    5.2      17.548
2013   10        9    15  35    1.10   382.5    5.2      17.507
2013   10        9    15  46    1.09   382.2    5.2      17.467
2013   10        9    15  57    1.09   381.9    5.2      17.427
2013   10        9    16   8    1.09   381.7    5.2      17.387
2013   10        9    16  19    1.09   381.4    5.2      17.348
2013   10        9    16  30    1.09   381.1    5.2      17.309
2013   10        9    16  40    1.09   380.9    5.2      17.271
2013   10        9    16  51    1.09   380.6    5.2      17.233
2013   10        9    17   2    1.08   380.3    5.2      17.195
2013   10        9    17  13    1.08   380.0    5.2      17.157
2013   10        9    17  24    1.08   379.8    5.2      17.119
2013   10        9    17  35    1.08   379.5    5.2      17.081
2013   10        9    17  46    1.08   379.2    5.2      17.044
2013   10        9    17  57    1.08   378.9    5.2      17.006
2013   10        9    18   8    1.07   378.6    5.2      16.968
2013   10        9    18  18    1.07   378.3    5.2      16.931
2013   10        9    18  29    1.07   378.1    5.2      16.893
2013   10        9    18  40    1.07   377.8    5.2      16.856
2013   10        9    18  51    1.07   377.5    5.2      16.818
2013   10        9    19   2    1.07   377.2    5.2      16.781
2013   10        9    19  13    1.07   376.9    5.2      16.743
2013   10        9    19  24    1.06   376.6    5.2      16.706
2013   10        9    19  35    1.06   376.3    5.2      16.669
2013   10        9    19  46    1.06   376.1    5.2      16.632
2013   10        9    19  57    1.06   375.8    5.2      16.595
2013   10        9    20   8    1.06   375.5    5.2      16.558
2013   10        9    20  18    1.06   375.2    5.2      16.522
2013   10        9    20  29    1.06   374.9    5.2      16.485
2013   10        9    20  40    1.06   374.6    5.2      16.449
2013   10        9    20  51    1.05   374.3    5.2      16.413
2013   10        9    21   1    1.05   374.0    5.2      16.378
2013   10        9    21  12    1.05   373.7    5.2      16.342
2013   10        9    21  23    1.05   373.5    5.2      16.306
2013   10        9    21  34    1.05   373.2    5.2      16.270
2013   10        9    21  44    1.05   372.9    5.2      16.235
2013   10        9    21  55    1.05   372.6    5.1      16.199
2013   10        9    22   6    1.05   372.3    5.1      16.164
2013   10        9    22  17    1.05   372.0    5.1      16.129
2013   10        9    22  28    1.04   371.7    5.1      16.094
2013   10        9    22  38    1.04   371.4    5.1      16.059
2013   10        9    22  49    1.04   371.1    5.1      16.025
2013   10        9    23   0    1.04   370.8    5.1      15.990
2013   10        9    23  11    1.04   370.5    5.1      15.956
2013   10        9    23  22    1.04   370.3    5.1      15.921
2013   10        9    23  32    1.04   370.0    5.1      15.888
2013   10        9    23  43    1.04   369.7    5.1      15.854
2013   10        9    23  54    1.04   369.4    5.1      15.821
2013   10       10     0   5    1.04   369.1    5.1      15.787
