year    month   day   hour  minute  B_enl V_enl   n_enl       T_enl
[year] [month] [day] [hour][minute] [nT]  [km/s]  [cm-3]      [kK]
2013   10        2     0  10    1.35   317.8   11.2      17.986
2013   10        2     0  22    1.35   317.8   11.2      17.976
2013   10        2     0  33    1.35   317.9   11.2      17.966
2013   10        2     0  45    1.35   317.9   11.1      17.955
2013   10        2     0  57    1.35   317.9   11.1      17.944
2013   10        2     1   8    1.34   317.9   11.1      17.933
2013   10        2     1  20    1.34   317.9   11.1      17.921
2013   10        2     1  32    1.34   317.8   11.1      17.909
2013   10        2     1  43    1.34   317.8   11.1      17.897
2013   10        2     1  55    1.34   317.8   11.1      17.885
2013   10        2     2   7    1.33   317.8   11.0      17.872
2013   10        2     2  18    1.33   317.8   11.0      17.858
2013   10        2     2  30    1.33   317.8   11.0      17.845
2013   10        2     2  42    1.33   317.8   11.0      17.831
2013   10        2     2  53    1.33   317.8   11.0      17.816
2013   10        2     3   5    1.33   317.8   11.0      17.802
2013   10        2     3  17    1.32   317.8   11.0      17.787
2013   10        2     3  28    1.32   317.8   10.9      17.771
2013   10        2     3  40    1.32   317.7   10.9      17.756
2013   10        2     3  52    1.32   317.7   10.9      17.739
2013   10        2     4   4    1.32   317.7   10.9      17.723
2013   10        2     4  15    1.31   317.7   10.9      17.706
2013   10        2     4  27    1.31   317.6   10.9      17.689
2013   10        2     4  39    1.31   317.6   10.9      17.671
2013   10        2     4  50    1.31   317.6   10.8      17.653
2013   10        2     5   2    1.31   317.5   10.8      17.635
2013   10        2     5  14    1.30   317.5   10.8      17.616
2013   10        2     5  25    1.30   317.5   10.8      17.598
2013   10        2     5  37    1.30   317.4   10.8      17.579
2013   10        2     5  49    1.30   317.4   10.8      17.560
2013   10        2     6   0    1.30   317.3   10.8      17.541
2013   10        2     6  12    1.30   317.3   10.7      17.522
2013   10        2     6  24    1.29   317.2   10.7      17.503
2013   10        2     6  36    1.29   317.2   10.7      17.485
2013   10        2     6  47    1.29   317.2   10.7      17.466
2013   10        2     6  59    1.29   317.1   10.7      17.448
2013   10        2     7  11    1.29   317.1   10.7      17.431
2013   10        2     7  22    1.29   317.0   10.7      17.413
2013   10        2     7  34    1.28   316.9   10.7      17.397
2013   10        2     7  46    1.28   316.9   10.7      17.380
2013   10        2     7  57    1.28   316.8   10.7      17.364
2013   10        2     8   9    1.28   316.8   10.7      17.349
2013   10        2     8  21    1.28   316.7   10.7      17.335
2013   10        2     8  32    1.28   316.7   10.7      17.321
2013   10        2     8  44    1.28   316.6   10.7      17.308
2013   10        2     8  56    1.28   316.6   10.7      17.295
2013   10        2     9   7    1.28   316.6   10.6      17.283
2013   10        2     9  19    1.27   316.5   10.6      17.271
2013   10        2     9  31    1.27   316.5   10.6      17.259
2013   10        2     9  43    1.27   316.4   10.6      17.248
2013   10        2     9  54    1.27   316.4   10.6      17.236
2013   10        2    10   6    1.27   316.3   10.6      17.223
2013   10        2    10  18    1.27   316.3   10.6      17.210
2013   10        2    10  29    1.27   316.2   10.6      17.196
2013   10        2    10  41    1.27   316.2   10.6      17.181
2013   10        2    10  53    1.27   316.1   10.6      17.167
2013   10        2    11   4    1.27   316.1   10.6      17.151
2013   10        2    11  16    1.26   316.0   10.6      17.136
2013   10        2    11  28    1.26   316.0   10.6      17.120
2013   10        2    11  39    1.26   315.9   10.6      17.103
2013   10        2    11  51    1.26   315.9   10.6      17.087
2013   10        2    12   3    1.26   315.8   10.6      17.070
2013   10        2    12  14    1.26   315.7   10.6      17.052
2013   10        2    12  26    1.26   315.7   10.5      17.035
2013   10        2    12  38    1.26   315.6   10.5      17.018
2013   10        2    12  50    1.26   315.5   10.5      17.000
2013   10        2    13   1    1.26   315.5   10.5      16.983
2013   10        2    13  13    1.25   315.4   10.5      16.966
2013   10        2    13  25    1.25   315.3   10.5      16.949
2013   10        2    13  36    1.25   315.2   10.5      16.932
2013   10        2    13  48    1.25   315.2   10.5      16.916
2013   10        2    14   0    1.25   315.1   10.5      16.901
2013   10        2    14  11    1.25   315.0   10.5      16.886
2013   10        2    14  23    1.25   314.9   10.5      16.871
2013   10        2    14  35    1.25   314.9   10.5      16.858
2013   10        2    14  47    1.25   314.8   10.5      16.845
2013   10        2    14  58    1.25   314.7   10.5      16.833
2013   10        2    15  10    1.25   314.6   10.5      16.822
2013   10        2    15  22    1.25   314.6   10.5      16.812
2013   10        2    15  33    1.25   314.5   10.5      16.803
2013   10        2    15  45    1.25   314.4   10.5      16.794
2013   10        2    15  57    1.25   314.3   10.5      16.786
2013   10        2    16   8    1.25   314.3   10.5      16.780
2013   10        2    16  20    1.25   314.2   10.6      16.774
2013   10        2    16  32    1.25   314.1   10.6      16.769
2013   10        2    16  43    1.25   314.1   10.6      16.765
2013   10        2    16  55    1.25   314.0   10.6      16.762
2013   10        2    17   7    1.25   313.9   10.6      16.758
2013   10        2    17  18    1.25   313.9   10.6      16.754
2013   10        2    17  30    1.25   313.8   10.6      16.750
2013   10        2    17  42    1.25   313.7   10.6      16.746
2013   10        2    17  53    1.25   313.6   10.6      16.741
2013   10        2    18   5    1.25   313.6   10.6      16.737
2013   10        2    18  17    1.25   313.5   10.6      16.733
2013   10        2    18  29    1.25   313.4   10.6      16.729
2013   10        2    18  40    1.25   313.4   10.6      16.725
2013   10        2    18  52    1.25   313.3   10.7      16.722
2013   10        2    19   4    1.25   313.2   10.7      16.719
2013   10        2    19  15    1.25   313.1   10.7      16.716
2013   10        2    19  27    1.25   313.1   10.7      16.714
2013   10        2    19  39    1.25   313.0   10.7      16.712
2013   10        2    19  50    1.25   312.9   10.7      16.711
2013   10        2    20   2    1.26   312.9   10.7      16.711
2013   10        2    20  14    1.26   312.8   10.7      16.710
2013   10        2    20  25    1.26   312.7   10.7      16.710
2013   10        2    20  37    1.26   312.7   10.8      16.711
2013   10        2    20  49    1.26   312.6   10.8      16.712
2013   10        2    21   1    1.26   312.5   10.8      16.713
2013   10        2    21  12    1.26   312.4   10.8      16.714
2013   10        2    21  24    1.26   312.4   10.8      16.716
2013   10        2    21  36    1.26   312.3   10.8      16.717
2013   10        2    21  47    1.26   312.2   10.8      16.719
2013   10        2    21  59    1.27   312.2   10.8      16.720
2013   10        2    22  11    1.27   312.1   10.9      16.721
2013   10        2    22  22    1.27   312.0   10.9      16.722
2013   10        2    22  34    1.27   311.9   10.9      16.723
2013   10        2    22  46    1.27   311.9   10.9      16.725
2013   10        2    22  57    1.27   311.8   10.9      16.726
2013   10        2    23   9    1.27   311.7   10.9      16.727
2013   10        2    23  21    1.27   311.6   10.9      16.728
2013   10        2    23  32    1.28   311.6   10.9      16.730
2013   10        2    23  44    1.28   311.5   11.0      16.731
2013   10        2    23  56    1.28   311.4   11.0      16.733
2013   10        3     0   8    1.28   311.3   11.0      16.735
2013   10        3     0  19    1.28   311.3   11.0      16.738
2013   10        3     0  31    1.28   311.2   11.0      16.740
2013   10        3     0  43    1.29   311.1   11.0      16.743
2013   10        3     0  54    1.29   311.0   11.0      16.747
2013   10        3     1   6    1.29   311.0   11.1      16.751
2013   10        3     1  18    1.29   310.9   11.1      16.755
2013   10        3     1  29    1.29   310.8   11.1      16.761
2013   10        3     1  41    1.30   310.7   11.1      16.767
2013   10        3     1  53    1.30   310.7   11.1      16.774
2013   10        3     2   4    1.30   310.6   11.2      16.782
2013   10        3     2  16    1.30   310.5   11.2      16.790
2013   10        3     2  28    1.31   310.5   11.2      16.800
2013   10        3     2  39    1.31   310.4   11.2      16.811
2013   10        3     2  51    1.31   310.3   11.3      16.822
2013   10        3     3   3    1.32   310.3   11.3      16.835
2013   10        3     3  15    1.32   310.2   11.3      16.849
2013   10        3     3  26    1.32   310.1   11.3      16.864
2013   10        3     3  38    1.33   310.1   11.4      16.880
2013   10        3     3  50    1.33   310.0   11.4      16.897
2013   10        3     4   1    1.33   310.0   11.4      16.915
2013   10        3     4  13    1.34   309.9   11.5      16.934
2013   10        3     4  25    1.34   309.9   11.5      16.954
2013   10        3     4  36    1.34   309.8   11.5      16.975
2013   10        3     4  48    1.35   309.8   11.6      16.997
2013   10        3     5   0    1.35   309.7   11.6      17.019
2013   10        3     5  12    1.36   309.7   11.6      17.041
2013   10        3     5  23    1.36   309.6   11.7      17.063
2013   10        3     5  35    1.36   309.6   11.7      17.085
2013   10        3     5  44    1.37   309.6   11.7      17.103
2013   10        3     5  53    1.37   309.5   11.7      17.122
2013   10        3     6   2    1.37   309.5   11.8      17.140
2013   10        3     6  10    1.38   309.5   11.8      17.158
2013   10        3     6  19    1.38   309.5   11.8      17.175
2013   10        3     6  28    1.38   309.4   11.8      17.193
2013   10        3     6  36    1.39   309.4   11.8      17.211
2013   10        3     6  45    1.39   309.4   11.9      17.229
2013   10        3     6  53    1.39   309.4   11.9      17.247
2013   10        3     7   2    1.40   309.3   11.9      17.265
2013   10        3     7  10    1.40   309.3   11.9      17.283
2013   10        3     7  18    1.40   309.3   12.0      17.301
2013   10        3     7  27    1.41   309.3   12.0      17.319
2013   10        3     7  35    1.41   309.2   12.0      17.338
2013   10        3     7  44    1.41   309.2   12.0      17.356
2013   10        3     7  52    1.42   309.2   12.1      17.376
2013   10        3     8   1    1.42   309.2   12.1      17.395
2013   10        3     8   9    1.42   309.1   12.1      17.415
2013   10        3     8  18    1.43   309.1   12.1      17.435
2013   10        3     8  26    1.43   309.1   12.2      17.456
2013   10        3     8  34    1.43   309.1   12.2      17.477
2013   10        3     8  43    1.44   309.1   12.2      17.498
2013   10        3     8  51    1.44   309.1   12.3      17.521
2013   10        3     9   0    1.45   309.1   12.3      17.543
2013   10        3     9   8    1.45   309.0   12.3      17.567
2013   10        3     9  17    1.45   309.0   12.4      17.591
2013   10        3     9  25    1.46   309.0   12.4      17.616
2013   10        3     9  34    1.46   309.0   12.4      17.643
2013   10        3     9  42    1.47   309.0   12.5      17.670
2013   10        3     9  51    1.47   309.0   12.5      17.699
2013   10        3     9  59    1.48   309.0   12.5      17.729
2013   10        3    10   8    1.48   309.0   12.6      17.760
2013   10        3    10  16    1.49   309.0   12.6      17.792
2013   10        3    10  25    1.49   309.1   12.6      17.826
2013   10        3    10  33    1.50   309.1   12.7      17.861
2013   10        3    10  42    1.50   309.1   12.7      17.898
2013   10        3    10  50    1.51   309.1   12.8      17.937
2013   10        3    10  59    1.51   309.2   12.8      17.978
2013   10        3    11   7    1.52   309.2   12.8      18.019
2013   10        3    11  16    1.52   309.3   12.9      18.062
2013   10        3    11  24    1.53   309.3   12.9      18.106
2013   10        3    11  33    1.53   309.4   13.0      18.149
2013   10        3    11  41    1.54   309.4   13.0      18.192
2013   10        3    11  50    1.54   309.5   13.0      18.234
2013   10        3    11  58    1.55   309.5   13.1      18.276
2013   10        3    12   7    1.55   309.6   13.1      18.318
2013   10        3    12  15    1.56   309.6   13.1      18.359
2013   10        3    12  24    1.56   309.7   13.2      18.400
2013   10        3    12  32    1.57   309.8   13.2      18.440
2013   10        3    12  41    1.57   309.8   13.2      18.480
2013   10        3    12  49    1.58   309.9   13.3      18.519
2013   10        3    12  58    1.58   309.9   13.3      18.558
2013   10        3    13   6    1.59   310.0   13.3      18.597
2013   10        3    13  15    1.59   310.0   13.4      18.636
2013   10        3    13  24    1.60   310.1   13.4      18.674
2013   10        3    13  32    1.60   310.1   13.4      18.712
2013   10        3    13  41    1.61   310.2   13.5      18.750
2013   10        3    13  49    1.61   310.2   13.5      18.787
2013   10        3    13  58    1.62   310.3   13.5      18.825
2013   10        3    14   6    1.62   310.4   13.6      18.863
2013   10        3    14  15    1.63   310.4   13.6      18.900
2013   10        3    14  24    1.64   310.5   13.6      18.938
2013   10        3    14  32    1.64   310.5   13.7      18.977
2013   10        3    14  41    1.65   310.6   13.7      19.015
2013   10        3    14  50    1.65   310.6   13.8      19.054
2013   10        3    14  58    1.66   310.7   13.8      19.093
2013   10        3    15   7    1.66   310.8   13.8      19.133
2013   10        3    15  16    1.67   310.8   13.9      19.174
2013   10        3    15  24    1.68   310.9   13.9      19.217
2013   10        3    15  33    1.68   311.0   14.0      19.261
2013   10        3    15  42    1.69   311.0   14.0      19.306
2013   10        3    15  51    1.70   311.1   14.1      19.352
2013   10        3    15  59    1.70   311.2   14.1      19.400
2013   10        3    16   8    1.71   311.3   14.1      19.450
2013   10        3    16  17    1.72   311.4   14.2      19.502
2013   10        3    16  26    1.72   311.5   14.2      19.557
2013   10        3    16  35    1.73   311.6   14.3      19.615
2013   10        3    16  44    1.74   311.7   14.3      19.675
2013   10        3    16  53    1.74   311.8   14.4      19.737
2013   10        3    17   1    1.75   312.0   14.4      19.801
2013   10        3    17  10    1.76   312.1   14.5      19.866
2013   10        3    17  19    1.77   312.2   14.5      19.930
2013   10        3    17  28    1.77   312.3   14.6      19.994
2013   10        3    17  37    1.78   312.5   14.6      20.059
2013   10        3    17  46    1.79   312.6   14.7      20.123
2013   10        3    17  55    1.79   312.7   14.7      20.188
2013   10        3    18   4    1.80   312.9   14.8      20.254
2013   10        3    18  13    1.81   313.1   14.8      20.321
2013   10        3    18  22    1.81   313.2   14.9      20.388
2013   10        3    18  31    1.82   313.4   14.9      20.455
2013   10        3    18  40    1.83   313.5   14.9      20.523
2013   10        3    18  50    1.83   313.7   15.0      20.590
2013   10        3    18  59    1.84   313.9   15.0      20.656
2013   10        3    19   8    1.85   314.0   15.0      20.721
2013   10        3    19  17    1.85   314.2   15.1      20.785
2013   10        3    19  26    1.86   314.3   15.1      20.848
2013   10        3    19  35    1.86   314.5   15.1      20.911
2013   10        3    19  44    1.87   314.7   15.2      20.972
2013   10        3    19  53    1.88   314.8   15.2      21.033
2013   10        3    20   3    1.88   315.0   15.2      21.093
2013   10        3    20  12    1.89   315.2   15.3      21.153
2013   10        3    20  21    1.90   315.3   15.3      21.212
2013   10        3    20  30    1.90   315.5   15.3      21.271
2013   10        3    20  39    1.91   315.6   15.4      21.329
2013   10        3    20  49    1.91   315.8   15.4      21.388
2013   10        3    20  58    1.92   316.0   15.4      21.446
2013   10        3    21   7    1.93   316.1   15.5      21.505
2013   10        3    21  16    1.93   316.3   15.5      21.563
2013   10        3    21  26    1.94   316.5   15.6      21.622
2013   10        3    21  35    1.95   316.6   15.6      21.682
2013   10        3    21  44    1.95   316.8   15.6      21.743
2013   10        3    21  53    1.96   317.0   15.7      21.805
2013   10        3    22   3    1.97   317.2   15.7      21.869
2013   10        3    22  12    1.97   317.4   15.8      21.935
2013   10        3    22  21    1.98   317.5   15.8      22.002
2013   10        3    22  31    1.99   317.7   15.8      22.071
2013   10        3    22  40    2.00   318.0   15.9      22.144
2013   10        3    22  50    2.00   318.2   15.9      22.219
2013   10        3    22  59    2.01   318.4   16.0      22.298
2013   10        3    23   8    2.02   318.6   16.0      22.379
2013   10        3    23  18    2.03   318.9   16.1      22.463
2013   10        3    23  27    2.04   319.1   16.1      22.549
2013   10        3    23  37    2.04   319.4   16.2      22.635
2013   10        3    23  46    2.05   319.6   16.2      22.722
2013   10        3    23  56    2.06   319.9   16.2      22.810
2013   10        4     0   5    2.07   320.2   16.3      22.898
2013   10        4     0  15    2.07   320.4   16.3      22.987
2013   10        4     0  24    2.08   320.7   16.3      23.075
2013   10        4     0  34    2.09   320.9   16.4      23.161
2013   10        4     0  43    2.09   321.2   16.4      23.245
2013   10        4     0  53    2.10   321.5   16.4      23.328
2013   10        4     1   2    2.11   321.7   16.4      23.409
2013   10        4     1  12    2.11   322.0   16.5      23.488
2013   10        4     1  22    2.12   322.3   16.5      23.566
2013   10        4     1  31    2.12   322.5   16.5      23.643
2013   10        4     1  41    2.13   322.8   16.5      23.719
2013   10        4     1  51    2.14   323.1   16.5      23.793
2013   10        4     2   0    2.14   323.3   16.5      23.866
2013   10        4     2  10    2.15   323.6   16.6      23.938
2013   10        4     2  20    2.15   323.9   16.6      24.010
2013   10        4     2  29    2.16   324.1   16.6      24.080
2013   10        4     2  39    2.16   324.4   16.6      24.149
2013   10        4     2  49    2.17   324.7   16.6      24.218
2013   10        4     2  59    2.17   325.0   16.6      24.286
2013   10        4     3   8    2.18   325.2   16.6      24.353
2013   10        4     3  18    2.18   325.5   16.6      24.420
2013   10        4     3  28    2.19   325.8   16.6      24.487
2013   10        4     3  38    2.19   326.0   16.6      24.553
2013   10        4     3  48    2.20   326.3   16.7      24.618
2013   10        4     3  57    2.20   326.6   16.7      24.683
2013   10        4     4   7    2.21   326.8   16.7      24.749
2013   10        4     4  17    2.22   327.1   16.7      24.814
2013   10        4     4  27    2.22   327.4   16.7      24.880
2013   10        4     4  37    2.23   327.6   16.7      24.946
2013   10        4     4  47    2.23   327.9   16.7      25.012
2013   10        4     4  57    2.24   328.2   16.7      25.080
2013   10        4     5   7    2.24   328.5   16.8      25.149
2013   10        4     5  17    2.25   328.8   16.8      25.220
2013   10        4     5  27    2.25   329.0   16.8      25.294
2013   10        4     5  37    2.26   329.3   16.8      25.369
2013   10        4     5  47    2.26   329.6   16.8      25.446
2013   10        4     5  57    2.27   329.9   16.9      25.527
2013   10        4     6   7    2.28   330.2   16.9      25.611
2013   10        4     6  17    2.28   330.6   16.9      25.698
2013   10        4     6  27    2.29   330.9   16.9      25.789
2013   10        4     6  37    2.29   331.3   16.9      25.882
2013   10        4     6  47    2.30   331.6   17.0      25.976
2013   10        4     6  57    2.31   331.9   17.0      26.069
2013   10        4     7   7    2.31   332.3   17.0      26.161
2013   10        4     7  17    2.32   332.6   17.0      26.251
2013   10        4     7  28    2.32   333.0   17.0      26.341
2013   10        4     7  38    2.33   333.3   17.0      26.430
2013   10        4     7  48    2.33   333.7   17.0      26.518
2013   10        4     7  58    2.33   334.0   17.0      26.606
2013   10        4     8   8    2.34   334.4   17.1      26.695
2013   10        4     8  18    2.34   334.7   17.1      26.784
2013   10        4     8  29    2.35   335.1   17.1      26.874
2013   10        4     8  39    2.35   335.4   17.1      26.964
2013   10        4     8  49    2.36   335.8   17.1      27.057
2013   10        4     8  59    2.36   336.2   17.1      27.151
2013   10        4     9  10    2.37   336.6   17.1      27.246
2013   10        4     9  20    2.37   337.0   17.1      27.343
2013   10        4     9  30    2.38   337.4   17.1      27.439
2013   10        4     9  40    2.38   337.8   17.1      27.533
2013   10        4     9  51    2.39   338.2   17.1      27.623
2013   10        4    10   1    2.39   338.6   17.1      27.710
2013   10        4    10  11    2.39   339.0   17.1      27.794
2013   10        4    10  21    2.40   339.4   17.1      27.874
2013   10        4    10  32    2.40   339.9   17.1      27.951
2013   10        4    10  42    2.40   340.3   17.1      28.026
2013   10        4    10  52    2.41   340.7   17.1      28.097
2013   10        4    11   3    2.41   341.1   17.0      28.166
2013   10        4    11  13    2.41   341.5   17.0      28.234
2013   10        4    11  24    2.41   341.8   17.0      28.300
2013   10        4    11  34    2.42   342.2   17.0      28.365
2013   10        4    11  44    2.42   342.6   17.0      28.429
2013   10        4    11  55    2.42   343.0   16.9      28.492
2013   10        4    12   5    2.42   343.3   16.9      28.556
2013   10        4    12  16    2.43   343.7   16.9      28.619
2013   10        4    12  26    2.43   344.1   16.9      28.683
2013   10        4    12  36    2.43   344.4   16.8      28.748
2013   10        4    12  47    2.43   344.8   16.8      28.814
2013   10        4    12  57    2.43   345.2   16.8      28.880
2013   10        4    13   8    2.44   345.5   16.8      28.947
2013   10        4    13  18    2.44   345.9   16.8      29.016
2013   10        4    13  29    2.44   346.3   16.7      29.086
2013   10        4    13  39    2.44   346.7   16.7      29.156
2013   10        4    13  50    2.45   347.1   16.7      29.228
2013   10        4    14   0    2.45   347.5   16.7      29.301
2013   10        4    14  11    2.45   347.9   16.7      29.374
2013   10        4    14  21    2.45   348.3   16.7      29.446
2013   10        4    14  32    2.45   348.7   16.6      29.519
2013   10        4    14  42    2.46   349.1   16.6      29.592
2013   10        4    14  53    2.46   349.5   16.6      29.665
2013   10        4    15   3    2.46   349.9   16.6      29.738
2013   10        4    15  14    2.46   350.3   16.6      29.811
2013   10        4    15  24    2.46   350.7   16.5      29.885
2013   10        4    15  35    2.46   351.1   16.5      29.961
2013   10        4    15  45    2.47   351.5   16.5      30.038
2013   10        4    15  56    2.47   351.9   16.5      30.115
2013   10        4    16   7    2.47   352.3   16.5      30.196
2013   10        4    16  17    2.47   352.8   16.5      30.279
2013   10        4    16  28    2.47   353.2   16.5      30.364
2013   10        4    16  38    2.47   353.7   16.4      30.451
2013   10        4    16  49    2.47   354.1   16.4      30.539
2013   10        4    16  59    2.48   354.6   16.4      30.624
2013   10        4    17  10    2.48   355.1   16.4      30.707
2013   10        4    17  21    2.48   355.6   16.4      30.786
2013   10        4    17  31    2.48   356.1   16.3      30.862
2013   10        4    17  42    2.48   356.6   16.3      30.934
2013   10        4    17  53    2.48   357.1   16.2      31.003
2013   10        4    18   3    2.48   357.6   16.2      31.068
2013   10        4    18  14    2.48   358.1   16.2      31.131
2013   10        4    18  25    2.47   358.5   16.1      31.190
2013   10        4    18  35    2.47   359.0   16.1      31.247
2013   10        4    18  46    2.47   359.5   16.0      31.302
2013   10        4    18  57    2.47   360.0   16.0      31.355
2013   10        4    19   7    2.47   360.5   15.9      31.407
2013   10        4    19  18    2.47   361.0   15.9      31.457
2013   10        4    19  29    2.47   361.4   15.8      31.507
2013   10        4    19  39    2.47   361.9   15.8      31.557
2013   10        4    19  50    2.46   362.4   15.7      31.606
2013   10        4    20   1    2.46   363.0   15.7      31.656
2013   10        4    20  12    2.46   363.5   15.6      31.707
2013   10        4    20  22    2.46   364.0   15.6      31.757
2013   10        4    20  33    2.46   364.5   15.5      31.807
2013   10        4    20  44    2.45   365.0   15.5      31.856
2013   10        4    20  55    2.45   365.6   15.4      31.902
2013   10        4    21   5    2.45   366.1   15.3      31.944
2013   10        4    21  16    2.44   366.6   15.2      31.980
2013   10        4    21  27    2.44   367.1   15.2      32.010
2013   10        4    21  38    2.43   367.6   15.1      32.034
2013   10        4    21  49    2.43   368.1   15.0      32.054
2013   10        4    21  59    2.42   368.6   14.9      32.065
2013   10        4    22  10    2.41   369.1   14.8      32.071
2013   10        4    22  21    2.41   369.5   14.7      32.073
2013   10        4    22  32    2.40   370.0   14.6      32.069
2013   10        4    22  43    2.40   370.4   14.5      32.064
2013   10        4    22  54    2.39   370.8   14.5      32.063
2013   10        4    23   5    2.38   371.3   14.4      32.064
2013   10        4    23  15    2.38   371.7   14.3      32.068
2013   10        4    23  26    2.37   372.2   14.2      32.074
2013   10        4    23  37    2.37   372.6   14.2      32.081
2013   10        4    23  48    2.36   373.1   14.1      32.091
2013   10        4    23  59    2.35   373.6   14.0      32.101
2013   10        5     0  10    2.35   374.0   13.9      32.113
2013   10        5     0  21    2.34   374.5   13.9      32.125
2013   10        5     0  32    2.34   374.9   13.8      32.138
2013   10        5     0  42    2.33   375.4   13.7      32.151
2013   10        5     0  53    2.32   375.9   13.7      32.164
2013   10        5     1   4    2.32   376.3   13.6      32.177
2013   10        5     1  15    2.31   376.8   13.5      32.188
2013   10        5     1  26    2.31   377.3   13.5      32.199
2013   10        5     1  37    2.30   377.7   13.4      32.210
2013   10        5     1  48    2.29   378.2   13.4      32.219
2013   10        5     1  59    2.29   378.7   13.3      32.227
2013   10        5     2  10    2.28   379.2   13.2      32.233
2013   10        5     2  21    2.27   379.7   13.2      32.239
2013   10        5     2  32    2.27   380.2   13.1      32.242
2013   10        5     2  43    2.26   380.7   13.0      32.244
2013   10        5     2  54    2.26   381.2   13.0      32.244
2013   10        5     3   5    2.25   381.7   12.9      32.241
2013   10        5     3  16    2.24   382.3   12.8      32.236
2013   10        5     3  27    2.23   382.8   12.7      32.229
2013   10        5     3  38    2.23   383.3   12.7      32.218
2013   10        5     3  49    2.22   383.9   12.6      32.202
2013   10        5     4   0    2.21   384.4   12.5      32.183
2013   10        5     4  11    2.20   384.9   12.4      32.161
2013   10        5     4  22    2.19   385.4   12.3      32.133
2013   10        5     4  33    2.18   385.9   12.2      32.097
2013   10        5     4  44    2.17   386.4   12.1      32.055
2013   10        5     4  55    2.16   386.9   12.0      32.006
2013   10        5     5   6    2.15   387.4   11.9      31.950
2013   10        5     5  17    2.14   387.9   11.8      31.885
2013   10        5     5  28    2.13   388.3   11.7      31.813
2013   10        5     5  39    2.12   388.7   11.6      31.736
2013   10        5     5  50    2.11   389.1   11.5      31.653
2013   10        5     6   1    2.10   389.5   11.5      31.571
2013   10        5     6  12    2.09   389.8   11.4      31.494
2013   10        5     6  23    2.08   390.2   11.3      31.422
2013   10        5     6  35    2.07   390.6   11.2      31.354
2013   10        5     6  46    2.06   390.9   11.1      31.290
2013   10        5     6  57    2.05   391.3   11.1      31.229
2013   10        5     7   8    2.04   391.6   11.0      31.172
2013   10        5     7  19    2.03   392.0   10.9      31.117
2013   10        5     7  30    2.02   392.3   10.9      31.065
2013   10        5     7  41    2.02   392.7   10.8      31.015
2013   10        5     7  52    2.01   393.0   10.8      30.967
2013   10        5     8   3    2.00   393.4   10.7      30.921
2013   10        5     8  15    1.99   393.7   10.6      30.876
2013   10        5     8  26    1.98   394.1   10.6      30.832
2013   10        5     8  37    1.98   394.4   10.5      30.788
2013   10        5     8  48    1.97   394.7   10.5      30.744
2013   10        5     8  59    1.96   395.1   10.4      30.700
2013   10        5     9  10    1.95   395.4   10.4      30.655
2013   10        5     9  22    1.94   395.8   10.3      30.609
2013   10        5     9  33    1.94   396.1   10.2      30.560
2013   10        5     9  44    1.93   396.5   10.2      30.511
2013   10        5     9  55    1.92   396.8   10.1      30.459
2013   10        5    10   6    1.91   397.1   10.1      30.406
2013   10        5    10  18    1.90   397.5   10.0      30.351
2013   10        5    10  29    1.90   397.8   10.0      30.295
2013   10        5    10  40    1.89   398.1    9.9      30.235
2013   10        5    10  51    1.88   398.5    9.8      30.170
2013   10        5    11   3    1.87   398.8    9.8      30.101
2013   10        5    11  14    1.86   399.0    9.7      30.027
2013   10        5    11  25    1.85   399.3    9.7      29.950
2013   10        5    11  36    1.84   399.6    9.6      29.873
2013   10        5    11  48    1.84   399.8    9.5      29.796
2013   10        5    11  59    1.83   400.0    9.5      29.721
2013   10        5    12  10    1.82   400.3    9.4      29.647
2013   10        5    12  21    1.81   400.5    9.4      29.575
2013   10        5    12  33    1.80   400.7    9.3      29.504
2013   10        5    12  44    1.80   400.9    9.3      29.436
2013   10        5    12  55    1.79   401.1    9.2      29.370
2013   10        5    13   7    1.78   401.2    9.2      29.307
2013   10        5    13  18    1.78   401.4    9.2      29.246
2013   10        5    13  29    1.77   401.5    9.1      29.189
2013   10        5    13  41    1.76   401.7    9.1      29.135
2013   10        5    13  52    1.76   401.8    9.0      29.083
2013   10        5    14   3    1.75   402.0    9.0      29.035
2013   10        5    14  15    1.75   402.1    9.0      28.989
2013   10        5    14  26    1.74   402.3    8.9      28.946
2013   10        5    14  37    1.74   402.5    8.9      28.906
2013   10        5    14  49    1.73   402.7    8.9      28.868
2013   10        5    15   0    1.73   402.9    8.9      28.830
2013   10        5    15  11    1.72   403.1    8.8      28.792
2013   10        5    15  23    1.72   403.3    8.8      28.753
2013   10        5    15  34    1.71   403.5    8.8      28.712
2013   10        5    15  45    1.71   403.7    8.7      28.670
2013   10        5    15  57    1.70   403.9    8.7      28.626
2013   10        5    16   8    1.69   404.0    8.7      28.580
2013   10        5    16  20    1.69   404.2    8.6      28.534
2013   10        5    16  31    1.68   404.4    8.6      28.486
2013   10        5    16  42    1.68   404.6    8.6      28.435
2013   10        5    16  54    1.67   404.8    8.5      28.383
2013   10        5    17   5    1.67   404.9    8.5      28.330
2013   10        5    17  17    1.66   405.0    8.5      28.276
2013   10        5    17  28    1.66   405.2    8.4      28.224
2013   10        5    17  40    1.65   405.3    8.4      28.174
2013   10        5    17  51    1.65   405.4    8.4      28.125
2013   10        5    18   2    1.64   405.6    8.3      28.076
2013   10        5    18  14    1.64   405.7    8.3      28.028
2013   10        5    18  25    1.63   405.9    8.3      27.981
2013   10        5    18  37    1.63   406.0    8.2      27.933
2013   10        5    18  48    1.62   406.2    8.2      27.885
2013   10        5    19   0    1.62   406.3    8.2      27.837
2013   10        5    19  11    1.61   406.4    8.1      27.789
2013   10        5    19  23    1.61   406.5    8.1      27.741
2013   10        5    19  34    1.61   406.7    8.1      27.693
2013   10        5    19  46    1.60   406.8    8.1      27.646
2013   10        5    19  57    1.60   406.8    8.0      27.599
2013   10        5    20   8    1.59   406.9    8.0      27.553
2013   10        5    20  20    1.59   407.0    8.0      27.508
2013   10        5    20  31    1.59   407.1    8.0      27.465
2013   10        5    20  43    1.58   407.1    7.9      27.423
2013   10        5    20  55    1.58   407.2    7.9      27.383
2013   10        5    21   6    1.57   407.2    7.9      27.345
2013   10        5    21  18    1.57   407.3    7.9      27.308
2013   10        5    21  29    1.57   407.3    7.9      27.274
2013   10        5    21  41    1.56   407.4    7.8      27.240
2013   10        5    21  52    1.56   407.5    7.8      27.209
2013   10        5    22   4    1.56   407.6    7.8      27.179
2013   10        5    22  15    1.55   407.7    7.8      27.149
2013   10        5    22  27    1.55   407.8    7.8      27.118
2013   10        5    22  38    1.55   407.9    7.8      27.085
2013   10        5    22  50    1.54   408.0    7.7      27.050
2013   10        5    23   1    1.54   408.1    7.7      27.013
2013   10        5    23  13    1.54   408.1    7.7      26.976
2013   10        5    23  25    1.53   408.2    7.7      26.937
2013   10        5    23  36    1.53   408.3    7.7      26.899
2013   10        5    23  48    1.53   408.4    7.6      26.861
2013   10        5    23  59    1.52   408.4    7.6      26.822
2013   10        6     0  11    1.52   408.5    7.6      26.783
2013   10        6     0  22    1.52   408.6    7.6      26.745
2013   10        6     0  34    1.51   408.6    7.6      26.706
2013   10        6     0  46    1.51   408.7    7.5      26.668
2013   10        6     0  57    1.51   408.7    7.5      26.631
2013   10        6     1   9    1.51   408.8    7.5      26.594
2013   10        6     1  20    1.50   408.8    7.5      26.558
2013   10        6     1  32    1.50   408.9    7.5      26.524
2013   10        6     1  44    1.50   408.9    7.5      26.490
2013   10        6     1  55    1.49   408.9    7.4      26.457
2013   10        6     2   7    1.49   409.0    7.4      26.425
2013   10        6     2  19    1.49   409.0    7.4      26.394
2013   10        6     2  30    1.49   409.1    7.4      26.364
2013   10        6     2  42    1.48   409.1    7.4      26.334
2013   10        6     2  54    1.48   409.1    7.4      26.306
2013   10        6     3   5    1.48   409.1    7.4      26.278
2013   10        6     3  17    1.48   409.2    7.3      26.251
2013   10        6     3  29    1.47   409.2    7.3      26.225
2013   10        6     3  40    1.47   409.2    7.3      26.200
2013   10        6     3  52    1.47   409.2    7.3      26.175
2013   10        6     4   4    1.47   409.2    7.3      26.152
2013   10        6     4  15    1.47   409.2    7.3      26.129
2013   10        6     4  27    1.46   409.2    7.3      26.108
2013   10        6     4  39    1.46   409.2    7.3      26.086
2013   10        6     4  50    1.46   409.2    7.3      26.066
2013   10        6     5   2    1.46   409.2    7.2      26.045
2013   10        6     5  14    1.46   409.2    7.2      26.025
2013   10        6     5  25    1.45   409.3    7.2      26.004
2013   10        6     5  37    1.45   409.3    7.2      25.984
2013   10        6     5  49    1.45   409.3    7.2      25.963
2013   10        6     6   0    1.45   409.3    7.2      25.943
2013   10        6     6  12    1.45   409.3    7.2      25.922
2013   10        6     6  24    1.44   409.3    7.2      25.902
2013   10        6     6  35    1.44   409.3    7.2      25.882
2013   10        6     6  47    1.44   409.3    7.2      25.862
2013   10        6     6  59    1.44   409.3    7.2      25.842
2013   10        6     7  11    1.44   409.3    7.2      25.823
2013   10        6     7  22    1.44   409.3    7.1      25.804
2013   10        6     7  34    1.43   409.3    7.1      25.785
2013   10        6     7  46    1.43   409.3    7.1      25.767
2013   10        6     7  57    1.43   409.3    7.1      25.749
2013   10        6     8   9    1.43   409.3    7.1      25.731
2013   10        6     8  21    1.43   409.3    7.1      25.714
2013   10        6     8  32    1.43   409.3    7.1      25.697
2013   10        6     8  44    1.42   409.3    7.1      25.681
2013   10        6     8  56    1.42   409.3    7.1      25.665
2013   10        6     9   7    1.42   409.2    7.1      25.649
2013   10        6     9  19    1.42   409.2    7.1      25.634
2013   10        6     9  31    1.42   409.2    7.1      25.619
2013   10        6     9  42    1.42   409.2    7.1      25.604
2013   10        6     9  54    1.42   409.2    7.0      25.590
2013   10        6    10   6    1.41   409.2    7.0      25.576
2013   10        6    10  17    1.41   409.1    7.0      25.562
2013   10        6    10  29    1.41   409.1    7.0      25.549
2013   10        6    10  41    1.41   409.1    7.0      25.536
2013   10        6    10  52    1.41   409.1    7.0      25.523
2013   10        6    11   4    1.41   409.1    7.0      25.511
2013   10        6    11  16    1.41   409.0    7.0      25.499
2013   10        6    11  27    1.41   409.0    7.0      25.488
2013   10        6    11  39    1.41   409.0    7.0      25.477
2013   10        6    11  51    1.40   409.0    7.0      25.467
2013   10        6    12   2    1.40   408.9    7.0      25.457
2013   10        6    12  14    1.40   408.9    7.0      25.448
2013   10        6    12  26    1.40   408.9    7.0      25.440
2013   10        6    12  37    1.40   408.9    7.0      25.433
2013   10        6    12  49    1.40   408.9    7.0      25.426
2013   10        6    13   1    1.40   408.8    7.0      25.420
2013   10        6    13  12    1.40   408.8    7.0      25.415
2013   10        6    13  24    1.40   408.8    7.0      25.410
2013   10        6    13  36    1.40   408.8    7.0      25.407
2013   10        6    13  47    1.40   408.8    7.0      25.404
2013   10        6    13  59    1.40   408.7    7.0      25.403
2013   10        6    14  11    1.40   408.7    7.0      25.402
2013   10        6    14  22    1.39   408.7    7.0      25.402
2013   10        6    14  34    1.39   408.7    7.0      25.403
2013   10        6    14  46    1.39   408.7    7.0      25.405
2013   10        6    14  57    1.39   408.7    7.0      25.408
2013   10        6    15   9    1.39   408.7    7.0      25.412
2013   10        6    15  21    1.39   408.6    7.0      25.416
2013   10        6    15  33    1.39   408.6    7.0      25.422
2013   10        6    15  44    1.39   408.6    7.0      25.428
2013   10        6    15  56    1.39   408.6    7.0      25.435
2013   10        6    16   8    1.39   408.6    7.0      25.443
2013   10        6    16  19    1.39   408.6    7.0      25.451
2013   10        6    16  31    1.40   408.6    7.0      25.460
2013   10        6    16  43    1.40   408.6    7.0      25.470
2013   10        6    16  54    1.40   408.6    7.0      25.481
2013   10        6    17   6    1.40   408.6    7.0      25.492
2013   10        6    17  18    1.40   408.6    7.0      25.503
2013   10        6    17  29    1.40   408.6    7.0      25.515
2013   10        6    17  41    1.40   408.5    7.0      25.528
2013   10        6    17  52    1.40   408.5    7.0      25.540
2013   10        6    18   4    1.41   408.5    7.1      25.552
2013   10        6    18  16    1.41   408.5    7.1      25.564
2013   10        6    18  27    1.41   408.5    7.1      25.574
2013   10        6    18  39    1.41   408.5    7.1      25.583
2013   10        6    18  51    1.41   408.5    7.1      25.590
2013   10        6    19   3    1.41   408.4    7.1      25.596
2013   10        6    19  14    1.42   408.4    7.1      25.600
2013   10        6    19  26    1.42   408.4    7.1      25.602
2013   10        6    19  38    1.42   408.3    7.1      25.603
2013   10        6    19  49    1.42   408.3    7.1      25.602
2013   10        6    20   1    1.42   408.2    7.1      25.600
2013   10        6    20  13    1.42   408.2    7.1      25.596
2013   10        6    20  24    1.43   408.1    7.0      25.591
2013   10        6    20  36    1.43   408.1    7.0      25.585
2013   10        6    20  48    1.43   408.0    7.0      25.577
2013   10        6    20  59    1.43   407.9    7.0      25.569
2013   10        6    21  11    1.43   407.8    7.0      25.559
2013   10        6    21  23    1.43   407.8    7.0      25.549
2013   10        6    21  34    1.43   407.7    7.0      25.538
2013   10        6    21  46    1.43   407.6    7.0      25.525
2013   10        6    21  58    1.43   407.5    7.0      25.512
2013   10        6    22   9    1.43   407.4    7.0      25.498
2013   10        6    22  21    1.43   407.3    7.0      25.484
2013   10        6    22  33    1.43   407.2    7.0      25.468
2013   10        6    22  44    1.43   407.1    7.0      25.452
2013   10        6    22  56    1.43   407.0    7.0      25.435
2013   10        6    23   8    1.43   406.9    7.0      25.417
2013   10        6    23  19    1.43   406.8    7.0      25.399
2013   10        6    23  31    1.43   406.7    7.0      25.380
2013   10        6    23  43    1.43   406.6    7.0      25.360
2013   10        6    23  54    1.42   406.5    7.0      25.340
2013   10        7     0   6    1.42   406.4    6.9      25.319
2013   10        7     0  18    1.42   406.2    6.9      25.297
2013   10        7     0  29    1.42   406.1    6.9      25.275
2013   10        7     0  41    1.42   406.0    6.9      25.252
2013   10        7     0  53    1.41   405.9    6.9      25.228
2013   10        7     1   4    1.41   405.8    6.9      25.204
2013   10        7     1  16    1.41   405.6    6.9      25.180
2013   10        7     1  28    1.40   405.5    6.9      25.154
2013   10        7     1  39    1.40   405.4    6.9      25.129
2013   10        7     1  51    1.40   405.3    6.9      25.103
2013   10        7     2   3    1.40   405.1    6.9      25.076
2013   10        7     2  14    1.39   405.0    6.9      25.049
2013   10        7     2  26    1.39   404.9    6.9      25.022
2013   10        7     2  38    1.39   404.7    6.9      24.995
2013   10        7     2  49    1.38   404.6    6.9      24.968
2013   10        7     3   1    1.38   404.5    6.8      24.940
2013   10        7     3  13    1.38   404.3    6.8      24.913
2013   10        7     3  24    1.37   404.2    6.8      24.885
2013   10        7     3  36    1.37   404.1    6.8      24.859
2013   10        7     3  48    1.37   403.9    6.8      24.832
2013   10        7     4   0    1.37   403.8    6.8      24.806
2013   10        7     4  11    1.36   403.7    6.8      24.780
2013   10        7     4  23    1.36   403.5    6.8      24.755
2013   10        7     4  35    1.36   403.4    6.8      24.731
2013   10        7     4  46    1.36   403.3    6.8      24.707
2013   10        7     4  58    1.35   403.1    6.8      24.684
2013   10        7     5  10    1.35   403.0    6.8      24.662
2013   10        7     5  21    1.35   402.9    6.8      24.641
2013   10        7     5  33    1.35   402.8    6.8      24.621
2013   10        7     5  45    1.35   402.6    6.8      24.601
2013   10        7     5  56    1.34   402.5    6.8      24.582
2013   10        7     6   8    1.34   402.4    6.8      24.564
2013   10        7     6  20    1.34   402.3    6.8      24.547
2013   10        7     6  31    1.34   402.2    6.8      24.530
2013   10        7     6  43    1.34   402.0    6.8      24.513
2013   10        7     6  55    1.33   401.9    6.8      24.497
2013   10        7     7   6    1.33   401.8    6.8      24.481
2013   10        7     7  18    1.33   401.7    6.8      24.466
2013   10        7     7  30    1.33   401.6    6.8      24.450
2013   10        7     7  41    1.33   401.5    6.8      24.434
2013   10        7     7  53    1.33   401.4    6.8      24.418
2013   10        7     8   5    1.33   401.3    6.8      24.401
2013   10        7     8  16    1.32   401.2    6.8      24.382
2013   10        7     8  28    1.32   401.0    6.8      24.362
2013   10        7     8  40    1.32   400.9    6.9      24.341
2013   10        7     8  51    1.32   400.8    6.9      24.319
2013   10        7     9   3    1.32   400.7    6.9      24.297
2013   10        7     9  15    1.32   400.6    6.9      24.274
2013   10        7     9  26    1.32   400.5    6.9      24.250
2013   10        7     9  38    1.32   400.3    6.9      24.226
2013   10        7     9  50    1.32   400.2    6.9      24.202
2013   10        7    10   1    1.32   400.1    6.9      24.177
2013   10        7    10  13    1.32   400.0    6.9      24.152
2013   10        7    10  25    1.32   399.9    6.9      24.127
2013   10        7    10  36    1.32   399.7    6.9      24.101
2013   10        7    10  48    1.32   399.6    6.9      24.076
2013   10        7    11   0    1.32   399.5    6.9      24.050
2013   10        7    11  11    1.32   399.4    6.9      24.024
2013   10        7    11  23    1.32   399.2    6.9      23.998
2013   10        7    11  35    1.32   399.1    6.9      23.971
2013   10        7    11  46    1.32   399.0    6.9      23.945
2013   10        7    11  58    1.32   398.8    6.9      23.919
2013   10        7    12  10    1.32   398.7    6.9      23.893
2013   10        7    12  21    1.32   398.6    6.9      23.867
2013   10        7    12  33    1.32   398.5    6.9      23.841
2013   10        7    12  45    1.32   398.3    6.9      23.815
2013   10        7    12  56    1.33   398.2    6.9      23.790
2013   10        7    13   8    1.33   398.1    6.9      23.765
2013   10        7    13  20    1.33   397.9    6.9      23.740
2013   10        7    13  31    1.33   397.8    6.9      23.715
2013   10        7    13  43    1.33   397.7    7.0      23.691
2013   10        7    13  55    1.33   397.5    7.0      23.668
2013   10        7    14   6    1.34   397.4    7.0      23.645
2013   10        7    14  18    1.34   397.3    7.0      23.622
2013   10        7    14  30    1.34   397.2    7.0      23.601
2013   10        7    14  41    1.34   397.0    7.0      23.580
2013   10        7    14  53    1.34   396.9    7.0      23.561
2013   10        7    15   5    1.34   396.8    7.0      23.542
2013   10        7    15  16    1.35   396.6    7.0      23.524
2013   10        7    15  28    1.35   396.5    7.0      23.508
2013   10        7    15  40    1.35   396.4    7.0      23.494
2013   10        7    15  51    1.35   396.3    7.0      23.480
2013   10        7    16   3    1.35   396.1    7.0      23.468
2013   10        7    16  15    1.35   396.0    7.0      23.458
2013   10        7    16  26    1.35   395.9    7.0      23.449
2013   10        7    16  38    1.36   395.8    7.1      23.441
2013   10        7    16  50    1.36   395.7    7.1      23.435
2013   10        7    17   1    1.36   395.6    7.1      23.428
2013   10        7    17  13    1.36   395.4    7.1      23.421
2013   10        7    17  25    1.36   395.3    7.1      23.413
2013   10        7    17  36    1.36   395.2    7.1      23.404
2013   10        7    17  48    1.36   395.1    7.1      23.395
2013   10        7    18   0    1.36   395.0    7.1      23.385
2013   10        7    18  11    1.37   394.9    7.1      23.374
2013   10        7    18  23    1.37   394.7    7.1      23.363
2013   10        7    18  35    1.37   394.6    7.1      23.351
2013   10        7    18  46    1.37   394.5    7.1      23.339
2013   10        7    18  58    1.37   394.4    7.1      23.326
2013   10        7    19  10    1.37   394.3    7.1      23.313
2013   10        7    19  21    1.37   394.2    7.1      23.301
2013   10        7    19  33    1.37   394.1    7.1      23.287
2013   10        7    19  45    1.37   393.9    7.2      23.274
2013   10        7    19  56    1.38   393.8    7.2      23.261
2013   10        7    20   8    1.38   393.7    7.2      23.248
2013   10        7    20  20    1.38   393.6    7.2      23.235
2013   10        7    20  31    1.38   393.5    7.2      23.222
2013   10        7    20  43    1.38   393.4    7.2      23.210
2013   10        7    20  55    1.38   393.3    7.2      23.198
2013   10        7    21   6    1.38   393.1    7.2      23.187
2013   10        7    21  18    1.38   393.0    7.2      23.177
2013   10        7    21  30    1.38   392.9    7.2      23.167
2013   10        7    21  41    1.39   392.8    7.2      23.159
2013   10        7    21  53    1.39   392.7    7.2      23.153
2013   10        7    22   5    1.39   392.6    7.3      23.148
2013   10        7    22  16    1.39   392.5    7.3      23.144
2013   10        7    22  28    1.39   392.4    7.3      23.142
2013   10        7    22  40    1.39   392.3    7.3      23.143
2013   10        7    22  51    1.39   392.3    7.3      23.146
2013   10        7    23   3    1.40   392.2    7.3      23.152
2013   10        7    23  15    1.40   392.1    7.3      23.160
2013   10        7    23  26    1.40   392.0    7.4      23.169
2013   10        7    23  38    1.40   392.0    7.4      23.180
2013   10        7    23  50    1.40   391.9    7.4      23.192
2013   10        8     0   1    1.40   391.9    7.4      23.206
2013   10        8     0  13    1.41   391.8    7.4      23.222
2013   10        8     0  25    1.41   391.8    7.4      23.237
2013   10        8     0  36    1.41   391.7    7.4      23.250
2013   10        8     0  48    1.41   391.7    7.5      23.261
2013   10        8     1   0    1.41   391.7    7.5      23.270
2013   10        8     1  11    1.41   391.6    7.5      23.278
2013   10        8     1  23    1.41   391.6    7.5      23.285
2013   10        8     1  35    1.41   391.5    7.5      23.290
2013   10        8     1  46    1.41   391.5    7.5      23.294
2013   10        8     1  58    1.42   391.5    7.5      23.296
2013   10        8     2  10    1.42   391.4    7.5      23.297
2013   10        8     2  21    1.42   391.4    7.5      23.298
2013   10        8     2  33    1.42   391.4    7.5      23.297
2013   10        8     2  45    1.42   391.4    7.5      23.295
2013   10        8     2  57    1.42   391.3    7.5      23.292
2013   10        8     3   8    1.42   391.3    7.5      23.288
2013   10        8     3  20    1.42   391.3    7.5      23.283
2013   10        8     3  32    1.42   391.3    7.5      23.277
2013   10        8     3  43    1.42   391.3    7.5      23.270
2013   10        8     3  55    1.42   391.2    7.5      23.263
2013   10        8     4   7    1.42   391.2    7.5      23.254
2013   10        8     4  18    1.42   391.2    7.5      23.245
2013   10        8     4  30    1.42   391.2    7.5      23.236
2013   10        8     4  41    1.42   391.2    7.5      23.227
2013   10        8     4  53    1.42   391.1    7.5      23.218
2013   10        8     5   5    1.42   391.1    7.5      23.209
2013   10        8     5  16    1.42   391.1    7.5      23.201
2013   10        8     5  28    1.42   391.1    7.5      23.193
2013   10        8     5  40    1.42   391.1    7.5      23.186
2013   10        8     5  51    1.42   391.1    7.5      23.179
2013   10        8     6   3    1.42   391.0    7.5      23.174
2013   10        8     6  15    1.42   391.0    7.6      23.169
2013   10        8     6  26    1.43   391.0    7.6      23.166
2013   10        8     6  38    1.43   391.0    7.6      23.165
2013   10        8     6  50    1.43   391.0    7.6      23.165
2013   10        8     7   1    1.43   391.0    7.6      23.166
2013   10        8     7  13    1.43   391.0    7.6      23.170
2013   10        8     7  25    1.43   391.1    7.6      23.177
2013   10        8     7  36    1.43   391.1    7.6      23.185
2013   10        8     7  48    1.43   391.1    7.6      23.194
2013   10        8     8   0    1.43   391.1    7.6      23.202
2013   10        8     8  11    1.43   391.1    7.6      23.208
2013   10        8     8  23    1.43   391.2    7.6      23.213
2013   10        8     8  35    1.43   391.2    7.6      23.216
2013   10        8     8  46    1.43   391.2    7.6      23.217
2013   10        8     8  58    1.43   391.2    7.6      23.217
2013   10        8     9  10    1.43   391.3    7.6      23.216
2013   10        8     9  21    1.42   391.3    7.6      23.213
2013   10        8     9  33    1.42   391.3    7.6      23.208
2013   10        8     9  45    1.42   391.3    7.6      23.202
2013   10        8     9  56    1.42   391.4    7.6      23.195
2013   10        8    10   8    1.42   391.4    7.5      23.187
2013   10        8    10  20    1.42   391.4    7.5      23.177
2013   10        8    10  31    1.42   391.4    7.5      23.167
2013   10        8    10  43    1.42   391.4    7.5      23.154
2013   10        8    10  55    1.42   391.5    7.5      23.141
2013   10        8    11   6    1.41   391.5    7.5      23.127
2013   10        8    11  18    1.41   391.5    7.5      23.112
2013   10        8    11  30    1.41   391.5    7.5      23.096
2013   10        8    11  41    1.41   391.6    7.5      23.079
2013   10        8    11  53    1.41   391.6    7.5      23.061
2013   10        8    12   5    1.41   391.6    7.4      23.043
2013   10        8    12  16    1.41   391.6    7.4      23.024
2013   10        8    12  28    1.40   391.6    7.4      23.005
2013   10        8    12  40    1.40   391.6    7.4      22.985
2013   10        8    12  51    1.40   391.6    7.4      22.965
2013   10        8    13   3    1.40   391.7    7.4      22.945
2013   10        8    13  15    1.40   391.7    7.4      22.924
2013   10        8    13  26    1.39   391.7    7.4      22.903
2013   10        8    13  38    1.39   391.7    7.4      22.881
2013   10        8    13  50    1.39   391.7    7.3      22.859
2013   10        8    14   1    1.39   391.7    7.3      22.836
2013   10        8    14  13    1.39   391.7    7.3      22.813
2013   10        8    14  25    1.39   391.7    7.3      22.790
2013   10        8    14  36    1.38   391.7    7.3      22.766
2013   10        8    14  48    1.38   391.7    7.3      22.741
2013   10        8    15   0    1.38   391.7    7.3      22.716
2013   10        8    15  11    1.38   391.8    7.2      22.691
2013   10        8    15  23    1.37   391.8    7.2      22.665
2013   10        8    15  35    1.37   391.8    7.2      22.638
2013   10        8    15  46    1.37   391.8    7.2      22.611
2013   10        8    15  58    1.37   391.8    7.2      22.583
2013   10        8    16  10    1.37   391.7    7.2      22.554
2013   10        8    16  21    1.36   391.7    7.2      22.525
2013   10        8    16  33    1.36   391.7    7.1      22.495
2013   10        8    16  45    1.36   391.7    7.1      22.465
2013   10        8    16  56    1.36   391.7    7.1      22.434
2013   10        8    17   8    1.35   391.7    7.1      22.402
2013   10        8    17  20    1.35   391.7    7.1      22.370
2013   10        8    17  31    1.35   391.6    7.1      22.337
2013   10        8    17  43    1.34   391.6    7.1      22.304
2013   10        8    17  55    1.34   391.6    7.0      22.270
2013   10        8    18   6    1.34   391.5    7.0      22.236
2013   10        8    18  18    1.34   391.5    7.0      22.201
2013   10        8    18  30    1.33   391.5    7.0      22.166
2013   10        8    18  41    1.33   391.4    7.0      22.130
2013   10        8    18  53    1.33   391.4    7.0      22.093
2013   10        8    19   5    1.33   391.3    7.0      22.056
2013   10        8    19  16    1.32   391.3    6.9      22.019
2013   10        8    19  28    1.32   391.2    6.9      21.981
2013   10        8    19  40    1.32   391.2    6.9      21.942
2013   10        8    19  51    1.31   391.1    6.9      21.903
2013   10        8    20   3    1.31   391.1    6.9      21.864
2013   10        8    20  15    1.31   391.0    6.9      21.824
2013   10        8    20  26    1.30   391.0    6.8      21.784
2013   10        8    20  38    1.30   390.9    6.8      21.744
2013   10        8    20  50    1.30   390.8    6.8      21.703
2013   10        8    21   1    1.30   390.8    6.8      21.662
2013   10        8    21  13    1.29   390.7    6.8      21.620
2013   10        8    21  25    1.29   390.6    6.8      21.578
2013   10        8    21  36    1.29   390.5    6.8      21.537
2013   10        8    21  48    1.28   390.4    6.7      21.494
2013   10        8    22   0    1.28   390.4    6.7      21.452
2013   10        8    22  11    1.28   390.3    6.7      21.409
2013   10        8    22  23    1.27   390.2    6.7      21.367
2013   10        8    22  35    1.27   390.1    6.7      21.324
2013   10        8    22  46    1.27   390.0    6.7      21.282
2013   10        8    22  58    1.27   389.9    6.7      21.239
2013   10        8    23  10    1.26   389.8    6.6      21.196
2013   10        8    23  21    1.26   389.7    6.6      21.154
2013   10        8    23  33    1.26   389.6    6.6      21.111
2013   10        8    23  45    1.25   389.5    6.6      21.069
2013   10        8    23  56    1.25   389.4    6.6      21.026
2013   10        9     0   8    1.25   389.3    6.6      20.984
2013   10        9     0  20    1.25   389.2    6.6      20.941
2013   10        9     0  31    1.24   389.1    6.6      20.899
2013   10        9     0  43    1.24   389.0    6.6      20.857
2013   10        9     0  55    1.24   388.9    6.5      20.815
2013   10        9     1   6    1.24   388.8    6.5      20.772
2013   10        9     1  18    1.23   388.7    6.5      20.730
2013   10        9     1  30    1.23   388.6    6.5      20.688
2013   10        9     1  41    1.23   388.5    6.5      20.645
2013   10        9     1  53    1.22   388.4    6.5      20.602
2013   10        9     2   5    1.22   388.3    6.5      20.560
2013   10        9     2  16    1.22   388.1    6.5      20.517
2013   10        9     2  28    1.22   388.0    6.5      20.474
2013   10        9     2  40    1.21   387.9    6.5      20.431
2013   10        9     2  51    1.21   387.8    6.4      20.388
2013   10        9     3   3    1.21   387.6    6.4      20.345
2013   10        9     3  15    1.21   387.5    6.4      20.301
2013   10        9     3  26    1.20   387.3    6.4      20.258
2013   10        9     3  38    1.20   387.2    6.4      20.214
2013   10        9     3  50    1.20   387.1    6.4      20.171
2013   10        9     4   1    1.20   386.9    6.4      20.127
2013   10        9     4  13    1.19   386.8    6.4      20.083
2013   10        9     4  25    1.19   386.6    6.4      20.039
2013   10        9     4  36    1.19   386.5    6.4      19.995
2013   10        9     4  48    1.19   386.3    6.3      19.951
2013   10        9     5   0    1.18   386.2    6.3      19.907
2013   10        9     5  11    1.18   386.0    6.3      19.863
2013   10        9     5  23    1.18   385.8    6.3      19.818
2013   10        9     5  35    1.18   385.7    6.3      19.774
2013   10        9     5  46    1.18   385.5    6.3      19.730
2013   10        9     5  58    1.17   385.3    6.3      19.686
2013   10        9     6  10    1.17   385.2    6.3      19.642
2013   10        9     6  21    1.17   385.0    6.3      19.598
2013   10        9     6  33    1.17   384.8    6.3      19.554
2013   10        9     6  45    1.16   384.7    6.3      19.510
2013   10        9     6  56    1.16   384.5    6.2      19.467
2013   10        9     7   8    1.16   384.3    6.2      19.423
2013   10        9     7  20    1.16   384.1    6.2      19.380
2013   10        9     7  31    1.16   384.0    6.2      19.337
2013   10        9     7  43    1.15   383.8    6.2      19.294
2013   10        9     7  55    1.15   383.6    6.2      19.251
2013   10        9     8   6    1.15   383.4    6.2      19.209
2013   10        9     8  18    1.15   383.2    6.2      19.166
2013   10        9     8  30    1.15   383.0    6.2      19.124
2013   10        9     8  41    1.14   382.8    6.2      19.082
2013   10        9     8  53    1.14   382.7    6.2      19.041
2013   10        9     9   5    1.14   382.5    6.2      19.000
2013   10        9     9  16    1.14   382.3    6.2      18.959
2013   10        9     9  28    1.14   382.1    6.2      18.919
2013   10        9     9  40    1.14   381.9    6.2      18.879
2013   10        9     9  51    1.13   381.7    6.2      18.840
2013   10        9    10   3    1.13   381.5    6.2      18.801
2013   10        9    10  15    1.13   381.3    6.2      18.763
2013   10        9    10  26    1.13   381.1    6.2      18.726
2013   10        9    10  38    1.13   380.9    6.2      18.689
2013   10        9    10  50    1.13   380.7    6.1      18.653
2013   10        9    11   1    1.12   380.5    6.1      18.617
2013   10        9    11  13    1.12   380.3    6.1      18.581
2013   10        9    11  25    1.12   380.1    6.1      18.546
2013   10        9    11  36    1.12   379.9    6.1      18.511
2013   10        9    11  48    1.12   379.7    6.1      18.475
2013   10        9    12   0    1.12   379.5    6.1      18.440
2013   10        9    12  11    1.12   379.3    6.1      18.405
2013   10        9    12  23    1.11   379.1    6.1      18.369
2013   10        9    12  35    1.11   378.8    6.1      18.333
2013   10        9    12  46    1.11   378.6    6.1      18.297
2013   10        9    12  58    1.11   378.4    6.1      18.260
2013   10        9    13  10    1.11   378.2    6.1      18.223
2013   10        9    13  21    1.11   378.0    6.1      18.186
2013   10        9    13  33    1.11   377.7    6.1      18.149
2013   10        9    13  45    1.11   377.5    6.1      18.111
2013   10        9    13  56    1.10   377.3    6.1      18.073
2013   10        9    14   8    1.10   377.1    6.1      18.035
2013   10        9    14  20    1.10   376.8    6.1      17.997
2013   10        9    14  31    1.10   376.6    6.1      17.958
2013   10        9    14  43    1.10   376.4    6.1      17.919
2013   10        9    14  55    1.10   376.1    6.1      17.880
2013   10        9    15   6    1.10   375.9    6.1      17.842
2013   10        9    15  18    1.10   375.7    6.1      17.803
2013   10        9    15  30    1.09   375.4    6.1      17.764
2013   10        9    15  41    1.09   375.2    6.1      17.725
2013   10        9    15  53    1.09   374.9    6.1      17.686
2013   10        9    16   5    1.09   374.7    6.1      17.648
2013   10        9    16  16    1.09   374.5    6.1      17.610
2013   10        9    16  28    1.09   374.2    6.1      17.572
2013   10        9    16  40    1.09   374.0    6.1      17.534
2013   10        9    16  51    1.09   373.7    6.1      17.497
2013   10        9    17   3    1.09   373.5    6.1      17.461
2013   10        9    17  15    1.08   373.2    6.0      17.425
2013   10        9    17  26    1.08   373.0    6.0      17.390
2013   10        9    17  38    1.08   372.8    6.0      17.355
2013   10        9    17  50    1.08   372.5    6.0      17.321
2013   10        9    18   1    1.08   372.3    6.0      17.287
2013   10        9    18  13    1.08   372.0    6.0      17.254
2013   10        9    18  25    1.08   371.8    6.0      17.221
2013   10        9    18  36    1.08   371.6    6.0      17.188
2013   10        9    18  48    1.08   371.3    6.0      17.156
2013   10        9    19   0    1.08   371.1    6.0      17.123
2013   10        9    19  11    1.08   370.8    6.0      17.091
2013   10        9    19  23    1.08   370.6    6.0      17.058
2013   10        9    19  34    1.07   370.3    6.0      17.025
2013   10        9    19  46    1.07   370.0    6.0      16.992
2013   10        9    19  58    1.07   369.8    6.0      16.959
2013   10        9    20   9    1.07   369.5    6.0      16.925
2013   10        9    20  21    1.07   369.2    6.0      16.892
2013   10        9    20  33    1.07   369.0    6.0      16.858
2013   10        9    20  45    1.07   368.7    6.0      16.825
2013   10        9    20  56    1.07   368.4    6.0      16.792
2013   10        9    21   8    1.07   368.2    6.0      16.759
2013   10        9    21  20    1.07   367.9    6.0      16.726
2013   10        9    21  31    1.07   367.6    6.0      16.694
2013   10        9    21  43    1.07   367.3    6.0      16.662
2013   10        9    21  55    1.07   367.0    6.0      16.631
2013   10        9    22   6    1.07   366.8    6.0      16.600
2013   10        9    22  18    1.07   366.5    6.0      16.570
2013   10        9    22  30    1.07   366.2    6.0      16.541
2013   10        9    22  41    1.07   365.9    6.0      16.512
2013   10        9    22  53    1.07   365.6    6.1      16.485
2013   10        9    23   5    1.07   365.3    6.1      16.457
2013   10        9    23  16    1.07   365.1    6.1      16.431
2013   10        9    23  28    1.07   364.8    6.1      16.405
2013   10        9    23  40    1.07   364.5    6.1      16.380
2013   10        9    23  51    1.07   364.2    6.1      16.356
2013   10       10     0   3    1.07   363.9    6.1      16.332
2013   10       10     0  15    1.07   363.6    6.1      16.309
2013   10       10     0  26    1.07   363.3    6.1      16.286
2013   10       10     0  38    1.07   363.0    6.1      16.264
2013   10       10     0  50    1.07   362.7    6.1      16.241
2013   10       10     1   1    1.07   362.4    6.1      16.219
2013   10       10     1  13    1.07   362.1    6.1      16.198
2013   10       10     1  25    1.07   361.8    6.1      16.176
2013   10       10     1  36    1.07   361.5    6.1      16.155
2013   10       10     1  48    1.07   361.2    6.2      16.133
2013   10       10     2   0    1.07   360.9    6.2      16.112
2013   10       10     2  11    1.07   360.6    6.2      16.090
2013   10       10     2  23    1.07   360.3    6.2      16.069
2013   10       10     2  34    1.07   360.0    6.2      16.048
2013   10       10     2  46    1.07   359.7    6.2      16.026
2013   10       10     2  58    1.08   359.4    6.2      16.005
2013   10       10     3   9    1.08   359.0    6.2      15.984
2013   10       10     3  21    1.08   358.7    6.2      15.963
2013   10       10     3  33    1.08   358.4    6.2      15.942
2013   10       10     3  44    1.08   358.0    6.2      15.921
2013   10       10     3  56    1.08   357.7    6.3      15.902
2013   10       10     4   8    1.08   357.3    6.3      15.882
2013   10       10     4  20    1.08   357.0    6.3      15.864
2013   10       10     4  31    1.09   356.7    6.3      15.846
2013   10       10     4  43    1.09   356.3    6.3      15.829
2013   10       10     4  55    1.09   356.0    6.3      15.813
2013   10       10     5   6    1.09   355.6    6.3      15.798
2013   10       10     5  18    1.09   355.2    6.3      15.783
2013   10       10     5  30    1.10   354.9    6.4      15.770
2013   10       10     5  41    1.10   354.5    6.4      15.758
2013   10       10     5  53    1.10   354.2    6.4      15.748
2013   10       10     6   5    1.10   353.8    6.4      15.738
2013   10       10     6  16    1.11   353.4    6.4      15.730
2013   10       10     6  28    1.11   353.1    6.5      15.723
2013   10       10     6  40    1.11   352.7    6.5      15.718
2013   10       10     6  51    1.12   352.3    6.5      15.714
2013   10       10     7   3    1.12   351.9    6.5      15.712
2013   10       10     7  15    1.12   351.5    6.6      15.713
2013   10       10     7  26    1.13   351.2    6.6      15.715
2013   10       10     7  38    1.13   350.8    6.6      15.720
2013   10       10     7  50    1.14   350.4    6.7      15.728
2013   10       10     8   1    1.14   350.0    6.7      15.739
2013   10       10     8  13    1.15   349.6    6.8      15.753
2013   10       10     8  25    1.15   349.3    6.8      15.772
2013   10       10     8  36    1.16   348.9    6.9      15.794
2013   10       10     8  48    1.16   348.6    6.9      15.820
2013   10       10     9   0    1.17   348.2    7.0      15.851
2013   10       10     9  11    1.18   347.9    7.0      15.887
2013   10       10     9  23    1.18   347.5    7.1      15.927
2013   10       10     9  34    1.19   347.2    7.2      15.972
2013   10       10     9  46    1.20   346.9    7.2      16.024
2013   10       10     9  58    1.21   346.6    7.3      16.083
2013   10       10    10   9    1.22   346.3    7.4      16.150
2013   10       10    10  21    1.23   346.1    7.5      16.224
2013   10       10    10  33    1.24   345.9    7.6      16.307
2013   10       10    10  44    1.25   345.7    7.7      16.397
2013   10       10    10  56    1.26   345.6    7.7      16.498
2013   10       10    11   8    1.27   345.5    7.8      16.611
2013   10       10    11  19    1.28   345.4    7.9      16.731
2013   10       10    11  31    1.29   345.3    8.0      16.855
2013   10       10    11  43    1.30   345.2    8.1      16.981
2013   10       10    11  55    1.31   345.1    8.1      17.103
2013   10       10    12   6    1.32   345.1    8.2      17.219
2013   10       10    12  18    1.33   345.0    8.3      17.332
2013   10       10    12  30    1.34   344.9    8.3      17.441
2013   10       10    12  41    1.34   344.8    8.4      17.546
2013   10       10    12  53    1.35   344.8    8.5      17.649
2013   10       10    13   5    1.36   344.7    8.5      17.750
2013   10       10    13  16    1.37   344.6    8.6      17.848
2013   10       10    13  28    1.38   344.5    8.7      17.944
2013   10       10    13  40    1.39   344.5    8.7      18.039
2013   10       10    13  51    1.40   344.4    8.8      18.132
2013   10       10    14   3    1.41   344.3    8.9      18.225
2013   10       10    14  15    1.42   344.2    8.9      18.317
2013   10       10    14  26    1.43   344.2    9.0      18.408
2013   10       10    14  38    1.44   344.1    9.1      18.501
2013   10       10    14  50    1.45   344.0    9.2      18.596
2013   10       10    15   1    1.46   343.9    9.2      18.693
2013   10       10    15  13    1.47   343.9    9.3      18.794
2013   10       10    15  25    1.48   343.8    9.4      18.901
2013   10       10    15  36    1.50   343.8    9.5      19.012
2013   10       10    15  48    1.51   343.8    9.6      19.130
2013   10       10    15  59    1.52   343.8    9.8      19.259
2013   10       10    16  11    1.54   343.9    9.9      19.400
2013   10       10    16  23    1.55   343.9   10.0      19.550
2013   10       10    16  34    1.57   344.0   10.2      19.709
2013   10       10    16  46    1.58   344.1   10.3      19.879
2013   10       10    16  58    1.60   344.3   10.4      20.065
2013   10       10    17   9    1.62   344.6   10.6      20.264
2013   10       10    17  21    1.63   344.9   10.7      20.475
2013   10       10    17  33    1.65   345.1   10.9      20.692
2013   10       10    17  44    1.67   345.4   11.0      20.904
2013   10       10    17  56    1.68   345.7   11.1      21.109
2013   10       10    18   8    1.70   346.0   11.3      21.310
2013   10       10    18  19    1.71   346.4   11.4      21.510
2013   10       10    18  31    1.73   346.7   11.5      21.710
2013   10       10    18  43    1.74   347.1   11.6      21.909
2013   10       10    18  54    1.76   347.4   11.7      22.105
2013   10       10    19   6    1.77   347.8   11.8      22.297
2013   10       10    19  18    1.78   348.1   11.9      22.482
2013   10       10    19  30    1.80   348.5   12.0      22.661
2013   10       10    19  41    1.81   348.8   12.0      22.835
2013   10       10    19  53    1.82   349.2   12.1      23.005
2013   10       10    20   5    1.83   349.5   12.2      23.171
2013   10       10    20  16    1.84   349.8   12.2      23.333
2013   10       10    20  28    1.86   350.2   12.3      23.492
2013   10       10    20  40    1.87   350.5   12.4      23.648
2013   10       10    20  51    1.88   350.9   12.4      23.802
2013   10       10    21   3    1.89   351.2   12.5      23.953
2013   10       10    21  15    1.90   351.5   12.6      24.102
2013   10       10    21  26    1.92   351.8   12.6      24.248
2013   10       10    21  38    1.93   352.2   12.7      24.394
2013   10       10    21  50    1.94   352.5   12.8      24.539
2013   10       10    22   1    1.95   352.8   12.8      24.685
2013   10       10    22  13    1.96   353.2   12.9      24.832
2013   10       10    22  25    1.98   353.5   13.0      24.981
2013   10       10    22  36    1.99   353.9   13.0      25.134
2013   10       10    22  48    2.00   354.2   13.1      25.289
2013   10       10    22  59    2.01   354.6   13.2      25.448
2013   10       10    23  11    2.02   354.9   13.3      25.612
2013   10       10    23  23    2.04   355.3   13.4      25.781
2013   10       10    23  34    2.05   355.7   13.4      25.954
2013   10       10    23  46    2.06   356.1   13.5      26.130
2013   10       10    23  58    2.07   356.5   13.6      26.309
2013   10       11     0   9    2.09   356.9   13.7      26.496
2013   10       11     0  21    2.10   357.4   13.8      26.692
2013   10       11     0  33    2.11   357.9   13.9      26.896
2013   10       11     0  44    2.12   358.5   13.9      27.106
2013   10       11     0  56    2.13   359.0   14.0      27.314
2013   10       11     1   8    2.14   359.5   14.1      27.514
2013   10       11     1  19    2.15   360.0   14.1      27.708
2013   10       11     1  31    2.16   360.5   14.1      27.897
2013   10       11     1  43    2.17   361.0   14.2      28.081
2013   10       11     1  54    2.18   361.6   14.2      28.261
2013   10       11     2   6    2.19   362.1   14.2      28.437
2013   10       11     2  18    2.19   362.6   14.3      28.611
2013   10       11     2  29    2.20   363.1   14.3      28.783
2013   10       11     2  41    2.21   363.7   14.3      28.954
2013   10       11     2  53    2.22   364.2   14.3      29.124
2013   10       11     3   4    2.22   364.7   14.4      29.294
2013   10       11     3  16    2.23   365.2   14.4      29.466
2013   10       11     3  28    2.24   365.8   14.4      29.641
2013   10       11     3  40    2.24   366.3   14.4      29.819
2013   10       11     3  51    2.25   366.9   14.4      29.998
2013   10       11     4   3    2.26   367.5   14.5      30.183
2013   10       11     4  15    2.27   368.1   14.5      30.372
2013   10       11     4  26    2.28   368.7   14.5      30.562
2013   10       11     4  38    2.28   369.3   14.5      30.753
2013   10       11     4  50    2.29   370.0   14.6      30.938
2013   10       11     5   1    2.30   370.6   14.6      31.116
2013   10       11     5  13    2.31   371.2   14.6      31.288
2013   10       11     5  24    2.31   371.8   14.6      31.455
2013   10       11     5  36    2.32   372.5   14.6      31.617
2013   10       11     5  48    2.32   373.1   14.6      31.777
2013   10       11     5  59    2.33   373.7   14.6      31.935
2013   10       11     6  11    2.34   374.3   14.6      32.092
2013   10       11     6  23    2.34   374.9   14.5      32.249
2013   10       11     6  34    2.34   375.5   14.5      32.405
2013   10       11     6  46    2.35   376.1   14.5      32.559
2013   10       11     6  58    2.35   376.7   14.5      32.711
2013   10       11     7   9    2.36   377.3   14.5      32.862
2013   10       11     7  21    2.36   377.9   14.5      33.011
2013   10       11     7  33    2.36   378.5   14.5      33.158
2013   10       11     7  44    2.37   379.1   14.4      33.302
2013   10       11     7  56    2.37   379.8   14.4      33.443
2013   10       11     8   8    2.37   380.4   14.4      33.582
2013   10       11     8  19    2.38   381.0   14.4      33.717
2013   10       11     8  31    2.38   381.6   14.3      33.851
2013   10       11     8  43    2.38   382.3   14.3      33.982
2013   10       11     8  54    2.38   382.9   14.3      34.111
2013   10       11     9   6    2.38   383.5   14.3      34.239
2013   10       11     9  18    2.39   384.2   14.2      34.365
2013   10       11     9  29    2.39   384.8   14.2      34.491
2013   10       11     9  41    2.39   385.4   14.2      34.615
2013   10       11     9  53    2.39   386.0   14.1      34.739
2013   10       11    10   4    2.39   386.7   14.1      34.862
2013   10       11    10  16    2.39   387.3   14.1      34.984
2013   10       11    10  28    2.39   387.9   14.1      35.107
2013   10       11    10  39    2.40   388.6   14.0      35.232
2013   10       11    10  51    2.40   389.2   14.0      35.359
2013   10       11    11   3    2.40   389.8   14.0      35.487
2013   10       11    11  14    2.40   390.5   14.0      35.618
2013   10       11    11  26    2.41   391.1   14.0      35.754
2013   10       11    11  38    2.41   391.8   13.9      35.891
2013   10       11    11  49    2.41   392.5   13.9      36.031
2013   10       11    12   1    2.41   393.3   13.9      36.166
2013   10       11    12  13    2.41   394.0   13.9      36.293
2013   10       11    12  24    2.42   394.7   13.8      36.414
2013   10       11    12  36    2.42   395.5   13.8      36.527
2013   10       11    12  48    2.42   396.2   13.7      36.634
2013   10       11    12  59    2.42   397.0   13.7      36.734
2013   10       11    13  11    2.42   397.7   13.7      36.830
2013   10       11    13  23    2.42   398.5   13.6      36.922
2013   10       11    13  34    2.42   399.2   13.6      37.011
2013   10       11    13  46    2.42   400.0   13.5      37.098
2013   10       11    13  58    2.41   400.7   13.4      37.184
2013   10       11    14   9    2.41   401.5   13.4      37.266
2013   10       11    14  21    2.41   402.2   13.3      37.345
2013   10       11    14  33    2.41   403.0   13.2      37.417
2013   10       11    14  44    2.41   403.8   13.2      37.481
2013   10       11    14  56    2.40   404.5   13.1      37.535
2013   10       11    15   8    2.40   405.3   13.0      37.576
2013   10       11    15  19    2.39   406.0   12.9      37.603
2013   10       11    15  31    2.39   406.7   12.8      37.617
2013   10       11    15  43    2.38   407.4   12.7      37.618
2013   10       11    15  54    2.37   408.1   12.6      37.603
2013   10       11    16   6    2.37   408.8   12.5      37.578
2013   10       11    16  18    2.36   409.4   12.4      37.545
2013   10       11    16  29    2.35   410.0   12.3      37.512
2013   10       11    16  41    2.35   410.7   12.2      37.487
2013   10       11    16  53    2.34   411.3   12.1      37.469
2013   10       11    17   4    2.33   412.0   12.0      37.456
2013   10       11    17  16    2.33   412.6   12.0      37.447
2013   10       11    17  28    2.32   413.3   11.9      37.442
2013   10       11    17  39    2.31   413.9   11.8      37.440
2013   10       11    17  51    2.31   414.6   11.7      37.440
2013   10       11    18   3    2.30   415.2   11.6      37.441
2013   10       11    18  14    2.29   415.9   11.6      37.442
2013   10       11    18  26    2.29   416.5   11.5      37.444
2013   10       11    18  38    2.28   417.1   11.4      37.445
2013   10       11    18  49    2.28   417.8   11.4      37.445
2013   10       11    19   1    2.27   418.4   11.3      37.443
2013   10       11    19  13    2.26   419.0   11.2      37.440
2013   10       11    19  24    2.26   419.6   11.1      37.433
2013   10       11    19  36    2.25   420.2   11.1      37.425
2013   10       11    19  48    2.24   420.9   11.0      37.413
2013   10       11    19  59    2.24   421.5   10.9      37.399
2013   10       11    20  11    2.23   422.1   10.9      37.382
2013   10       11    20  23    2.22   422.7   10.8      37.364
2013   10       11    20  34    2.21   423.4   10.7      37.343
2013   10       11    20  46    2.21   424.0   10.7      37.321
2013   10       11    20  58    2.20   424.7   10.6      37.300
2013   10       11    21   9    2.19   425.4   10.5      37.278
2013   10       11    21  21    2.19   426.0   10.5      37.255
2013   10       11    21  33    2.18   426.7   10.4      37.229
2013   10       11    21  44    2.17   427.4   10.3      37.197
2013   10       11    21  56    2.16   428.1   10.2      37.155
2013   10       11    22   8    2.15   428.8   10.2      37.105
2013   10       11    22  19    2.14   429.4   10.1      37.039
2013   10       11    22  31    2.13   430.1   10.0      36.956
2013   10       11    22  43    2.12   430.8    9.9      36.857
2013   10       11    22  54    2.11   431.4    9.8      36.747
2013   10       11    23   6    2.10   432.0    9.7      36.613
2013   10       11    23  18    2.09   432.6    9.6      36.465
2013   10       11    23  29    2.08   433.2    9.5      36.310
2013   10       11    23  41    2.07   433.6    9.4      36.146
2013   10       11    23  53    2.06   434.1    9.3      35.996
2013   10       12     0   4    2.05   434.6    9.2      35.858
