year    month   day   hour  minute  B_enl V_enl   n_enl       T_enl
[year] [month] [day] [hour][minute] [nT]  [km/s]  [cm-3]      [kK]
2013   10       14     0   2    3.68   379.0   16.1      37.792
2013   10       14     0  13    3.69   379.8   16.0      38.036
2013   10       14     0  23    3.69   380.6   16.0      38.272
2013   10       14     0  34    3.70   381.4   16.0      38.502
2013   10       14     0  45    3.70   382.3   15.9      38.724
2013   10       14     0  56    3.70   383.1   15.9      38.939
2013   10       14     1   7    3.71   383.9   15.9      39.147
2013   10       14     1  18    3.71   384.7   15.8      39.348
2013   10       14     1  29    3.71   385.6   15.8      39.543
2013   10       14     1  40    3.72   386.4   15.8      39.729
2013   10       14     1  51    3.72   387.2   15.8      39.912
2013   10       14     2   1    3.72   388.0   15.7      40.093
2013   10       14     2  12    3.73   388.9   15.7      40.274
2013   10       14     2  23    3.73   389.8   15.7      40.451
2013   10       14     2  34    3.73   390.7   15.7      40.632
2013   10       14     2  45    3.74   391.6   15.7      40.820
2013   10       14     2  56    3.74   392.6   15.7      41.014
2013   10       14     3   7    3.74   393.6   15.7      41.219
2013   10       14     3  18    3.75   394.7   15.6      41.431
2013   10       14     3  29    3.75   395.7   15.6      41.638
2013   10       14     3  39    3.75   396.8   15.5      41.838
2013   10       14     3  50    3.75   397.8   15.5      42.029
2013   10       14     4   1    3.74   398.9   15.4      42.212
2013   10       14     4  12    3.74   399.9   15.3      42.385
2013   10       14     4  23    3.73   400.8   15.2      42.548
2013   10       14     4  34    3.73   401.8   15.1      42.705
2013   10       14     4  45    3.72   402.7   15.0      42.853
2013   10       14     4  56    3.71   403.6   14.9      42.996
2013   10       14     5   7    3.70   404.5   14.8      43.134
2013   10       14     5  17    3.69   405.4   14.7      43.269
2013   10       14     5  28    3.68   406.3   14.5      43.400
2013   10       14     5  39    3.67   407.1   14.4      43.528
2013   10       14     5  50    3.65   408.0   14.3      43.652
2013   10       14     6   1    3.64   408.9   14.1      43.773
2013   10       14     6  12    3.63   409.7   14.0      43.886
2013   10       14     6  23    3.61   410.6   13.8      43.991
2013   10       14     6  34    3.60   411.4   13.7      44.079
2013   10       14     6  45    3.58   412.2   13.6      44.155
2013   10       14     6  56    3.56   413.1   13.4      44.222
2013   10       14     7   6    3.55   413.9   13.3      44.287
2013   10       14     7  17    3.53   414.8   13.2      44.352
2013   10       14     7  28    3.51   415.7   13.0      44.413
2013   10       14     7  39    3.50   416.6   12.9      44.471
2013   10       14     7  50    3.48   417.5   12.8      44.525
2013   10       14     8   1    3.46   418.3   12.6      44.573
2013   10       14     8  12    3.44   419.2   12.5      44.614
2013   10       14     8  23    3.42   420.1   12.4      44.649
2013   10       14     8  34    3.40   421.0   12.2      44.676
2013   10       14     8  44    3.38   421.9   12.1      44.695
2013   10       14     8  55    3.35   422.8   12.0      44.708
2013   10       14     9   6    3.33   423.7   11.9      44.713
2013   10       14     9  17    3.31   424.6   11.8      44.712
2013   10       14     9  28    3.29   425.5   11.6      44.706
2013   10       14     9  39    3.27   426.4   11.5      44.695
2013   10       14     9  50    3.24   427.3   11.4      44.682
2013   10       14    10   1    3.22   428.2   11.3      44.667
2013   10       14    10  11    3.20   429.1   11.2      44.653
2013   10       14    10  22    3.18   430.0   11.1      44.641
2013   10       14    10  33    3.15   430.9   10.9      44.631
2013   10       14    10  44    3.13   431.8   10.8      44.620
2013   10       14    10  55    3.11   432.8   10.7      44.606
2013   10       14    11   6    3.08   433.7   10.6      44.584
2013   10       14    11  17    3.06   434.6   10.5      44.554
2013   10       14    11  28    3.03   435.5   10.3      44.511
2013   10       14    11  39    3.01   436.3   10.2      44.455
2013   10       14    11  50    2.98   437.2   10.1      44.383
2013   10       14    12   0    2.96   438.1    9.9      44.296
2013   10       14    12  11    2.93   438.9    9.8      44.192
2013   10       14    12  22    2.90   439.7    9.7      44.072
2013   10       14    12  33    2.88   440.6    9.5      43.936
2013   10       14    12  44    2.85   441.4    9.4      43.783
2013   10       14    12  55    2.82   442.2    9.3      43.611
2013   10       14    13   6    2.80   443.0    9.1      43.419
2013   10       14    13  17    2.77   443.8    9.0      43.206
2013   10       14    13  28    2.74   444.5    8.8      42.972
2013   10       14    13  38    2.72   445.2    8.7      42.712
2013   10       14    13  49    2.69   445.9    8.6      42.427
2013   10       14    14   0    2.66   446.5    8.4      42.118
2013   10       14    14  11    2.63   447.2    8.3      41.798
2013   10       14    14  22    2.61   447.8    8.2      41.476
2013   10       14    14  33    2.58   448.4    8.0      41.156
2013   10       14    14  44    2.55   449.1    7.9      40.838
2013   10       14    14  55    2.53   449.7    7.8      40.521
2013   10       14    15   6    2.50   450.3    7.7      40.203
2013   10       14    15  16    2.47   450.9    7.6      39.886
2013   10       14    15  27    2.44   451.5    7.5      39.566
2013   10       14    15  38    2.42   452.0    7.4      39.245
2013   10       14    15  49    2.39   452.6    7.3      38.922
2013   10       14    16   0    2.36   453.1    7.2      38.598
2013   10       14    16  11    2.34   453.6    7.1      38.272
2013   10       14    16  22    2.31   454.1    7.0      37.946
2013   10       14    16  33    2.28   454.5    6.9      37.621
2013   10       14    16  44    2.26   455.0    6.8      37.297
2013   10       14    16  54    2.23   455.4    6.7      36.974
2013   10       14    17   5    2.20   455.7    6.6      36.656
2013   10       14    17  16    2.18   456.0    6.5      36.339
2013   10       14    17  27    2.15   456.3    6.4      36.025
2013   10       14    17  38    2.13   456.6    6.3      35.711
2013   10       14    17  49    2.10   456.8    6.2      35.397
2013   10       14    18   0    2.08   457.0    6.1      35.084
2013   10       14    18  11    2.06   457.1    6.1      34.772
2013   10       14    18  22    2.03   457.2    6.0      34.460
2013   10       14    18  32    2.01   457.3    5.9      34.150
2013   10       14    18  43    1.99   457.3    5.9      33.839
2013   10       14    18  54    1.97   457.4    5.8      33.531
2013   10       14    19   5    1.95   457.3    5.7      33.224
2013   10       14    19  16    1.93   457.3    5.7      32.919
2013   10       14    19  27    1.91   457.2    5.6      32.616
2013   10       14    19  38    1.89   457.1    5.6      32.317
2013   10       14    19  49    1.87   456.9    5.5      32.020
2013   10       14    20   0    1.85   456.8    5.5      31.729
2013   10       14    20  11    1.83   456.6    5.4      31.443
2013   10       14    20  21    1.81   456.4    5.4      31.163
2013   10       14    20  32    1.80   456.1    5.4      30.889
2013   10       14    20  43    1.78   455.8    5.3      30.622
2013   10       14    20  54    1.77   455.5    5.3      30.362
2013   10       14    21   5    1.75   455.2    5.2      30.111
2013   10       14    21  16    1.73   454.9    5.2      29.867
2013   10       14    21  27    1.72   454.6    5.2      29.633
2013   10       14    21  38    1.71   454.3    5.2      29.408
2013   10       14    21  49    1.69   454.0    5.1      29.190
2013   10       14    21  59    1.68   453.7    5.1      28.981
2013   10       14    22  10    1.66   453.3    5.1      28.778
2013   10       14    22  21    1.65   453.1    5.1      28.582
2013   10       14    22  32    1.64   452.8    5.0      28.390
2013   10       14    22  43    1.63   452.5    5.0      28.203
2013   10       14    22  54    1.61   452.2    5.0      28.018
2013   10       14    23   5    1.60   452.0    5.0      27.836
2013   10       14    23  16    1.59   451.7    4.9      27.657
2013   10       14    23  27    1.58   451.5    4.9      27.480
2013   10       14    23  37    1.57   451.2    4.9      27.305
2013   10       14    23  48    1.56   451.0    4.9      27.133
2013   10       14    23  59    1.55   450.8    4.8      26.965
2013   10       15     0  10    1.54   450.5    4.8      26.799
2013   10       15     0  21    1.53   450.3    4.8      26.638
2013   10       15     0  32    1.52   450.0    4.8      26.480
2013   10       15     0  43    1.51   449.7    4.7      26.323
2013   10       15     0  54    1.50   449.3    4.7      26.168
2013   10       15     1   5    1.49   449.0    4.7      26.014
2013   10       15     1  15    1.48   448.6    4.7      25.860
2013   10       15     1  26    1.47   448.2    4.6      25.708
2013   10       15     1  37    1.46   447.8    4.6      25.558
2013   10       15     1  48    1.45   447.4    4.6      25.408
2013   10       15     1  59    1.44   447.0    4.6      25.259
2013   10       15     2  10    1.43   446.6    4.6      25.113
2013   10       15     2  21    1.43   446.1    4.5      24.966
2013   10       15     2  32    1.42   445.7    4.5      24.823
2013   10       15     2  43    1.41   445.2    4.5      24.684
2013   10       15     2  53    1.40   444.8    4.5      24.548
2013   10       15     3   4    1.40   444.4    4.5      24.416
2013   10       15     3  15    1.39   444.0    4.5      24.288
2013   10       15     3  26    1.38   443.6    4.5      24.161
2013   10       15     3  37    1.38   443.2    4.5      24.036
2013   10       15     3  48    1.37   442.8    4.4      23.912
2013   10       15     3  59    1.36   442.4    4.4      23.789
2013   10       15     4  10    1.36   442.0    4.4      23.667
2013   10       15     4  21    1.35   441.6    4.4      23.546
2013   10       15     4  32    1.35   441.2    4.4      23.427
2013   10       15     4  42    1.34   440.8    4.4      23.309
2013   10       15     4  53    1.33   440.4    4.4      23.192
2013   10       15     5   4    1.33   439.9    4.4      23.077
2013   10       15     5  15    1.32   439.5    4.3      22.963
2013   10       15     5  26    1.32   439.1    4.3      22.850
2013   10       15     5  37    1.31   438.7    4.3      22.741
2013   10       15     5  47    1.31   438.3    4.3      22.634
2013   10       15     5  58    1.30   437.9    4.3      22.529
2013   10       15     6   8    1.29   437.5    4.3      22.426
2013   10       15     6  19    1.29   437.1    4.3      22.326
2013   10       15     6  29    1.28   436.7    4.3      22.227
2013   10       15     6  39    1.28   436.3    4.3      22.130
2013   10       15     6  50    1.28   435.9    4.2      22.035
2013   10       15     7   0    1.27   435.5    4.2      21.941
2013   10       15     7  10    1.27   435.1    4.2      21.849
2013   10       15     7  20    1.26   434.7    4.2      21.759
2013   10       15     7  31    1.26   434.3    4.2      21.670
2013   10       15     7  41    1.25   433.8    4.2      21.583
2013   10       15     7  51    1.25   433.4    4.2      21.497
2013   10       15     8   1    1.24   433.0    4.2      21.412
2013   10       15     8  12    1.24   432.5    4.2      21.328
2013   10       15     8  22    1.24   432.0    4.2      21.246
2013   10       15     8  32    1.23   431.6    4.2      21.163
2013   10       15     8  43    1.23   431.0    4.2      21.081
2013   10       15     8  53    1.23   430.5    4.2      20.999
2013   10       15     9   3    1.22   430.0    4.2      20.917
2013   10       15     9  13    1.22   429.5    4.2      20.835
2013   10       15     9  24    1.22   429.0    4.2      20.754
2013   10       15     9  34    1.21   428.5    4.2      20.672
2013   10       15     9  44    1.21   428.0    4.1      20.592
2013   10       15     9  55    1.21   427.5    4.1      20.515
2013   10       15    10   5    1.20   427.0    4.1      20.440
2013   10       15    10  15    1.20   426.5    4.1      20.367
2013   10       15    10  26    1.20   426.1    4.1      20.296
2013   10       15    10  36    1.20   425.6    4.1      20.227
2013   10       15    10  46    1.19   425.2    4.1      20.157
2013   10       15    10  57    1.19   424.7    4.1      20.086
2013   10       15    11   7    1.19   424.3    4.1      20.014
2013   10       15    11  17    1.18   423.8    4.1      19.943
2013   10       15    11  28    1.18   423.4    4.1      19.872
2013   10       15    11  38    1.18   423.0    4.1      19.800
2013   10       15    11  49    1.18   422.5    4.1      19.729
2013   10       15    11  59    1.17   422.1    4.1      19.658
2013   10       15    12   9    1.17   421.6    4.1      19.587
2013   10       15    12  20    1.17   421.1    4.1      19.516
2013   10       15    12  30    1.16   420.7    4.1      19.446
2013   10       15    12  41    1.16   420.2    4.1      19.376
2013   10       15    12  51    1.16   419.8    4.1      19.307
2013   10       15    13   1    1.16   419.3    4.1      19.238
2013   10       15    13  12    1.15   418.9    4.1      19.170
2013   10       15    13  22    1.15   418.4    4.1      19.102
2013   10       15    13  33    1.15   418.0    4.1      19.035
2013   10       15    13  43    1.15   417.5    4.1      18.969
2013   10       15    13  54    1.14   417.0    4.1      18.903
2013   10       15    14   4    1.14   416.6    4.1      18.838
2013   10       15    14  14    1.14   416.1    4.1      18.774
2013   10       15    14  25    1.14   415.7    4.1      18.712
2013   10       15    14  35    1.14   415.2    4.1      18.650
2013   10       15    14  45    1.13   414.7    4.1      18.588
2013   10       15    14  56    1.13   414.3    4.1      18.528
2013   10       15    15   6    1.13   413.8    4.1      18.468
2013   10       15    15  16    1.13   413.3    4.1      18.409
2013   10       15    15  27    1.13   412.9    4.1      18.351
2013   10       15    15  37    1.12   412.4    4.1      18.293
2013   10       15    15  47    1.12   412.0    4.1      18.235
2013   10       15    15  58    1.12   411.5    4.1      18.177
2013   10       15    16   8    1.12   411.0    4.1      18.119
2013   10       15    16  19    1.12   410.6    4.1      18.060
2013   10       15    16  29    1.11   410.1    4.1      18.001
2013   10       15    16  39    1.11   409.6    4.1      17.942
2013   10       15    16  50    1.11   409.2    4.1      17.883
2013   10       15    17   0    1.11   408.7    4.1      17.825
2013   10       15    17  11    1.11   408.2    4.1      17.766
2013   10       15    17  21    1.11   407.8    4.1      17.707
2013   10       15    17  32    1.10   407.3    4.1      17.649
2013   10       15    17  42    1.10   406.8    4.1      17.591
2013   10       15    17  53    1.10   406.3    4.1      17.533
2013   10       15    18   3    1.10   405.8    4.1      17.476
2013   10       15    18  14    1.10   405.3    4.1      17.419
2013   10       15    18  25    1.10   404.9    4.1      17.363
2013   10       15    18  35    1.09   404.4    4.1      17.308
2013   10       15    18  46    1.09   403.9    4.1      17.253
2013   10       15    18  57    1.09   403.4    4.1      17.199
2013   10       15    19   7    1.09   402.9    4.1      17.145
2013   10       15    19  18    1.09   402.4    4.1      17.093
2013   10       15    19  29    1.09   401.9    4.1      17.040
2013   10       15    19  40    1.09   401.4    4.1      16.989
2013   10       15    19  50    1.09   400.9    4.1      16.938
2013   10       15    20   1    1.08   400.4    4.1      16.887
2013   10       15    20  12    1.08   399.9    4.1      16.837
2013   10       15    20  23    1.08   399.4    4.1      16.786
2013   10       15    20  34    1.08   398.9    4.1      16.736
2013   10       15    20  45    1.08   398.4    4.1      16.685
2013   10       15    20  56    1.08   398.0    4.1      16.634
2013   10       15    21   6    1.08   397.5    4.1      16.582
2013   10       15    21  17    1.08   397.0    4.1      16.531
2013   10       15    21  28    1.08   396.5    4.1      16.479
2013   10       15    21  39    1.07   395.9    4.1      16.428
2013   10       15    21  50    1.07   395.5    4.1      16.376
2013   10       15    22   1    1.07   395.0    4.1      16.325
2013   10       15    22  12    1.07   394.5    4.1      16.274
2013   10       15    22  23    1.07   394.0    4.1      16.223
2013   10       15    22  34    1.07   393.5    4.1      16.172
2013   10       15    22  44    1.07   393.0    4.1      16.122
2013   10       15    22  55    1.07   392.5    4.1      16.071
2013   10       15    23   6    1.07   392.0    4.1      16.020
2013   10       15    23  17    1.07   391.5    4.1      15.970
2013   10       15    23  28    1.07   391.0    4.1      15.920
2013   10       15    23  39    1.06   390.5    4.1      15.869
2013   10       15    23  50    1.06   390.0    4.1      15.819
2013   10       16     0   1    1.06   389.5    4.1      15.769
2013   10       16     0  12    1.06   389.0    4.1      15.720
2013   10       16     0  22    1.06   388.5    4.1      15.671
2013   10       16     0  33    1.06   388.0    4.1      15.622
2013   10       16     0  44    1.06   387.5    4.1      15.574
2013   10       16     0  55    1.06   387.0    4.1      15.527
2013   10       16     1   6    1.06   386.4    4.1      15.481
2013   10       16     1  17    1.06   385.9    4.1      15.436
2013   10       16     1  28    1.06   385.4    4.1      15.393
2013   10       16     1  39    1.06   384.9    4.1      15.350
2013   10       16     1  50    1.06   384.4    4.1      15.310
2013   10       16     2   1    1.06   383.8    4.2      15.270
2013   10       16     2  12    1.06   383.3    4.2      15.233
2013   10       16     2  23    1.06   382.8    4.2      15.196
2013   10       16     2  33    1.06   382.3    4.2      15.162
2013   10       16     2  44    1.06   381.7    4.2      15.129
2013   10       16     2  55    1.06   381.2    4.2      15.098
2013   10       16     3   6    1.06   380.7    4.2      15.068
2013   10       16     3  17    1.06   380.2    4.2      15.039
2013   10       16     3  28    1.06   379.7    4.2      15.011
2013   10       16     3  39    1.06   379.1    4.2      14.985
2013   10       16     3  50    1.06   378.6    4.3      14.958
2013   10       16     4   1    1.06   378.1    4.3      14.933
2013   10       16     4  12    1.07   377.6    4.3      14.908
2013   10       16     4  22    1.07   377.1    4.3      14.883
2013   10       16     4  33    1.07   376.5    4.3      14.858
2013   10       16     4  44    1.07   376.0    4.3      14.834
2013   10       16     4  55    1.07   375.5    4.3      14.810
2013   10       16     5   6    1.07   375.0    4.4      14.788
2013   10       16     5  17    1.07   374.4    4.4      14.766
2013   10       16     5  28    1.07   373.9    4.4      14.744
2013   10       16     5  39    1.08   373.4    4.4      14.724
2013   10       16     5  49    1.08   372.9    4.4      14.704
2013   10       16     6   0    1.08   372.4    4.4      14.684
2013   10       16     6  11    1.08   371.9    4.5      14.666
2013   10       16     6  22    1.08   371.4    4.5      14.648
2013   10       16     6  33    1.08   370.9    4.5      14.631
2013   10       16     6  44    1.09   370.4    4.5      14.614
2013   10       16     6  55    1.09   369.9    4.5      14.598
2013   10       16     7   6    1.09   369.4    4.5      14.583
2013   10       16     7  17    1.09   368.9    4.6      14.569
2013   10       16     7  28    1.09   368.4    4.6      14.556
2013   10       16     7  38    1.10   367.9    4.6      14.544
2013   10       16     7  49    1.10   367.4    4.6      14.532
2013   10       16     8   0    1.10   366.9    4.6      14.521
2013   10       16     8  11    1.10   366.4    4.7      14.512
2013   10       16     8  22    1.11   365.9    4.7      14.503
2013   10       16     8  33    1.11   365.5    4.7      14.496
2013   10       16     8  44    1.11   365.0    4.7      14.489
2013   10       16     8  55    1.12   364.5    4.8      14.484
2013   10       16     9   6    1.12   364.0    4.8      14.479
2013   10       16     9  17    1.12   363.6    4.8      14.476
2013   10       16     9  27    1.13   363.1    4.8      14.474
2013   10       16     9  38    1.13   362.6    4.9      14.473
2013   10       16     9  49    1.13   362.2    4.9      14.474
2013   10       16    10   0    1.14   361.7    4.9      14.475
2013   10       16    10  11    1.14   361.3    5.0      14.478
2013   10       16    10  22    1.15   360.9    5.0      14.482
2013   10       16    10  33    1.15   360.4    5.0      14.487
2013   10       16    10  44    1.16   360.0    5.0      14.494
2013   10       16    10  55    1.16   359.6    5.1      14.501
2013   10       16    11   6    1.16   359.1    5.1      14.510
2013   10       16    11  16    1.17   358.7    5.1      14.520
2013   10       16    11  27    1.17   358.3    5.2      14.531
2013   10       16    11  38    1.18   357.9    5.2      14.543
2013   10       16    11  49    1.18   357.5    5.2      14.557
2013   10       16    12   0    1.19   357.1    5.3      14.571
2013   10       16    12  11    1.19   356.7    5.3      14.587
2013   10       16    12  22    1.20   356.3    5.4      14.604
2013   10       16    12  33    1.21   355.9    5.4      14.622
2013   10       16    12  44    1.21   355.6    5.4      14.641
2013   10       16    12  54    1.22   355.2    5.5      14.661
2013   10       16    13   5    1.22   354.8    5.5      14.682
2013   10       16    13  16    1.23   354.5    5.6      14.704
2013   10       16    13  27    1.23   354.1    5.6      14.728
2013   10       16    13  38    1.24   353.8    5.6      14.752
2013   10       16    13  49    1.25   353.4    5.7      14.777
2013   10       16    14   0    1.25   353.1    5.7      14.804
2013   10       16    14  11    1.26   352.8    5.8      14.831
2013   10       16    14  22    1.27   352.5    5.8      14.859
2013   10       16    14  32    1.27   352.1    5.8      14.889
2013   10       16    14  43    1.28   351.8    5.9      14.919
2013   10       16    14  54    1.29   351.5    5.9      14.950
2013   10       16    15   5    1.30   351.2    6.0      14.982
2013   10       16    15  16    1.30   351.0    6.0      15.015
2013   10       16    15  27    1.31   350.7    6.1      15.049
2013   10       16    15  38    1.32   350.4    6.1      15.084
2013   10       16    15  49    1.33   350.1    6.2      15.119
2013   10       16    16   0    1.33   349.9    6.2      15.156
2013   10       16    16  11    1.34   349.6    6.3      15.193
2013   10       16    16  21    1.35   349.4    6.3      15.231
2013   10       16    16  32    1.36   349.1    6.4      15.270
2013   10       16    16  43    1.37   348.9    6.4      15.309
2013   10       16    16  54    1.37   348.6    6.5      15.350
2013   10       16    17   5    1.38   348.4    6.5      15.391
2013   10       16    17  16    1.39   348.2    6.6      15.433
2013   10       16    17  27    1.40   348.0    6.6      15.475
2013   10       16    17  38    1.41   347.8    6.7      15.519
2013   10       16    17  49    1.42   347.5    6.7      15.563
2013   10       16    18   0    1.43   347.3    6.8      15.607
2013   10       16    18  11    1.43   347.1    6.8      15.652
2013   10       16    18  21    1.44   346.9    6.9      15.697
2013   10       16    18  32    1.45   346.7    6.9      15.743
2013   10       16    18  43    1.46   346.5    7.0      15.788
2013   10       16    18  54    1.47   346.4    7.0      15.834
2013   10       16    19   5    1.48   346.2    7.1      15.879
2013   10       16    19  16    1.49   346.0    7.1      15.925
2013   10       16    19  27    1.50   345.8    7.2      15.971
2013   10       16    19  38    1.51   345.6    7.2      16.017
2013   10       16    19  48    1.52   345.5    7.3      16.063
2013   10       16    19  59    1.52   345.3    7.3      16.109
2013   10       16    20  10    1.53   345.1    7.4      16.156
2013   10       16    20  21    1.54   345.0    7.4      16.202
2013   10       16    20  32    1.55   344.8    7.5      16.249
2013   10       16    20  43    1.56   344.7    7.5      16.296
2013   10       16    20  54    1.57   344.5    7.6      16.343
2013   10       16    21   5    1.58   344.4    7.6      16.391
2013   10       16    21  16    1.59   344.2    7.7      16.439
2013   10       16    21  26    1.60   344.1    7.7      16.488
2013   10       16    21  37    1.61   344.0    7.8      16.537
2013   10       16    21  48    1.62   343.9    7.8      16.588
2013   10       16    21  59    1.63   343.7    7.9      16.640
2013   10       16    22  10    1.64   343.6    7.9      16.693
2013   10       16    22  21    1.65   343.5    8.0      16.748
2013   10       16    22  32    1.66   343.4    8.1      16.806
2013   10       16    22  43    1.67   343.3    8.1      16.866
2013   10       16    22  54    1.69   343.3    8.2      16.929
2013   10       16    23   5    1.70   343.2    8.2      16.995
2013   10       16    23  15    1.71   343.1    8.3      17.065
2013   10       16    23  26    1.72   343.1    8.3      17.136
2013   10       16    23  37    1.73   343.0    8.4      17.208
2013   10       16    23  48    1.74   343.0    8.4      17.281
2013   10       16    23  59    1.75   342.9    8.5      17.353
2013   10       17     0  10    1.76   342.9    8.5      17.424
2013   10       17     0  21    1.77   342.8    8.6      17.495
2013   10       17     0  32    1.78   342.8    8.6      17.564
2013   10       17     0  43    1.79   342.8    8.7      17.632
2013   10       17     0  54    1.80   342.7    8.7      17.700
2013   10       17     1   4    1.81   342.7    8.8      17.767
2013   10       17     1  15    1.82   342.7    8.8      17.834
2013   10       17     1  26    1.83   342.6    8.9      17.899
2013   10       17     1  37    1.84   342.6    8.9      17.963
2013   10       17     1  48    1.85   342.6    9.0      18.027
2013   10       17     1  59    1.86   342.6    9.0      18.090
2013   10       17     2  10    1.87   342.5    9.0      18.152
2013   10       17     2  21    1.88   342.5    9.1      18.213
2013   10       17     2  32    1.89   342.5    9.1      18.273
2013   10       17     2  42    1.90   342.5    9.2      18.332
2013   10       17     2  53    1.91   342.5    9.2      18.390
2013   10       17     3   4    1.92   342.4    9.2      18.448
2013   10       17     3  15    1.93   342.4    9.3      18.505
2013   10       17     3  26    1.94   342.4    9.3      18.561
2013   10       17     3  37    1.95   342.4    9.4      18.617
2013   10       17     3  48    1.96   342.4    9.4      18.672
2013   10       17     3  59    1.97   342.4    9.4      18.727
2013   10       17     4  10    1.98   342.4    9.5      18.781
2013   10       17     4  20    1.99   342.3    9.5      18.836
2013   10       17     4  31    2.00   342.3    9.6      18.890
2013   10       17     4  42    2.01   342.3    9.6      18.945
2013   10       17     4  53    2.02   342.3    9.7      19.000
2013   10       17     5   4    2.03   342.3    9.7      19.056
2013   10       17     5  15    2.04   342.3    9.8      19.113
2013   10       17     5  26    2.05   342.3    9.8      19.171
2013   10       17     5  37    2.06   342.4    9.9      19.233
2013   10       17     5  48    2.07   342.4    9.9      19.297
2013   10       17     5  58    2.08   342.4   10.0      19.364
2013   10       17     6   9    2.09   342.5   10.0      19.434
2013   10       17     6  20    2.10   342.6   10.1      19.508
2013   10       17     6  31    2.11   342.6   10.1      19.587
2013   10       17     6  42    2.12   342.7   10.2      19.670
2013   10       17     6  53    2.13   342.8   10.2      19.756
2013   10       17     7   4    2.14   342.9   10.2      19.843
2013   10       17     7  15    2.15   343.0   10.3      19.930
2013   10       17     7  26    2.16   343.1   10.3      20.014
2013   10       17     7  37    2.17   343.2   10.4      20.096
2013   10       17     7  47    2.18   343.3   10.4      20.175
2013   10       17     7  58    2.19   343.4   10.4      20.253
2013   10       17     8   9    2.20   343.4   10.5      20.328
2013   10       17     8  20    2.21   343.5   10.5      20.402
2013   10       17     8  31    2.21   343.6   10.5      20.474
2013   10       17     8  42    2.22   343.7   10.6      20.544
2013   10       17     8  53    2.23   343.8   10.6      20.613
2013   10       17     9   4    2.24   343.9   10.6      20.680
2013   10       17     9  15    2.25   344.0   10.7      20.746
2013   10       17     9  25    2.26   344.1   10.7      20.811
2013   10       17     9  36    2.26   344.2   10.7      20.875
2013   10       17     9  47    2.27   344.4   10.7      20.938
2013   10       17     9  58    2.28   344.5   10.8      20.999
2013   10       17    10   9    2.29   344.6   10.8      21.059
2013   10       17    10  20    2.30   344.7   10.8      21.119
2013   10       17    10  31    2.30   344.8   10.8      21.177
2013   10       17    10  42    2.31   344.9   10.9      21.235
2013   10       17    10  53    2.32   345.0   10.9      21.292
2013   10       17    11   3    2.33   345.1   10.9      21.348
2013   10       17    11  14    2.33   345.3   10.9      21.403
2013   10       17    11  25    2.34   345.4   10.9      21.458
2013   10       17    11  36    2.35   345.5   11.0      21.512
2013   10       17    11  47    2.36   345.6   11.0      21.566
2013   10       17    11  58    2.36   345.7   11.0      21.620
2013   10       17    12   9    2.37   345.9   11.0      21.673
2013   10       17    12  20    2.38   346.0   11.1      21.726
2013   10       17    12  31    2.39   346.1   11.1      21.779
2013   10       17    12  41    2.40   346.3   11.1      21.832
2013   10       17    12  52    2.40   346.4   11.1      21.885
2013   10       17    13   3    2.41   346.6   11.2      21.940
2013   10       17    13  14    2.42   346.7   11.2      21.995
2013   10       17    13  25    2.42   346.8   11.2      22.050
2013   10       17    13  36    2.43   347.0   11.2      22.107
2013   10       17    13  47    2.44   347.2   11.3      22.164
2013   10       17    13  58    2.45   347.3   11.3      22.224
2013   10       17    14   9    2.45   347.5   11.3      22.285
2013   10       17    14  19    2.46   347.7   11.3      22.346
2013   10       17    14  30    2.46   347.8   11.3      22.409
2013   10       17    14  41    2.47   348.0   11.4      22.469
2013   10       17    14  52    2.48   348.2   11.4      22.529
2013   10       17    15   3    2.48   348.3   11.4      22.586
2013   10       17    15  14    2.49   348.5   11.4      22.643
2013   10       17    15  25    2.49   348.7   11.4      22.698
2013   10       17    15  36    2.50   348.8   11.4      22.752
2013   10       17    15  47    2.50   349.0   11.4      22.806
2013   10       17    15  58    2.51   349.2   11.5      22.858
2013   10       17    16   8    2.52   349.4   11.5      22.909
2013   10       17    16  19    2.52   349.5   11.5      22.960
2013   10       17    16  30    2.53   349.7   11.5      23.010
2013   10       17    16  41    2.53   349.9   11.5      23.059
2013   10       17    16  52    2.54   350.0   11.5      23.107
2013   10       17    17   3    2.54   350.2   11.5      23.155
2013   10       17    17  14    2.55   350.4   11.5      23.202
2013   10       17    17  25    2.55   350.6   11.5      23.248
2013   10       17    17  36    2.56   350.7   11.5      23.294
2013   10       17    17  46    2.56   350.9   11.5      23.340
2013   10       17    17  57    2.56   351.1   11.6      23.385
2013   10       17    18   8    2.57   351.3   11.6      23.430
2013   10       17    18  19    2.57   351.4   11.6      23.474
2013   10       17    18  30    2.58   351.6   11.6      23.518
2013   10       17    18  41    2.58   351.8   11.6      23.562
2013   10       17    18  52    2.59   352.0   11.6      23.606
2013   10       17    19   3    2.59   352.2   11.6      23.650
2013   10       17    19  13    2.60   352.4   11.6      23.693
2013   10       17    19  24    2.60   352.5   11.6      23.737
2013   10       17    19  35    2.61   352.7   11.6      23.781
2013   10       17    19  46    2.61   352.9   11.6      23.824
2013   10       17    19  57    2.61   353.1   11.6      23.868
2013   10       17    20   8    2.62   353.3   11.6      23.913
2013   10       17    20  19    2.62   353.5   11.6      23.958
2013   10       17    20  30    2.63   353.7   11.6      24.004
2013   10       17    20  41    2.63   353.9   11.7      24.050
2013   10       17    20  51    2.63   354.1   11.7      24.096
2013   10       17    21   2    2.64   354.2   11.7      24.142
2013   10       17    21  13    2.64   354.4   11.7      24.189
2013   10       17    21  24    2.65   354.6   11.7      24.237
2013   10       17    21  35    2.65   354.9   11.7      24.284
2013   10       17    21  46    2.65   355.1   11.7      24.331
2013   10       17    21  57    2.66   355.3   11.7      24.376
2013   10       17    22   8    2.66   355.5   11.7      24.421
2013   10       17    22  19    2.66   355.7   11.7      24.464
2013   10       17    22  30    2.67   355.9   11.7      24.506
2013   10       17    22  40    2.67   356.1   11.7      24.547
2013   10       17    22  51    2.67   356.3   11.7      24.587
2013   10       17    23   2    2.67   356.5   11.7      24.626
2013   10       17    23  13    2.68   356.7   11.7      24.664
2013   10       17    23  24    2.68   356.9   11.7      24.702
2013   10       17    23  35    2.68   357.1   11.7      24.739
2013   10       17    23  46    2.68   357.3   11.7      24.776
2013   10       17    23  57    2.69   357.5   11.7      24.812
2013   10       18     0   8    2.69   357.7   11.7      24.847
2013   10       18     0  18    2.69   357.9   11.7      24.882
2013   10       18     0  29    2.69   358.1   11.7      24.917
2013   10       18     0  40    2.70   358.3   11.7      24.951
2013   10       18     0  51    2.70   358.5   11.7      24.984
2013   10       18     1   2    2.70   358.6   11.7      25.018
2013   10       18     1  13    2.70   358.8   11.7      25.050
2013   10       18     1  24    2.70   359.0   11.7      25.083
2013   10       18     1  35    2.71   359.2   11.6      25.115
2013   10       18     1  45    2.71   359.4   11.6      25.147
2013   10       18     1  56    2.71   359.6   11.6      25.179
2013   10       18     2   7    2.71   359.8   11.6      25.210
2013   10       18     2  18    2.71   360.0   11.6      25.242
2013   10       18     2  29    2.71   360.2   11.6      25.273
2013   10       18     2  40    2.72   360.3   11.6      25.304
2013   10       18     2  51    2.72   360.5   11.6      25.335
2013   10       18     3   2    2.72   360.7   11.6      25.366
2013   10       18     3  13    2.72   360.9   11.6      25.397
2013   10       18     3  23    2.72   361.1   11.6      25.429
2013   10       18     3  34    2.73   361.3   11.6      25.461
2013   10       18     3  45    2.73   361.5   11.6      25.493
2013   10       18     3  56    2.73   361.6   11.6      25.525
2013   10       18     4   7    2.73   361.8   11.6      25.558
2013   10       18     4  18    2.73   362.0   11.6      25.591
2013   10       18     4  29    2.73   362.2   11.6      25.624
2013   10       18     4  40    2.74   362.4   11.6      25.658
2013   10       18     4  51    2.74   362.6   11.6      25.692
2013   10       18     5   1    2.74   362.8   11.6      25.725
2013   10       18     5  12    2.74   363.0   11.6      25.757
2013   10       18     5  23    2.74   363.2   11.6      25.788
2013   10       18     5  34    2.74   363.4   11.6      25.818
2013   10       18     5  45    2.74   363.6   11.6      25.847
2013   10       18     5  56    2.75   363.8   11.6      25.874
2013   10       18     6   7    2.75   364.1   11.5      25.901
2013   10       18     6  18    2.75   364.3   11.5      25.927
2013   10       18     6  29    2.75   364.5   11.5      25.952
2013   10       18     6  39    2.75   364.7   11.5      25.976
2013   10       18     6  50    2.75   364.9   11.5      26.000
2013   10       18     7   1    2.75   365.1   11.5      26.023
2013   10       18     7  12    2.75   365.3   11.5      26.046
2013   10       18     7  23    2.75   365.5   11.5      26.068
2013   10       18     7  34    2.75   365.7   11.5      26.089
2013   10       18     7  45    2.75   365.9   11.4      26.110
2013   10       18     7  56    2.75   366.1   11.4      26.130
2013   10       18     8   7    2.75   366.3   11.4      26.149
2013   10       18     8  17    2.75   366.5   11.4      26.168
2013   10       18     8  28    2.75   366.7   11.4      26.187
2013   10       18     8  39    2.75   366.9   11.4      26.204
2013   10       18     8  50    2.75   367.1   11.4      26.221
2013   10       18     9   1    2.75   367.3   11.3      26.238
2013   10       18     9  12    2.75   367.5   11.3      26.253
2013   10       18     9  23    2.75   367.7   11.3      26.268
2013   10       18     9  34    2.75   367.9   11.3      26.283
2013   10       18     9  44    2.75   368.1   11.3      26.297
2013   10       18     9  55    2.75   368.4   11.3      26.310
2013   10       18    10   6    2.75   368.6   11.2      26.322
2013   10       18    10  17    2.74   368.8   11.2      26.334
2013   10       18    10  28    2.74   369.0   11.2      26.345
2013   10       18    10  39    2.74   369.2   11.2      26.356
2013   10       18    10  50    2.74   369.4   11.2      26.366
2013   10       18    11   1    2.74   369.6   11.1      26.375
2013   10       18    11  12    2.74   369.8   11.1      26.383
2013   10       18    11  22    2.74   370.0   11.1      26.391
2013   10       18    11  33    2.74   370.2   11.1      26.399
2013   10       18    11  44    2.74   370.4   11.1      26.405
2013   10       18    11  55    2.73   370.6   11.0      26.411
2013   10       18    12   6    2.73   370.7   11.0      26.417
2013   10       18    12  17    2.73   370.9   11.0      26.422
2013   10       18    12  28    2.73   371.1   11.0      26.426
2013   10       18    12  39    2.73   371.3   11.0      26.430
2013   10       18    12  50    2.73   371.5   10.9      26.433
2013   10       18    13   0    2.73   371.7   10.9      26.436
2013   10       18    13  11    2.72   371.9   10.9      26.438
2013   10       18    13  22    2.72   372.1   10.9      26.439
2013   10       18    13  33    2.72   372.3   10.8      26.440
2013   10       18    13  44    2.72   372.5   10.8      26.440
2013   10       18    13  55    2.72   372.7   10.8      26.440
2013   10       18    14   6    2.71   372.9   10.8      26.440
2013   10       18    14  17    2.71   373.1   10.7      26.438
2013   10       18    14  28    2.71   373.3   10.7      26.437
2013   10       18    14  38    2.71   373.5   10.7      26.434
2013   10       18    14  49    2.70   373.7   10.7      26.431
2013   10       18    15   0    2.70   373.9   10.7      26.428
2013   10       18    15  11    2.70   374.1   10.6      26.424
2013   10       18    15  22    2.70   374.3   10.6      26.420
2013   10       18    15  33    2.69   374.4   10.6      26.416
2013   10       18    15  44    2.69   374.6   10.6      26.411
2013   10       18    15  55    2.69   374.8   10.5      26.405
2013   10       18    16   5    2.69   375.0   10.5      26.400
2013   10       18    16  16    2.68   375.2   10.5      26.394
2013   10       18    16  27    2.68   375.4   10.5      26.389
2013   10       18    16  38    2.68   375.5   10.4      26.383
2013   10       18    16  49    2.68   375.7   10.4      26.377
2013   10       18    17   0    2.67   375.9   10.4      26.372
2013   10       18    17  11    2.67   376.1   10.4      26.366
2013   10       18    17  22    2.67   376.2   10.4      26.361
2013   10       18    17  33    2.67   376.4   10.3      26.356
2013   10       18    17  43    2.66   376.6   10.3      26.351
2013   10       18    17  54    2.66   376.8   10.3      26.346
2013   10       18    18   5    2.66   376.9   10.3      26.342
2013   10       18    18  16    2.65   377.1   10.3      26.338
2013   10       18    18  27    2.65   377.3   10.2      26.334
2013   10       18    18  38    2.65   377.4   10.2      26.331
2013   10       18    18  49    2.65   377.6   10.2      26.328
2013   10       18    19   0    2.64   377.8   10.2      26.325
2013   10       18    19  10    2.64   377.9   10.2      26.322
2013   10       18    19  21    2.64   378.1   10.2      26.319
2013   10       18    19  32    2.63   378.2   10.1      26.317
2013   10       18    19  43    2.63   378.4   10.1      26.314
2013   10       18    19  54    2.63   378.6   10.1      26.312
2013   10       18    20   5    2.62   378.7   10.1      26.308
2013   10       18    20  16    2.62   378.9   10.1      26.305
2013   10       18    20  27    2.62   379.0   10.0      26.300
2013   10       18    20  38    2.62   379.2   10.0      26.296
2013   10       18    20  48    2.61   379.3   10.0      26.291
2013   10       18    20  59    2.61   379.5   10.0      26.285
2013   10       18    21  10    2.61   379.6   10.0      26.279
2013   10       18    21  21    2.60   379.8    9.9      26.272
2013   10       18    21  32    2.60   379.9    9.9      26.265
2013   10       18    21  43    2.60   380.1    9.9      26.258
2013   10       18    21  54    2.60   380.2    9.9      26.250
2013   10       18    22   5    2.59   380.4    9.9      26.242
2013   10       18    22  16    2.59   380.5    9.8      26.233
2013   10       18    22  26    2.59   380.7    9.8      26.224
2013   10       18    22  37    2.58   380.8    9.8      26.215
2013   10       18    22  48    2.58   380.9    9.8      26.206
2013   10       18    22  59    2.58   381.1    9.8      26.197
2013   10       18    23  10    2.58   381.2    9.8      26.188
2013   10       18    23  21    2.57   381.4    9.7      26.178
2013   10       18    23  32    2.57   381.5    9.7      26.169
2013   10       18    23  43    2.57   381.6    9.7      26.160
2013   10       18    23  53    2.56   381.8    9.7      26.151
2013   10       19     0   4    2.56   381.9    9.7      26.142
2013   10       19     0  15    2.56   382.0    9.7      26.134
2013   10       19     0  26    2.56   382.1    9.6      26.127
2013   10       19     0  37    2.55   382.3    9.6      26.120
2013   10       19     0  48    2.55   382.4    9.6      26.113
2013   10       19     0  59    2.55   382.5    9.6      26.107
2013   10       19     1  10    2.55   382.6    9.6      26.102
2013   10       19     1  20    2.54   382.7    9.6      26.097
2013   10       19     1  31    2.54   382.9    9.6      26.093
2013   10       19     1  42    2.54   383.0    9.6      26.090
2013   10       19     1  53    2.54   383.1    9.5      26.087
2013   10       19     2   4    2.53   383.2    9.5      26.085
2013   10       19     2  15    2.53   383.3    9.5      26.083
2013   10       19     2  26    2.53   383.4    9.5      26.081
2013   10       19     2  37    2.53   383.5    9.5      26.081
2013   10       19     2  47    2.52   383.6    9.5      26.080
2013   10       19     2  58    2.52   383.8    9.5      26.080
2013   10       19     3   9    2.52   383.9    9.5      26.081
2013   10       19     3  20    2.52   384.0    9.4      26.081
2013   10       19     3  31    2.52   384.1    9.4      26.081
2013   10       19     3  42    2.51   384.2    9.4      26.080
2013   10       19     3  53    2.51   384.3    9.4      26.080
2013   10       19     4   4    2.51   384.4    9.4      26.079
2013   10       19     4  15    2.51   384.5    9.4      26.078
2013   10       19     4  25    2.51   384.6    9.4      26.077
2013   10       19     4  36    2.50   384.7    9.4      26.076
2013   10       19     4  47    2.50   384.8    9.4      26.075
2013   10       19     4  58    2.50   385.0    9.3      26.073
2013   10       19     5   9    2.50   385.1    9.3      26.071
2013   10       19     5  20    2.50   385.2    9.3      26.070
2013   10       19     5  31    2.50   385.3    9.3      26.068
2013   10       19     5  42    2.49   385.4    9.3      26.065
2013   10       19     5  53    2.49   385.5    9.3      26.063
2013   10       19     6   3    2.49   385.6    9.3      26.061
2013   10       19     6  14    2.49   385.7    9.3      26.058
2013   10       19     6  25    2.49   385.8    9.3      26.055
2013   10       19     6  36    2.49   385.9    9.2      26.052
2013   10       19     6  47    2.49   386.0    9.2      26.049
2013   10       19     6  58    2.48   386.1    9.2      26.046
2013   10       19     7   9    2.48   386.2    9.2      26.043
2013   10       19     7  20    2.48   386.3    9.2      26.039
2013   10       19     7  30    2.48   386.4    9.2      26.036
2013   10       19     7  41    2.48   386.6    9.2      26.032
2013   10       19     7  52    2.48   386.7    9.2      26.028
2013   10       19     8   3    2.47   386.8    9.2      26.024
2013   10       19     8  14    2.47   386.9    9.1      26.021
2013   10       19     8  25    2.47   387.0    9.1      26.017
2013   10       19     8  36    2.47   387.1    9.1      26.013
2013   10       19     8  47    2.47   387.2    9.1      26.010
2013   10       19     8  57    2.47   387.3    9.1      26.006
2013   10       19     9   8    2.47   387.4    9.1      26.002
2013   10       19     9  19    2.46   387.5    9.1      25.999
2013   10       19     9  30    2.46   387.6    9.1      25.996
2013   10       19     9  41    2.46   387.7    9.1      25.993
2013   10       19     9  52    2.46   387.8    9.1      25.990
2013   10       19    10   3    2.46   387.9    9.0      25.987
2013   10       19    10  14    2.46   388.0    9.0      25.985
2013   10       19    10  24    2.46   388.1    9.0      25.982
2013   10       19    10  35    2.45   388.2    9.0      25.980
2013   10       19    10  46    2.45   388.3    9.0      25.978
2013   10       19    10  57    2.45   388.4    9.0      25.976
2013   10       19    11   8    2.45   388.5    9.0      25.975
2013   10       19    11  19    2.45   388.6    9.0      25.973
2013   10       19    11  30    2.45   388.7    9.0      25.972
2013   10       19    11  41    2.45   388.8    9.0      25.971
2013   10       19    11  52    2.45   388.9    9.0      25.970
2013   10       19    12   2    2.45   389.0    9.0      25.969
2013   10       19    12  13    2.44   389.1    8.9      25.969
2013   10       19    12  24    2.44   389.1    8.9      25.968
2013   10       19    12  35    2.44   389.2    8.9      25.968
2013   10       19    12  46    2.44   389.3    8.9      25.967
2013   10       19    12  57    2.44   389.4    8.9      25.967
2013   10       19    13   8    2.44   389.5    8.9      25.967
2013   10       19    13  19    2.44   389.6    8.9      25.967
2013   10       19    13  29    2.44   389.7    8.9      25.967
2013   10       19    13  40    2.44   389.8    8.9      25.967
2013   10       19    13  51    2.44   389.9    8.9      25.967
2013   10       19    14   2    2.44   390.0    8.9      25.967
2013   10       19    14  13    2.43   390.1    8.9      25.967
2013   10       19    14  24    2.43   390.2    8.9      25.967
2013   10       19    14  35    2.43   390.2    8.9      25.967
2013   10       19    14  46    2.43   390.3    8.9      25.967
2013   10       19    14  56    2.43   390.4    8.9      25.968
2013   10       19    15   7    2.43   390.5    8.8      25.968
2013   10       19    15  18    2.43   390.6    8.8      25.968
2013   10       19    15  29    2.43   390.7    8.8      25.968
2013   10       19    15  40    2.43   390.8    8.8      25.968
2013   10       19    15  51    2.43   390.9    8.8      25.969
2013   10       19    16   2    2.43   391.0    8.8      25.969
2013   10       19    16  13    2.42   391.1    8.8      25.969
2013   10       19    16  23    2.42   391.2    8.8      25.969
2013   10       19    16  34    2.42   391.3    8.8      25.969
2013   10       19    16  45    2.42   391.4    8.8      25.969
2013   10       19    16  56    2.42   391.5    8.8      25.970
2013   10       19    17   7    2.42   391.5    8.8      25.970
2013   10       19    17  18    2.42   391.6    8.8      25.970
2013   10       19    17  29    2.42   391.7    8.8      25.970
2013   10       19    17  40    2.42   391.8    8.8      25.970
2013   10       19    17  50    2.42   391.9    8.8      25.970
2013   10       19    18   1    2.42   392.0    8.7      25.970
2013   10       19    18  12    2.41   392.1    8.7      25.970
2013   10       19    18  23    2.41   392.2    8.7      25.971
2013   10       19    18  34    2.41   392.3    8.7      25.971
2013   10       19    18  45    2.41   392.4    8.7      25.971
2013   10       19    18  56    2.41   392.5    8.7      25.972
2013   10       19    19   7    2.41   392.6    8.7      25.972
2013   10       19    19  18    2.41   392.7    8.7      25.973
2013   10       19    19  28    2.41   392.8    8.7      25.974
2013   10       19    19  39    2.41   392.8    8.7      25.976
2013   10       19    19  50    2.41   392.9    8.7      25.977
2013   10       19    20   1    2.41   393.0    8.7      25.979
2013   10       19    20  12    2.41   393.1    8.7      25.981
2013   10       19    20  23    2.40   393.2    8.7      25.983
2013   10       19    20  34    2.40   393.3    8.7      25.985
2013   10       19    20  45    2.40   393.4    8.7      25.988
2013   10       19    20  55    2.40   393.5    8.6      25.991
2013   10       19    21   6    2.40   393.5    8.6      25.994
2013   10       19    21  17    2.40   393.6    8.6      25.997
2013   10       19    21  28    2.40   393.7    8.6      26.001
2013   10       19    21  39    2.40   393.8    8.6      26.004
2013   10       19    21  50    2.40   393.9    8.6      26.008
2013   10       19    22   1    2.40   394.0    8.6      26.012
2013   10       19    22  12    2.40   394.1    8.6      26.017
2013   10       19    22  22    2.40   394.2    8.6      26.021
2013   10       19    22  33    2.40   394.2    8.6      26.026
2013   10       19    22  44    2.40   394.3    8.6      26.030
2013   10       19    22  55    2.39   394.4    8.6      26.035
2013   10       19    23   6    2.39   394.5    8.6      26.039
2013   10       19    23  17    2.39   394.6    8.6      26.042
2013   10       19    23  28    2.39   394.7    8.6      26.046
2013   10       19    23  39    2.39   394.8    8.6      26.049
2013   10       19    23  49    2.39   394.9    8.6      26.052
2013   10       20     0   0    2.39   395.0    8.6      26.055
2013   10       20     0  11    2.39   395.1    8.5      26.058
2013   10       20     0  22    2.39   395.2    8.5      26.060
2013   10       20     0  33    2.39   395.3    8.5      26.062
2013   10       20     0  44    2.39   395.3    8.5      26.065
2013   10       20     0  55    2.39   395.4    8.5      26.067
2013   10       20     1   5    2.39   395.5    8.5      26.069
2013   10       20     1  16    2.38   395.6    8.5      26.071
2013   10       20     1  27    2.38   395.7    8.5      26.073
2013   10       20     1  38    2.38   395.8    8.5      26.075
2013   10       20     1  49    2.38   395.9    8.5      26.077
2013   10       20     2   0    2.38   396.0    8.5      26.079
2013   10       20     2  11    2.38   396.1    8.5      26.082
2013   10       20     2  22    2.38   396.2    8.5      26.084
2013   10       20     2  33    2.38   396.3    8.5      26.087
2013   10       20     2  43    2.38   396.4    8.5      26.090
2013   10       20     2  54    2.38   396.4    8.5      26.092
2013   10       20     3   5    2.38   396.5    8.4      26.095
2013   10       20     3  16    2.38   396.6    8.4      26.099
2013   10       20     3  27    2.38   396.7    8.4      26.102
2013   10       20     3  38    2.37   396.8    8.4      26.105
2013   10       20     3  49    2.37   396.9    8.4      26.109
2013   10       20     4   0    2.37   397.0    8.4      26.112
2013   10       20     4  10    2.37   397.1    8.4      26.116
2013   10       20     4  21    2.37   397.2    8.4      26.120
2013   10       20     4  32    2.37   397.3    8.4      26.123
2013   10       20     4  43    2.37   397.4    8.4      26.127
2013   10       20     4  54    2.37   397.5    8.4      26.131
2013   10       20     5   5    2.37   397.5    8.4      26.135
2013   10       20     5  16    2.37   397.6    8.4      26.139
2013   10       20     5  27    2.37   397.7    8.4      26.142
2013   10       20     5  37    2.37   397.8    8.4      26.146
2013   10       20     5  48    2.37   397.9    8.4      26.150
2013   10       20     5  59    2.36   398.0    8.4      26.153
2013   10       20     6  10    2.36   398.1    8.4      26.157
2013   10       20     6  21    2.36   398.2    8.3      26.160
2013   10       20     6  32    2.36   398.3    8.3      26.164
2013   10       20     6  43    2.36   398.4    8.3      26.167
2013   10       20     6  54    2.36   398.5    8.3      26.170
2013   10       20     7   4    2.36   398.6    8.3      26.174
2013   10       20     7  15    2.36   398.7    8.3      26.177
2013   10       20     7  26    2.36   398.8    8.3      26.180
2013   10       20     7  37    2.36   398.8    8.3      26.183
2013   10       20     7  48    2.36   398.9    8.3      26.186
2013   10       20     7  59    2.36   399.0    8.3      26.189
2013   10       20     8  10    2.36   399.1    8.3      26.192
2013   10       20     8  20    2.36   399.2    8.3      26.195
2013   10       20     8  31    2.35   399.3    8.3      26.198
2013   10       20     8  42    2.35   399.4    8.3      26.200
2013   10       20     8  53    2.35   399.5    8.3      26.203
2013   10       20     9   4    2.35   399.6    8.3      26.207
2013   10       20     9  15    2.35   399.7    8.3      26.210
2013   10       20     9  26    2.35   399.8    8.3      26.213
2013   10       20     9  37    2.35   399.9    8.3      26.216
2013   10       20     9  48    2.35   400.0    8.2      26.220
2013   10       20     9  58    2.35   400.1    8.2      26.224
2013   10       20    10   9    2.35   400.2    8.2      26.228
2013   10       20    10  20    2.35   400.2    8.2      26.232
2013   10       20    10  31    2.35   400.3    8.2      26.236
2013   10       20    10  42    2.35   400.4    8.2      26.240
2013   10       20    10  53    2.34   400.5    8.2      26.245
2013   10       20    11   4    2.34   400.6    8.2      26.250
2013   10       20    11  15    2.34   400.7    8.2      26.254
2013   10       20    11  25    2.34   400.8    8.2      26.260
2013   10       20    11  36    2.34   400.9    8.2      26.265
2013   10       20    11  47    2.34   401.0    8.2      26.270
2013   10       20    11  58    2.34   401.1    8.2      26.275
2013   10       20    12   9    2.34   401.2    8.2      26.281
2013   10       20    12  20    2.34   401.3    8.2      26.286
2013   10       20    12  31    2.34   401.4    8.2      26.292
2013   10       20    12  42    2.34   401.5    8.2      26.298
2013   10       20    12  52    2.34   401.6    8.2      26.303
2013   10       20    13   3    2.34   401.7    8.2      26.309
2013   10       20    13  14    2.34   401.8    8.1      26.314
2013   10       20    13  25    2.33   401.9    8.1      26.319
2013   10       20    13  36    2.33   402.0    8.1      26.325
2013   10       20    13  47    2.33   402.1    8.1      26.330
2013   10       20    13  58    2.33   402.1    8.1      26.335
2013   10       20    14   9    2.33   402.2    8.1      26.339
2013   10       20    14  19    2.33   402.3    8.1      26.344
2013   10       20    14  30    2.33   402.4    8.1      26.349
2013   10       20    14  41    2.33   402.5    8.1      26.353
2013   10       20    14  52    2.33   402.6    8.1      26.357
2013   10       20    15   3    2.33   402.7    8.1      26.361
2013   10       20    15  14    2.33   402.8    8.1      26.365
2013   10       20    15  25    2.33   402.9    8.1      26.368
2013   10       20    15  36    2.33   403.0    8.1      26.372
2013   10       20    15  46    2.32   403.1    8.1      26.375
2013   10       20    15  57    2.32   403.2    8.1      26.378
2013   10       20    16   8    2.32   403.3    8.1      26.382
2013   10       20    16  19    2.32   403.4    8.1      26.385
2013   10       20    16  30    2.32   403.5    8.1      26.388
2013   10       20    16  41    2.32   403.6    8.1      26.391
2013   10       20    16  52    2.32   403.7    8.0      26.395
2013   10       20    17   3    2.32   403.8    8.0      26.398
2013   10       20    17  13    2.32   403.9    8.0      26.402
2013   10       20    17  24    2.32   404.0    8.0      26.405
2013   10       20    17  35    2.32   404.1    8.0      26.409
2013   10       20    17  46    2.32   404.2    8.0      26.413
2013   10       20    17  57    2.31   404.3    8.0      26.416
2013   10       20    18   8    2.31   404.4    8.0      26.420
2013   10       20    18  19    2.31   404.4    8.0      26.424
2013   10       20    18  30    2.31   404.5    8.0      26.428
2013   10       20    18  40    2.31   404.6    8.0      26.432
2013   10       20    18  51    2.31   404.7    8.0      26.436
2013   10       20    19   2    2.31   404.8    8.0      26.440
2013   10       20    19  13    2.31   404.9    8.0      26.444
2013   10       20    19  24    2.31   405.0    8.0      26.447
2013   10       20    19  35    2.31   405.1    8.0      26.451
2013   10       20    19  46    2.31   405.2    8.0      26.454
2013   10       20    19  57    2.30   405.3    8.0      26.457
2013   10       20    20   7    2.30   405.4    7.9      26.461
2013   10       20    20  18    2.30   405.5    7.9      26.463
2013   10       20    20  29    2.30   405.6    7.9      26.466
2013   10       20    20  40    2.30   405.7    7.9      26.469
2013   10       20    20  51    2.30   405.8    7.9      26.471
2013   10       20    21   2    2.30   405.9    7.9      26.473
2013   10       20    21  13    2.30   406.0    7.9      26.475
2013   10       20    21  24    2.30   406.1    7.9      26.477
2013   10       20    21  34    2.30   406.1    7.9      26.479
2013   10       20    21  45    2.29   406.2    7.9      26.481
2013   10       20    21  56    2.29   406.3    7.9      26.482
2013   10       20    22   7    2.29   406.4    7.9      26.484
2013   10       20    22  18    2.29   406.5    7.9      26.485
2013   10       20    22  29    2.29   406.6    7.9      26.486
2013   10       20    22  40    2.29   406.7    7.9      26.488
2013   10       20    22  51    2.29   406.8    7.9      26.489
2013   10       20    23   1    2.29   406.8    7.9      26.489
2013   10       20    23  12    2.29   406.9    7.8      26.490
2013   10       20    23  23    2.29   407.0    7.8      26.491
2013   10       20    23  34    2.28   407.1    7.8      26.492
2013   10       20    23  45    2.28   407.2    7.8      26.493
2013   10       20    23  56    2.28   407.3    7.8      26.493
2013   10       21     0   7    2.28   407.4    7.8      26.494
2013   10       21     0  18    2.28   407.5    7.8      26.495
2013   10       21     0  28    2.28   407.5    7.8      26.495
2013   10       21     0  39    2.28   407.6    7.8      26.496
2013   10       21     0  50    2.28   407.7    7.8      26.496
2013   10       21     1   1    2.28   407.8    7.8      26.497
2013   10       21     1  12    2.27   407.9    7.8      26.497
2013   10       21     1  23    2.27   408.0    7.8      26.497
2013   10       21     1  34    2.27   408.0    7.8      26.497
2013   10       21     1  45    2.27   408.1    7.8      26.497
2013   10       21     1  56    2.27   408.2    7.8      26.497
2013   10       21     2   6    2.27   408.3    7.8      26.497
2013   10       21     2  17    2.27   408.4    7.7      26.497
2013   10       21     2  28    2.27   408.5    7.7      26.496
2013   10       21     2  39    2.27   408.5    7.7      26.495
2013   10       21     2  50    2.26   408.6    7.7      26.494
2013   10       21     3   1    2.26   408.7    7.7      26.493
2013   10       21     3  12    2.26   408.8    7.7      26.491
2013   10       21     3  23    2.26   408.8    7.7      26.490
2013   10       21     3  33    2.26   408.9    7.7      26.488
2013   10       21     3  44    2.26   409.0    7.7      26.486
2013   10       21     3  55    2.26   409.1    7.7      26.484
2013   10       21     4   6    2.26   409.1    7.7      26.482
2013   10       21     4  17    2.26   409.2    7.7      26.480
2013   10       21     4  28    2.25   409.3    7.7      26.478
2013   10       21     4  39    2.25   409.3    7.7      26.476
2013   10       21     4  49    2.25   409.4    7.7      26.474
2013   10       21     5   0    2.25   409.5    7.7      26.472
2013   10       21     5  11    2.25   409.6    7.6      26.470
2013   10       21     5  22    2.25   409.6    7.6      26.468
2013   10       21     5  33    2.25   409.7    7.6      26.467
2013   10       21     5  44    2.25   409.8    7.6      26.465
2013   10       21     5  55    2.25   409.8    7.6      26.464
2013   10       21     6   6    2.24   409.9    7.6      26.462
2013   10       21     6  16    2.24   410.0    7.6      26.461
2013   10       21     6  27    2.24   410.0    7.6      26.460
2013   10       21     6  38    2.24   410.1    7.6      26.459
2013   10       21     6  49    2.24   410.1    7.6      26.458
2013   10       21     7   0    2.24   410.2    7.6      26.457
2013   10       21     7  11    2.24   410.3    7.6      26.456
2013   10       21     7  22    2.24   410.3    7.6      26.455
2013   10       21     7  33    2.24   410.4    7.6      26.454
2013   10       21     7  44    2.24   410.5    7.6      26.453
2013   10       21     7  54    2.24   410.5    7.6      26.452
2013   10       21     8   5    2.23   410.6    7.6      26.451
2013   10       21     8  16    2.23   410.6    7.6      26.450
2013   10       21     8  27    2.23   410.7    7.6      26.448
2013   10       21     8  38    2.23   410.8    7.6      26.446
2013   10       21     8  49    2.23   410.8    7.5      26.445
2013   10       21     9   0    2.23   410.9    7.5      26.443
2013   10       21     9  11    2.23   410.9    7.5      26.441
2013   10       21     9  21    2.23   411.0    7.5      26.438
2013   10       21     9  32    2.23   411.1    7.5      26.436
2013   10       21     9  43    2.23   411.1    7.5      26.434
2013   10       21     9  54    2.22   411.2    7.5      26.431
2013   10       21    10   5    2.22   411.2    7.5      26.428
2013   10       21    10  16    2.22   411.3    7.5      26.426
2013   10       21    10  27    2.22   411.3    7.5      26.423
2013   10       21    10  38    2.22   411.4    7.5      26.420
2013   10       21    10  48    2.22   411.4    7.5      26.417
2013   10       21    10  59    2.22   411.5    7.5      26.414
2013   10       21    11  10    2.22   411.5    7.5      26.411
2013   10       21    11  21    2.22   411.6    7.5      26.409
2013   10       21    11  32    2.22   411.6    7.5      26.406
2013   10       21    11  43    2.22   411.7    7.5      26.403
2013   10       21    11  54    2.21   411.7    7.5      26.400
2013   10       21    12   5    2.21   411.8    7.5      26.398
2013   10       21    12  15    2.21   411.8    7.5      26.395
2013   10       21    12  26    2.21   411.9    7.5      26.393
2013   10       21    12  37    2.21   411.9    7.4      26.391
2013   10       21    12  48    2.21   412.0    7.4      26.389
2013   10       21    12  59    2.21   412.0    7.4      26.387
2013   10       21    13  10    2.21   412.1    7.4      26.385
2013   10       21    13  21    2.21   412.1    7.4      26.384
2013   10       21    13  31    2.21   412.2    7.4      26.382
2013   10       21    13  42    2.21   412.2    7.4      26.381
2013   10       21    13  53    2.21   412.3    7.4      26.380
2013   10       21    14   4    2.21   412.3    7.4      26.379
2013   10       21    14  15    2.20   412.4    7.4      26.378
2013   10       21    14  26    2.20   412.4    7.4      26.378
2013   10       21    14  37    2.20   412.5    7.4      26.377
2013   10       21    14  48    2.20   412.5    7.4      26.376
2013   10       21    14  59    2.20   412.5    7.4      26.376
2013   10       21    15   9    2.20   412.6    7.4      26.376
2013   10       21    15  20    2.20   412.6    7.4      26.375
2013   10       21    15  31    2.20   412.7    7.4      26.375
2013   10       21    15  42    2.20   412.7    7.4      26.375
2013   10       21    15  53    2.20   412.8    7.4      26.374
2013   10       21    16   4    2.20   412.8    7.4      26.374
2013   10       21    16  15    2.20   412.9    7.4      26.374
2013   10       21    16  26    2.20   412.9    7.4      26.373
2013   10       21    16  36    2.20   412.9    7.4      26.373
2013   10       21    16  47    2.20   413.0    7.4      26.373
2013   10       21    16  58    2.19   413.0    7.4      26.372
2013   10       21    17   9    2.19   413.1    7.4      26.372
2013   10       21    17  20    2.19   413.1    7.4      26.372
2013   10       21    17  31    2.19   413.2    7.4      26.371
2013   10       21    17  42    2.19   413.2    7.4      26.371
2013   10       21    17  53    2.19   413.2    7.4      26.371
2013   10       21    18   3    2.19   413.3    7.4      26.370
2013   10       21    18  14    2.19   413.3    7.3      26.370
2013   10       21    18  25    2.19   413.4    7.3      26.370
2013   10       21    18  36    2.19   413.4    7.3      26.370
2013   10       21    18  47    2.19   413.4    7.3      26.370
2013   10       21    18  58    2.19   413.5    7.3      26.370
2013   10       21    19   9    2.19   413.5    7.3      26.370
2013   10       21    19  20    2.19   413.6    7.3      26.370
2013   10       21    19  30    2.19   413.6    7.3      26.370
2013   10       21    19  41    2.19   413.7    7.3      26.370
2013   10       21    19  52    2.19   413.7    7.3      26.371
2013   10       21    20   3    2.19   413.7    7.3      26.371
2013   10       21    20  14    2.18   413.8    7.3      26.372
2013   10       21    20  25    2.18   413.8    7.3      26.372
2013   10       21    20  36    2.18   413.9    7.3      26.373
2013   10       21    20  47    2.18   413.9    7.3      26.374
2013   10       21    20  57    2.18   413.9    7.3      26.375
2013   10       21    21   8    2.18   414.0    7.3      26.376
2013   10       21    21  19    2.18   414.0    7.3      26.377
2013   10       21    21  30    2.18   414.1    7.3      26.379
2013   10       21    21  41    2.18   414.1    7.3      26.380
2013   10       21    21  52    2.18   414.2    7.3      26.382
2013   10       21    22   3    2.18   414.2    7.3      26.384
2013   10       21    22  14    2.18   414.2    7.3      26.385
2013   10       21    22  24    2.18   414.3    7.3      26.387
2013   10       21    22  35    2.18   414.3    7.3      26.389
2013   10       21    22  46    2.18   414.4    7.3      26.391
2013   10       21    22  57    2.18   414.4    7.3      26.394
2013   10       21    23   8    2.18   414.4    7.3      26.396
2013   10       21    23  19    2.18   414.5    7.3      26.398
2013   10       21    23  30    2.18   414.5    7.3      26.401
2013   10       21    23  41    2.18   414.6    7.3      26.404
2013   10       21    23  52    2.18   414.6    7.3      26.406
2013   10       22     0   2    2.18   414.7    7.3      26.410
2013   10       22     0  13    2.18   414.7    7.3      26.415
2013   10       22     0  24    2.18   414.8    7.3      26.420
2013   10       22     0  35    2.18   414.8    7.3      26.425
2013   10       22     0  46    2.18   414.8    7.3      26.431
2013   10       22     0  57    2.18   414.9    7.3      26.436
2013   10       22     1   8    2.18   414.9    7.3      26.442
2013   10       22     1  19    2.18   415.0    7.3      26.448
2013   10       22     1  29    2.18   415.0    7.3      26.453
2013   10       22     1  40    2.17   415.1    7.3      26.459
2013   10       22     1  51    2.17   415.1    7.3      26.465
2013   10       22     2   2    2.17   415.2    7.3      26.471
2013   10       22     2  13    2.17   415.2    7.3      26.477
2013   10       22     2  24    2.17   415.3    7.3      26.483
2013   10       22     2  35    2.17   415.3    7.3      26.489
2013   10       22     2  45    2.17   415.4    7.3      26.495
2013   10       22     2  56    2.17   415.4    7.3      26.501
2013   10       22     3   7    2.17   415.5    7.3      26.508
2013   10       22     3  18    2.17   415.5    7.3      26.514
2013   10       22     3  29    2.17   415.6    7.3      26.520
2013   10       22     3  40    2.17   415.6    7.3      26.526
2013   10       22     3  51    2.17   415.7    7.3      26.533
2013   10       22     4   2    2.17   415.7    7.3      26.539
2013   10       22     4  12    2.17   415.8    7.3      26.545
2013   10       22     4  23    2.17   415.8    7.3      26.551
2013   10       22     4  34    2.17   415.9    7.3      26.558
2013   10       22     4  45    2.17   415.9    7.3      26.564
2013   10       22     4  56    2.17   416.0    7.3      26.570
2013   10       22     5   7    2.17   416.0    7.3      26.576
2013   10       22     5  18    2.17   416.1    7.3      26.582
2013   10       22     5  29    2.17   416.1    7.3      26.588
2013   10       22     5  39    2.17   416.2    7.3      26.594
2013   10       22     5  50    2.17   416.2    7.3      26.600
2013   10       22     6   1    2.17   416.3    7.3      26.606
2013   10       22     6  12    2.17   416.3    7.3      26.612
2013   10       22     6  23    2.17   416.4    7.3      26.618
2013   10       22     6  34    2.17   416.5    7.3      26.623
2013   10       22     6  45    2.17   416.5    7.2      26.629
2013   10       22     6  56    2.17   416.6    7.2      26.635
2013   10       22     7   7    2.17   416.6    7.2      26.641
2013   10       22     7  17    2.17   416.7    7.2      26.647
2013   10       22     7  28    2.17   416.7    7.2      26.653
2013   10       22     7  39    2.17   416.8    7.2      26.659
2013   10       22     7  50    2.17   416.9    7.2      26.665
2013   10       22     8   1    2.17   416.9    7.2      26.671
2013   10       22     8  12    2.17   417.0    7.2      26.676
2013   10       22     8  23    2.17   417.0    7.2      26.682
2013   10       22     8  34    2.17   417.1    7.2      26.688
2013   10       22     8  44    2.17   417.1    7.2      26.694
2013   10       22     8  55    2.17   417.2    7.2      26.699
2013   10       22     9   6    2.17   417.3    7.2      26.705
2013   10       22     9  17    2.17   417.3    7.2      26.710
2013   10       22     9  28    2.17   417.4    7.2      26.716
2013   10       22     9  39    2.17   417.4    7.2      26.721
2013   10       22     9  50    2.17   417.5    7.2      26.727
2013   10       22    10   1    2.17   417.6    7.2      26.732
2013   10       22    10  11    2.17   417.6    7.2      26.737
2013   10       22    10  22    2.17   417.7    7.2      26.742
2013   10       22    10  33    2.17   417.7    7.2      26.748
2013   10       22    10  44    2.17   417.8    7.2      26.753
2013   10       22    10  55    2.17   417.8    7.2      26.758
2013   10       22    11   6    2.17   417.9    7.2      26.763
2013   10       22    11  17    2.17   418.0    7.2      26.769
2013   10       22    11  27    2.17   418.0    7.2      26.774
2013   10       22    11  38    2.16   418.1    7.2      26.779
2013   10       22    11  49    2.16   418.1    7.2      26.784
2013   10       22    12   0    2.16   418.2    7.2      26.790
2013   10       22    12  11    2.16   418.3    7.2      26.795
2013   10       22    12  22    2.16   418.3    7.2      26.801
2013   10       22    12  33    2.16   418.4    7.2      26.806
2013   10       22    12  44    2.16   418.4    7.2      26.812
2013   10       22    12  55    2.16   418.5    7.2      26.817
2013   10       22    13   5    2.16   418.5    7.2      26.823
2013   10       22    13  16    2.16   418.6    7.2      26.828
2013   10       22    13  27    2.16   418.7    7.2      26.833
2013   10       22    13  38    2.16   418.7    7.2      26.839
2013   10       22    13  49    2.16   418.8    7.2      26.844
2013   10       22    14   0    2.16   418.8    7.2      26.850
2013   10       22    14  11    2.16   418.9    7.2      26.855
2013   10       22    14  22    2.16   419.0    7.2      26.860
2013   10       22    14  32    2.16   419.0    7.2      26.865
2013   10       22    14  43    2.16   419.1    7.2      26.869
2013   10       22    14  54    2.16   419.1    7.2      26.874
2013   10       22    15   5    2.16   419.2    7.2      26.878
2013   10       22    15  16    2.16   419.3    7.2      26.882
2013   10       22    15  27    2.16   419.3    7.2      26.886
2013   10       22    15  38    2.15   419.4    7.2      26.890
2013   10       22    15  49    2.15   419.5    7.2      26.893
2013   10       22    15  59    2.15   419.5    7.2      26.896
2013   10       22    16  10    2.15   419.6    7.2      26.899
2013   10       22    16  21    2.15   419.6    7.2      26.902
2013   10       22    16  32    2.15   419.7    7.1      26.904
2013   10       22    16  43    2.15   419.8    7.1      26.907
2013   10       22    16  54    2.15   419.8    7.1      26.909
2013   10       22    17   5    2.15   419.9    7.1      26.912
2013   10       22    17  16    2.15   419.9    7.1      26.914
2013   10       22    17  26    2.15   420.0    7.1      26.916
2013   10       22    17  37    2.15   420.1    7.1      26.918
2013   10       22    17  48    2.15   420.1    7.1      26.920
2013   10       22    17  59    2.15   420.2    7.1      26.922
2013   10       22    18  10    2.14   420.2    7.1      26.923
2013   10       22    18  21    2.14   420.3    7.1      26.925
2013   10       22    18  32    2.14   420.3    7.1      26.926
2013   10       22    18  42    2.14   420.4    7.1      26.927
2013   10       22    18  53    2.14   420.5    7.1      26.928
2013   10       22    19   4    2.14   420.5    7.1      26.929
2013   10       22    19  15    2.14   420.6    7.1      26.930
2013   10       22    19  26    2.14   420.6    7.1      26.931
2013   10       22    19  37    2.14   420.7    7.1      26.931
2013   10       22    19  48    2.14   420.7    7.1      26.932
2013   10       22    19  59    2.14   420.8    7.1      26.932
2013   10       22    20  10    2.13   420.8    7.1      26.932
2013   10       22    20  20    2.13   420.9    7.1      26.932
2013   10       22    20  31    2.13   420.9    7.1      26.933
2013   10       22    20  42    2.13   421.0    7.1      26.932
2013   10       22    20  53    2.13   421.0    7.1      26.932
2013   10       22    21   4    2.13   421.1    7.1      26.932
2013   10       22    21  15    2.13   421.1    7.1      26.932
2013   10       22    21  26    2.13   421.2    7.0      26.931
2013   10       22    21  37    2.13   421.2    7.0      26.931
2013   10       22    21  47    2.12   421.2    7.0      26.930
2013   10       22    21  58    2.12   421.3    7.0      26.929
2013   10       22    22   9    2.12   421.3    7.0      26.929
2013   10       22    22  20    2.12   421.4    7.0      26.927
2013   10       22    22  31    2.12   421.4    7.0      26.926
2013   10       22    22  42    2.12   421.5    7.0      26.925
2013   10       22    22  53    2.12   421.5    7.0      26.923
2013   10       22    23   4    2.12   421.5    7.0      26.921
2013   10       22    23  14    2.12   421.6    7.0      26.920
2013   10       22    23  25    2.11   421.6    7.0      26.917
2013   10       22    23  36    2.11   421.7    7.0      26.915
2013   10       22    23  47    2.11   421.7    7.0      26.913
2013   10       22    23  58    2.11   421.7    7.0      26.910
2013   10       23     0   9    2.11   421.8    7.0      26.906
2013   10       23     0  20    2.11   421.8    7.0      26.901
2013   10       23     0  31    2.11   421.8    7.0      26.895
2013   10       23     0  41    2.10   421.9    7.0      26.890
2013   10       23     0  52    2.10   421.9    7.0      26.884
2013   10       23     1   3    2.10   421.9    7.0      26.878
2013   10       23     1  14    2.10   422.0    7.0      26.871
2013   10       23     1  25    2.10   422.0    7.0      26.864
2013   10       23     1  36    2.10   422.0    6.9      26.857
2013   10       23     1  47    2.10   422.1    6.9      26.849
2013   10       23     1  58    2.09   422.1    6.9      26.841
2013   10       23     2   8    2.09   422.1    6.9      26.833
2013   10       23     2  19    2.09   422.2    6.9      26.824
2013   10       23     2  30    2.09   422.2    6.9      26.814
2013   10       23     2  41    2.09   422.2    6.9      26.805
2013   10       23     2  52    2.09   422.2    6.9      26.795
2013   10       23     3   3    2.08   422.3    6.9      26.784
2013   10       23     3  14    2.08   422.3    6.9      26.773
2013   10       23     3  25    2.08   422.3    6.9      26.762
2013   10       23     3  35    2.08   422.3    6.9      26.751
2013   10       23     3  46    2.08   422.3    6.9      26.740
2013   10       23     3  57    2.08   422.4    6.9      26.728
2013   10       23     4   8    2.07   422.4    6.9      26.716
2013   10       23     4  19    2.07   422.4    6.9      26.704
2013   10       23     4  30    2.07   422.4    6.8      26.692
2013   10       23     4  41    2.07   422.4    6.8      26.680
2013   10       23     4  52    2.07   422.4    6.8      26.668
2013   10       23     5   2    2.07   422.4    6.8      26.656
2013   10       23     5  13    2.06   422.4    6.8      26.644
2013   10       23     5  24    2.06   422.4    6.8      26.632
2013   10       23     5  35    2.06   422.5    6.8      26.620
2013   10       23     5  46    2.06   422.5    6.8      26.608
2013   10       23     5  57    2.06   422.5    6.8      26.596
2013   10       23     6   8    2.05   422.5    6.8      26.584
2013   10       23     6  19    2.05   422.5    6.8      26.572
2013   10       23     6  29    2.05   422.5    6.8      26.561
2013   10       23     6  40    2.05   422.5    6.8      26.549
2013   10       23     6  51    2.05   422.4    6.8      26.537
2013   10       23     7   2    2.05   422.4    6.8      26.525
2013   10       23     7  13    2.04   422.4    6.8      26.513
2013   10       23     7  24    2.04   422.4    6.8      26.501
2013   10       23     7  35    2.04   422.4    6.8      26.490
2013   10       23     7  46    2.04   422.4    6.7      26.478
2013   10       23     7  56    2.04   422.4    6.7      26.466
2013   10       23     8   7    2.04   422.4    6.7      26.454
2013   10       23     8  18    2.03   422.4    6.7      26.442
2013   10       23     8  29    2.03   422.3    6.7      26.430
2013   10       23     8  40    2.03   422.3    6.7      26.418
2013   10       23     8  51    2.03   422.3    6.7      26.406
2013   10       23     9   2    2.03   422.3    6.7      26.393
2013   10       23     9  13    2.03   422.3    6.7      26.381
2013   10       23     9  23    2.02   422.3    6.7      26.368
2013   10       23     9  34    2.02   422.3    6.7      26.355
2013   10       23     9  45    2.02   422.2    6.7      26.342
2013   10       23     9  56    2.02   422.2    6.7      26.328
2013   10       23    10   7    2.02   422.2    6.7      26.313
2013   10       23    10  18    2.02   422.2    6.7      26.298
2013   10       23    10  29    2.01   422.2    6.7      26.283
2013   10       23    10  40    2.01   422.1    6.7      26.267
2013   10       23    10  50    2.01   422.1    6.7      26.251
2013   10       23    11   1    2.01   422.1    6.7      26.234
2013   10       23    11  12    2.01   422.1    6.7      26.217
2013   10       23    11  23    2.01   422.1    6.7      26.200
2013   10       23    11  34    2.00   422.0    6.6      26.183
2013   10       23    11  45    2.00   422.0    6.6      26.165
2013   10       23    11  56    2.00   422.0    6.6      26.147
2013   10       23    12   7    2.00   422.0    6.6      26.128
2013   10       23    12  17    2.00   421.9    6.6      26.110
2013   10       23    12  28    2.00   421.9    6.6      26.091
2013   10       23    12  39    1.99   421.9    6.6      26.073
2013   10       23    12  50    1.99   421.8    6.6      26.054
2013   10       23    13   1    1.99   421.8    6.6      26.036
2013   10       23    13  12    1.99   421.8    6.6      26.017
2013   10       23    13  23    1.99   421.7    6.6      25.999
2013   10       23    13  34    1.99   421.7    6.6      25.980
2013   10       23    13  45    1.98   421.7    6.6      25.962
2013   10       23    13  55    1.98   421.6    6.6      25.944
2013   10       23    14   6    1.98   421.6    6.6      25.926
2013   10       23    14  17    1.98   421.5    6.6      25.908
2013   10       23    14  28    1.98   421.5    6.6      25.890
2013   10       23    14  39    1.98   421.5    6.6      25.873
2013   10       23    14  50    1.97   421.4    6.6      25.856
2013   10       23    15   1    1.97   421.4    6.6      25.839
2013   10       23    15  11    1.97   421.3    6.5      25.822
2013   10       23    15  22    1.97   421.3    6.5      25.805
2013   10       23    15  33    1.97   421.2    6.5      25.789
2013   10       23    15  44    1.97   421.2    6.5      25.773
2013   10       23    15  55    1.96   421.1    6.5      25.757
2013   10       23    16   6    1.96   421.1    6.5      25.742
2013   10       23    16  17    1.96   421.0    6.5      25.726
2013   10       23    16  28    1.96   421.0    6.5      25.710
2013   10       23    16  38    1.96   420.9    6.5      25.695
2013   10       23    16  49    1.96   420.9    6.5      25.679
2013   10       23    17   0    1.95   420.8    6.5      25.663
2013   10       23    17  11    1.95   420.8    6.5      25.646
2013   10       23    17  22    1.95   420.7    6.5      25.629
2013   10       23    17  33    1.95   420.6    6.5      25.612
2013   10       23    17  44    1.95   420.6    6.5      25.595
2013   10       23    17  55    1.95   420.5    6.5      25.577
2013   10       23    18   5    1.95   420.5    6.5      25.559
2013   10       23    18  16    1.94   420.4    6.5      25.540
2013   10       23    18  27    1.94   420.4    6.5      25.521
2013   10       23    18  38    1.94   420.3    6.5      25.502
2013   10       23    18  49    1.94   420.2    6.5      25.482
2013   10       23    19   0    1.94   420.2    6.5      25.462
2013   10       23    19  11    1.94   420.1    6.5      25.442
2013   10       23    19  22    1.93   420.1    6.5      25.422
2013   10       23    19  33    1.93   420.0    6.5      25.401
2013   10       23    19  43    1.93   419.9    6.5      25.381
2013   10       23    19  54    1.93   419.9    6.5      25.360
2013   10       23    20   5    1.93   419.8    6.5      25.338
2013   10       23    20  16    1.93   419.7    6.5      25.317
2013   10       23    20  27    1.92   419.7    6.4      25.296
2013   10       23    20  38    1.92   419.6    6.4      25.274
2013   10       23    20  49    1.92   419.6    6.4      25.253
2013   10       23    21   0    1.92   419.5    6.4      25.231
2013   10       23    21  10    1.92   419.4    6.4      25.210
2013   10       23    21  21    1.92   419.3    6.4      25.189
2013   10       23    21  32    1.91   419.3    6.4      25.167
2013   10       23    21  43    1.91   419.2    6.4      25.146
2013   10       23    21  54    1.91   419.1    6.4      25.125
2013   10       23    22   5    1.91   419.1    6.4      25.104
2013   10       23    22  16    1.91   419.0    6.4      25.084
2013   10       23    22  26    1.91   418.9    6.4      25.063
2013   10       23    22  37    1.91   418.8    6.4      25.043
2013   10       23    22  48    1.90   418.7    6.4      25.023
2013   10       23    22  59    1.90   418.7    6.4      25.003
2013   10       23    23  10    1.90   418.6    6.4      24.983
2013   10       23    23  21    1.90   418.5    6.4      24.964
2013   10       23    23  32    1.90   418.4    6.4      24.944
2013   10       23    23  43    1.90   418.3    6.4      24.925
2013   10       23    23  53    1.90   418.3    6.4      24.905
2013   10       24     0   4    1.89   418.2    6.4      24.886
