year    month   day   hour  minute  B_enl V_enl   n_enl       T_enl
[year] [month] [day] [hour][minute] [nT]  [km/s]  [cm-3]      [kK]
2013   10       17     0   8    2.18   351.3    9.5      21.436
2013   10       17     0  18    2.19   351.4    9.5      21.494
2013   10       17     0  28    2.19   351.4    9.5      21.552
2013   10       17     0  38    2.20   351.4    9.6      21.610
2013   10       17     0  47    2.21   351.5    9.6      21.668
2013   10       17     0  57    2.22   351.5    9.6      21.727
2013   10       17     1   7    2.22   351.6    9.7      21.787
2013   10       17     1  17    2.23   351.7    9.7      21.847
2013   10       17     1  26    2.24   351.7    9.7      21.908
2013   10       17     1  36    2.24   351.8    9.7      21.969
2013   10       17     1  46    2.25   351.9    9.8      22.030
2013   10       17     1  55    2.25   352.0    9.8      22.089
2013   10       17     2   5    2.26   352.0    9.8      22.146
2013   10       17     2  15    2.27   352.1    9.8      22.202
2013   10       17     2  24    2.27   352.2    9.9      22.255
2013   10       17     2  34    2.28   352.3    9.9      22.308
2013   10       17     2  44    2.28   352.4    9.9      22.359
2013   10       17     2  54    2.29   352.4    9.9      22.409
2013   10       17     3   3    2.30   352.5    9.9      22.458
2013   10       17     3  13    2.30   352.6    9.9      22.505
2013   10       17     3  23    2.31   352.7   10.0      22.551
2013   10       17     3  32    2.31   352.8   10.0      22.597
2013   10       17     3  42    2.32   352.8   10.0      22.641
2013   10       17     3  52    2.32   352.9   10.0      22.684
2013   10       17     4   2    2.33   353.0   10.0      22.726
2013   10       17     4  11    2.33   353.1   10.0      22.768
2013   10       17     4  21    2.34   353.2   10.0      22.808
2013   10       17     4  31    2.34   353.3   10.1      22.847
2013   10       17     4  41    2.35   353.3   10.1      22.886
2013   10       17     4  50    2.35   353.4   10.1      22.924
2013   10       17     5   0    2.36   353.5   10.1      22.961
2013   10       17     5  10    2.36   353.6   10.1      22.997
2013   10       17     5  20    2.37   353.7   10.1      23.033
2013   10       17     5  29    2.37   353.8   10.1      23.069
2013   10       17     5  39    2.37   353.9   10.1      23.103
2013   10       17     5  49    2.38   353.9   10.1      23.138
2013   10       17     5  59    2.38   354.0   10.2      23.172
2013   10       17     6   8    2.39   354.1   10.2      23.206
2013   10       17     6  18    2.39   354.2   10.2      23.239
2013   10       17     6  28    2.40   354.3   10.2      23.273
2013   10       17     6  38    2.40   354.4   10.2      23.307
2013   10       17     6  47    2.41   354.5   10.2      23.341
2013   10       17     6  57    2.41   354.5   10.2      23.374
2013   10       17     7   7    2.41   354.6   10.2      23.408
2013   10       17     7  17    2.42   354.7   10.2      23.441
2013   10       17     7  26    2.42   354.8   10.3      23.476
2013   10       17     7  36    2.43   354.9   10.3      23.510
2013   10       17     7  46    2.43   355.0   10.3      23.546
2013   10       17     7  55    2.43   355.1   10.3      23.582
2013   10       17     8   5    2.44   355.2   10.3      23.618
2013   10       17     8  15    2.44   355.3   10.3      23.655
2013   10       17     8  25    2.45   355.4   10.3      23.694
2013   10       17     8  34    2.45   355.5   10.3      23.733
2013   10       17     8  44    2.45   355.6   10.4      23.774
2013   10       17     8  54    2.46   355.7   10.4      23.816
2013   10       17     9   3    2.46   355.8   10.4      23.859
2013   10       17     9  13    2.47   355.9   10.4      23.900
2013   10       17     9  23    2.47   356.1   10.4      23.940
2013   10       17     9  33    2.47   356.2   10.4      23.979
2013   10       17     9  42    2.48   356.3   10.4      24.018
2013   10       17     9  52    2.48   356.4   10.4      24.056
2013   10       17    10   2    2.48   356.5   10.4      24.093
2013   10       17    10  11    2.49   356.7   10.4      24.130
2013   10       17    10  21    2.49   356.8   10.4      24.166
2013   10       17    10  31    2.49   356.9   10.5      24.201
2013   10       17    10  40    2.50   357.0   10.5      24.236
2013   10       17    10  50    2.50   357.1   10.5      24.271
2013   10       17    11   0    2.50   357.3   10.5      24.306
2013   10       17    11  10    2.50   357.4   10.5      24.339
2013   10       17    11  19    2.51   357.5   10.5      24.373
2013   10       17    11  29    2.51   357.6   10.5      24.407
2013   10       17    11  39    2.51   357.8   10.5      24.441
2013   10       17    11  49    2.52   357.9   10.5      24.475
2013   10       17    11  58    2.52   358.0   10.5      24.510
2013   10       17    12   8    2.52   358.1   10.5      24.544
2013   10       17    12  18    2.52   358.3   10.5      24.579
2013   10       17    12  28    2.53   358.4   10.5      24.614
2013   10       17    12  37    2.53   358.5   10.5      24.650
2013   10       17    12  47    2.53   358.7   10.5      24.686
2013   10       17    12  57    2.53   358.8   10.5      24.722
2013   10       17    13   7    2.54   358.9   10.5      24.758
2013   10       17    13  16    2.54   359.1   10.5      24.793
2013   10       17    13  26    2.54   359.2   10.5      24.826
2013   10       17    13  36    2.54   359.3   10.6      24.858
2013   10       17    13  46    2.55   359.5   10.6      24.889
2013   10       17    13  55    2.55   359.6   10.6      24.919
2013   10       17    14   5    2.55   359.7   10.6      24.948
2013   10       17    14  15    2.55   359.9   10.5      24.976
2013   10       17    14  25    2.55   360.0   10.5      25.003
2013   10       17    14  34    2.55   360.2   10.5      25.030
2013   10       17    14  44    2.56   360.3   10.5      25.055
2013   10       17    14  54    2.56   360.4   10.5      25.080
2013   10       17    15   3    2.56   360.6   10.5      25.104
2013   10       17    15  13    2.56   360.7   10.5      25.128
2013   10       17    15  23    2.56   360.8   10.5      25.151
2013   10       17    15  33    2.56   361.0   10.5      25.173
2013   10       17    15  42    2.57   361.1   10.5      25.195
2013   10       17    15  52    2.57   361.2   10.5      25.217
2013   10       17    16   2    2.57   361.4   10.5      25.238
2013   10       17    16  12    2.57   361.5   10.5      25.259
2013   10       17    16  21    2.57   361.6   10.5      25.279
2013   10       17    16  31    2.57   361.8   10.5      25.300
2013   10       17    16  41    2.57   361.9   10.5      25.320
2013   10       17    16  50    2.57   362.0   10.5      25.340
2013   10       17    17   0    2.58   362.2   10.5      25.359
2013   10       17    17  10    2.58   362.3   10.5      25.379
2013   10       17    17  19    2.58   362.4   10.5      25.399
2013   10       17    17  29    2.58   362.5   10.5      25.418
2013   10       17    17  39    2.58   362.7   10.5      25.438
2013   10       17    17  49    2.58   362.8   10.5      25.458
2013   10       17    17  58    2.58   362.9   10.5      25.478
2013   10       17    18   8    2.58   363.1   10.5      25.499
2013   10       17    18  18    2.59   363.2   10.5      25.519
2013   10       17    18  27    2.59   363.3   10.5      25.541
2013   10       17    18  37    2.59   363.4   10.5      25.562
2013   10       17    18  47    2.59   363.6   10.5      25.585
2013   10       17    18  57    2.59   363.7   10.5      25.609
2013   10       17    19   6    2.59   363.8   10.5      25.634
2013   10       17    19  16    2.59   364.0   10.5      25.660
2013   10       17    19  26    2.59   364.1   10.5      25.686
2013   10       17    19  36    2.59   364.3   10.5      25.713
2013   10       17    19  45    2.60   364.4   10.5      25.741
2013   10       17    19  55    2.60   364.5   10.5      25.768
2013   10       17    20   5    2.60   364.7   10.5      25.796
2013   10       17    20  15    2.60   364.8   10.5      25.825
2013   10       17    20  24    2.60   365.0   10.5      25.852
2013   10       17    20  34    2.60   365.1   10.5      25.878
2013   10       17    20  44    2.60   365.3   10.5      25.902
2013   10       17    20  54    2.60   365.4   10.5      25.926
2013   10       17    21   3    2.60   365.6   10.5      25.947
2013   10       17    21  13    2.60   365.7   10.4      25.968
2013   10       17    21  23    2.60   365.9   10.4      25.988
2013   10       17    21  33    2.60   366.0   10.4      26.006
2013   10       17    21  42    2.60   366.2   10.4      26.023
2013   10       17    21  52    2.60   366.3   10.4      26.039
2013   10       17    22   2    2.60   366.4   10.4      26.054
2013   10       17    22  12    2.60   366.6   10.4      26.069
2013   10       17    22  21    2.60   366.7   10.4      26.082
2013   10       17    22  31    2.60   366.9   10.4      26.094
2013   10       17    22  41    2.60   367.0   10.4      26.106
2013   10       17    22  50    2.60   367.2   10.4      26.117
2013   10       17    23   0    2.60   367.3   10.3      26.127
2013   10       17    23  10    2.60   367.5   10.3      26.137
2013   10       17    23  20    2.60   367.6   10.3      26.145
2013   10       17    23  29    2.60   367.7   10.3      26.153
2013   10       17    23  39    2.60   367.9   10.3      26.161
2013   10       17    23  49    2.60   368.0   10.3      26.168
2013   10       17    23  58    2.59   368.2   10.3      26.174
2013   10       18     0   8    2.59   368.3   10.3      26.180
2013   10       18     0  18    2.59   368.4   10.2      26.185
2013   10       18     0  28    2.59   368.6   10.2      26.190
2013   10       18     0  37    2.59   368.7   10.2      26.194
2013   10       18     0  47    2.59   368.8   10.2      26.198
2013   10       18     0  57    2.59   369.0   10.2      26.201
2013   10       18     1   6    2.59   369.1   10.2      26.204
2013   10       18     1  16    2.59   369.2   10.2      26.207
2013   10       18     1  26    2.59   369.4   10.1      26.209
2013   10       18     1  36    2.59   369.5   10.1      26.212
2013   10       18     1  45    2.59   369.6   10.1      26.214
2013   10       18     1  55    2.58   369.7   10.1      26.217
2013   10       18     2   5    2.58   369.9   10.1      26.219
2013   10       18     2  14    2.58   370.0   10.1      26.222
2013   10       18     2  24    2.58   370.1   10.1      26.225
2013   10       18     2  34    2.58   370.3   10.0      26.227
2013   10       18     2  44    2.58   370.4   10.0      26.230
2013   10       18     2  53    2.58   370.5   10.0      26.232
2013   10       18     3   3    2.58   370.7   10.0      26.233
2013   10       18     3  13    2.57   370.8   10.0      26.233
2013   10       18     3  23    2.57   370.9   10.0      26.233
2013   10       18     3  33    2.57   371.0   10.0      26.232
2013   10       18     3  42    2.57   371.2    9.9      26.230
2013   10       18     3  52    2.57   371.3    9.9      26.227
2013   10       18     4   2    2.57   371.4    9.9      26.223
2013   10       18     4  12    2.56   371.5    9.9      26.219
2013   10       18     4  21    2.56   371.7    9.9      26.213
2013   10       18     4  31    2.56   371.8    9.9      26.207
2013   10       18     4  41    2.56   371.9    9.8      26.201
2013   10       18     4  50    2.56   372.0    9.8      26.193
2013   10       18     5   0    2.55   372.1    9.8      26.185
2013   10       18     5  10    2.55   372.2    9.8      26.176
2013   10       18     5  20    2.55   372.4    9.8      26.166
2013   10       18     5  29    2.55   372.5    9.7      26.156
2013   10       18     5  39    2.54   372.6    9.7      26.145
2013   10       18     5  49    2.54   372.7    9.7      26.134
2013   10       18     5  59    2.54   372.8    9.7      26.122
2013   10       18     6   8    2.54   372.9    9.7      26.109
2013   10       18     6  18    2.54   373.0    9.6      26.095
2013   10       18     6  28    2.53   373.1    9.6      26.081
2013   10       18     6  37    2.53   373.2    9.6      26.067
2013   10       18     6  47    2.53   373.3    9.6      26.052
2013   10       18     6  57    2.53   373.4    9.6      26.036
2013   10       18     7   7    2.52   373.5    9.5      26.020
2013   10       18     7  16    2.52   373.6    9.5      26.003
2013   10       18     7  26    2.52   373.7    9.5      25.985
2013   10       18     7  36    2.52   373.8    9.5      25.968
2013   10       18     7  45    2.51   373.9    9.5      25.949
2013   10       18     7  55    2.51   374.0    9.4      25.930
2013   10       18     8   5    2.51   374.1    9.4      25.911
2013   10       18     8  14    2.50   374.2    9.4      25.891
2013   10       18     8  24    2.50   374.2    9.4      25.871
2013   10       18     8  34    2.50   374.3    9.4      25.851
2013   10       18     8  44    2.50   374.4    9.4      25.830
2013   10       18     8  53    2.49   374.5    9.3      25.809
2013   10       18     9   3    2.49   374.6    9.3      25.788
2013   10       18     9  13    2.49   374.6    9.3      25.767
2013   10       18     9  23    2.49   374.7    9.3      25.745
2013   10       18     9  32    2.48   374.8    9.3      25.724
2013   10       18     9  42    2.48   374.9    9.2      25.702
2013   10       18     9  52    2.48   374.9    9.2      25.680
2013   10       18    10   2    2.47   375.0    9.2      25.658
2013   10       18    10  11    2.47   375.1    9.2      25.637
2013   10       18    10  21    2.47   375.1    9.2      25.615
2013   10       18    10  31    2.47   375.2    9.2      25.593
2013   10       18    10  41    2.46   375.3    9.1      25.571
2013   10       18    10  50    2.46   375.3    9.1      25.550
2013   10       18    11   0    2.46   375.4    9.1      25.528
2013   10       18    11  10    2.45   375.4    9.1      25.506
2013   10       18    11  20    2.45   375.5    9.1      25.485
2013   10       18    11  29    2.45   375.5    9.1      25.463
2013   10       18    11  39    2.45   375.6    9.1      25.442
2013   10       18    11  49    2.44   375.6    9.0      25.421
2013   10       18    11  59    2.44   375.7    9.0      25.400
2013   10       18    12   8    2.44   375.7    9.0      25.379
2013   10       18    12  18    2.43   375.8    9.0      25.358
2013   10       18    12  28    2.43   375.8    9.0      25.337
2013   10       18    12  38    2.43   375.9    9.0      25.316
2013   10       18    12  47    2.43   375.9    9.0      25.296
2013   10       18    12  57    2.42   376.0    8.9      25.276
2013   10       18    13   7    2.42   376.0    8.9      25.256
2013   10       18    13  16    2.42   376.0    8.9      25.236
2013   10       18    13  26    2.42   376.1    8.9      25.216
2013   10       18    13  36    2.41   376.1    8.9      25.196
2013   10       18    13  46    2.41   376.2    8.9      25.176
2013   10       18    13  55    2.41   376.2    8.9      25.157
2013   10       18    14   5    2.41   376.2    8.9      25.137
2013   10       18    14  15    2.40   376.2    8.8      25.116
2013   10       18    14  24    2.40   376.3    8.8      25.095
2013   10       18    14  34    2.40   376.3    8.8      25.074
2013   10       18    14  44    2.40   376.3    8.8      25.052
2013   10       18    14  54    2.39   376.3    8.8      25.030
2013   10       18    15   3    2.39   376.4    8.8      25.008
2013   10       18    15  13    2.39   376.4    8.8      24.985
2013   10       18    15  23    2.39   376.4    8.8      24.962
2013   10       18    15  32    2.39   376.4    8.7      24.939
2013   10       18    15  42    2.38   376.4    8.7      24.917
2013   10       18    15  52    2.38   376.4    8.7      24.893
2013   10       18    16   1    2.38   376.5    8.7      24.871
2013   10       18    16  11    2.38   376.5    8.7      24.848
2013   10       18    16  21    2.37   376.5    8.7      24.825
2013   10       18    16  31    2.37   376.5    8.7      24.802
2013   10       18    16  40    2.37   376.5    8.7      24.780
2013   10       18    16  50    2.37   376.5    8.6      24.758
2013   10       18    17   0    2.37   376.5    8.6      24.736
2013   10       18    17   9    2.36   376.5    8.6      24.714
2013   10       18    17  19    2.36   376.5    8.6      24.693
2013   10       18    17  29    2.36   376.5    8.6      24.672
2013   10       18    17  38    2.36   376.5    8.6      24.651
2013   10       18    17  48    2.35   376.5    8.6      24.631
2013   10       18    17  58    2.35   376.5    8.6      24.611
2013   10       18    18   8    2.35   376.5    8.6      24.591
2013   10       18    18  17    2.35   376.5    8.6      24.572
2013   10       18    18  27    2.35   376.5    8.6      24.552
2013   10       18    18  37    2.34   376.5    8.6      24.534
2013   10       18    18  46    2.34   376.5    8.5      24.516
2013   10       18    18  56    2.34   376.5    8.5      24.498
2013   10       18    19   6    2.34   376.5    8.5      24.481
2013   10       18    19  15    2.34   376.5    8.5      24.464
2013   10       18    19  25    2.34   376.5    8.5      24.448
2013   10       18    19  35    2.33   376.5    8.5      24.433
2013   10       18    19  44    2.33   376.5    8.5      24.418
2013   10       18    19  54    2.33   376.5    8.5      24.404
2013   10       18    20   4    2.33   376.5    8.5      24.390
2013   10       18    20  13    2.33   376.5    8.5      24.377
2013   10       18    20  23    2.33   376.4    8.5      24.365
2013   10       18    20  33    2.33   376.4    8.5      24.353
2013   10       18    20  42    2.32   376.4    8.5      24.342
2013   10       18    20  52    2.32   376.4    8.5      24.332
2013   10       18    21   2    2.32   376.4    8.5      24.322
2013   10       18    21  11    2.32   376.4    8.5      24.313
2013   10       18    21  21    2.32   376.4    8.5      24.303
2013   10       18    21  31    2.32   376.4    8.5      24.294
2013   10       18    21  40    2.32   376.4    8.5      24.285
2013   10       18    21  50    2.32   376.4    8.5      24.275
2013   10       18    22   0    2.32   376.4    8.5      24.266
2013   10       18    22  10    2.32   376.3    8.5      24.257
2013   10       18    22  19    2.31   376.3    8.5      24.248
2013   10       18    22  29    2.31   376.3    8.5      24.239
2013   10       18    22  39    2.31   376.3    8.5      24.230
2013   10       18    22  48    2.31   376.3    8.5      24.221
2013   10       18    22  58    2.31   376.3    8.5      24.211
2013   10       18    23   8    2.31   376.3    8.4      24.201
2013   10       18    23  17    2.31   376.3    8.4      24.190
2013   10       18    23  27    2.31   376.2    8.4      24.179
2013   10       18    23  37    2.31   376.2    8.4      24.167
2013   10       18    23  47    2.31   376.2    8.4      24.155
2013   10       18    23  56    2.30   376.2    8.4      24.143
2013   10       19     0   6    2.30   376.2    8.4      24.131
2013   10       19     0  16    2.30   376.2    8.4      24.118
2013   10       19     0  25    2.30   376.1    8.4      24.105
2013   10       19     0  35    2.30   376.1    8.4      24.092
2013   10       19     0  45    2.30   376.1    8.4      24.078
2013   10       19     0  55    2.30   376.1    8.4      24.065
2013   10       19     1   4    2.30   376.1    8.4      24.051
2013   10       19     1  14    2.30   376.0    8.4      24.037
2013   10       19     1  24    2.30   376.0    8.4      24.023
2013   10       19     1  33    2.29   376.0    8.4      24.009
2013   10       19     1  43    2.29   376.0    8.4      23.995
2013   10       19     1  53    2.29   376.0    8.4      23.980
2013   10       19     2   2    2.29   375.9    8.4      23.966
2013   10       19     2  12    2.29   375.9    8.4      23.951
2013   10       19     2  22    2.29   375.9    8.4      23.936
2013   10       19     2  31    2.29   375.9    8.4      23.922
2013   10       19     2  41    2.29   375.8    8.3      23.907
2013   10       19     2  51    2.29   375.8    8.3      23.893
2013   10       19     3   0    2.29   375.8    8.3      23.878
2013   10       19     3  10    2.29   375.8    8.3      23.864
2013   10       19     3  20    2.29   375.7    8.3      23.850
2013   10       19     3  29    2.28   375.7    8.3      23.836
2013   10       19     3  39    2.28   375.7    8.3      23.822
2013   10       19     3  49    2.28   375.6    8.3      23.809
2013   10       19     3  58    2.28   375.6    8.3      23.796
2013   10       19     4   8    2.28   375.6    8.3      23.784
2013   10       19     4  18    2.28   375.6    8.3      23.771
2013   10       19     4  27    2.28   375.5    8.3      23.760
2013   10       19     4  37    2.28   375.5    8.3      23.749
2013   10       19     4  47    2.28   375.5    8.3      23.738
2013   10       19     4  56    2.28   375.4    8.3      23.729
2013   10       19     5   6    2.28   375.4    8.3      23.719
2013   10       19     5  16    2.28   375.4    8.3      23.711
2013   10       19     5  26    2.28   375.3    8.3      23.704
2013   10       19     5  35    2.28   375.3    8.3      23.698
2013   10       19     5  45    2.28   375.3    8.3      23.692
2013   10       19     5  55    2.28   375.3    8.3      23.687
2013   10       19     6   5    2.28   375.2    8.3      23.683
2013   10       19     6  14    2.28   375.2    8.3      23.680
2013   10       19     6  24    2.28   375.2    8.3      23.677
2013   10       19     6  34    2.28   375.1    8.3      23.674
2013   10       19     6  43    2.28   375.1    8.3      23.671
2013   10       19     6  53    2.28   375.1    8.3      23.670
2013   10       19     7   3    2.28   375.1    8.3      23.668
2013   10       19     7  13    2.28   375.1    8.3      23.667
2013   10       19     7  23    2.28   375.0    8.3      23.666
2013   10       19     7  32    2.28   375.0    8.3      23.664
2013   10       19     7  42    2.28   375.0    8.3      23.661
2013   10       19     7  52    2.28   375.0    8.3      23.658
2013   10       19     8   2    2.28   375.0    8.3      23.653
2013   10       19     8  11    2.28   374.9    8.3      23.648
2013   10       19     8  21    2.28   374.9    8.3      23.643
2013   10       19     8  31    2.28   374.9    8.3      23.637
2013   10       19     8  41    2.27   374.9    8.3      23.630
2013   10       19     8  50    2.27   374.8    8.3      23.623
2013   10       19     9   0    2.27   374.8    8.3      23.615
2013   10       19     9  10    2.27   374.8    8.3      23.607
2013   10       19     9  20    2.27   374.7    8.3      23.599
2013   10       19     9  29    2.27   374.7    8.3      23.590
2013   10       19     9  39    2.27   374.7    8.3      23.580
2013   10       19     9  49    2.27   374.6    8.3      23.571
2013   10       19     9  59    2.27   374.6    8.3      23.561
2013   10       19    10   8    2.27   374.6    8.3      23.551
2013   10       19    10  18    2.27   374.5    8.3      23.540
2013   10       19    10  28    2.27   374.5    8.3      23.529
2013   10       19    10  37    2.27   374.5    8.3      23.518
2013   10       19    10  47    2.27   374.4    8.3      23.507
2013   10       19    10  57    2.27   374.4    8.3      23.496
2013   10       19    11   6    2.27   374.4    8.3      23.484
2013   10       19    11  16    2.27   374.3    8.3      23.473
2013   10       19    11  26    2.27   374.3    8.3      23.461
2013   10       19    11  36    2.27   374.2    8.3      23.449
2013   10       19    11  45    2.27   374.2    8.3      23.437
2013   10       19    11  55    2.27   374.1    8.3      23.425
2013   10       19    12   5    2.27   374.1    8.3      23.414
2013   10       19    12  14    2.27   374.0    8.3      23.402
2013   10       19    12  24    2.27   374.0    8.3      23.390
2013   10       19    12  34    2.27   373.9    8.3      23.379
2013   10       19    12  43    2.27   373.9    8.3      23.368
2013   10       19    12  53    2.27   373.8    8.3      23.358
2013   10       19    13   3    2.27   373.8    8.3      23.348
2013   10       19    13  13    2.27   373.7    8.3      23.339
2013   10       19    13  22    2.27   373.7    8.3      23.331
2013   10       19    13  32    2.27   373.6    8.3      23.324
2013   10       19    13  42    2.27   373.6    8.3      23.318
2013   10       19    13  52    2.27   373.6    8.3      23.313
2013   10       19    14   1    2.27   373.5    8.3      23.309
2013   10       19    14  11    2.27   373.5    8.3      23.306
2013   10       19    14  21    2.27   373.4    8.3      23.304
2013   10       19    14  31    2.27   373.4    8.3      23.304
2013   10       19    14  40    2.27   373.4    8.3      23.304
2013   10       19    14  50    2.27   373.3    8.3      23.304
2013   10       19    15   0    2.27   373.3    8.3      23.305
2013   10       19    15  10    2.27   373.2    8.3      23.306
2013   10       19    15  19    2.28   373.2    8.3      23.306
2013   10       19    15  29    2.28   373.2    8.3      23.307
2013   10       19    15  39    2.28   373.1    8.3      23.309
2013   10       19    15  49    2.28   373.1    8.3      23.311
2013   10       19    15  58    2.28   373.1    8.3      23.313
2013   10       19    16   8    2.28   373.0    8.3      23.315
2013   10       19    16  18    2.28   373.0    8.4      23.318
2013   10       19    16  28    2.28   373.0    8.4      23.322
2013   10       19    16  37    2.28   373.0    8.4      23.325
2013   10       19    16  47    2.28   372.9    8.4      23.329
2013   10       19    16  57    2.28   372.9    8.4      23.334
2013   10       19    17   7    2.28   372.9    8.4      23.337
2013   10       19    17  16    2.28   372.8    8.4      23.340
2013   10       19    17  26    2.29   372.8    8.4      23.342
2013   10       19    17  36    2.29   372.8    8.4      23.343
2013   10       19    17  45    2.29   372.8    8.4      23.344
2013   10       19    17  55    2.29   372.7    8.4      23.344
2013   10       19    18   5    2.29   372.7    8.4      23.344
2013   10       19    18  14    2.29   372.7    8.4      23.344
2013   10       19    18  24    2.29   372.6    8.4      23.343
2013   10       19    18  34    2.29   372.6    8.4      23.342
2013   10       19    18  44    2.29   372.6    8.4      23.340
2013   10       19    18  53    2.29   372.5    8.4      23.339
2013   10       19    19   3    2.29   372.5    8.4      23.336
2013   10       19    19  13    2.29   372.5    8.4      23.334
2013   10       19    19  22    2.29   372.4    8.4      23.331
2013   10       19    19  32    2.29   372.4    8.4      23.329
2013   10       19    19  42    2.30   372.4    8.4      23.325
2013   10       19    19  51    2.30   372.3    8.4      23.322
2013   10       19    20   1    2.30   372.3    8.4      23.319
2013   10       19    20  11    2.30   372.2    8.4      23.315
2013   10       19    20  21    2.30   372.2    8.4      23.312
2013   10       19    20  30    2.30   372.2    8.4      23.308
2013   10       19    20  40    2.30   372.1    8.4      23.305
2013   10       19    20  50    2.30   372.1    8.4      23.302
2013   10       19    21   0    2.30   372.0    8.4      23.299
2013   10       19    21   9    2.30   372.0    8.4      23.297
2013   10       19    21  19    2.31   372.0    8.4      23.295
2013   10       19    21  29    2.31   371.9    8.4      23.294
2013   10       19    21  38    2.31   371.9    8.4      23.293
2013   10       19    21  48    2.31   371.9    8.4      23.294
2013   10       19    21  58    2.31   371.8    8.5      23.295
2013   10       19    22   8    2.31   371.8    8.5      23.297
2013   10       19    22  17    2.31   371.8    8.5      23.299
2013   10       19    22  27    2.31   371.7    8.5      23.303
2013   10       19    22  37    2.32   371.7    8.5      23.308
2013   10       19    22  47    2.32   371.7    8.5      23.314
2013   10       19    22  57    2.32   371.6    8.5      23.321
2013   10       19    23   6    2.32   371.6    8.5      23.329
2013   10       19    23  16    2.32   371.6    8.5      23.338
2013   10       19    23  26    2.33   371.6    8.5      23.349
2013   10       19    23  36    2.33   371.6    8.5      23.360
2013   10       19    23  45    2.33   371.6    8.5      23.373
2013   10       19    23  55    2.33   371.6    8.6      23.387
2013   10       20     0   5    2.33   371.6    8.6      23.402
2013   10       20     0  14    2.34   371.6    8.6      23.417
2013   10       20     0  24    2.34   371.6    8.6      23.432
2013   10       20     0  34    2.34   371.6    8.6      23.447
2013   10       20     0  44    2.34   371.6    8.6      23.462
2013   10       20     0  53    2.34   371.6    8.6      23.477
2013   10       20     1   3    2.35   371.6    8.6      23.491
2013   10       20     1  13    2.35   371.6    8.6      23.505
2013   10       20     1  22    2.35   371.6    8.6      23.518
2013   10       20     1  32    2.35   371.6    8.6      23.532
2013   10       20     1  42    2.35   371.6    8.7      23.545
2013   10       20     1  51    2.36   371.6    8.7      23.558
2013   10       20     2   1    2.36   371.6    8.7      23.572
2013   10       20     2  11    2.36   371.6    8.7      23.584
2013   10       20     2  20    2.36   371.6    8.7      23.597
2013   10       20     2  30    2.36   371.6    8.7      23.610
2013   10       20     2  40    2.37   371.6    8.7      23.622
2013   10       20     2  50    2.37   371.6    8.7      23.634
2013   10       20     2  59    2.37   371.6    8.7      23.647
2013   10       20     3   9    2.37   371.6    8.7      23.659
2013   10       20     3  19    2.37   371.6    8.7      23.671
2013   10       20     3  28    2.38   371.6    8.7      23.683
2013   10       20     3  38    2.38   371.6    8.7      23.695
2013   10       20     3  48    2.38   371.6    8.7      23.708
2013   10       20     3  58    2.38   371.6    8.8      23.721
2013   10       20     4   7    2.38   371.6    8.8      23.734
2013   10       20     4  17    2.39   371.6    8.8      23.747
2013   10       20     4  27    2.39   371.6    8.8      23.761
2013   10       20     4  36    2.39   371.6    8.8      23.775
2013   10       20     4  46    2.39   371.6    8.8      23.790
2013   10       20     4  56    2.40   371.6    8.8      23.806
2013   10       20     5   6    2.40   371.6    8.8      23.823
2013   10       20     5  15    2.40   371.6    8.8      23.840
2013   10       20     5  25    2.40   371.6    8.8      23.858
2013   10       20     5  35    2.41   371.6    8.8      23.876
2013   10       20     5  45    2.41   371.6    8.8      23.896
2013   10       20     5  54    2.41   371.7    8.9      23.916
2013   10       20     6   4    2.41   371.7    8.9      23.937
2013   10       20     6  14    2.42   371.7    8.9      23.959
2013   10       20     6  24    2.42   371.7    8.9      23.981
2013   10       20     6  33    2.42   371.8    8.9      24.005
2013   10       20     6  43    2.43   371.8    8.9      24.029
2013   10       20     6  53    2.43   371.8    8.9      24.055
2013   10       20     7   3    2.43   371.9    8.9      24.080
2013   10       20     7  12    2.43   371.9    8.9      24.107
2013   10       20     7  22    2.44   372.0    8.9      24.134
2013   10       20     7  32    2.44   372.0    9.0      24.161
2013   10       20     7  42    2.44   372.0    9.0      24.189
2013   10       20     7  51    2.45   372.1    9.0      24.218
2013   10       20     8   1    2.45   372.1    9.0      24.247
2013   10       20     8  11    2.45   372.2    9.0      24.276
2013   10       20     8  20    2.46   372.3    9.0      24.305
2013   10       20     8  30    2.46   372.3    9.0      24.335
2013   10       20     8  40    2.46   372.4    9.0      24.365
2013   10       20     8  49    2.46   372.4    9.1      24.394
2013   10       20     8  59    2.47   372.5    9.1      24.424
2013   10       20     9   9    2.47   372.5    9.1      24.453
2013   10       20     9  19    2.47   372.6    9.1      24.482
2013   10       20     9  28    2.47   372.6    9.1      24.511
2013   10       20     9  38    2.48   372.6    9.1      24.540
2013   10       20     9  48    2.48   372.7    9.1      24.569
2013   10       20     9  57    2.48   372.7    9.1      24.597
2013   10       20    10   7    2.48   372.8    9.1      24.626
2013   10       20    10  17    2.49   372.8    9.1      24.654
2013   10       20    10  26    2.49   372.9    9.1      24.683
2013   10       20    10  36    2.49   372.9    9.2      24.711
2013   10       20    10  46    2.49   373.0    9.2      24.740
2013   10       20    10  56    2.50   373.0    9.2      24.770
2013   10       20    11   5    2.50   373.0    9.2      24.800
2013   10       20    11  15    2.50   373.1    9.2      24.831
2013   10       20    11  25    2.50   373.1    9.2      24.863
2013   10       20    11  34    2.51   373.2    9.2      24.897
2013   10       20    11  44    2.51   373.2    9.2      24.932
2013   10       20    11  54    2.51   373.3    9.2      24.969
2013   10       20    12   4    2.52   373.3    9.3      25.006
2013   10       20    12  13    2.52   373.4    9.3      25.046
2013   10       20    12  23    2.52   373.4    9.3      25.088
2013   10       20    12  33    2.53   373.5    9.3      25.131
2013   10       20    12  43    2.53   373.6    9.3      25.175
2013   10       20    12  52    2.53   373.7    9.3      25.222
2013   10       20    13   2    2.54   373.8    9.3      25.268
2013   10       20    13  12    2.54   373.8    9.3      25.314
2013   10       20    13  22    2.54   373.9    9.4      25.358
2013   10       20    13  31    2.55   374.0    9.4      25.401
2013   10       20    13  41    2.55   374.1    9.4      25.443
2013   10       20    13  51    2.55   374.2    9.4      25.485
2013   10       20    14   1    2.56   374.3    9.4      25.525
2013   10       20    14  10    2.56   374.4    9.4      25.565
2013   10       20    14  20    2.56   374.5    9.4      25.605
2013   10       20    14  30    2.57   374.6    9.4      25.644
2013   10       20    14  39    2.57   374.7    9.4      25.682
2013   10       20    14  49    2.57   374.9    9.4      25.719
2013   10       20    14  59    2.58   375.0    9.5      25.756
2013   10       20    15   9    2.58   375.1    9.5      25.793
2013   10       20    15  18    2.58   375.2    9.5      25.830
2013   10       20    15  28    2.58   375.3    9.5      25.867
2013   10       20    15  38    2.59   375.4    9.5      25.903
2013   10       20    15  47    2.59   375.5    9.5      25.939
2013   10       20    15  57    2.59   375.6    9.5      25.975
2013   10       20    16   7    2.59   375.7    9.5      26.010
2013   10       20    16  16    2.60   375.9    9.5      26.044
2013   10       20    16  26    2.60   376.0    9.5      26.079
2013   10       20    16  36    2.60   376.1    9.5      26.113
2013   10       20    16  45    2.60   376.2    9.5      26.146
2013   10       20    16  55    2.61   376.3    9.5      26.179
2013   10       20    17   5    2.61   376.4    9.5      26.212
2013   10       20    17  15    2.61   376.5    9.5      26.244
2013   10       20    17  24    2.61   376.6    9.5      26.277
2013   10       20    17  34    2.62   376.7    9.5      26.309
2013   10       20    17  44    2.62   376.8    9.5      26.341
2013   10       20    17  53    2.62   376.9    9.5      26.373
2013   10       20    18   3    2.62   377.0    9.5      26.405
2013   10       20    18  13    2.62   377.1    9.5      26.437
2013   10       20    18  22    2.63   377.2    9.5      26.470
2013   10       20    18  32    2.63   377.3    9.6      26.504
2013   10       20    18  42    2.63   377.4    9.6      26.538
2013   10       20    18  52    2.63   377.5    9.6      26.574
2013   10       20    19   1    2.64   377.6    9.6      26.611
2013   10       20    19  11    2.64   377.7    9.6      26.649
2013   10       20    19  21    2.64   377.8    9.6      26.688
2013   10       20    19  31    2.65   377.9    9.6      26.729
2013   10       20    19  40    2.65   378.0    9.6      26.772
2013   10       20    19  50    2.65   378.1    9.6      26.816
2013   10       20    20   0    2.65   378.2    9.6      26.862
2013   10       20    20  10    2.66   378.4    9.6      26.909
2013   10       20    20  19    2.66   378.5    9.6      26.956
2013   10       20    20  29    2.66   378.7    9.7      27.002
2013   10       20    20  39    2.66   378.8    9.7      27.048
2013   10       20    20  48    2.67   378.9    9.7      27.092
2013   10       20    20  58    2.67   379.1    9.7      27.136
2013   10       20    21   8    2.67   379.2    9.7      27.179
2013   10       20    21  18    2.67   379.4    9.7      27.221
2013   10       20    21  27    2.68   379.5    9.7      27.263
2013   10       20    21  37    2.68   379.7    9.7      27.304
2013   10       20    21  47    2.68   379.8    9.7      27.345
2013   10       20    21  57    2.68   380.0    9.7      27.385
2013   10       20    22   6    2.68   380.1    9.7      27.426
2013   10       20    22  16    2.69   380.3    9.7      27.467
2013   10       20    22  26    2.69   380.4    9.7      27.508
2013   10       20    22  35    2.69   380.6    9.7      27.549
2013   10       20    22  45    2.69   380.7    9.7      27.592
2013   10       20    22  55    2.69   380.9    9.7      27.636
2013   10       20    23   4    2.70   381.0    9.8      27.681
2013   10       20    23  14    2.70   381.2    9.8      27.727
2013   10       20    23  24    2.70   381.4    9.8      27.776
2013   10       20    23  34    2.70   381.5    9.8      27.828
2013   10       20    23  43    2.71   381.7    9.8      27.881
2013   10       20    23  53    2.71   381.9    9.8      27.937
2013   10       21     0   3    2.71   382.2    9.8      27.993
2013   10       21     0  12    2.71   382.4    9.8      28.047
2013   10       21     0  22    2.72   382.6    9.8      28.099
2013   10       21     0  32    2.72   382.8    9.8      28.149
2013   10       21     0  41    2.72   383.0    9.8      28.196
2013   10       21     0  51    2.72   383.2    9.8      28.242
2013   10       21     1   1    2.72   383.4    9.8      28.285
2013   10       21     1  10    2.73   383.6    9.8      28.328
2013   10       21     1  20    2.73   383.8    9.8      28.368
2013   10       21     1  30    2.73   384.0    9.8      28.408
2013   10       21     1  40    2.73   384.2    9.8      28.446
2013   10       21     1  49    2.73   384.4    9.8      28.483
2013   10       21     1  59    2.73   384.6    9.8      28.520
2013   10       21     2   9    2.73   384.8    9.8      28.556
2013   10       21     2  18    2.73   385.0    9.8      28.591
2013   10       21     2  28    2.74   385.2    9.8      28.626
2013   10       21     2  38    2.74   385.4    9.8      28.660
2013   10       21     2  48    2.74   385.6    9.8      28.694
2013   10       21     2  57    2.74   385.8    9.7      28.728
2013   10       21     3   7    2.74   386.0    9.7      28.761
2013   10       21     3  17    2.74   386.3    9.7      28.794
2013   10       21     3  27    2.74   386.5    9.7      28.828
2013   10       21     3  36    2.74   386.7    9.7      28.861
2013   10       21     3  46    2.74   386.9    9.7      28.895
2013   10       21     3  56    2.74   387.1    9.7      28.928
2013   10       21     4   6    2.74   387.3    9.7      28.962
2013   10       21     4  15    2.75   387.5    9.7      28.995
2013   10       21     4  25    2.75   387.8    9.7      29.029
2013   10       21     4  35    2.75   388.0    9.7      29.063
2013   10       21     4  44    2.75   388.2    9.7      29.097
2013   10       21     4  54    2.75   388.4    9.7      29.132
2013   10       21     5   4    2.75   388.6    9.7      29.167
2013   10       21     5  14    2.75   388.8    9.7      29.202
2013   10       21     5  23    2.75   389.0    9.7      29.237
2013   10       21     5  33    2.75   389.2    9.7      29.273
2013   10       21     5  43    2.75   389.4    9.7      29.310
2013   10       21     5  52    2.75   389.7    9.7      29.347
2013   10       21     6   2    2.75   389.9    9.7      29.387
2013   10       21     6  12    2.75   390.1    9.7      29.428
2013   10       21     6  21    2.75   390.3    9.7      29.472
2013   10       21     6  31    2.76   390.5    9.7      29.516
2013   10       21     6  41    2.76   390.7    9.7      29.565
2013   10       21     6  50    2.76   391.0    9.7      29.616
2013   10       21     7   0    2.76   391.2    9.7      29.671
2013   10       21     7  10    2.76   391.5    9.7      29.727
2013   10       21     7  20    2.76   391.7    9.7      29.785
2013   10       21     7  29    2.76   392.0    9.7      29.840
2013   10       21     7  39    2.76   392.2    9.7      29.894
2013   10       21     7  49    2.76   392.5    9.7      29.945
2013   10       21     7  58    2.76   392.8    9.7      29.994
2013   10       21     8   8    2.76   393.0    9.7      30.039
2013   10       21     8  18    2.76   393.3    9.7      30.083
2013   10       21     8  27    2.76   393.6    9.6      30.125
2013   10       21     8  37    2.76   393.8    9.6      30.165
2013   10       21     8  47    2.76   394.1    9.6      30.202
2013   10       21     8  57    2.76   394.4    9.6      30.239
2013   10       21     9   6    2.76   394.6    9.6      30.274
2013   10       21     9  16    2.76   394.9    9.6      30.307
2013   10       21     9  26    2.76   395.2    9.6      30.340
2013   10       21     9  35    2.76   395.4    9.6      30.371
2013   10       21     9  45    2.76   395.7    9.6      30.402
2013   10       21     9  55    2.76   396.0    9.5      30.432
2013   10       21    10   5    2.76   396.3    9.5      30.461
2013   10       21    10  14    2.76   396.6    9.5      30.489
2013   10       21    10  24    2.75   396.9    9.5      30.516
2013   10       21    10  34    2.75   397.2    9.5      30.543
2013   10       21    10  44    2.75   397.5    9.5      30.569
2013   10       21    10  53    2.75   397.8    9.5      30.594
2013   10       21    11   3    2.75   398.1    9.4      30.618
2013   10       21    11  13    2.75   398.4    9.4      30.642
2013   10       21    11  22    2.75   398.6    9.4      30.665
2013   10       21    11  32    2.74   398.9    9.4      30.687
2013   10       21    11  42    2.74   399.2    9.4      30.709
2013   10       21    11  52    2.74   399.5    9.4      30.730
2013   10       21    12   1    2.74   399.8    9.3      30.750
2013   10       21    12  11    2.74   400.1    9.3      30.770
2013   10       21    12  21    2.74   400.4    9.3      30.790
2013   10       21    12  30    2.73   400.6    9.3      30.810
2013   10       21    12  40    2.73   400.9    9.3      30.829
2013   10       21    12  50    2.73   401.2    9.3      30.848
2013   10       21    12  59    2.73   401.4    9.2      30.868
2013   10       21    13   9    2.72   401.7    9.2      30.888
2013   10       21    13  19    2.72   402.0    9.2      30.908
2013   10       21    13  29    2.72   402.2    9.2      30.928
2013   10       21    13  38    2.72   402.5    9.2      30.949
2013   10       21    13  48    2.72   402.7    9.2      30.970
2013   10       21    13  58    2.71   403.0    9.1      30.992
2013   10       21    14   7    2.71   403.2    9.1      31.015
2013   10       21    14  17    2.71   403.5    9.1      31.038
2013   10       21    14  27    2.71   403.7    9.1      31.062
2013   10       21    14  36    2.70   404.0    9.1      31.085
2013   10       21    14  46    2.70   404.2    9.1      31.107
2013   10       21    14  56    2.70   404.5    9.0      31.129
2013   10       21    15   5    2.70   404.7    9.0      31.149
2013   10       21    15  15    2.69   405.0    9.0      31.167
2013   10       21    15  25    2.69   405.2    9.0      31.184
2013   10       21    15  34    2.69   405.5    9.0      31.199
2013   10       21    15  44    2.69   405.7    9.0      31.213
2013   10       21    15  54    2.68   405.9    8.9      31.226
2013   10       21    16   4    2.68   406.2    8.9      31.237
2013   10       21    16  13    2.68   406.4    8.9      31.246
2013   10       21    16  23    2.67   406.7    8.9      31.254
2013   10       21    16  33    2.67   406.9    8.9      31.261
2013   10       21    16  42    2.67   407.2    8.8      31.268
2013   10       21    16  52    2.66   407.4    8.8      31.273
2013   10       21    17   2    2.66   407.7    8.8      31.277
2013   10       21    17  12    2.66   407.9    8.8      31.280
2013   10       21    17  21    2.65   408.2    8.8      31.282
2013   10       21    17  31    2.65   408.5    8.7      31.284
2013   10       21    17  41    2.65   408.7    8.7      31.285
2013   10       21    17  51    2.64   409.0    8.7      31.286
2013   10       21    18   0    2.64   409.3    8.7      31.285
2013   10       21    18  10    2.63   409.6    8.7      31.284
2013   10       21    18  20    2.63   409.9    8.6      31.282
2013   10       21    18  29    2.62   410.1    8.6      31.279
2013   10       21    18  39    2.62   410.4    8.6      31.274
2013   10       21    18  49    2.62   410.7    8.6      31.266
2013   10       21    18  59    2.61   411.0    8.5      31.255
2013   10       21    19   8    2.61   411.2    8.5      31.242
2013   10       21    19  18    2.60   411.4    8.5      31.227
2013   10       21    19  28    2.60   411.7    8.5      31.212
2013   10       21    19  37    2.59   411.9    8.4      31.198
2013   10       21    19  47    2.59   412.1    8.4      31.186
2013   10       21    19  57    2.58   412.3    8.4      31.174
2013   10       21    20   6    2.58   412.5    8.4      31.163
2013   10       21    20  16    2.57   412.7    8.3      31.154
2013   10       21    20  26    2.57   412.9    8.3      31.145
2013   10       21    20  36    2.56   413.1    8.3      31.136
2013   10       21    20  45    2.56   413.3    8.3      31.127
2013   10       21    20  55    2.55   413.5    8.3      31.119
2013   10       21    21   5    2.55   413.7    8.2      31.110
2013   10       21    21  14    2.54   413.9    8.2      31.102
2013   10       21    21  24    2.54   414.1    8.2      31.094
2013   10       21    21  34    2.53   414.3    8.2      31.086
2013   10       21    21  43    2.53   414.5    8.1      31.078
2013   10       21    21  53    2.52   414.6    8.1      31.069
2013   10       21    22   3    2.52   414.8    8.1      31.060
2013   10       21    22  12    2.52   414.9    8.1      31.051
2013   10       21    22  22    2.51   415.1    8.1      31.042
2013   10       21    22  32    2.51   415.3    8.0      31.032
2013   10       21    22  41    2.50   415.4    8.0      31.022
2013   10       21    22  51    2.50   415.6    8.0      31.013
2013   10       21    23   1    2.49   415.7    8.0      31.005
2013   10       21    23  11    2.49   415.9    8.0      30.996
2013   10       21    23  20    2.48   416.1    7.9      30.987
2013   10       21    23  30    2.48   416.3    7.9      30.977
2013   10       21    23  40    2.48   416.5    7.9      30.965
2013   10       21    23  49    2.47   416.6    7.9      30.950
2013   10       21    23  59    2.47   416.8    7.9      30.933
2013   10       22     0   9    2.46   417.0    7.8      30.916
2013   10       22     0  19    2.46   417.1    7.8      30.897
2013   10       22     0  28    2.45   417.3    7.8      30.876
2013   10       22     0  38    2.45   417.5    7.8      30.855
2013   10       22     0  48    2.45   417.7    7.8      30.833
2013   10       22     0  57    2.44   417.9    7.7      30.810
2013   10       22     1   7    2.44   418.1    7.7      30.787
2013   10       22     1  17    2.43   418.3    7.7      30.763
2013   10       22     1  27    2.43   418.5    7.7      30.737
2013   10       22     1  36    2.42   418.6    7.6      30.710
2013   10       22     1  46    2.42   418.8    7.6      30.681
2013   10       22     1  56    2.42   419.0    7.6      30.651
2013   10       22     2   5    2.41   419.2    7.6      30.617
2013   10       22     2  15    2.41   419.3    7.5      30.582
2013   10       22     2  25    2.40   419.5    7.5      30.546
2013   10       22     2  34    2.40   419.6    7.5      30.509
2013   10       22     2  44    2.40   419.7    7.5      30.470
2013   10       22     2  54    2.39   419.8    7.5      30.434
2013   10       22     3   4    2.39   419.9    7.4      30.400
2013   10       22     3  13    2.39   420.0    7.4      30.369
2013   10       22     3  23    2.39   420.1    7.4      30.339
2013   10       22     3  33    2.38   420.1    7.4      30.311
2013   10       22     3  42    2.38   420.2    7.4      30.284
2013   10       22     3  52    2.38   420.3    7.4      30.261
2013   10       22     4   2    2.38   420.3    7.4      30.238
2013   10       22     4  11    2.38   420.4    7.3      30.217
2013   10       22     4  21    2.38   420.5    7.3      30.198
2013   10       22     4  31    2.37   420.6    7.3      30.179
2013   10       22     4  40    2.37   420.7    7.3      30.161
2013   10       22     4  50    2.37   420.7    7.3      30.144
2013   10       22     5   0    2.37   420.8    7.3      30.126
2013   10       22     5   9    2.37   420.9    7.3      30.109
2013   10       22     5  19    2.37   421.0    7.3      30.091
2013   10       22     5  29    2.37   421.1    7.2      30.072
2013   10       22     5  39    2.37   421.1    7.2      30.053
2013   10       22     5  48    2.37   421.2    7.2      30.033
2013   10       22     5  58    2.37   421.3    7.2      30.012
2013   10       22     6   8    2.37   421.3    7.2      29.991
2013   10       22     6  17    2.37   421.4    7.2      29.970
2013   10       22     6  27    2.37   421.5    7.2      29.948
2013   10       22     6  37    2.37   421.5    7.2      29.926
2013   10       22     6  46    2.37   421.6    7.2      29.903
2013   10       22     6  56    2.37   421.6    7.2      29.879
2013   10       22     7   6    2.37   421.7    7.1      29.855
2013   10       22     7  16    2.37   421.7    7.1      29.829
2013   10       22     7  25    2.37   421.8    7.1      29.803
2013   10       22     7  35    2.37   421.8    7.1      29.776
2013   10       22     7  45    2.37   421.9    7.1      29.747
2013   10       22     7  54    2.37   421.9    7.1      29.718
2013   10       22     8   4    2.36   421.9    7.1      29.688
2013   10       22     8  14    2.36   421.9    7.1      29.658
2013   10       22     8  24    2.36   421.9    7.1      29.628
2013   10       22     8  33    2.36   422.0    7.1      29.598
2013   10       22     8  43    2.36   422.0    7.0      29.568
2013   10       22     8  53    2.36   421.9    7.0      29.539
2013   10       22     9   2    2.36   421.9    7.0      29.511
2013   10       22     9  12    2.35   421.9    7.0      29.483
2013   10       22     9  22    2.35   421.9    7.0      29.457
2013   10       22     9  32    2.35   421.9    7.0      29.431
2013   10       22     9  41    2.35   421.9    7.0      29.406
2013   10       22     9  51    2.35   421.8    7.0      29.381
2013   10       22    10   1    2.35   421.8    7.0      29.357
2013   10       22    10  10    2.34   421.8    7.0      29.333
2013   10       22    10  20    2.34   421.7    7.0      29.309
2013   10       22    10  30    2.34   421.7    7.0      29.284
2013   10       22    10  39    2.34   421.7    7.0      29.258
2013   10       22    10  49    2.34   421.6    7.0      29.231
2013   10       22    10  59    2.33   421.6    7.0      29.204
2013   10       22    11   8    2.33   421.6    6.9      29.175
2013   10       22    11  18    2.33   421.5    6.9      29.146
2013   10       22    11  28    2.33   421.5    6.9      29.116
2013   10       22    11  37    2.32   421.5    6.9      29.085
2013   10       22    11  47    2.32   421.4    6.9      29.053
2013   10       22    11  57    2.32   421.4    6.9      29.021
2013   10       22    12   7    2.31   421.3    6.9      28.988
2013   10       22    12  16    2.31   421.3    6.9      28.955
2013   10       22    12  26    2.31   421.2    6.9      28.921
2013   10       22    12  36    2.31   421.2    6.9      28.886
2013   10       22    12  45    2.30   421.1    6.9      28.851
2013   10       22    12  55    2.30   421.1    6.9      28.816
2013   10       22    13   5    2.29   421.0    6.9      28.781
2013   10       22    13  14    2.29   421.0    6.8      28.746
2013   10       22    13  24    2.29   420.9    6.8      28.710
2013   10       22    13  34    2.28   420.8    6.8      28.674
2013   10       22    13  43    2.28   420.8    6.8      28.639
2013   10       22    13  53    2.27   420.7    6.8      28.603
2013   10       22    14   3    2.27   420.7    6.8      28.568
2013   10       22    14  13    2.27   420.6    6.8      28.532
2013   10       22    14  22    2.26   420.5    6.8      28.497
2013   10       22    14  32    2.26   420.5    6.8      28.462
2013   10       22    14  42    2.25   420.4    6.8      28.427
2013   10       22    14  51    2.25   420.3    6.8      28.393
2013   10       22    15   1    2.25   420.2    6.8      28.360
2013   10       22    15  11    2.24   420.1    6.8      28.327
2013   10       22    15  21    2.24   420.1    6.8      28.295
2013   10       22    15  30    2.23   420.0    6.8      28.263
2013   10       22    15  40    2.23   419.9    6.8      28.233
2013   10       22    15  50    2.22   419.8    6.7      28.203
2013   10       22    15  59    2.22   419.7    6.7      28.175
2013   10       22    16   9    2.22   419.6    6.7      28.147
2013   10       22    16  19    2.21   419.5    6.7      28.120
2013   10       22    16  28    2.21   419.4    6.7      28.094
2013   10       22    16  38    2.20   419.3    6.7      28.069
2013   10       22    16  48    2.20   419.2    6.7      28.045
2013   10       22    16  58    2.19   419.1    6.7      28.021
2013   10       22    17   7    2.19   418.9    6.7      27.997
2013   10       22    17  17    2.19   418.8    6.7      27.974
2013   10       22    17  27    2.18   418.7    6.7      27.950
2013   10       22    17  36    2.18   418.6    6.7      27.926
2013   10       22    17  46    2.17   418.5    6.7      27.902
2013   10       22    17  56    2.17   418.4    6.7      27.876
2013   10       22    18   5    2.17   418.3    6.7      27.850
2013   10       22    18  15    2.16   418.2    6.7      27.823
2013   10       22    18  25    2.16   418.1    6.7      27.796
2013   10       22    18  34    2.15   418.0    6.7      27.768
2013   10       22    18  44    2.15   417.9    6.7      27.739
2013   10       22    18  54    2.15   417.8    6.7      27.711
2013   10       22    19   3    2.14   417.7    6.7      27.681
2013   10       22    19  13    2.14   417.6    6.7      27.652
2013   10       22    19  23    2.13   417.5    6.7      27.622
2013   10       22    19  32    2.13   417.3    6.7      27.592
2013   10       22    19  42    2.13   417.2    6.7      27.562
2013   10       22    19  52    2.12   417.1    6.7      27.531
2013   10       22    20   1    2.12   417.0    6.7      27.500
2013   10       22    20  11    2.12   416.9    6.7      27.469
2013   10       22    20  21    2.11   416.8    6.7      27.439
2013   10       22    20  31    2.11   416.7    6.7      27.408
2013   10       22    20  40    2.11   416.5    6.7      27.377
2013   10       22    20  50    2.10   416.4    6.7      27.346
2013   10       22    21   0    2.10   416.3    6.7      27.316
2013   10       22    21   9    2.10   416.2    6.7      27.286
2013   10       22    21  19    2.09   416.1    6.7      27.256
2013   10       22    21  29    2.09   416.0    6.7      27.226
2013   10       22    21  38    2.09   415.9    6.7      27.197
2013   10       22    21  48    2.08   415.7    6.7      27.168
2013   10       22    21  58    2.08   415.6    6.7      27.140
2013   10       22    22   8    2.08   415.5    6.7      27.111
2013   10       22    22  17    2.07   415.4    6.7      27.083
2013   10       22    22  27    2.07   415.2    6.7      27.055
2013   10       22    22  37    2.07   415.1    6.6      27.028
2013   10       22    22  46    2.06   415.0    6.6      27.000
2013   10       22    22  56    2.06   414.8    6.6      26.973
2013   10       22    23   6    2.06   414.7    6.6      26.946
2013   10       22    23  16    2.06   414.6    6.6      26.919
2013   10       22    23  25    2.05   414.4    6.6      26.892
2013   10       22    23  35    2.05   414.3    6.6      26.866
2013   10       22    23  45    2.05   414.1    6.6      26.840
2013   10       22    23  54    2.05   414.0    6.6      26.813
2013   10       23     0   4    2.05   413.8    6.6      26.787
2013   10       23     0  14    2.04   413.7    6.6      26.760
2013   10       23     0  23    2.04   413.5    6.6      26.732
2013   10       23     0  33    2.04   413.4    6.6      26.705
2013   10       23     0  43    2.04   413.2    6.6      26.677
2013   10       23     0  52    2.04   413.1    6.6      26.650
2013   10       23     1   2    2.03   412.9    6.6      26.621
2013   10       23     1  12    2.03   412.8    6.6      26.593
2013   10       23     1  21    2.03   412.6    6.6      26.564
2013   10       23     1  31    2.03   412.5    6.6      26.534
2013   10       23     1  41    2.03   412.3    6.6      26.504
2013   10       23     1  50    2.03   412.1    6.6      26.474
2013   10       23     2   0    2.02   412.0    6.6      26.442
2013   10       23     2  10    2.02   411.8    6.6      26.410
2013   10       23     2  20    2.02   411.7    6.6      26.377
2013   10       23     2  29    2.02   411.5    6.6      26.344
2013   10       23     2  39    2.02   411.4    6.6      26.310
2013   10       23     2  49    2.02   411.2    6.6      26.275
2013   10       23     2  58    2.02   411.1    6.6      26.240
2013   10       23     3   8    2.02   410.9    6.6      26.204
2013   10       23     3  18    2.02   410.8    6.6      26.168
2013   10       23     3  27    2.01   410.7    6.6      26.131
2013   10       23     3  37    2.01   410.5    6.6      26.093
2013   10       23     3  47    2.01   410.4    6.6      26.055
2013   10       23     3  56    2.01   410.2    6.6      26.016
2013   10       23     4   6    2.01   410.1    6.6      25.977
2013   10       23     4  16    2.01   409.9    6.6      25.938
2013   10       23     4  25    2.01   409.8    6.6      25.898
2013   10       23     4  35    2.01   409.7    6.5      25.857
2013   10       23     4  45    2.01   409.5    6.5      25.816
2013   10       23     4  55    2.01   409.4    6.5      25.775
2013   10       23     5   4    2.00   409.2    6.5      25.733
2013   10       23     5  14    2.00   409.1    6.5      25.691
2013   10       23     5  24    2.00   408.9    6.5      25.649
2013   10       23     5  33    2.00   408.8    6.5      25.607
2013   10       23     5  43    2.00   408.7    6.5      25.564
2013   10       23     5  53    2.00   408.5    6.5      25.521
2013   10       23     6   3    2.00   408.4    6.5      25.478
2013   10       23     6  12    2.00   408.2    6.5      25.435
2013   10       23     6  22    2.00   408.1    6.5      25.392
2013   10       23     6  32    2.00   407.9    6.5      25.349
2013   10       23     6  41    1.99   407.8    6.5      25.306
2013   10       23     6  51    1.99   407.6    6.5      25.264
2013   10       23     7   1    1.99   407.5    6.5      25.221
2013   10       23     7  10    1.99   407.3    6.5      25.179
2013   10       23     7  20    1.99   407.2    6.4      25.137
2013   10       23     7  30    1.99   407.0    6.4      25.095
2013   10       23     7  39    1.99   406.9    6.4      25.054
2013   10       23     7  49    1.99   406.7    6.4      25.013
2013   10       23     7  59    1.99   406.6    6.4      24.972
2013   10       23     8   8    1.98   406.4    6.4      24.931
2013   10       23     8  18    1.98   406.3    6.4      24.892
2013   10       23     8  28    1.98   406.1    6.4      24.852
2013   10       23     8  37    1.98   406.0    6.4      24.813
2013   10       23     8  47    1.98   405.8    6.4      24.774
2013   10       23     8  57    1.98   405.7    6.4      24.735
2013   10       23     9   6    1.98   405.5    6.4      24.697
2013   10       23     9  16    1.98   405.3    6.4      24.659
2013   10       23     9  26    1.97   405.2    6.4      24.621
2013   10       23     9  35    1.97   405.0    6.4      24.583
2013   10       23     9  45    1.97   404.8    6.4      24.546
2013   10       23     9  55    1.97   404.7    6.4      24.509
2013   10       23    10   4    1.97   404.5    6.4      24.472
2013   10       23    10  14    1.97   404.3    6.4      24.435
2013   10       23    10  24    1.97   404.2    6.4      24.398
2013   10       23    10  34    1.97   404.0    6.4      24.362
2013   10       23    10  43    1.96   403.8    6.4      24.325
2013   10       23    10  53    1.96   403.7    6.4      24.289
2013   10       23    11   3    1.96   403.5    6.4      24.253
2013   10       23    11  12    1.96   403.3    6.4      24.218
2013   10       23    11  22    1.96   403.1    6.4      24.182
2013   10       23    11  32    1.96   402.9    6.4      24.147
2013   10       23    11  41    1.96   402.8    6.4      24.112
2013   10       23    11  51    1.96   402.6    6.4      24.078
2013   10       23    12   1    1.95   402.4    6.4      24.044
2013   10       23    12  10    1.95   402.2    6.4      24.011
2013   10       23    12  20    1.95   402.0    6.3      23.978
2013   10       23    12  30    1.95   401.8    6.3      23.946
2013   10       23    12  40    1.95   401.6    6.3      23.914
2013   10       23    12  49    1.95   401.5    6.3      23.884
2013   10       23    12  59    1.95   401.3    6.3      23.853
2013   10       23    13   9    1.94   401.1    6.3      23.824
2013   10       23    13  18    1.94   400.9    6.3      23.795
2013   10       23    13  28    1.94   400.7    6.3      23.767
2013   10       23    13  38    1.94   400.5    6.3      23.739
2013   10       23    13  48    1.94   400.4    6.3      23.712
2013   10       23    13  57    1.94   400.2    6.3      23.686
2013   10       23    14   7    1.94   400.0    6.4      23.660
2013   10       23    14  17    1.94   399.8    6.4      23.634
2013   10       23    14  26    1.93   399.6    6.4      23.608
2013   10       23    14  36    1.93   399.4    6.4      23.583
2013   10       23    14  46    1.93   399.2    6.4      23.557
2013   10       23    14  55    1.93   399.1    6.4      23.532
2013   10       23    15   5    1.93   398.9    6.4      23.507
2013   10       23    15  15    1.93   398.7    6.4      23.481
2013   10       23    15  24    1.93   398.5    6.4      23.456
2013   10       23    15  34    1.93   398.3    6.4      23.430
2013   10       23    15  44    1.92   398.1    6.4      23.405
2013   10       23    15  53    1.92   397.9    6.4      23.379
2013   10       23    16   3    1.92   397.7    6.4      23.353
2013   10       23    16  13    1.92   397.5    6.4      23.326
2013   10       23    16  22    1.92   397.4    6.4      23.300
2013   10       23    16  32    1.92   397.2    6.4      23.273
2013   10       23    16  42    1.92   397.0    6.4      23.247
2013   10       23    16  51    1.91   396.8    6.4      23.220
2013   10       23    17   1    1.91   396.6    6.4      23.193
2013   10       23    17  11    1.91   396.4    6.4      23.166
2013   10       23    17  20    1.91   396.2    6.4      23.139
2013   10       23    17  30    1.91   396.0    6.4      23.111
2013   10       23    17  40    1.91   395.8    6.4      23.084
2013   10       23    17  49    1.91   395.6    6.4      23.056
2013   10       23    17  59    1.91   395.4    6.4      23.028
2013   10       23    18   9    1.90   395.2    6.4      22.999
2013   10       23    18  19    1.90   395.0    6.4      22.971
2013   10       23    18  28    1.90   394.8    6.4      22.942
2013   10       23    18  38    1.90   394.6    6.4      22.914
2013   10       23    18  48    1.90   394.4    6.4      22.885
2013   10       23    18  57    1.90   394.2    6.4      22.856
2013   10       23    19   7    1.90   394.0    6.4      22.827
2013   10       23    19  17    1.90   393.8    6.4      22.798
2013   10       23    19  26    1.89   393.5    6.4      22.769
2013   10       23    19  36    1.89   393.3    6.4      22.741
2013   10       23    19  46    1.89   393.1    6.4      22.712
2013   10       23    19  56    1.89   392.9    6.4      22.683
2013   10       23    20   5    1.89   392.7    6.4      22.655
2013   10       23    20  15    1.89   392.5    6.4      22.627
2013   10       23    20  25    1.89   392.3    6.4      22.598
2013   10       23    20  34    1.89   392.1    6.4      22.570
2013   10       23    20  44    1.88   391.8    6.4      22.542
2013   10       23    20  54    1.88   391.6    6.4      22.515
2013   10       23    21   4    1.88   391.4    6.4      22.487
2013   10       23    21  13    1.88   391.2    6.4      22.460
2013   10       23    21  23    1.88   391.0    6.4      22.433
2013   10       23    21  33    1.88   390.7    6.4      22.406
2013   10       23    21  42    1.88   390.5    6.4      22.379
2013   10       23    21  52    1.88   390.3    6.4      22.353
2013   10       23    22   2    1.88   390.1    6.4      22.326
2013   10       23    22  11    1.87   389.9    6.4      22.300
2013   10       23    22  21    1.87   389.6    6.4      22.274
2013   10       23    22  31    1.87   389.4    6.4      22.248
2013   10       23    22  40    1.87   389.2    6.4      22.223
2013   10       23    22  50    1.87   389.0    6.4      22.198
2013   10       23    23   0    1.87   388.7    6.4      22.172
2013   10       23    23   9    1.87   388.5    6.4      22.148
2013   10       23    23  19    1.87   388.3    6.4      22.123
2013   10       23    23  29    1.87   388.0    6.4      22.099
2013   10       23    23  38    1.86   387.8    6.4      22.075
2013   10       23    23  48    1.86   387.6    6.5      22.051
2013   10       23    23  58    1.86   387.4    6.5      22.027
2013   10       24     0   7    1.86   387.1    6.5      22.004
2013   10       24     0  17    1.86   386.9    6.5      21.981
2013   10       24     0  27    1.86   386.7    6.5      21.959
2013   10       24     0  36    1.86   386.5    6.5      21.936
2013   10       24     0  46    1.86   386.2    6.5      21.914
2013   10       24     0  56    1.86   386.0    6.5      21.891
2013   10       24     1   5    1.86   385.8    6.5      21.869
2013   10       24     1  15    1.86   385.6    6.5      21.847
2013   10       24     1  25    1.85   385.3    6.5      21.824
2013   10       24     1  34    1.85   385.1    6.5      21.802
2013   10       24     1  44    1.85   384.9    6.5      21.779
2013   10       24     1  54    1.85   384.7    6.5      21.756
2013   10       24     2   4    1.85   384.4    6.5      21.733
2013   10       24     2  13    1.85   384.2    6.5      21.710
2013   10       24     2  23    1.85   384.0    6.5      21.687
2013   10       24     2  33    1.85   383.8    6.5      21.663
2013   10       24     2  42    1.85   383.5    6.5      21.639
2013   10       24     2  52    1.85   383.3    6.5      21.615
2013   10       24     3   2    1.85   383.1    6.5      21.590
2013   10       24     3  11    1.84   382.8    6.5      21.565
2013   10       24     3  21    1.84   382.6    6.6      21.540
2013   10       24     3  31    1.84   382.4    6.6      21.515
2013   10       24     3  41    1.84   382.2    6.6      21.489
2013   10       24     3  50    1.84   381.9    6.6      21.463
2013   10       24     4   0    1.84   381.7    6.6      21.437
2013   10       24     4  10    1.84   381.5    6.6      21.410
2013   10       24     4  19    1.84   381.2    6.6      21.384
2013   10       24     4  29    1.84   381.0    6.6      21.356
2013   10       24     4  39    1.84   380.8    6.6      21.330
2013   10       24     4  48    1.84   380.5    6.6      21.302
2013   10       24     4  58    1.83   380.3    6.6      21.275
2013   10       24     5   8    1.83   380.0    6.6      21.247
2013   10       24     5  17    1.83   379.8    6.6      21.220
2013   10       24     5  27    1.83   379.6    6.6      21.192
2013   10       24     5  37    1.83   379.3    6.6      21.165
2013   10       24     5  46    1.83   379.1    6.6      21.138
2013   10       24     5  56    1.83   378.9    6.6      21.111
2013   10       24     6   6    1.83   378.6    6.6      21.084
2013   10       24     6  15    1.83   378.4    6.6      21.057
2013   10       24     6  25    1.83   378.1    6.6      21.031
2013   10       24     6  35    1.83   377.9    6.6      21.005
2013   10       24     6  45    1.83   377.7    6.6      20.979
2013   10       24     6  54    1.82   377.4    6.6      20.953
2013   10       24     7   4    1.82   377.2    6.6      20.928
2013   10       24     7  14    1.82   376.9    6.6      20.904
2013   10       24     7  23    1.82   376.7    6.7      20.879
2013   10       24     7  33    1.82   376.5    6.7      20.855
2013   10       24     7  43    1.82   376.2    6.7      20.831
2013   10       24     7  52    1.82   376.0    6.7      20.807
2013   10       24     8   2    1.82   375.8    6.7      20.784
2013   10       24     8  12    1.82   375.5    6.7      20.760
2013   10       24     8  21    1.82   375.3    6.7      20.737
2013   10       24     8  31    1.82   375.1    6.7      20.714
2013   10       24     8  41    1.82   374.8    6.7      20.691
2013   10       24     8  50    1.82   374.6    6.7      20.668
2013   10       24     9   0    1.82   374.4    6.7      20.645
2013   10       24     9  10    1.82   374.1    6.7      20.623
2013   10       24     9  19    1.82   373.9    6.7      20.600
2013   10       24     9  29    1.82   373.7    6.7      20.577
2013   10       24     9  39    1.81   373.4    6.7      20.554
2013   10       24     9  49    1.81   373.2    6.8      20.532
2013   10       24     9  58    1.81   373.0    6.8      20.509
2013   10       24    10   8    1.81   372.7    6.8      20.486
2013   10       24    10  18    1.81   372.5    6.8      20.463
2013   10       24    10  27    1.81   372.3    6.8      20.440
2013   10       24    10  37    1.81   372.0    6.8      20.416
2013   10       24    10  47    1.81   371.8    6.8      20.393
2013   10       24    10  57    1.81   371.6    6.8      20.369
2013   10       24    11   6    1.81   371.3    6.8      20.345
2013   10       24    11  16    1.81   371.1    6.8      20.321
2013   10       24    11  26    1.81   370.9    6.8      20.297
2013   10       24    11  35    1.81   370.6    6.8      20.273
2013   10       24    11  45    1.81   370.4    6.8      20.248
2013   10       24    11  55    1.81   370.2    6.8      20.224
2013   10       24    12   4    1.81   369.9    6.8      20.199
2013   10       24    12  14    1.81   369.7    6.8      20.174
2013   10       24    12  24    1.81   369.5    6.8      20.150
2013   10       24    12  33    1.80   369.2    6.9      20.125
2013   10       24    12  43    1.80   369.0    6.9      20.100
2013   10       24    12  53    1.80   368.8    6.9      20.075
2013   10       24    13   2    1.80   368.6    6.9      20.050
2013   10       24    13  12    1.80   368.3    6.9      20.025
2013   10       24    13  22    1.80   368.1    6.9      20.000
2013   10       24    13  31    1.80   367.9    6.9      19.975
2013   10       24    13  41    1.80   367.6    6.9      19.950
2013   10       24    13  51    1.80   367.4    6.9      19.924
2013   10       24    14   0    1.80   367.2    6.9      19.900
2013   10       24    14  10    1.80   366.9    6.9      19.875
2013   10       24    14  20    1.80   366.7    6.9      19.850
2013   10       24    14  29    1.80   366.5    6.9      19.826
2013   10       24    14  39    1.80   366.2    6.9      19.802
2013   10       24    14  49    1.80   366.0    6.9      19.778
2013   10       24    14  58    1.80   365.8    6.9      19.754
2013   10       24    15   8    1.80   365.5    6.9      19.731
2013   10       24    15  18    1.80   365.3    7.0      19.708
2013   10       24    15  28    1.80   365.1    7.0      19.686
2013   10       24    15  37    1.80   364.8    7.0      19.663
2013   10       24    15  47    1.80   364.6    7.0      19.641
2013   10       24    15  57    1.80   364.4    7.0      19.620
2013   10       24    16   6    1.80   364.1    7.0      19.598
2013   10       24    16  16    1.80   363.9    7.0      19.577
2013   10       24    16  26    1.80   363.7    7.0      19.555
2013   10       24    16  35    1.80   363.5    7.0      19.535
2013   10       24    16  45    1.80   363.2    7.0      19.514
2013   10       24    16  55    1.80   363.0    7.0      19.493
2013   10       24    17   5    1.80   362.8    7.0      19.472
2013   10       24    17  14    1.79   362.6    7.0      19.452
2013   10       24    17  24    1.79   362.3    7.0      19.431
2013   10       24    17  34    1.79   362.1    7.1      19.411
2013   10       24    17  43    1.79   361.9    7.1      19.390
2013   10       24    17  53    1.79   361.6    7.1      19.370
2013   10       24    18   3    1.79   361.4    7.1      19.349
2013   10       24    18  12    1.79   361.2    7.1      19.329
2013   10       24    18  22    1.79   361.0    7.1      19.308
2013   10       24    18  32    1.79   360.7    7.1      19.288
2013   10       24    18  42    1.79   360.5    7.1      19.268
2013   10       24    18  51    1.79   360.3    7.1      19.247
2013   10       24    19   1    1.79   360.1    7.1      19.227
2013   10       24    19  11    1.79   359.8    7.1      19.207
2013   10       24    19  20    1.79   359.6    7.1      19.186
2013   10       24    19  30    1.79   359.4    7.1      19.166
2013   10       24    19  40    1.79   359.1    7.2      19.146
2013   10       24    19  49    1.79   358.9    7.2      19.126
2013   10       24    19  59    1.79   358.7    7.2      19.106
2013   10       24    20   9    1.79   358.5    7.2      19.086
2013   10       24    20  18    1.79   358.2    7.2      19.065
2013   10       24    20  28    1.79   358.0    7.2      19.046
2013   10       24    20  38    1.79   357.8    7.2      19.026
2013   10       24    20  47    1.79   357.6    7.2      19.006
2013   10       24    20  57    1.79   357.3    7.2      18.986
2013   10       24    21   7    1.79   357.1    7.2      18.967
2013   10       24    21  16    1.79   356.9    7.2      18.948
2013   10       24    21  26    1.79   356.6    7.2      18.929
2013   10       24    21  36    1.79   356.4    7.2      18.910
2013   10       24    21  45    1.79   356.2    7.3      18.892
2013   10       24    21  55    1.80   356.0    7.3      18.873
2013   10       24    22   5    1.80   355.7    7.3      18.856
2013   10       24    22  14    1.80   355.5    7.3      18.838
2013   10       24    22  24    1.80   355.3    7.3      18.821
2013   10       24    22  34    1.80   355.0    7.3      18.804
2013   10       24    22  43    1.80   354.8    7.3      18.788
2013   10       24    22  53    1.80   354.6    7.3      18.772
2013   10       24    23   3    1.80   354.4    7.3      18.756
2013   10       24    23  13    1.80   354.1    7.3      18.741
2013   10       24    23  22    1.80   353.9    7.3      18.726
2013   10       24    23  32    1.80   353.7    7.3      18.712
2013   10       24    23  42    1.80   353.5    7.4      18.698
2013   10       24    23  51    1.80   353.2    7.4      18.684
2013   10       25     0   1    1.80   353.0    7.4      18.671
2013   10       25     0  11    1.80   352.8    7.4      18.658
2013   10       25     0  20    1.80   352.6    7.4      18.646
2013   10       25     0  30    1.80   352.4    7.4      18.634
2013   10       25     0  40    1.80   352.1    7.4      18.623
2013   10       25     0  50    1.80   351.9    7.4      18.612
2013   10       25     0  59    1.80   351.7    7.5      18.602
2013   10       25     1   9    1.80   351.5    7.5      18.592
2013   10       25     1  19    1.81   351.3    7.5      18.582
2013   10       25     1  28    1.81   351.0    7.5      18.573
2013   10       25     1  38    1.81   350.8    7.5      18.564
2013   10       25     1  48    1.81   350.6    7.5      18.556
2013   10       25     1  57    1.81   350.4    7.5      18.548
2013   10       25     2   7    1.81   350.2    7.5      18.540
2013   10       25     2  17    1.81   350.0    7.6      18.533
2013   10       25     2  27    1.81   349.8    7.6      18.526
2013   10       25     2  36    1.81   349.6    7.6      18.521
2013   10       25     2  46    1.81   349.4    7.6      18.515
2013   10       25     2  56    1.82   349.2    7.6      18.511
2013   10       25     3   5    1.82   348.9    7.6      18.507
2013   10       25     3  15    1.82   348.7    7.6      18.503
2013   10       25     3  25    1.82   348.5    7.7      18.499
2013   10       25     3  34    1.82   348.4    7.7      18.496
2013   10       25     3  44    1.82   348.2    7.7      18.493
2013   10       25     3  54    1.82   348.0    7.7      18.490
2013   10       25     4   3    1.82   347.8    7.7      18.487
2013   10       25     4  13    1.82   347.6    7.7      18.483
2013   10       25     4  23    1.82   347.4    7.7      18.480
2013   10       25     4  32    1.83   347.2    7.7      18.476
2013   10       25     4  42    1.83   347.0    7.8      18.472
2013   10       25     4  52    1.83   346.8    7.8      18.468
2013   10       25     5   1    1.83   346.6    7.8      18.463
2013   10       25     5  11    1.83   346.4    7.8      18.459
2013   10       25     5  21    1.83   346.2    7.8      18.454
2013   10       25     5  30    1.83   346.0    7.8      18.449
2013   10       25     5  40    1.83   345.8    7.8      18.444
2013   10       25     5  50    1.83   345.7    7.8      18.439
2013   10       25     5  59    1.84   345.5    7.8      18.435
2013   10       25     6   9    1.84   345.3    7.9      18.430
2013   10       25     6  19    1.84   345.1    7.9      18.425
2013   10       25     6  28    1.84   344.9    7.9      18.421
2013   10       25     6  38    1.84   344.7    7.9      18.416
2013   10       25     6  48    1.84   344.5    7.9      18.412
2013   10       25     6  58    1.84   344.4    7.9      18.408
2013   10       25     7   7    1.84   344.2    7.9      18.404
2013   10       25     7  17    1.85   344.0    7.9      18.401
2013   10       25     7  27    1.85   343.8    8.0      18.398
2013   10       25     7  36    1.85   343.6    8.0      18.395
2013   10       25     7  46    1.85   343.4    8.0      18.392
2013   10       25     7  56    1.85   343.3    8.0      18.390
2013   10       25     8   5    1.85   343.1    8.0      18.388
2013   10       25     8  15    1.86   342.9    8.0      18.387
2013   10       25     8  25    1.86   342.7    8.0      18.387
2013   10       25     8  35    1.86   342.6    8.1      18.387
2013   10       25     8  44    1.86   342.4    8.1      18.388
2013   10       25     8  54    1.86   342.2    8.1      18.390
2013   10       25     9   4    1.86   342.1    8.1      18.393
2013   10       25     9  13    1.87   341.9    8.1      18.396
2013   10       25     9  23    1.87   341.7    8.1      18.400
2013   10       25     9  33    1.87   341.6    8.2      18.405
2013   10       25     9  42    1.87   341.4    8.2      18.410
2013   10       25     9  52    1.87   341.3    8.2      18.416
2013   10       25    10   2    1.88   341.1    8.2      18.423
2013   10       25    10  11    1.88   341.0    8.2      18.430
2013   10       25    10  21    1.88   340.8    8.2      18.438
2013   10       25    10  31    1.88   340.7    8.3      18.446
2013   10       25    10  40    1.88   340.5    8.3      18.455
2013   10       25    10  50    1.88   340.4    8.3      18.463
2013   10       25    11   0    1.89   340.3    8.3      18.472
2013   10       25    11  10    1.89   340.1    8.3      18.480
2013   10       25    11  19    1.89   340.0    8.3      18.489
2013   10       25    11  29    1.89   339.9    8.4      18.497
2013   10       25    11  38    1.89   339.7    8.4      18.505
2013   10       25    11  48    1.90   339.6    8.4      18.512
2013   10       25    11  58    1.90   339.5    8.4      18.519
2013   10       25    12   8    1.90   339.4    8.4      18.525
2013   10       25    12  17    1.90   339.2    8.4      18.531
2013   10       25    12  27    1.90   339.1    8.4      18.537
2013   10       25    12  37    1.91   339.0    8.4      18.542
2013   10       25    12  46    1.91   338.9    8.5      18.547
2013   10       25    12  56    1.91   338.7    8.5      18.551
2013   10       25    13   6    1.91   338.6    8.5      18.555
2013   10       25    13  15    1.91   338.5    8.5      18.558
2013   10       25    13  25    1.91   338.4    8.5      18.561
2013   10       25    13  35    1.92   338.2    8.5      18.564
2013   10       25    13  44    1.92   338.1    8.5      18.567
2013   10       25    13  54    1.92   338.0    8.5      18.569
2013   10       25    14   4    1.92   337.9    8.6      18.571
2013   10       25    14  13    1.92   337.7    8.6      18.573
2013   10       25    14  23    1.92   337.6    8.6      18.575
2013   10       25    14  33    1.93   337.5    8.6      18.576
2013   10       25    14  43    1.93   337.4    8.6      18.578
2013   10       25    14  52    1.93   337.3    8.6      18.579
2013   10       25    15   2    1.93   337.1    8.6      18.580
2013   10       25    15  12    1.93   337.0    8.6      18.582
2013   10       25    15  21    1.93   336.9    8.6      18.583
2013   10       25    15  31    1.94   336.8    8.7      18.584
2013   10       25    15  41    1.94   336.7    8.7      18.586
2013   10       25    15  50    1.94   336.6    8.7      18.588
2013   10       25    16   0    1.94   336.5    8.7      18.590
2013   10       25    16  10    1.94   336.3    8.7      18.593
2013   10       25    16  20    1.95   336.2    8.7      18.596
2013   10       25    16  29    1.95   336.1    8.7      18.600
2013   10       25    16  39    1.95   336.0    8.7      18.603
2013   10       25    16  49    1.95   335.9    8.7      18.607
2013   10       25    16  58    1.95   335.8    8.8      18.611
2013   10       25    17   8    1.95   335.7    8.8      18.616
2013   10       25    17  18    1.96   335.6    8.8      18.620
2013   10       25    17  27    1.96   335.5    8.8      18.625
2013   10       25    17  37    1.96   335.4    8.8      18.629
2013   10       25    17  47    1.96   335.3    8.8      18.634
2013   10       25    17  56    1.96   335.2    8.8      18.638
2013   10       25    18   6    1.97   335.1    8.8      18.642
2013   10       25    18  16    1.97   335.0    8.8      18.647
2013   10       25    18  25    1.97   334.9    8.9      18.651
2013   10       25    18  35    1.97   334.8    8.9      18.655
2013   10       25    18  45    1.97   334.7    8.9      18.659
2013   10       25    18  54    1.97   334.6    8.9      18.663
2013   10       25    19   4    1.98   334.5    8.9      18.667
2013   10       25    19  14    1.98   334.5    8.9      18.671
2013   10       25    19  23    1.98   334.4    8.9      18.675
2013   10       25    19  33    1.98   334.3    8.9      18.678
2013   10       25    19  43    1.98   334.2    8.9      18.681
2013   10       25    19  53    1.98   334.1    8.9      18.684
2013   10       25    20   2    1.99   334.0    8.9      18.687
2013   10       25    20  12    1.99   333.9    9.0      18.689
2013   10       25    20  22    1.99   333.8    9.0      18.691
2013   10       25    20  31    1.99   333.7    9.0      18.693
2013   10       25    20  41    1.99   333.7    9.0      18.694
2013   10       25    20  51    1.99   333.6    9.0      18.695
2013   10       25    21   0    2.00   333.5    9.0      18.696
2013   10       25    21  10    2.00   333.4    9.0      18.697
2013   10       25    21  20    2.00   333.3    9.0      18.697
2013   10       25    21  29    2.00   333.2    9.0      18.697
2013   10       25    21  39    2.00   333.1    9.0      18.697
2013   10       25    21  49    2.00   333.0    9.0      18.696
2013   10       25    21  58    2.01   332.9    9.0      18.695
2013   10       25    22   8    2.01   332.9    9.0      18.694
2013   10       25    22  18    2.01   332.8    9.0      18.692
2013   10       25    22  28    2.01   332.7    9.1      18.691
2013   10       25    22  37    2.01   332.6    9.1      18.689
2013   10       25    22  47    2.01   332.5    9.1      18.687
2013   10       25    22  57    2.01   332.4    9.1      18.685
2013   10       25    23   6    2.02   332.3    9.1      18.683
2013   10       25    23  16    2.02   332.2    9.1      18.680
2013   10       25    23  26    2.02   332.2    9.1      18.678
2013   10       25    23  36    2.02   332.1    9.1      18.676
2013   10       25    23  45    2.02   332.0    9.1      18.673
2013   10       25    23  55    2.02   331.9    9.1      18.671
2013   10       26     0   5    2.02   331.8    9.1      18.669
2013   10       26     0  14    2.03   331.7    9.1      18.666
2013   10       26     0  24    2.03   331.6    9.1      18.664
2013   10       26     0  34    2.03   331.6    9.1      18.662
2013   10       26     0  43    2.03   331.5    9.1      18.660
2013   10       26     0  53    2.03   331.4    9.1      18.658
2013   10       26     1   3    2.03   331.3    9.2      18.655
2013   10       26     1  12    2.04   331.2    9.2      18.653
2013   10       26     1  22    2.04   331.1    9.2      18.651
2013   10       26     1  32    2.04   331.0    9.2      18.649
2013   10       26     1  41    2.04   331.0    9.2      18.648
2013   10       26     1  51    2.04   330.9    9.2      18.646
2013   10       26     2   1    2.04   330.8    9.2      18.644
2013   10       26     2  10    2.05   330.7    9.2      18.643
2013   10       26     2  20    2.05   330.6    9.2      18.641
2013   10       26     2  30    2.05   330.5    9.2      18.640
2013   10       26     2  39    2.05   330.4    9.2      18.638
2013   10       26     2  49    2.05   330.4    9.2      18.637
2013   10       26     2  59    2.05   330.3    9.2      18.635
2013   10       26     3   8    2.05   330.2    9.2      18.634
2013   10       26     3  18    2.06   330.1    9.2      18.632
2013   10       26     3  28    2.06   330.0    9.2      18.631
2013   10       26     3  38    2.06   329.9    9.2      18.629
2013   10       26     3  47    2.06   329.8    9.3      18.627
2013   10       26     3  57    2.06   329.8    9.3      18.625
2013   10       26     4   7    2.06   329.7    9.3      18.623
2013   10       26     4  16    2.07   329.6    9.3      18.621
2013   10       26     4  26    2.07   329.5    9.3      18.618
2013   10       26     4  36    2.07   329.4    9.3      18.616
2013   10       26     4  45    2.07   329.3    9.3      18.613
2013   10       26     4  55    2.07   329.2    9.3      18.610
2013   10       26     5   5    2.07   329.1    9.3      18.608
2013   10       26     5  14    2.08   329.1    9.3      18.605
2013   10       26     5  24    2.08   329.0    9.3      18.602
2013   10       26     5  34    2.08   328.9    9.3      18.599
2013   10       26     5  44    2.08   328.8    9.3      18.596
2013   10       26     5  53    2.08   328.7    9.3      18.594
2013   10       26     6   3    2.09   328.6    9.3      18.591
2013   10       26     6  13    2.09   328.5    9.3      18.588
2013   10       26     6  22    2.09   328.4    9.4      18.586
2013   10       26     6  32    2.09   328.3    9.4      18.583
2013   10       26     6  42    2.09   328.2    9.4      18.581
2013   10       26     6  52    2.10   328.1    9.4      18.579
2013   10       26     7   1    2.10   328.1    9.4      18.578
2013   10       26     7  11    2.10   328.0    9.4      18.576
2013   10       26     7  21    2.10   327.9    9.4      18.575
2013   10       26     7  30    2.10   327.8    9.4      18.574
2013   10       26     7  40    2.11   327.7    9.4      18.574
2013   10       26     7  50    2.11   327.6    9.4      18.574
2013   10       26     7  59    2.11   327.5    9.4      18.575
2013   10       26     8   9    2.11   327.4    9.5      18.576
2013   10       26     8  19    2.12   327.3    9.5      18.577
2013   10       26     8  28    2.12   327.2    9.5      18.579
2013   10       26     8  38    2.12   327.1    9.5      18.581
2013   10       26     8  48    2.12   327.1    9.5      18.584
2013   10       26     8  57    2.13   327.0    9.5      18.588
2013   10       26     9   7    2.13   326.9    9.5      18.592
2013   10       26     9  17    2.13   326.8    9.6      18.596
2013   10       26     9  26    2.14   326.7    9.6      18.602
2013   10       26     9  36    2.14   326.6    9.6      18.608
2013   10       26     9  46    2.14   326.5    9.6      18.616
2013   10       26     9  55    2.15   326.5    9.6      18.624
2013   10       26    10   5    2.15   326.4    9.6      18.633
2013   10       26    10  15    2.15   326.3    9.7      18.643
2013   10       26    10  24    2.15   326.2    9.7      18.653
2013   10       26    10  34    2.16   326.1    9.7      18.663
2013   10       26    10  44    2.16   326.1    9.7      18.674
2013   10       26    10  53    2.16   326.0    9.7      18.685
2013   10       26    11   3    2.17   325.9    9.7      18.695
2013   10       26    11  13    2.17   325.8    9.7      18.706
2013   10       26    11  22    2.17   325.8    9.8      18.717
2013   10       26    11  32    2.18   325.7    9.8      18.727
2013   10       26    11  42    2.18   325.6    9.8      18.737
2013   10       26    11  52    2.18   325.6    9.8      18.747
2013   10       26    12   1    2.18   325.5    9.8      18.756
2013   10       26    12  11    2.19   325.4    9.8      18.765
2013   10       26    12  21    2.19   325.4    9.8      18.774
2013   10       26    12  30    2.19   325.3    9.9      18.783
2013   10       26    12  40    2.20   325.2    9.9      18.791
2013   10       26    12  50    2.20   325.2    9.9      18.799
2013   10       26    12  59    2.20   325.1    9.9      18.808
2013   10       26    13   9    2.21   325.0    9.9      18.816
2013   10       26    13  19    2.21   325.0    9.9      18.824
2013   10       26    13  29    2.21   324.9    9.9      18.832
2013   10       26    13  38    2.22   324.8   10.0      18.840
2013   10       26    13  48    2.22   324.8   10.0      18.848
2013   10       26    13  58    2.22   324.7   10.0      18.857
2013   10       26    14   7    2.23   324.6   10.0      18.865
2013   10       26    14  17    2.23   324.6   10.0      18.874
2013   10       26    14  27    2.23   324.5   10.0      18.883
2013   10       26    14  36    2.24   324.5   10.1      18.892
2013   10       26    14  46    2.24   324.4   10.1      18.901
2013   10       26    14  56    2.25   324.3   10.1      18.911
2013   10       26    15   5    2.25   324.3   10.1      18.922
2013   10       26    15  15    2.25   324.2   10.1      18.933
2013   10       26    15  25    2.26   324.2   10.2      18.944
2013   10       26    15  35    2.26   324.1   10.2      18.956
2013   10       26    15  44    2.27   324.1   10.2      18.969
2013   10       26    15  54    2.27   324.0   10.2      18.983
2013   10       26    16   3    2.27   324.0   10.2      18.997
2013   10       26    16  13    2.28   323.9   10.3      19.012
2013   10       26    16  23    2.28   323.9   10.3      19.029
2013   10       26    16  33    2.29   323.8   10.3      19.047
2013   10       26    16  42    2.29   323.8   10.3      19.066
2013   10       26    16  52    2.30   323.7   10.4      19.087
2013   10       26    17   2    2.30   323.7   10.4      19.110
2013   10       26    17  11    2.31   323.7   10.4      19.135
2013   10       26    17  21    2.31   323.6   10.5      19.162
2013   10       26    17  31    2.32   323.6   10.5      19.191
2013   10       26    17  40    2.32   323.6   10.5      19.221
2013   10       26    17  50    2.33   323.6   10.5      19.252
2013   10       26    18   0    2.33   323.6   10.6      19.283
2013   10       26    18   9    2.34   323.6   10.6      19.315
2013   10       26    18  19    2.34   323.6   10.6      19.347
2013   10       26    18  29    2.35   323.6   10.6      19.380
2013   10       26    18  38    2.35   323.6   10.7      19.411
2013   10       26    18  48    2.36   323.6   10.7      19.443
2013   10       26    18  58    2.36   323.6   10.7      19.473
2013   10       26    19   7    2.37   323.6   10.7      19.502
2013   10       26    19  17    2.37   323.6   10.8      19.531
2013   10       26    19  27    2.37   323.6   10.8      19.558
2013   10       26    19  36    2.38   323.6   10.8      19.585
2013   10       26    19  46    2.38   323.6   10.8      19.611
2013   10       26    19  56    2.39   323.6   10.8      19.636
2013   10       26    20   6    2.39   323.6   10.9      19.660
2013   10       26    20  15    2.39   323.6   10.9      19.684
2013   10       26    20  25    2.40   323.6   10.9      19.707
2013   10       26    20  35    2.40   323.6   10.9      19.730
2013   10       26    20  44    2.41   323.7   10.9      19.753
2013   10       26    20  54    2.41   323.7   10.9      19.775
2013   10       26    21   4    2.41   323.7   11.0      19.796
2013   10       26    21  14    2.42   323.7   11.0      19.817
2013   10       26    21  23    2.42   323.7   11.0      19.838
2013   10       26    21  33    2.42   323.7   11.0      19.859
2013   10       26    21  43    2.43   323.7   11.0      19.879
2013   10       26    21  52    2.43   323.7   11.0      19.899
2013   10       26    22   2    2.44   323.7   11.1      19.920
2013   10       26    22  12    2.44   323.8   11.1      19.939
2013   10       26    22  21    2.44   323.8   11.1      19.959
2013   10       26    22  31    2.45   323.8   11.1      19.979
2013   10       26    22  41    2.45   323.8   11.1      20.000
2013   10       26    22  50    2.46   323.8   11.1      20.020
2013   10       26    23   0    2.46   323.8   11.2      20.041
2013   10       26    23  10    2.47   323.9   11.2      20.062
2013   10       26    23  19    2.47   323.9   11.2      20.083
2013   10       26    23  29    2.47   323.9   11.2      20.105
2013   10       26    23  39    2.48   323.9   11.2      20.128
2013   10       26    23  48    2.48   324.0   11.3      20.151
2013   10       26    23  58    2.49   324.0   11.3      20.176
2013   10       27     0   8    2.49   324.0   11.3      20.201
