year    month   day   hour  minute  B_enl V_enl   n_enl       T_enl
[year] [month] [day] [hour][minute] [nT]  [km/s]  [cm-3]      [kK]
2013   10       17     0   7    1.21   359.4    5.8      15.729
2013   10       17     0  18    1.22   359.2    5.8      15.763
2013   10       17     0  28    1.22   359.0    5.9      15.796
2013   10       17     0  39    1.23   358.7    5.9      15.830
2013   10       17     0  49    1.23   358.5    6.0      15.864
2013   10       17     0  59    1.24   358.3    6.0      15.899
2013   10       17     1  10    1.25   358.1    6.0      15.933
2013   10       17     1  20    1.25   357.9    6.1      15.968
2013   10       17     1  30    1.26   357.7    6.1      16.003
2013   10       17     1  41    1.26   357.5    6.1      16.038
2013   10       17     1  51    1.27   357.3    6.2      16.073
2013   10       17     2   2    1.28   357.1    6.2      16.108
2013   10       17     2  12    1.28   356.9    6.3      16.144
2013   10       17     2  22    1.29   356.7    6.3      16.180
2013   10       17     2  33    1.30   356.5    6.3      16.216
2013   10       17     2  43    1.30   356.3    6.4      16.252
2013   10       17     2  54    1.31   356.1    6.4      16.289
2013   10       17     3   4    1.32   356.0    6.5      16.326
2013   10       17     3  14    1.32   355.8    6.5      16.364
2013   10       17     3  25    1.33   355.6    6.5      16.403
2013   10       17     3  35    1.33   355.5    6.6      16.442
2013   10       17     3  46    1.34   355.3    6.6      16.482
2013   10       17     3  56    1.35   355.1    6.6      16.522
2013   10       17     4   6    1.35   355.0    6.7      16.565
2013   10       17     4  17    1.36   354.8    6.7      16.608
2013   10       17     4  27    1.37   354.7    6.8      16.652
2013   10       17     4  38    1.37   354.5    6.8      16.697
2013   10       17     4  48    1.38   354.4    6.8      16.743
2013   10       17     4  59    1.39   354.2    6.9      16.790
2013   10       17     5   9    1.39   354.1    6.9      16.837
2013   10       17     5  19    1.40   354.0    6.9      16.884
2013   10       17     5  30    1.41   353.8    7.0      16.932
2013   10       17     5  40    1.41   353.7    7.0      16.979
2013   10       17     5  51    1.42   353.6    7.0      17.027
2013   10       17     6   1    1.43   353.5    7.1      17.074
2013   10       17     6  12    1.43   353.3    7.1      17.121
2013   10       17     6  22    1.44   353.2    7.2      17.167
2013   10       17     6  32    1.45   353.1    7.2      17.214
2013   10       17     6  43    1.45   353.0    7.2      17.259
2013   10       17     6  53    1.46   352.9    7.3      17.305
2013   10       17     7   4    1.47   352.7    7.3      17.349
2013   10       17     7  14    1.47   352.6    7.3      17.394
2013   10       17     7  24    1.48   352.5    7.4      17.437
2013   10       17     7  35    1.49   352.4    7.4      17.481
2013   10       17     7  45    1.49   352.3    7.4      17.524
2013   10       17     7  56    1.50   352.2    7.5      17.566
2013   10       17     8   6    1.51   352.1    7.5      17.608
2013   10       17     8  17    1.51   352.0    7.5      17.650
2013   10       17     8  27    1.52   351.9    7.6      17.692
2013   10       17     8  37    1.53   351.8    7.6      17.734
2013   10       17     8  48    1.53   351.7    7.6      17.775
2013   10       17     8  58    1.54   351.6    7.7      17.816
2013   10       17     9   8    1.54   351.5    7.7      17.857
2013   10       17     9  19    1.55   351.4    7.7      17.899
2013   10       17     9  29    1.56   351.3    7.8      17.940
2013   10       17     9  40    1.56   351.3    7.8      17.982
2013   10       17     9  50    1.57   351.2    7.8      18.023
2013   10       17    10   0    1.58   351.1    7.9      18.065
2013   10       17    10  11    1.58   351.0    7.9      18.108
2013   10       17    10  21    1.59   351.0    7.9      18.152
2013   10       17    10  32    1.60   350.9    8.0      18.196
2013   10       17    10  42    1.61   350.8    8.0      18.242
2013   10       17    10  52    1.61   350.8    8.1      18.288
2013   10       17    11   3    1.62   350.7    8.1      18.336
2013   10       17    11  13    1.63   350.7    8.1      18.386
2013   10       17    11  24    1.63   350.6    8.2      18.438
2013   10       17    11  34    1.64   350.6    8.2      18.492
2013   10       17    11  45    1.65   350.6    8.2      18.547
2013   10       17    11  55    1.65   350.5    8.3      18.604
2013   10       17    12   5    1.66   350.5    8.3      18.662
2013   10       17    12  16    1.67   350.5    8.3      18.719
2013   10       17    12  26    1.67   350.4    8.4      18.776
2013   10       17    12  37    1.68   350.4    8.4      18.831
2013   10       17    12  47    1.68   350.4    8.4      18.887
2013   10       17    12  58    1.69   350.4    8.5      18.941
2013   10       17    13   8    1.70   350.3    8.5      18.994
2013   10       17    13  18    1.70   350.3    8.5      19.046
2013   10       17    13  29    1.71   350.3    8.5      19.097
2013   10       17    13  39    1.72   350.3    8.6      19.147
2013   10       17    13  50    1.72   350.3    8.6      19.196
2013   10       17    14   0    1.73   350.2    8.6      19.244
2013   10       17    14  11    1.73   350.2    8.7      19.291
2013   10       17    14  21    1.74   350.2    8.7      19.337
2013   10       17    14  31    1.74   350.2    8.7      19.382
2013   10       17    14  42    1.75   350.2    8.7      19.426
2013   10       17    14  52    1.76   350.2    8.8      19.469
2013   10       17    15   3    1.76   350.1    8.8      19.512
2013   10       17    15  13    1.77   350.1    8.8      19.554
2013   10       17    15  23    1.77   350.1    8.8      19.594
2013   10       17    15  34    1.78   350.1    8.9      19.635
2013   10       17    15  44    1.78   350.1    8.9      19.675
2013   10       17    15  55    1.79   350.1    8.9      19.714
2013   10       17    16   5    1.80   350.1    8.9      19.753
2013   10       17    16  15    1.80   350.1    9.0      19.792
2013   10       17    16  26    1.81   350.1    9.0      19.831
2013   10       17    16  36    1.81   350.1    9.0      19.869
2013   10       17    16  46    1.82   350.1    9.0      19.908
2013   10       17    16  57    1.83   350.1    9.1      19.947
2013   10       17    17   7    1.83   350.1    9.1      19.985
2013   10       17    17  18    1.84   350.1    9.1      20.024
2013   10       17    17  28    1.84   350.1    9.1      20.063
2013   10       17    17  38    1.85   350.1    9.2      20.103
2013   10       17    17  49    1.85   350.1    9.2      20.144
2013   10       17    17  59    1.86   350.1    9.2      20.186
2013   10       17    18  10    1.87   350.1    9.3      20.229
2013   10       17    18  20    1.87   350.1    9.3      20.273
2013   10       17    18  30    1.88   350.2    9.3      20.319
2013   10       17    18  41    1.88   350.2    9.3      20.368
2013   10       17    18  51    1.89   350.3    9.4      20.418
2013   10       17    19   2    1.89   350.3    9.4      20.471
2013   10       17    19  12    1.90   350.4    9.4      20.524
2013   10       17    19  23    1.90   350.4    9.4      20.578
2013   10       17    19  33    1.91   350.5    9.5      20.630
2013   10       17    19  44    1.91   350.5    9.5      20.680
2013   10       17    19  54    1.92   350.6    9.5      20.730
2013   10       17    20   4    1.92   350.6    9.5      20.778
2013   10       17    20  15    1.93   350.7    9.6      20.825
2013   10       17    20  25    1.93   350.7    9.6      20.871
2013   10       17    20  36    1.94   350.8    9.6      20.916
2013   10       17    20  46    1.94   350.8    9.6      20.960
2013   10       17    20  56    1.95   350.9    9.6      21.003
2013   10       17    21   7    1.95   350.9    9.6      21.045
2013   10       17    21  17    1.96   351.0    9.7      21.086
2013   10       17    21  28    1.96   351.0    9.7      21.126
2013   10       17    21  38    1.97   351.1    9.7      21.165
2013   10       17    21  49    1.97   351.1    9.7      21.203
2013   10       17    21  59    1.97   351.2    9.7      21.241
2013   10       17    22   9    1.98   351.2    9.7      21.277
2013   10       17    22  20    1.98   351.3    9.8      21.313
2013   10       17    22  30    1.99   351.4    9.8      21.348
2013   10       17    22  41    1.99   351.4    9.8      21.382
2013   10       17    22  51    2.00   351.5    9.8      21.416
2013   10       17    23   1    2.00   351.5    9.8      21.449
2013   10       17    23  12    2.00   351.6    9.8      21.481
2013   10       17    23  22    2.01   351.6    9.8      21.513
2013   10       17    23  33    2.01   351.7    9.9      21.544
2013   10       17    23  43    2.02   351.7    9.9      21.576
2013   10       17    23  53    2.02   351.8    9.9      21.607
2013   10       18     0   4    2.02   351.9    9.9      21.638
2013   10       18     0  14    2.03   351.9    9.9      21.669
2013   10       18     0  24    2.03   352.0    9.9      21.700
2013   10       18     0  35    2.04   352.0    9.9      21.731
2013   10       18     0  45    2.04   352.1   10.0      21.762
2013   10       18     0  56    2.04   352.2   10.0      21.794
2013   10       18     1   6    2.05   352.3   10.0      21.826
2013   10       18     1  17    2.05   352.3   10.0      21.859
2013   10       18     1  27    2.06   352.4   10.0      21.891
2013   10       18     1  37    2.06   352.5   10.0      21.924
2013   10       18     1  48    2.06   352.6   10.0      21.956
2013   10       18     1  58    2.07   352.7   10.0      21.990
2013   10       18     2   9    2.07   352.7   10.1      22.025
2013   10       18     2  19    2.07   352.8   10.1      22.060
2013   10       18     2  29    2.08   352.9   10.1      22.095
2013   10       18     2  40    2.08   353.0   10.1      22.129
2013   10       18     2  50    2.08   353.1   10.1      22.163
2013   10       18     3   1    2.09   353.2   10.1      22.196
2013   10       18     3  11    2.09   353.3   10.1      22.228
2013   10       18     3  22    2.09   353.4   10.1      22.259
2013   10       18     3  32    2.10   353.4   10.1      22.290
2013   10       18     3  42    2.10   353.5   10.1      22.320
2013   10       18     3  53    2.10   353.6   10.1      22.349
2013   10       18     4   3    2.10   353.7   10.1      22.378
2013   10       18     4  14    2.11   353.8   10.2      22.405
2013   10       18     4  24    2.11   353.9   10.2      22.433
2013   10       18     4  35    2.11   354.0   10.2      22.459
2013   10       18     4  45    2.12   354.0   10.2      22.486
2013   10       18     4  55    2.12   354.1   10.2      22.511
2013   10       18     5   6    2.12   354.2   10.2      22.536
2013   10       18     5  16    2.12   354.3   10.2      22.560
2013   10       18     5  27    2.13   354.4   10.2      22.584
2013   10       18     5  37    2.13   354.5   10.2      22.607
2013   10       18     5  47    2.13   354.6   10.2      22.629
2013   10       18     5  58    2.13   354.6   10.2      22.651
2013   10       18     6   8    2.13   354.7   10.2      22.673
2013   10       18     6  19    2.14   354.8   10.2      22.694
2013   10       18     6  29    2.14   354.9   10.2      22.714
2013   10       18     6  39    2.14   355.0   10.2      22.735
2013   10       18     6  50    2.14   355.1   10.2      22.754
2013   10       18     7   0    2.15   355.1   10.2      22.774
2013   10       18     7  11    2.15   355.2   10.2      22.793
2013   10       18     7  21    2.15   355.3   10.2      22.812
2013   10       18     7  31    2.15   355.4   10.2      22.831
2013   10       18     7  42    2.15   355.5   10.2      22.850
2013   10       18     7  52    2.16   355.6   10.2      22.870
2013   10       18     8   3    2.16   355.6   10.2      22.889
2013   10       18     8  13    2.16   355.7   10.2      22.909
2013   10       18     8  23    2.16   355.8   10.2      22.929
2013   10       18     8  34    2.16   355.9   10.2      22.949
2013   10       18     8  44    2.17   356.0   10.2      22.968
2013   10       18     8  55    2.17   356.1   10.2      22.988
2013   10       18     9   5    2.17   356.2   10.2      23.008
2013   10       18     9  15    2.17   356.3   10.2      23.028
2013   10       18     9  26    2.17   356.4   10.2      23.048
2013   10       18     9  36    2.17   356.4   10.2      23.068
2013   10       18     9  47    2.18   356.5   10.3      23.088
2013   10       18     9  57    2.18   356.6   10.3      23.108
2013   10       18    10   8    2.18   356.7   10.3      23.129
2013   10       18    10  18    2.18   356.8   10.3      23.149
2013   10       18    10  28    2.18   356.9   10.3      23.171
2013   10       18    10  39    2.18   357.0   10.3      23.192
2013   10       18    10  49    2.19   357.1   10.3      23.213
2013   10       18    11   0    2.19   357.2   10.3      23.235
2013   10       18    11  10    2.19   357.3   10.3      23.257
2013   10       18    11  21    2.19   357.4   10.3      23.277
2013   10       18    11  31    2.19   357.5   10.3      23.297
2013   10       18    11  41    2.19   357.6   10.3      23.316
2013   10       18    11  52    2.19   357.6   10.3      23.334
2013   10       18    12   2    2.19   357.7   10.3      23.352
2013   10       18    12  13    2.20   357.8   10.3      23.369
2013   10       18    12  23    2.20   357.9   10.3      23.385
2013   10       18    12  33    2.20   358.0   10.3      23.401
2013   10       18    12  44    2.20   358.1   10.3      23.416
2013   10       18    12  54    2.20   358.2   10.3      23.431
2013   10       18    13   5    2.20   358.3   10.3      23.446
2013   10       18    13  15    2.20   358.4   10.3      23.460
2013   10       18    13  25    2.20   358.5   10.3      23.473
2013   10       18    13  36    2.20   358.5   10.3      23.486
2013   10       18    13  46    2.20   358.6   10.2      23.499
2013   10       18    13  57    2.20   358.7   10.2      23.511
2013   10       18    14   7    2.21   358.8   10.2      23.523
2013   10       18    14  17    2.21   358.9   10.2      23.534
2013   10       18    14  28    2.21   359.0   10.2      23.546
2013   10       18    14  38    2.21   359.0   10.2      23.557
2013   10       18    14  49    2.21   359.1   10.2      23.567
2013   10       18    14  59    2.21   359.2   10.2      23.578
2013   10       18    15   9    2.21   359.3   10.2      23.588
2013   10       18    15  20    2.21   359.4   10.2      23.599
2013   10       18    15  30    2.21   359.5   10.2      23.609
2013   10       18    15  41    2.21   359.5   10.2      23.620
2013   10       18    15  51    2.21   359.6   10.2      23.630
2013   10       18    16   1    2.21   359.7   10.2      23.641
2013   10       18    16  12    2.21   359.8   10.2      23.652
2013   10       18    16  22    2.21   359.8   10.2      23.663
2013   10       18    16  33    2.21   359.9   10.2      23.674
2013   10       18    16  43    2.22   360.0   10.2      23.686
2013   10       18    16  53    2.22   360.1   10.2      23.699
2013   10       18    17   4    2.22   360.2   10.2      23.712
2013   10       18    17  14    2.22   360.2   10.2      23.726
2013   10       18    17  25    2.22   360.3   10.2      23.740
2013   10       18    17  35    2.22   360.4   10.2      23.755
2013   10       18    17  45    2.22   360.5   10.2      23.771
2013   10       18    17  56    2.22   360.6   10.2      23.787
2013   10       18    18   6    2.22   360.7   10.2      23.803
2013   10       18    18  17    2.22   360.8   10.2      23.819
2013   10       18    18  27    2.22   360.8   10.2      23.834
2013   10       18    18  37    2.22   360.9   10.2      23.849
2013   10       18    18  48    2.22   361.0   10.2      23.863
2013   10       18    18  58    2.22   361.1   10.2      23.877
2013   10       18    19   9    2.22   361.2   10.2      23.889
2013   10       18    19  19    2.22   361.3   10.2      23.901
2013   10       18    19  29    2.22   361.4   10.2      23.912
2013   10       18    19  40    2.22   361.4   10.2      23.923
2013   10       18    19  50    2.22   361.5   10.2      23.933
2013   10       18    20   1    2.22   361.6   10.2      23.943
2013   10       18    20  11    2.22   361.7   10.2      23.952
2013   10       18    20  21    2.22   361.8   10.2      23.960
2013   10       18    20  32    2.22   361.9   10.2      23.968
2013   10       18    20  42    2.22   361.9   10.1      23.976
2013   10       18    20  53    2.22   362.0   10.1      23.983
2013   10       18    21   3    2.22   362.1   10.1      23.989
2013   10       18    21  13    2.22   362.2   10.1      23.995
2013   10       18    21  24    2.22   362.3   10.1      24.000
2013   10       18    21  34    2.22   362.4   10.1      24.006
2013   10       18    21  44    2.22   362.4   10.1      24.010
2013   10       18    21  55    2.22   362.5   10.1      24.015
2013   10       18    22   5    2.22   362.6   10.1      24.019
2013   10       18    22  16    2.22   362.7   10.1      24.022
2013   10       18    22  26    2.22   362.8   10.1      24.025
2013   10       18    22  36    2.22   362.8   10.1      24.028
2013   10       18    22  47    2.22   362.9   10.1      24.031
2013   10       18    22  57    2.22   363.0   10.1      24.034
2013   10       18    23   8    2.22   363.1   10.0      24.036
2013   10       18    23  18    2.22   363.2   10.0      24.038
2013   10       18    23  28    2.22   363.2   10.0      24.040
2013   10       18    23  39    2.22   363.3   10.0      24.042
2013   10       18    23  49    2.22   363.4   10.0      24.044
2013   10       19     0   0    2.22   363.5   10.0      24.046
2013   10       19     0  10    2.22   363.5   10.0      24.047
2013   10       19     0  20    2.22   363.6   10.0      24.049
2013   10       19     0  31    2.22   363.7   10.0      24.051
2013   10       19     0  41    2.22   363.8   10.0      24.053
2013   10       19     0  52    2.22   363.9   10.0      24.054
2013   10       19     1   2    2.22   363.9   10.0      24.056
2013   10       19     1  12    2.22   364.0    9.9      24.057
2013   10       19     1  23    2.21   364.1    9.9      24.058
2013   10       19     1  33    2.21   364.2    9.9      24.058
2013   10       19     1  44    2.21   364.2    9.9      24.058
2013   10       19     1  54    2.21   364.3    9.9      24.057
2013   10       19     2   4    2.21   364.4    9.9      24.057
2013   10       19     2  15    2.21   364.4    9.9      24.055
2013   10       19     2  25    2.21   364.5    9.9      24.054
2013   10       19     2  36    2.21   364.6    9.9      24.052
2013   10       19     2  46    2.21   364.7    9.9      24.049
2013   10       19     2  56    2.21   364.7    9.9      24.046
2013   10       19     3   7    2.21   364.8    9.8      24.043
2013   10       19     3  17    2.21   364.9    9.8      24.040
2013   10       19     3  28    2.20   364.9    9.8      24.036
2013   10       19     3  38    2.20   365.0    9.8      24.031
2013   10       19     3  48    2.20   365.1    9.8      24.026
2013   10       19     3  59    2.20   365.1    9.8      24.021
2013   10       19     4   9    2.20   365.2    9.8      24.016
2013   10       19     4  20    2.20   365.3    9.8      24.010
2013   10       19     4  30    2.20   365.3    9.8      24.004
2013   10       19     4  40    2.20   365.4    9.7      23.998
2013   10       19     4  51    2.20   365.5    9.7      23.992
2013   10       19     5   1    2.20   365.5    9.7      23.985
2013   10       19     5  12    2.19   365.6    9.7      23.979
2013   10       19     5  22    2.19   365.6    9.7      23.972
2013   10       19     5  32    2.19   365.7    9.7      23.965
2013   10       19     5  43    2.19   365.8    9.7      23.958
2013   10       19     5  53    2.19   365.8    9.7      23.951
2013   10       19     6   4    2.19   365.9    9.7      23.944
2013   10       19     6  14    2.19   365.9    9.7      23.937
2013   10       19     6  25    2.19   366.0    9.6      23.929
2013   10       19     6  35    2.19   366.1    9.6      23.922
2013   10       19     6  45    2.18   366.1    9.6      23.915
2013   10       19     6  56    2.18   366.2    9.6      23.908
2013   10       19     7   6    2.18   366.2    9.6      23.901
2013   10       19     7  17    2.18   366.3    9.6      23.893
2013   10       19     7  27    2.18   366.3    9.6      23.886
2013   10       19     7  38    2.18   366.4    9.6      23.879
2013   10       19     7  48    2.18   366.4    9.6      23.872
2013   10       19     7  59    2.18   366.5    9.6      23.864
2013   10       19     8   9    2.18   366.5    9.6      23.857
2013   10       19     8  19    2.17   366.6    9.5      23.850
2013   10       19     8  30    2.17   366.6    9.5      23.842
2013   10       19     8  40    2.17   366.7    9.5      23.835
2013   10       19     8  51    2.17   366.7    9.5      23.828
2013   10       19     9   1    2.17   366.7    9.5      23.820
2013   10       19     9  12    2.17   366.8    9.5      23.813
2013   10       19     9  22    2.17   366.8    9.5      23.806
2013   10       19     9  33    2.17   366.9    9.5      23.798
2013   10       19     9  43    2.16   366.9    9.5      23.791
2013   10       19     9  53    2.16   367.0    9.5      23.784
2013   10       19    10   4    2.16   367.0    9.5      23.776
2013   10       19    10  14    2.16   367.0    9.5      23.769
2013   10       19    10  25    2.16   367.1    9.4      23.762
2013   10       19    10  35    2.16   367.1    9.4      23.754
2013   10       19    10  45    2.16   367.1    9.4      23.747
2013   10       19    10  56    2.16   367.2    9.4      23.740
2013   10       19    11   6    2.15   367.2    9.4      23.732
2013   10       19    11  17    2.15   367.3    9.4      23.725
2013   10       19    11  27    2.15   367.3    9.4      23.718
2013   10       19    11  37    2.15   367.3    9.4      23.710
2013   10       19    11  48    2.15   367.4    9.4      23.703
2013   10       19    11  58    2.15   367.4    9.4      23.695
2013   10       19    12   9    2.15   367.4    9.4      23.688
2013   10       19    12  19    2.15   367.5    9.4      23.680
2013   10       19    12  29    2.15   367.5    9.4      23.673
2013   10       19    12  40    2.15   367.5    9.3      23.666
2013   10       19    12  50    2.14   367.5    9.3      23.658
2013   10       19    13   1    2.14   367.6    9.3      23.651
2013   10       19    13  11    2.14   367.6    9.3      23.644
2013   10       19    13  22    2.14   367.6    9.3      23.637
2013   10       19    13  32    2.14   367.6    9.3      23.630
2013   10       19    13  42    2.14   367.7    9.3      23.623
2013   10       19    13  53    2.14   367.7    9.3      23.616
2013   10       19    14   3    2.14   367.7    9.3      23.610
2013   10       19    14  14    2.14   367.8    9.3      23.603
2013   10       19    14  24    2.14   367.8    9.3      23.597
2013   10       19    14  35    2.14   367.8    9.3      23.591
2013   10       19    14  45    2.13   367.8    9.3      23.585
2013   10       19    14  55    2.13   367.8    9.3      23.580
2013   10       19    15   6    2.13   367.9    9.3      23.574
2013   10       19    15  16    2.13   367.9    9.3      23.569
2013   10       19    15  27    2.13   367.9    9.3      23.563
2013   10       19    15  37    2.13   367.9    9.3      23.558
2013   10       19    15  48    2.13   368.0    9.3      23.554
2013   10       19    15  58    2.13   368.0    9.2      23.549
2013   10       19    16   9    2.13   368.0    9.2      23.545
2013   10       19    16  19    2.13   368.0    9.2      23.541
2013   10       19    16  30    2.13   368.0    9.2      23.537
2013   10       19    16  40    2.13   368.0    9.2      23.533
2013   10       19    16  50    2.13   368.1    9.2      23.529
2013   10       19    17   1    2.12   368.1    9.2      23.526
2013   10       19    17  11    2.12   368.1    9.2      23.523
2013   10       19    17  22    2.12   368.1    9.2      23.520
2013   10       19    17  32    2.12   368.1    9.2      23.518
2013   10       19    17  42    2.12   368.2    9.2      23.515
2013   10       19    17  53    2.12   368.2    9.2      23.513
2013   10       19    18   3    2.12   368.2    9.2      23.510
2013   10       19    18  14    2.12   368.2    9.2      23.508
2013   10       19    18  24    2.12   368.2    9.2      23.506
2013   10       19    18  34    2.12   368.2    9.2      23.504
2013   10       19    18  45    2.12   368.3    9.2      23.502
2013   10       19    18  55    2.12   368.3    9.2      23.500
2013   10       19    19   6    2.12   368.3    9.2      23.498
2013   10       19    19  16    2.12   368.3    9.2      23.496
2013   10       19    19  26    2.12   368.3    9.2      23.495
2013   10       19    19  37    2.12   368.3    9.2      23.493
2013   10       19    19  47    2.12   368.4    9.2      23.491
2013   10       19    19  58    2.12   368.4    9.2      23.489
2013   10       19    20   8    2.12   368.4    9.2      23.487
2013   10       19    20  19    2.12   368.4    9.2      23.484
2013   10       19    20  29    2.12   368.4    9.2      23.482
2013   10       19    20  39    2.12   368.4    9.2      23.480
2013   10       19    20  50    2.12   368.4    9.2      23.478
2013   10       19    21   0    2.12   368.5    9.2      23.476
2013   10       19    21  11    2.11   368.5    9.2      23.474
2013   10       19    21  21    2.11   368.5    9.2      23.472
2013   10       19    21  31    2.11   368.5    9.2      23.469
2013   10       19    21  42    2.11   368.5    9.2      23.467
2013   10       19    21  52    2.11   368.5    9.2      23.465
2013   10       19    22   3    2.11   368.5    9.2      23.463
2013   10       19    22  13    2.11   368.6    9.2      23.462
2013   10       19    22  24    2.11   368.6    9.2      23.460
2013   10       19    22  34    2.11   368.6    9.2      23.458
2013   10       19    22  45    2.11   368.6    9.2      23.456
2013   10       19    22  55    2.11   368.6    9.2      23.455
2013   10       19    23   5    2.11   368.6    9.2      23.454
2013   10       19    23  16    2.11   368.6    9.2      23.452
2013   10       19    23  26    2.11   368.7    9.2      23.451
2013   10       19    23  37    2.11   368.7    9.2      23.450
2013   10       19    23  47    2.11   368.7    9.2      23.449
2013   10       19    23  58    2.11   368.7    9.2      23.448
2013   10       20     0   8    2.11   368.7    9.2      23.447
2013   10       20     0  19    2.11   368.7    9.1      23.447
2013   10       20     0  29    2.11   368.7    9.1      23.446
2013   10       20     0  39    2.11   368.8    9.1      23.446
2013   10       20     0  50    2.11   368.8    9.1      23.445
2013   10       20     1   0    2.11   368.8    9.1      23.445
2013   10       20     1  11    2.11   368.8    9.1      23.444
2013   10       20     1  21    2.11   368.8    9.1      23.444
2013   10       20     1  31    2.11   368.8    9.1      23.444
2013   10       20     1  42    2.11   368.8    9.1      23.444
2013   10       20     1  52    2.11   368.8    9.1      23.444
2013   10       20     2   3    2.11   368.9    9.1      23.444
2013   10       20     2  13    2.11   368.9    9.1      23.445
2013   10       20     2  23    2.11   368.9    9.1      23.445
2013   10       20     2  34    2.11   368.9    9.1      23.446
2013   10       20     2  44    2.11   368.9    9.1      23.446
2013   10       20     2  55    2.11   368.9    9.1      23.447
2013   10       20     3   5    2.11   368.9    9.1      23.448
2013   10       20     3  15    2.11   368.9    9.1      23.449
2013   10       20     3  26    2.11   369.0    9.1      23.450
2013   10       20     3  36    2.11   369.0    9.1      23.451
2013   10       20     3  47    2.11   369.0    9.1      23.453
2013   10       20     3  57    2.11   369.0    9.1      23.454
2013   10       20     4   7    2.11   369.0    9.1      23.456
2013   10       20     4  18    2.11   369.0    9.1      23.458
2013   10       20     4  28    2.11   369.0    9.1      23.460
2013   10       20     4  39    2.11   369.1    9.1      23.461
2013   10       20     4  49    2.11   369.1    9.1      23.463
2013   10       20     5   0    2.11   369.1    9.1      23.465
2013   10       20     5  10    2.11   369.1    9.1      23.467
2013   10       20     5  20    2.11   369.1    9.1      23.469
2013   10       20     5  31    2.11   369.1    9.1      23.471
2013   10       20     5  41    2.11   369.2    9.1      23.473
2013   10       20     5  52    2.11   369.2    9.1      23.475
2013   10       20     6   2    2.11   369.2    9.1      23.477
2013   10       20     6  13    2.11   369.2    9.1      23.479
2013   10       20     6  23    2.11   369.2    9.1      23.480
2013   10       20     6  34    2.11   369.2    9.1      23.482
2013   10       20     6  44    2.11   369.3    9.1      23.484
2013   10       20     6  54    2.11   369.3    9.1      23.485
2013   10       20     7   5    2.11   369.3    9.1      23.487
2013   10       20     7  15    2.11   369.3    9.1      23.489
2013   10       20     7  26    2.11   369.3    9.1      23.490
2013   10       20     7  36    2.11   369.3    9.1      23.492
2013   10       20     7  47    2.11   369.4    9.1      23.494
2013   10       20     7  57    2.11   369.4    9.1      23.496
2013   10       20     8   7    2.12   369.4    9.1      23.498
2013   10       20     8  18    2.12   369.4    9.2      23.500
2013   10       20     8  28    2.12   369.4    9.2      23.503
2013   10       20     8  39    2.12   369.4    9.2      23.506
2013   10       20     8  49    2.12   369.4    9.2      23.509
2013   10       20     8  59    2.12   369.5    9.2      23.512
2013   10       20     9  10    2.12   369.5    9.2      23.516
2013   10       20     9  20    2.12   369.5    9.2      23.519
2013   10       20     9  31    2.12   369.5    9.2      23.523
2013   10       20     9  41    2.12   369.5    9.2      23.528
2013   10       20     9  51    2.12   369.6    9.2      23.532
2013   10       20    10   2    2.12   369.6    9.2      23.537
2013   10       20    10  12    2.12   369.6    9.2      23.542
2013   10       20    10  23    2.12   369.6    9.2      23.548
2013   10       20    10  33    2.12   369.7    9.2      23.553
2013   10       20    10  43    2.12   369.7    9.2      23.560
2013   10       20    10  54    2.12   369.7    9.2      23.566
2013   10       20    11   4    2.12   369.8    9.2      23.574
2013   10       20    11  15    2.12   369.8    9.2      23.581
2013   10       20    11  25    2.12   369.8    9.2      23.589
2013   10       20    11  35    2.12   369.9    9.2      23.597
2013   10       20    11  46    2.12   369.9    9.2      23.604
2013   10       20    11  56    2.12   369.9    9.2      23.611
2013   10       20    12   7    2.13   370.0    9.2      23.618
2013   10       20    12  17    2.13   370.0    9.2      23.625
2013   10       20    12  28    2.13   370.1    9.2      23.632
2013   10       20    12  38    2.13   370.1    9.2      23.638
2013   10       20    12  48    2.13   370.1    9.2      23.644
2013   10       20    12  59    2.13   370.2    9.2      23.650
2013   10       20    13   9    2.13   370.2    9.2      23.655
2013   10       20    13  20    2.13   370.2    9.2      23.660
2013   10       20    13  30    2.13   370.3    9.2      23.666
2013   10       20    13  41    2.13   370.3    9.2      23.671
2013   10       20    13  51    2.13   370.4    9.2      23.676
2013   10       20    14   2    2.13   370.4    9.2      23.680
2013   10       20    14  12    2.13   370.4    9.2      23.685
2013   10       20    14  22    2.13   370.5    9.2      23.690
2013   10       20    14  33    2.13   370.5    9.2      23.694
2013   10       20    14  43    2.13   370.5    9.2      23.699
2013   10       20    14  54    2.13   370.6    9.2      23.704
2013   10       20    15   4    2.13   370.6    9.2      23.709
2013   10       20    15  14    2.13   370.7    9.2      23.715
2013   10       20    15  25    2.13   370.7    9.2      23.720
2013   10       20    15  35    2.13   370.7    9.2      23.726
2013   10       20    15  46    2.13   370.8    9.2      23.732
2013   10       20    15  56    2.13   370.8    9.2      23.738
2013   10       20    16   6    2.13   370.8    9.2      23.744
2013   10       20    16  17    2.13   370.9    9.2      23.751
2013   10       20    16  27    2.14   370.9    9.2      23.758
2013   10       20    16  38    2.14   371.0    9.2      23.766
2013   10       20    16  48    2.14   371.0    9.2      23.773
2013   10       20    16  58    2.14   371.0    9.2      23.781
2013   10       20    17   9    2.14   371.1    9.2      23.789
2013   10       20    17  19    2.14   371.1    9.2      23.797
2013   10       20    17  30    2.14   371.2    9.2      23.805
2013   10       20    17  40    2.14   371.2    9.2      23.814
2013   10       20    17  50    2.14   371.3    9.2      23.823
2013   10       20    18   1    2.14   371.3    9.2      23.832
2013   10       20    18  11    2.14   371.4    9.2      23.842
2013   10       20    18  22    2.14   371.4    9.2      23.852
2013   10       20    18  32    2.14   371.5    9.2      23.863
2013   10       20    18  42    2.14   371.5    9.2      23.873
2013   10       20    18  53    2.14   371.6    9.2      23.884
2013   10       20    19   3    2.14   371.6    9.2      23.894
2013   10       20    19  14    2.14   371.7    9.2      23.905
2013   10       20    19  24    2.14   371.7    9.2      23.915
2013   10       20    19  35    2.14   371.8    9.2      23.925
2013   10       20    19  45    2.14   371.8    9.2      23.934
2013   10       20    19  56    2.14   371.9    9.2      23.944
2013   10       20    20   6    2.14   371.9    9.2      23.953
2013   10       20    20  16    2.14   372.0    9.2      23.963
2013   10       20    20  27    2.14   372.0    9.2      23.972
2013   10       20    20  37    2.14   372.1    9.2      23.981
2013   10       20    20  48    2.14   372.2    9.2      23.991
2013   10       20    20  58    2.14   372.2    9.2      24.000
2013   10       20    21   9    2.14   372.3    9.2      24.009
2013   10       20    21  19    2.14   372.3    9.2      24.019
2013   10       20    21  29    2.15   372.4    9.2      24.029
2013   10       20    21  40    2.15   372.4    9.2      24.039
2013   10       20    21  50    2.15   372.5    9.2      24.049
2013   10       20    22   1    2.15   372.6    9.2      24.060
2013   10       20    22  11    2.15   372.6    9.2      24.072
2013   10       20    22  22    2.15   372.7    9.2      24.084
2013   10       20    22  32    2.15   372.8    9.2      24.098
2013   10       20    22  42    2.15   372.9    9.2      24.112
2013   10       20    22  53    2.15   372.9    9.2      24.127
2013   10       20    23   3    2.15   373.0    9.2      24.141
2013   10       20    23  13    2.15   373.1    9.2      24.155
2013   10       20    23  24    2.15   373.2    9.2      24.169
2013   10       20    23  34    2.15   373.2    9.2      24.182
2013   10       20    23  45    2.15   373.3    9.2      24.195
2013   10       20    23  55    2.15   373.4    9.2      24.207
2013   10       21     0   5    2.15   373.4    9.2      24.219
2013   10       21     0  16    2.15   373.5    9.2      24.231
2013   10       21     0  26    2.15   373.6    9.2      24.243
2013   10       21     0  37    2.15   373.6    9.2      24.254
2013   10       21     0  47    2.15   373.7    9.2      24.266
2013   10       21     0  57    2.15   373.8    9.2      24.276
2013   10       21     1   8    2.15   373.8    9.2      24.287
2013   10       21     1  18    2.15   373.9    9.2      24.297
2013   10       21     1  29    2.15   374.0    9.2      24.308
2013   10       21     1  39    2.15   374.0    9.2      24.318
2013   10       21     1  49    2.15   374.1    9.2      24.327
2013   10       21     2   0    2.15   374.2    9.2      24.337
2013   10       21     2  10    2.15   374.2    9.2      24.346
2013   10       21     2  21    2.15   374.3    9.2      24.356
2013   10       21     2  31    2.15   374.3    9.2      24.365
2013   10       21     2  42    2.15   374.4    9.2      24.373
2013   10       21     2  52    2.15   374.5    9.2      24.382
2013   10       21     3   2    2.15   374.5    9.2      24.391
2013   10       21     3  13    2.15   374.6    9.2      24.399
2013   10       21     3  23    2.15   374.6    9.2      24.407
2013   10       21     3  34    2.15   374.7    9.2      24.415
2013   10       21     3  44    2.15   374.8    9.2      24.424
2013   10       21     3  55    2.15   374.8    9.2      24.432
2013   10       21     4   5    2.15   374.9    9.2      24.439
2013   10       21     4  15    2.15   374.9    9.1      24.447
2013   10       21     4  26    2.15   375.0    9.1      24.455
2013   10       21     4  36    2.15   375.1    9.1      24.463
2013   10       21     4  47    2.15   375.1    9.1      24.471
2013   10       21     4  57    2.15   375.2    9.1      24.480
2013   10       21     5   8    2.15   375.3    9.1      24.489
2013   10       21     5  18    2.15   375.3    9.1      24.498
2013   10       21     5  28    2.15   375.4    9.1      24.508
2013   10       21     5  39    2.15   375.5    9.1      24.519
2013   10       21     5  49    2.15   375.6    9.1      24.530
2013   10       21     6   0    2.15   375.6    9.1      24.543
2013   10       21     6  10    2.15   375.7    9.1      24.556
2013   10       21     6  20    2.15   375.8    9.1      24.569
2013   10       21     6  31    2.15   375.9    9.1      24.582
2013   10       21     6  41    2.15   376.0    9.1      24.594
2013   10       21     6  52    2.15   376.0    9.1      24.606
2013   10       21     7   2    2.15   376.1    9.1      24.619
2013   10       21     7  12    2.15   376.2    9.1      24.632
2013   10       21     7  23    2.15   376.3    9.1      24.645
2013   10       21     7  33    2.15   376.3    9.1      24.658
2013   10       21     7  44    2.15   376.4    9.1      24.672
2013   10       21     7  54    2.15   376.5    9.1      24.686
2013   10       21     8   4    2.15   376.6    9.1      24.700
2013   10       21     8  15    2.15   376.7    9.1      24.714
2013   10       21     8  25    2.15   376.8    9.1      24.728
2013   10       21     8  35    2.15   376.8    9.1      24.741
2013   10       21     8  46    2.15   376.9    9.1      24.753
2013   10       21     8  56    2.15   377.0    9.1      24.764
2013   10       21     9   7    2.15   377.1    9.1      24.774
2013   10       21     9  17    2.15   377.2    9.1      24.783
2013   10       21     9  28    2.15   377.3    9.1      24.791
2013   10       21     9  38    2.14   377.4    9.1      24.799
2013   10       21     9  48    2.14   377.4    9.1      24.806
2013   10       21     9  59    2.14   377.5    9.1      24.812
2013   10       21    10   9    2.14   377.6    9.1      24.817
2013   10       21    10  20    2.14   377.7    9.1      24.822
2013   10       21    10  30    2.14   377.8    9.1      24.827
2013   10       21    10  41    2.14   377.9    9.1      24.831
2013   10       21    10  51    2.14   378.0    9.1      24.834
2013   10       21    11   1    2.14   378.0    9.0      24.837
2013   10       21    11  12    2.14   378.1    9.0      24.840
2013   10       21    11  22    2.14   378.2    9.0      24.843
2013   10       21    11  33    2.14   378.3    9.0      24.845
2013   10       21    11  43    2.14   378.4    9.0      24.847
2013   10       21    11  54    2.14   378.5    9.0      24.848
2013   10       21    12   4    2.14   378.5    9.0      24.850
2013   10       21    12  14    2.14   378.6    9.0      24.851
2013   10       21    12  25    2.14   378.7    9.0      24.852
2013   10       21    12  35    2.13   378.8    9.0      24.853
2013   10       21    12  46    2.13   378.9    9.0      24.854
2013   10       21    12  56    2.13   378.9    9.0      24.856
2013   10       21    13   6    2.13   379.0    9.0      24.857
2013   10       21    13  17    2.13   379.1    9.0      24.859
2013   10       21    13  27    2.13   379.2    9.0      24.862
2013   10       21    13  38    2.13   379.3    9.0      24.865
2013   10       21    13  48    2.13   379.3    9.0      24.868
2013   10       21    13  58    2.13   379.4    8.9      24.872
2013   10       21    14   9    2.13   379.5    8.9      24.877
2013   10       21    14  19    2.13   379.6    8.9      24.883
2013   10       21    14  30    2.13   379.7    8.9      24.890
2013   10       21    14  40    2.13   379.7    8.9      24.897
2013   10       21    14  50    2.13   379.8    8.9      24.905
2013   10       21    15   1    2.13   379.9    8.9      24.913
2013   10       21    15  11    2.13   380.0    8.9      24.921
2013   10       21    15  22    2.12   380.1    8.9      24.930
2013   10       21    15  32    2.12   380.1    8.9      24.938
2013   10       21    15  42    2.12   380.2    8.9      24.947
2013   10       21    15  53    2.12   380.3    8.9      24.955
2013   10       21    16   3    2.12   380.4    8.9      24.961
2013   10       21    16  13    2.12   380.5    8.9      24.967
2013   10       21    16  24    2.12   380.6    8.9      24.971
2013   10       21    16  34    2.12   380.7    8.9      24.975
2013   10       21    16  45    2.12   380.8    8.9      24.977
2013   10       21    16  55    2.12   380.9    8.9      24.979
2013   10       21    17   6    2.12   381.0    8.9      24.980
2013   10       21    17  16    2.11   381.0    8.8      24.981
2013   10       21    17  26    2.11   381.1    8.8      24.981
2013   10       21    17  37    2.11   381.2    8.8      24.980
2013   10       21    17  47    2.11   381.3    8.8      24.979
2013   10       21    17  58    2.11   381.4    8.8      24.977
2013   10       21    18   8    2.11   381.5    8.8      24.975
2013   10       21    18  19    2.11   381.6    8.8      24.973
2013   10       21    18  29    2.11   381.7    8.8      24.970
2013   10       21    18  39    2.11   381.7    8.8      24.966
2013   10       21    18  50    2.10   381.8    8.8      24.963
2013   10       21    19   0    2.10   381.9    8.8      24.959
2013   10       21    19  11    2.10   382.0    8.8      24.955
2013   10       21    19  21    2.10   382.0    8.7      24.950
2013   10       21    19  31    2.10   382.1    8.7      24.946
2013   10       21    19  42    2.10   382.2    8.7      24.942
2013   10       21    19  52    2.10   382.3    8.7      24.937
2013   10       21    20   3    2.10   382.3    8.7      24.933
2013   10       21    20  13    2.10   382.4    8.7      24.930
2013   10       21    20  23    2.09   382.5    8.7      24.927
2013   10       21    20  34    2.09   382.6    8.7      24.924
2013   10       21    20  44    2.09   382.6    8.7      24.922
2013   10       21    20  55    2.09   382.7    8.7      24.921
2013   10       21    21   5    2.09   382.8    8.7      24.921
2013   10       21    21  15    2.09   382.9    8.7      24.922
2013   10       21    21  26    2.09   382.9    8.7      24.923
2013   10       21    21  36    2.09   383.0    8.7      24.926
2013   10       21    21  47    2.09   383.1    8.7      24.929
2013   10       21    21  57    2.08   383.2    8.7      24.932
2013   10       21    22   7    2.08   383.3    8.7      24.936
2013   10       21    22  18    2.08   383.3    8.6      24.940
2013   10       21    22  28    2.08   383.4    8.6      24.943
2013   10       21    22  39    2.08   383.5    8.6      24.945
2013   10       21    22  49    2.08   383.6    8.6      24.947
2013   10       21    22  59    2.08   383.6    8.6      24.948
2013   10       21    23  10    2.08   383.7    8.6      24.948
2013   10       21    23  20    2.07   383.8    8.6      24.948
2013   10       21    23  30    2.07   383.9    8.6      24.948
2013   10       21    23  41    2.07   383.9    8.6      24.947
2013   10       21    23  51    2.07   384.0    8.6      24.945
2013   10       22     0   2    2.07   384.1    8.6      24.944
2013   10       22     0  12    2.07   384.1    8.6      24.943
2013   10       22     0  23    2.07   384.2    8.6      24.942
2013   10       22     0  33    2.07   384.3    8.6      24.941
2013   10       22     0  43    2.07   384.3    8.6      24.940
2013   10       22     0  54    2.06   384.4    8.5      24.938
2013   10       22     1   4    2.06   384.5    8.5      24.936
2013   10       22     1  15    2.06   384.5    8.5      24.933
2013   10       22     1  25    2.06   384.6    8.5      24.931
2013   10       22     1  35    2.06   384.7    8.5      24.928
2013   10       22     1  46    2.06   384.7    8.5      24.925
2013   10       22     1  56    2.06   384.8    8.5      24.921
2013   10       22     2   7    2.06   384.8    8.5      24.918
2013   10       22     2  17    2.06   384.9    8.5      24.914
2013   10       22     2  28    2.05   385.0    8.5      24.910
2013   10       22     2  38    2.05   385.0    8.5      24.907
2013   10       22     2  48    2.05   385.1    8.5      24.903
2013   10       22     2  59    2.05   385.1    8.5      24.899
2013   10       22     3   9    2.05   385.2    8.5      24.896
2013   10       22     3  20    2.05   385.2    8.5      24.892
2013   10       22     3  30    2.05   385.3    8.5      24.889
2013   10       22     3  40    2.05   385.3    8.5      24.887
2013   10       22     3  51    2.05   385.4    8.5      24.884
2013   10       22     4   1    2.05   385.5    8.5      24.882
2013   10       22     4  12    2.04   385.5    8.5      24.881
2013   10       22     4  22    2.04   385.6    8.4      24.880
2013   10       22     4  32    2.04   385.6    8.4      24.879
2013   10       22     4  43    2.04   385.7    8.4      24.879
2013   10       22     4  53    2.04   385.7    8.4      24.879
2013   10       22     5   4    2.04   385.8    8.4      24.879
2013   10       22     5  14    2.04   385.9    8.4      24.879
2013   10       22     5  24    2.04   385.9    8.4      24.880
2013   10       22     5  35    2.04   386.0    8.4      24.879
2013   10       22     5  45    2.03   386.0    8.4      24.879
2013   10       22     5  55    2.03   386.1    8.4      24.878
2013   10       22     6   6    2.03   386.1    8.4      24.877
2013   10       22     6  16    2.03   386.2    8.4      24.875
2013   10       22     6  27    2.03   386.2    8.4      24.873
2013   10       22     6  37    2.03   386.3    8.4      24.870
2013   10       22     6  47    2.03   386.3    8.4      24.867
2013   10       22     6  58    2.03   386.4    8.4      24.864
2013   10       22     7   8    2.03   386.4    8.4      24.860
2013   10       22     7  19    2.02   386.5    8.4      24.857
2013   10       22     7  29    2.02   386.5    8.4      24.853
2013   10       22     7  39    2.02   386.6    8.4      24.848
2013   10       22     7  50    2.02   386.6    8.3      24.844
2013   10       22     8   0    2.02   386.6    8.3      24.840
2013   10       22     8  11    2.02   386.7    8.3      24.836
2013   10       22     8  21    2.02   386.7    8.3      24.831
2013   10       22     8  32    2.02   386.8    8.3      24.827
2013   10       22     8  42    2.02   386.8    8.3      24.823
2013   10       22     8  52    2.02   386.8    8.3      24.819
2013   10       22     9   3    2.01   386.9    8.3      24.815
2013   10       22     9  13    2.01   386.9    8.3      24.812
2013   10       22     9  24    2.01   387.0    8.3      24.809
2013   10       22     9  34    2.01   387.0    8.3      24.806
2013   10       22     9  44    2.01   387.0    8.3      24.804
2013   10       22     9  55    2.01   387.1    8.3      24.802
2013   10       22    10   5    2.01   387.1    8.3      24.800
2013   10       22    10  16    2.01   387.2    8.3      24.798
2013   10       22    10  26    2.01   387.2    8.3      24.797
2013   10       22    10  36    2.01   387.2    8.3      24.795
2013   10       22    10  47    2.01   387.3    8.3      24.793
2013   10       22    10  57    2.01   387.3    8.3      24.791
2013   10       22    11   8    2.01   387.3    8.3      24.789
2013   10       22    11  18    2.01   387.4    8.3      24.787
2013   10       22    11  28    2.00   387.4    8.3      24.784
2013   10       22    11  39    2.00   387.4    8.3      24.781
2013   10       22    11  49    2.00   387.5    8.3      24.778
2013   10       22    12   0    2.00   387.5    8.3      24.775
2013   10       22    12  10    2.00   387.5    8.2      24.771
2013   10       22    12  20    2.00   387.6    8.2      24.768
2013   10       22    12  31    2.00   387.6    8.2      24.763
2013   10       22    12  41    2.00   387.6    8.2      24.759
2013   10       22    12  52    2.00   387.7    8.2      24.754
2013   10       22    13   2    2.00   387.7    8.2      24.750
2013   10       22    13  12    2.00   387.7    8.2      24.745
2013   10       22    13  23    2.00   387.7    8.2      24.739
2013   10       22    13  33    2.00   387.8    8.2      24.734
2013   10       22    13  43    2.00   387.8    8.2      24.728
2013   10       22    13  54    2.00   387.8    8.2      24.722
2013   10       22    14   4    2.00   387.8    8.2      24.716
2013   10       22    14  15    2.00   387.9    8.2      24.710
2013   10       22    14  25    2.00   387.9    8.2      24.703
2013   10       22    14  35    1.99   387.9    8.2      24.697
2013   10       22    14  46    1.99   387.9    8.2      24.690
2013   10       22    14  56    1.99   387.9    8.2      24.683
2013   10       22    15   7    1.99   387.9    8.2      24.677
2013   10       22    15  17    1.99   388.0    8.2      24.670
2013   10       22    15  27    1.99   388.0    8.2      24.663
2013   10       22    15  38    1.99   388.0    8.2      24.656
2013   10       22    15  48    1.99   388.0    8.2      24.649
2013   10       22    15  59    1.99   388.0    8.1      24.642
2013   10       22    16   9    1.99   388.0    8.1      24.636
2013   10       22    16  20    1.99   388.0    8.1      24.629
2013   10       22    16  30    1.99   388.0    8.1      24.623
2013   10       22    16  40    1.99   388.0    8.1      24.616
2013   10       22    16  51    1.99   388.0    8.1      24.609
2013   10       22    17   1    1.99   388.0    8.1      24.603
2013   10       22    17  12    1.99   388.0    8.1      24.596
2013   10       22    17  22    1.99   388.0    8.1      24.590
2013   10       22    17  32    1.98   388.0    8.1      24.583
2013   10       22    17  43    1.98   388.0    8.1      24.577
2013   10       22    17  53    1.98   388.0    8.1      24.570
2013   10       22    18   4    1.98   388.0    8.1      24.564
2013   10       22    18  14    1.98   388.0    8.1      24.557
2013   10       22    18  24    1.98   388.0    8.1      24.550
2013   10       22    18  35    1.98   388.0    8.1      24.544
2013   10       22    18  45    1.98   388.0    8.1      24.537
2013   10       22    18  55    1.98   388.0    8.1      24.531
2013   10       22    19   6    1.98   387.9    8.1      24.525
2013   10       22    19  16    1.98   387.9    8.1      24.518
2013   10       22    19  27    1.98   387.9    8.1      24.512
2013   10       22    19  37    1.98   387.9    8.1      24.506
2013   10       22    19  47    1.98   387.9    8.1      24.500
2013   10       22    19  58    1.98   387.9    8.1      24.493
2013   10       22    20   8    1.98   387.8    8.1      24.487
2013   10       22    20  19    1.97   387.8    8.1      24.481
2013   10       22    20  29    1.97   387.8    8.1      24.475
2013   10       22    20  39    1.97   387.8    8.1      24.469
2013   10       22    20  50    1.97   387.8    8.1      24.462
2013   10       22    21   0    1.97   387.8    8.1      24.456
2013   10       22    21  11    1.97   387.7    8.1      24.450
2013   10       22    21  21    1.97   387.7    8.1      24.443
2013   10       22    21  31    1.97   387.7    8.1      24.437
2013   10       22    21  42    1.97   387.7    8.1      24.430
2013   10       22    21  52    1.97   387.6    8.1      24.424
2013   10       22    22   2    1.97   387.6    8.1      24.417
2013   10       22    22  13    1.97   387.6    8.1      24.410
2013   10       22    22  23    1.97   387.6    8.1      24.404
2013   10       22    22  34    1.97   387.5    8.1      24.397
2013   10       22    22  44    1.97   387.5    8.1      24.391
2013   10       22    22  55    1.96   387.5    8.1      24.384
2013   10       22    23   5    1.96   387.4    8.1      24.378
2013   10       22    23  15    1.96   387.4    8.1      24.372
2013   10       22    23  26    1.96   387.4    8.1      24.366
2013   10       22    23  36    1.96   387.4    8.1      24.359
2013   10       22    23  47    1.96   387.3    8.1      24.353
2013   10       22    23  57    1.96   387.3    8.1      24.346
2013   10       23     0   7    1.96   387.3    8.1      24.338
2013   10       23     0  18    1.96   387.3    8.1      24.330
2013   10       23     0  28    1.96   387.2    8.1      24.322
2013   10       23     0  39    1.96   387.2    8.1      24.313
2013   10       23     0  49    1.96   387.2    8.1      24.305
2013   10       23     0  59    1.96   387.1    8.0      24.296
2013   10       23     1  10    1.96   387.1    8.0      24.288
2013   10       23     1  20    1.96   387.1    8.0      24.279
2013   10       23     1  30    1.96   387.1    8.0      24.271
2013   10       23     1  41    1.96   387.0    8.0      24.263
2013   10       23     1  51    1.95   387.0    8.0      24.255
2013   10       23     2   2    1.95   387.0    8.0      24.247
2013   10       23     2  12    1.95   386.9    8.0      24.239
2013   10       23     2  22    1.95   386.9    8.0      24.231
2013   10       23     2  33    1.95   386.9    8.0      24.224
2013   10       23     2  43    1.95   386.8    8.0      24.217
2013   10       23     2  54    1.95   386.8    8.0      24.210
2013   10       23     3   4    1.95   386.8    8.0      24.203
2013   10       23     3  14    1.95   386.7    8.0      24.196
2013   10       23     3  25    1.95   386.7    8.0      24.190
2013   10       23     3  35    1.95   386.7    8.0      24.184
2013   10       23     3  46    1.95   386.6    8.0      24.178
2013   10       23     3  56    1.95   386.6    8.0      24.173
2013   10       23     4   6    1.95   386.6    8.0      24.168
2013   10       23     4  17    1.95   386.6    8.1      24.163
2013   10       23     4  27    1.95   386.5    8.1      24.158
2013   10       23     4  37    1.95   386.5    8.1      24.154
2013   10       23     4  48    1.95   386.5    8.1      24.150
2013   10       23     4  58    1.95   386.4    8.1      24.146
2013   10       23     5   9    1.95   386.4    8.1      24.143
2013   10       23     5  19    1.95   386.3    8.1      24.140
2013   10       23     5  29    1.95   386.3    8.1      24.137
2013   10       23     5  40    1.95   386.3    8.1      24.135
2013   10       23     5  50    1.95   386.2    8.1      24.133
2013   10       23     6   1    1.95   386.2    8.1      24.132
2013   10       23     6  11    1.95   386.2    8.1      24.131
2013   10       23     6  21    1.95   386.1    8.1      24.130
2013   10       23     6  32    1.95   386.1    8.1      24.128
2013   10       23     6  42    1.95   386.1    8.1      24.127
2013   10       23     6  53    1.95   386.0    8.1      24.126
2013   10       23     7   3    1.95   386.0    8.1      24.125
2013   10       23     7  13    1.95   386.0    8.1      24.124
2013   10       23     7  24    1.95   386.0    8.1      24.123
2013   10       23     7  34    1.95   385.9    8.1      24.122
2013   10       23     7  45    1.95   385.9    8.1      24.121
2013   10       23     7  55    1.95   385.9    8.1      24.119
2013   10       23     8   5    1.95   385.8    8.1      24.118
2013   10       23     8  16    1.95   385.8    8.1      24.117
2013   10       23     8  26    1.95   385.8    8.1      24.116
2013   10       23     8  37    1.95   385.7    8.1      24.114
2013   10       23     8  47    1.95   385.7    8.1      24.113
2013   10       23     8  57    1.95   385.7    8.1      24.112
2013   10       23     9   8    1.95   385.6    8.1      24.111
2013   10       23     9  18    1.95   385.6    8.1      24.110
2013   10       23     9  29    1.95   385.6    8.1      24.109
2013   10       23     9  39    1.95   385.6    8.1      24.108
2013   10       23     9  49    1.95   385.5    8.1      24.107
2013   10       23    10   0    1.95   385.5    8.1      24.106
2013   10       23    10  10    1.95   385.5    8.1      24.105
2013   10       23    10  21    1.95   385.5    8.1      24.103
2013   10       23    10  31    1.95   385.4    8.1      24.102
2013   10       23    10  41    1.95   385.4    8.1      24.101
2013   10       23    10  52    1.95   385.4    8.1      24.100
2013   10       23    11   2    1.95   385.4    8.1      24.098
2013   10       23    11  12    1.95   385.3    8.1      24.097
2013   10       23    11  23    1.95   385.3    8.1      24.095
2013   10       23    11  33    1.95   385.3    8.1      24.093
2013   10       23    11  44    1.95   385.3    8.1      24.091
2013   10       23    11  54    1.95   385.2    8.1      24.090
2013   10       23    12   4    1.95   385.2    8.1      24.088
2013   10       23    12  15    1.95   385.2    8.1      24.086
2013   10       23    12  25    1.95   385.2    8.1      24.084
2013   10       23    12  36    1.96   385.1    8.1      24.083
2013   10       23    12  46    1.96   385.1    8.2      24.081
2013   10       23    12  56    1.96   385.1    8.2      24.079
2013   10       23    13   7    1.96   385.1    8.2      24.078
2013   10       23    13  17    1.96   385.0    8.2      24.077
2013   10       23    13  28    1.96   385.0    8.2      24.075
2013   10       23    13  38    1.96   385.0    8.2      24.074
2013   10       23    13  48    1.96   385.0    8.2      24.074
2013   10       23    13  59    1.96   384.9    8.2      24.073
2013   10       23    14   9    1.96   384.9    8.2      24.073
2013   10       23    14  20    1.96   384.9    8.2      24.073
2013   10       23    14  30    1.96   384.9    8.2      24.073
2013   10       23    14  40    1.96   384.8    8.2      24.073
2013   10       23    14  51    1.96   384.8    8.2      24.074
2013   10       23    15   1    1.96   384.8    8.2      24.075
2013   10       23    15  12    1.96   384.8    8.2      24.076
2013   10       23    15  22    1.96   384.8    8.2      24.077
2013   10       23    15  32    1.96   384.7    8.2      24.079
2013   10       23    15  43    1.96   384.7    8.2      24.080
2013   10       23    15  53    1.96   384.7    8.2      24.082
2013   10       23    16   4    1.96   384.7    8.2      24.084
2013   10       23    16  14    1.96   384.7    8.2      24.086
2013   10       23    16  24    1.96   384.6    8.2      24.089
2013   10       23    16  35    1.96   384.6    8.2      24.091
2013   10       23    16  45    1.96   384.6    8.2      24.094
2013   10       23    16  56    1.96   384.6    8.2      24.097
2013   10       23    17   6    1.96   384.6    8.2      24.100
2013   10       23    17  16    1.96   384.5    8.2      24.102
2013   10       23    17  27    1.96   384.5    8.2      24.105
2013   10       23    17  37    1.96   384.5    8.2      24.107
2013   10       23    17  47    1.96   384.5    8.2      24.109
2013   10       23    17  58    1.96   384.5    8.2      24.111
2013   10       23    18   8    1.96   384.5    8.2      24.113
2013   10       23    18  19    1.96   384.4    8.2      24.114
2013   10       23    18  29    1.96   384.4    8.2      24.115
2013   10       23    18  39    1.96   384.4    8.2      24.116
2013   10       23    18  50    1.96   384.4    8.2      24.117
2013   10       23    19   0    1.96   384.4    8.2      24.117
2013   10       23    19  11    1.96   384.4    8.2      24.118
2013   10       23    19  21    1.96   384.3    8.2      24.118
2013   10       23    19  31    1.96   384.3    8.2      24.119
2013   10       23    19  42    1.96   384.3    8.2      24.119
2013   10       23    19  52    1.96   384.3    8.2      24.119
2013   10       23    20   3    1.96   384.3    8.2      24.119
2013   10       23    20  13    1.96   384.3    8.2      24.120
2013   10       23    20  23    1.96   384.2    8.2      24.120
2013   10       23    20  34    1.96   384.2    8.3      24.120
2013   10       23    20  44    1.96   384.2    8.3      24.121
2013   10       23    20  55    1.96   384.2    8.3      24.122
2013   10       23    21   5    1.96   384.2    8.3      24.123
2013   10       23    21  15    1.96   384.2    8.3      24.124
2013   10       23    21  26    1.96   384.2    8.3      24.125
2013   10       23    21  36    1.96   384.2    8.3      24.126
2013   10       23    21  47    1.97   384.1    8.3      24.127
2013   10       23    21  57    1.97   384.1    8.3      24.129
2013   10       23    22   7    1.97   384.1    8.3      24.130
2013   10       23    22  18    1.97   384.1    8.3      24.131
2013   10       23    22  28    1.97   384.1    8.3      24.132
2013   10       23    22  39    1.97   384.1    8.3      24.133
2013   10       23    22  49    1.97   384.1    8.3      24.134
2013   10       23    22  59    1.97   384.1    8.3      24.134
2013   10       23    23  10    1.97   384.0    8.3      24.135
2013   10       23    23  20    1.97   384.0    8.3      24.135
2013   10       23    23  31    1.97   384.0    8.3      24.135
2013   10       23    23  41    1.97   384.0    8.3      24.135
2013   10       23    23  51    1.97   384.0    8.3      24.135
2013   10       24     0   2    1.97   384.0    8.3      24.135
2013   10       24     0  12    1.97   384.0    8.3      24.134
2013   10       24     0  22    1.97   384.0    8.3      24.133
2013   10       24     0  33    1.97   384.0    8.3      24.133
2013   10       24     0  43    1.97   383.9    8.3      24.132
2013   10       24     0  54    1.96   383.9    8.3      24.130
2013   10       24     1   4    1.96   383.9    8.3      24.129
2013   10       24     1  14    1.96   383.9    8.3      24.127
2013   10       24     1  25    1.96   383.9    8.3      24.126
2013   10       24     1  35    1.96   383.9    8.3      24.124
2013   10       24     1  46    1.96   383.9    8.3      24.122
2013   10       24     1  56    1.96   383.8    8.3      24.120
2013   10       24     2   6    1.96   383.8    8.3      24.118
2013   10       24     2  17    1.96   383.8    8.3      24.116
2013   10       24     2  27    1.96   383.8    8.3      24.113
2013   10       24     2  38    1.96   383.8    8.3      24.111
2013   10       24     2  48    1.96   383.8    8.3      24.109
2013   10       24     2  58    1.96   383.7    8.3      24.107
2013   10       24     3   9    1.96   383.7    8.3      24.105
2013   10       24     3  19    1.96   383.7    8.3      24.103
2013   10       24     3  29    1.96   383.7    8.3      24.101
2013   10       24     3  40    1.96   383.7    8.3      24.099
2013   10       24     3  50    1.96   383.7    8.3      24.097
2013   10       24     4   1    1.96   383.6    8.3      24.096
2013   10       24     4  11    1.96   383.6    8.3      24.094
2013   10       24     4  22    1.96   383.6    8.3      24.093
2013   10       24     4  32    1.96   383.6    8.3      24.091
2013   10       24     4  42    1.96   383.6    8.3      24.090
2013   10       24     4  53    1.96   383.6    8.3      24.089
2013   10       24     5   3    1.96   383.5    8.3      24.088
2013   10       24     5  14    1.96   383.5    8.3      24.087
2013   10       24     5  24    1.96   383.5    8.3      24.085
2013   10       24     5  34    1.96   383.5    8.3      24.084
2013   10       24     5  45    1.96   383.5    8.3      24.083
2013   10       24     5  55    1.96   383.5    8.3      24.081
2013   10       24     6   6    1.96   383.4    8.3      24.080
2013   10       24     6  16    1.96   383.4    8.3      24.078
2013   10       24     6  26    1.96   383.4    8.3      24.076
2013   10       24     6  37    1.96   383.4    8.3      24.074
2013   10       24     6  47    1.96   383.4    8.3      24.071
2013   10       24     6  57    1.96   383.3    8.3      24.069
2013   10       24     7   8    1.96   383.3    8.3      24.066
2013   10       24     7  18    1.96   383.3    8.3      24.063
2013   10       24     7  29    1.96   383.3    8.3      24.060
2013   10       24     7  39    1.96   383.2    8.3      24.057
2013   10       24     7  49    1.96   383.2    8.3      24.054
2013   10       24     8   0    1.96   383.2    8.3      24.050
2013   10       24     8  10    1.95   383.2    8.3      24.046
2013   10       24     8  21    1.95   383.2    8.3      24.042
2013   10       24     8  31    1.95   383.1    8.3      24.037
2013   10       24     8  41    1.95   383.1    8.3      24.033
2013   10       24     8  52    1.95   383.1    8.2      24.028
2013   10       24     9   2    1.95   383.1    8.2      24.023
2013   10       24     9  13    1.95   383.0    8.2      24.018
2013   10       24     9  23    1.95   383.0    8.2      24.012
2013   10       24     9  33    1.95   383.0    8.2      24.007
2013   10       24     9  44    1.95   382.9    8.2      24.001
2013   10       24     9  54    1.95   382.9    8.2      23.995
2013   10       24    10   4    1.95   382.9    8.2      23.989
2013   10       24    10  15    1.95   382.8    8.2      23.983
2013   10       24    10  25    1.95   382.8    8.2      23.977
2013   10       24    10  36    1.95   382.8    8.2      23.971
2013   10       24    10  46    1.95   382.8    8.2      23.965
2013   10       24    10  56    1.95   382.7    8.2      23.959
2013   10       24    11   7    1.95   382.7    8.2      23.953
2013   10       24    11  17    1.95   382.7    8.2      23.947
2013   10       24    11  28    1.95   382.6    8.2      23.941
2013   10       24    11  38    1.95   382.6    8.2      23.935
2013   10       24    11  48    1.95   382.6    8.2      23.930
2013   10       24    11  59    1.95   382.5    8.2      23.925
2013   10       24    12   9    1.95   382.5    8.2      23.920
2013   10       24    12  20    1.94   382.5    8.2      23.916
2013   10       24    12  30    1.94   382.4    8.2      23.912
2013   10       24    12  40    1.94   382.4    8.2      23.908
2013   10       24    12  51    1.94   382.4    8.2      23.904
2013   10       24    13   1    1.94   382.3    8.2      23.901
2013   10       24    13  12    1.94   382.3    8.2      23.898
2013   10       24    13  22    1.94   382.2    8.2      23.895
2013   10       24    13  32    1.94   382.2    8.2      23.893
2013   10       24    13  43    1.94   382.2    8.2      23.891
2013   10       24    13  53    1.94   382.1    8.2      23.889
2013   10       24    14   4    1.94   382.1    8.2      23.887
2013   10       24    14  14    1.94   382.1    8.2      23.886
2013   10       24    14  24    1.94   382.0    8.2      23.886
2013   10       24    14  35    1.94   382.0    8.2      23.886
2013   10       24    14  45    1.94   382.0    8.2      23.886
2013   10       24    14  56    1.94   381.9    8.2      23.887
2013   10       24    15   6    1.94   381.9    8.2      23.887
2013   10       24    15  16    1.94   381.9    8.2      23.888
2013   10       24    15  27    1.94   381.9    8.2      23.888
2013   10       24    15  37    1.94   381.8    8.3      23.889
2013   10       24    15  48    1.94   381.8    8.3      23.890
2013   10       24    15  58    1.94   381.8    8.3      23.890
2013   10       24    16   8    1.94   381.7    8.3      23.890
2013   10       24    16  19    1.94   381.7    8.3      23.890
2013   10       24    16  29    1.94   381.7    8.3      23.891
2013   10       24    16  39    1.94   381.6    8.3      23.891
2013   10       24    16  50    1.94   381.6    8.3      23.892
2013   10       24    17   0    1.94   381.6    8.3      23.893
2013   10       24    17  11    1.94   381.6    8.3      23.894
2013   10       24    17  21    1.94   381.6    8.3      23.895
2013   10       24    17  31    1.94   381.5    8.3      23.895
2013   10       24    17  42    1.94   381.5    8.3      23.895
2013   10       24    17  52    1.94   381.5    8.3      23.896
2013   10       24    18   3    1.94   381.5    8.3      23.895
2013   10       24    18  13    1.94   381.5    8.3      23.894
2013   10       24    18  23    1.94   381.5    8.3      23.892
2013   10       24    18  34    1.94   381.5    8.3      23.890
2013   10       24    18  44    1.93   381.5    8.3      23.887
2013   10       24    18  55    1.93   381.5    8.3      23.884
2013   10       24    19   5    1.93   381.5    8.3      23.881
2013   10       24    19  15    1.93   381.5    8.3      23.877
2013   10       24    19  26    1.93   381.5    8.3      23.873
2013   10       24    19  36    1.93   381.5    8.3      23.869
2013   10       24    19  47    1.93   381.4    8.3      23.865
2013   10       24    19  57    1.93   381.4    8.3      23.861
2013   10       24    20   7    1.93   381.4    8.3      23.857
2013   10       24    20  18    1.93   381.4    8.3      23.852
2013   10       24    20  28    1.93   381.4    8.3      23.848
2013   10       24    20  39    1.93   381.4    8.3      23.844
2013   10       24    20  49    1.93   381.4    8.2      23.841
2013   10       24    20  59    1.93   381.4    8.2      23.837
2013   10       24    21  10    1.93   381.4    8.2      23.834
2013   10       24    21  20    1.93   381.4    8.2      23.831
2013   10       24    21  31    1.93   381.5    8.2      23.828
2013   10       24    21  41    1.93   381.5    8.2      23.826
2013   10       24    21  51    1.92   381.5    8.2      23.824
2013   10       24    22   2    1.92   381.5    8.2      23.822
2013   10       24    22  12    1.92   381.5    8.2      23.821
2013   10       24    22  23    1.92   381.5    8.2      23.819
2013   10       24    22  33    1.92   381.5    8.2      23.818
2013   10       24    22  43    1.92   381.5    8.2      23.816
2013   10       24    22  54    1.92   381.5    8.2      23.815
2013   10       24    23   4    1.92   381.5    8.2      23.813
2013   10       24    23  14    1.92   381.5    8.2      23.811
2013   10       24    23  25    1.92   381.5    8.2      23.809
2013   10       24    23  35    1.92   381.5    8.2      23.807
2013   10       24    23  46    1.92   381.5    8.2      23.805
2013   10       24    23  56    1.92   381.5    8.2      23.804
2013   10       25     0   6    1.91   381.5    8.2      23.802
2013   10       25     0  17    1.91   381.5    8.2      23.801
2013   10       25     0  27    1.91   381.5    8.2      23.800
2013   10       25     0  38    1.91   381.5    8.2      23.799
2013   10       25     0  48    1.91   381.6    8.2      23.797
2013   10       25     0  58    1.91   381.6    8.2      23.795
2013   10       25     1   9    1.91   381.6    8.2      23.792
2013   10       25     1  19    1.91   381.6    8.2      23.789
2013   10       25     1  30    1.91   381.6    8.2      23.785
2013   10       25     1  40    1.91   381.7    8.2      23.780
2013   10       25     1  50    1.90   381.7    8.2      23.774
2013   10       25     2   1    1.90   381.7    8.2      23.768
2013   10       25     2  11    1.90   381.7    8.2      23.761
2013   10       25     2  22    1.90   381.7    8.2      23.753
2013   10       25     2  32    1.90   381.8    8.1      23.744
2013   10       25     2  42    1.90   381.8    8.1      23.734
2013   10       25     2  53    1.90   381.8    8.1      23.724
2013   10       25     3   3    1.89   381.8    8.1      23.713
2013   10       25     3  14    1.89   381.9    8.1      23.701
2013   10       25     3  24    1.89   381.9    8.1      23.689
2013   10       25     3  34    1.89   381.9    8.1      23.676
2013   10       25     3  45    1.89   381.9    8.1      23.663
2013   10       25     3  55    1.88   382.0    8.1      23.649
2013   10       25     4   6    1.88   382.0    8.1      23.634
2013   10       25     4  16    1.88   382.0    8.1      23.619
2013   10       25     4  26    1.88   382.0    8.0      23.604
2013   10       25     4  37    1.88   382.1    8.0      23.588
2013   10       25     4  47    1.87   382.1    8.0      23.572
2013   10       25     4  57    1.87   382.1    8.0      23.555
2013   10       25     5   8    1.87   382.1    8.0      23.538
2013   10       25     5  18    1.87   382.1    8.0      23.520
2013   10       25     5  29    1.87   382.2    8.0      23.502
2013   10       25     5  39    1.86   382.2    8.0      23.484
2013   10       25     5  49    1.86   382.2    8.0      23.465
2013   10       25     6   0    1.86   382.2    7.9      23.446
2013   10       25     6  10    1.86   382.2    7.9      23.427
2013   10       25     6  21    1.85   382.2    7.9      23.407
2013   10       25     6  31    1.85   382.2    7.9      23.387
2013   10       25     6  41    1.85   382.2    7.9      23.366
2013   10       25     6  52    1.85   382.3    7.9      23.345
2013   10       25     7   2    1.84   382.3    7.9      23.324
2013   10       25     7  13    1.84   382.3    7.8      23.303
2013   10       25     7  23    1.84   382.3    7.8      23.281
2013   10       25     7  33    1.84   382.3    7.8      23.259
2013   10       25     7  44    1.83   382.3    7.8      23.236
2013   10       25     7  54    1.83   382.3    7.8      23.213
2013   10       25     8   4    1.83   382.3    7.8      23.190
2013   10       25     8  15    1.83   382.2    7.8      23.166
2013   10       25     8  25    1.82   382.2    7.8      23.142
2013   10       25     8  36    1.82   382.2    7.7      23.118
2013   10       25     8  46    1.82   382.2    7.7      23.093
2013   10       25     8  56    1.82   382.2    7.7      23.068
2013   10       25     9   7    1.81   382.2    7.7      23.042
2013   10       25     9  17    1.81   382.2    7.7      23.017
2013   10       25     9  28    1.81   382.2    7.7      22.991
2013   10       25     9  38    1.80   382.1    7.7      22.964
2013   10       25     9  49    1.80   382.1    7.7      22.938
2013   10       25     9  59    1.80   382.1    7.6      22.911
2013   10       25    10   9    1.79   382.1    7.6      22.883
2013   10       25    10  20    1.79   382.1    7.6      22.856
2013   10       25    10  30    1.79   382.0    7.6      22.828
2013   10       25    10  40    1.79   382.0    7.6      22.800
2013   10       25    10  51    1.78   382.0    7.6      22.771
2013   10       25    11   1    1.78   382.0    7.6      22.743
2013   10       25    11  12    1.78   381.9    7.5      22.714
2013   10       25    11  22    1.77   381.9    7.5      22.685
2013   10       25    11  32    1.77   381.9    7.5      22.656
2013   10       25    11  43    1.77   381.8    7.5      22.627
2013   10       25    11  53    1.76   381.8    7.5      22.598
2013   10       25    12   4    1.76   381.7    7.5      22.569
2013   10       25    12  14    1.76   381.7    7.5      22.540
2013   10       25    12  24    1.75   381.7    7.5      22.511
2013   10       25    12  35    1.75   381.6    7.4      22.481
2013   10       25    12  45    1.75   381.6    7.4      22.452
2013   10       25    12  56    1.75   381.5    7.4      22.423
2013   10       25    13   6    1.74   381.5    7.4      22.394
2013   10       25    13  16    1.74   381.4    7.4      22.365
2013   10       25    13  27    1.74   381.4    7.4      22.336
2013   10       25    13  37    1.73   381.3    7.4      22.306
2013   10       25    13  47    1.73   381.3    7.4      22.277
2013   10       25    13  58    1.73   381.2    7.4      22.247
2013   10       25    14   8    1.72   381.2    7.3      22.218
2013   10       25    14  19    1.72   381.1    7.3      22.188
2013   10       25    14  29    1.72   381.1    7.3      22.157
2013   10       25    14  39    1.71   381.0    7.3      22.127
2013   10       25    14  50    1.71   380.9    7.3      22.096
2013   10       25    15   0    1.71   380.9    7.3      22.065
2013   10       25    15  11    1.70   380.8    7.3      22.035
2013   10       25    15  21    1.70   380.7    7.3      22.003
2013   10       25    15  31    1.70   380.7    7.3      21.972
2013   10       25    15  42    1.70   380.6    7.3      21.941
2013   10       25    15  52    1.69   380.5    7.2      21.910
2013   10       25    16   3    1.69   380.5    7.2      21.878
2013   10       25    16  13    1.69   380.4    7.2      21.847
2013   10       25    16  23    1.68   380.3    7.2      21.815
2013   10       25    16  34    1.68   380.2    7.2      21.783
2013   10       25    16  44    1.68   380.2    7.2      21.751
2013   10       25    16  55    1.67   380.1    7.2      21.720
2013   10       25    17   5    1.67   380.0    7.2      21.688
2013   10       25    17  15    1.67   379.9    7.2      21.656
2013   10       25    17  26    1.66   379.9    7.1      21.624
2013   10       25    17  36    1.66   379.8    7.1      21.593
2013   10       25    17  47    1.66   379.7    7.1      21.561
2013   10       25    17  57    1.65   379.6    7.1      21.529
2013   10       25    18   7    1.65   379.5    7.1      21.498
2013   10       25    18  18    1.65   379.4    7.1      21.466
2013   10       25    18  28    1.65   379.3    7.1      21.435
2013   10       25    18  39    1.64   379.2    7.1      21.404
2013   10       25    18  49    1.64   379.1    7.1      21.373
2013   10       25    18  59    1.64   379.0    7.1      21.342
2013   10       25    19  10    1.63   379.0    7.1      21.312
2013   10       25    19  20    1.63   378.9    7.0      21.282
2013   10       25    19  31    1.63   378.8    7.0      21.252
2013   10       25    19  41    1.62   378.7    7.0      21.223
2013   10       25    19  51    1.62   378.6    7.0      21.194
2013   10       25    20   2    1.62   378.5    7.0      21.165
2013   10       25    20  12    1.62   378.4    7.0      21.136
2013   10       25    20  23    1.61   378.3    7.0      21.108
2013   10       25    20  33    1.61   378.2    7.0      21.081
2013   10       25    20  43    1.61   378.1    7.0      21.053
2013   10       25    20  54    1.60   378.0    7.0      21.026
2013   10       25    21   4    1.60   377.8    7.0      20.999
2013   10       25    21  14    1.60   377.7    7.0      20.971
2013   10       25    21  25    1.60   377.6    7.0      20.945
2013   10       25    21  35    1.59   377.5    7.0      20.917
2013   10       25    21  46    1.59   377.4    7.0      20.890
2013   10       25    21  56    1.59   377.3    6.9      20.863
2013   10       25    22   6    1.59   377.2    6.9      20.836
2013   10       25    22  17    1.58   377.1    6.9      20.809
2013   10       25    22  27    1.58   377.0    6.9      20.781
2013   10       25    22  38    1.58   376.9    6.9      20.754
2013   10       25    22  48    1.57   376.7    6.9      20.726
2013   10       25    22  58    1.57   376.6    6.9      20.698
2013   10       25    23   9    1.57   376.5    6.9      20.670
2013   10       25    23  19    1.57   376.4    6.9      20.642
2013   10       25    23  30    1.56   376.3    6.9      20.614
2013   10       25    23  40    1.56   376.1    6.9      20.586
2013   10       25    23  50    1.56   376.0    6.9      20.558
2013   10       26     0   1    1.55   375.9    6.9      20.529
2013   10       26     0  11    1.55   375.8    6.9      20.501
2013   10       26     0  22    1.55   375.6    6.9      20.472
2013   10       26     0  32    1.55   375.5    6.9      20.443
2013   10       26     0  42    1.54   375.4    6.8      20.414
2013   10       26     0  53    1.54   375.3    6.8      20.386
2013   10       26     1   3    1.54   375.1    6.8      20.357
2013   10       26     1  14    1.53   375.0    6.8      20.328
2013   10       26     1  24    1.53   374.9    6.8      20.298
2013   10       26     1  34    1.53   374.8    6.8      20.269
2013   10       26     1  45    1.53   374.6    6.8      20.240
2013   10       26     1  55    1.52   374.5    6.8      20.210
2013   10       26     2   6    1.52   374.4    6.8      20.180
2013   10       26     2  16    1.52   374.2    6.8      20.151
2013   10       26     2  26    1.52   374.1    6.8      20.121
2013   10       26     2  37    1.51   374.0    6.8      20.091
2013   10       26     2  47    1.51   373.8    6.8      20.061
2013   10       26     2  58    1.51   373.7    6.8      20.031
2013   10       26     3   8    1.50   373.6    6.8      20.001
2013   10       26     3  18    1.50   373.4    6.8      19.972
2013   10       26     3  29    1.50   373.3    6.7      19.942
2013   10       26     3  39    1.50   373.1    6.7      19.912
2013   10       26     3  49    1.49   373.0    6.7      19.882
2013   10       26     4   0    1.49   372.8    6.7      19.853
2013   10       26     4  10    1.49   372.7    6.7      19.823
2013   10       26     4  21    1.49   372.5    6.7      19.794
2013   10       26     4  31    1.48   372.4    6.7      19.765
2013   10       26     4  41    1.48   372.2    6.7      19.736
2013   10       26     4  52    1.48   372.1    6.7      19.706
2013   10       26     5   2    1.48   371.9    6.7      19.677
2013   10       26     5  13    1.47   371.8    6.7      19.648
2013   10       26     5  23    1.47   371.6    6.7      19.619
2013   10       26     5  33    1.47   371.5    6.7      19.590
2013   10       26     5  44    1.47   371.3    6.7      19.560
2013   10       26     5  54    1.46   371.2    6.7      19.531
2013   10       26     6   5    1.46   371.0    6.7      19.501
2013   10       26     6  15    1.46   370.8    6.7      19.471
2013   10       26     6  25    1.46   370.7    6.7      19.441
2013   10       26     6  36    1.45   370.5    6.7      19.411
2013   10       26     6  46    1.45   370.4    6.6      19.381
2013   10       26     6  57    1.45   370.2    6.6      19.350
2013   10       26     7   7    1.45   370.0    6.6      19.319
2013   10       26     7  17    1.44   369.9    6.6      19.288
2013   10       26     7  28    1.44   369.7    6.6      19.257
2013   10       26     7  38    1.44   369.5    6.6      19.226
2013   10       26     7  49    1.44   369.3    6.6      19.194
2013   10       26     7  59    1.43   369.2    6.6      19.163
2013   10       26     8   9    1.43   369.0    6.6      19.131
2013   10       26     8  20    1.43   368.8    6.6      19.099
2013   10       26     8  30    1.43   368.7    6.6      19.067
2013   10       26     8  41    1.42   368.5    6.6      19.034
2013   10       26     8  51    1.42   368.3    6.6      19.002
2013   10       26     9   1    1.42   368.1    6.6      18.969
2013   10       26     9  12    1.42   368.0    6.6      18.937
2013   10       26     9  22    1.41   367.8    6.6      18.904
2013   10       26     9  33    1.41   367.6    6.6      18.871
2013   10       26     9  43    1.41   367.4    6.6      18.837
2013   10       26     9  53    1.41   367.2    6.6      18.804
2013   10       26    10   4    1.40   367.0    6.5      18.771
2013   10       26    10  14    1.40   366.9    6.5      18.737
2013   10       26    10  24    1.40   366.7    6.5      18.704
2013   10       26    10  35    1.40   366.5    6.5      18.670
2013   10       26    10  45    1.39   366.3    6.5      18.636
2013   10       26    10  56    1.39   366.1    6.5      18.602
2013   10       26    11   6    1.39   365.9    6.5      18.569
2013   10       26    11  16    1.39   365.7    6.5      18.535
2013   10       26    11  27    1.38   365.5    6.5      18.501
2013   10       26    11  37    1.38   365.3    6.5      18.467
2013   10       26    11  48    1.38   365.1    6.5      18.434
2013   10       26    11  58    1.38   364.9    6.5      18.400
2013   10       26    12   8    1.37   364.7    6.5      18.367
2013   10       26    12  19    1.37   364.5    6.5      18.333
2013   10       26    12  29    1.37   364.3    6.5      18.300
2013   10       26    12  39    1.37   364.1    6.5      18.267
2013   10       26    12  50    1.37   363.9    6.5      18.234
2013   10       26    13   0    1.36   363.7    6.5      18.201
2013   10       26    13  11    1.36   363.5    6.5      18.168
2013   10       26    13  21    1.36   363.3    6.5      18.135
2013   10       26    13  31    1.36   363.1    6.5      18.102
2013   10       26    13  42    1.36   362.8    6.5      18.070
2013   10       26    13  52    1.35   362.6    6.4      18.037
2013   10       26    14   3    1.35   362.4    6.4      18.005
2013   10       26    14  13    1.35   362.2    6.4      17.972
2013   10       26    14  23    1.35   362.0    6.4      17.940
2013   10       26    14  34    1.35   361.8    6.4      17.907
2013   10       26    14  44    1.34   361.5    6.4      17.875
2013   10       26    14  55    1.34   361.3    6.4      17.843
2013   10       26    15   5    1.34   361.1    6.4      17.811
2013   10       26    15  16    1.34   360.9    6.4      17.778
2013   10       26    15  26    1.34   360.7    6.4      17.746
2013   10       26    15  36    1.33   360.4    6.4      17.714
2013   10       26    15  47    1.33   360.2    6.4      17.682
2013   10       26    15  57    1.33   360.0    6.4      17.649
2013   10       26    16   7    1.33   359.8    6.4      17.617
2013   10       26    16  18    1.33   359.5    6.4      17.585
2013   10       26    16  28    1.32   359.3    6.4      17.553
2013   10       26    16  39    1.32   359.1    6.4      17.521
2013   10       26    16  49    1.32   358.9    6.4      17.489
2013   10       26    16  59    1.32   358.6    6.4      17.457
2013   10       26    17  10    1.32   358.4    6.4      17.425
2013   10       26    17  20    1.32   358.2    6.4      17.393
2013   10       26    17  31    1.31   357.9    6.4      17.361
2013   10       26    17  41    1.31   357.7    6.4      17.329
2013   10       26    17  51    1.31   357.5    6.4      17.297
2013   10       26    18   2    1.31   357.2    6.4      17.265
2013   10       26    18  12    1.31   357.0    6.4      17.233
2013   10       26    18  23    1.30   356.8    6.4      17.200
2013   10       26    18  33    1.30   356.5    6.4      17.168
2013   10       26    18  43    1.30   356.3    6.4      17.136
2013   10       26    18  54    1.30   356.1    6.4      17.103
2013   10       26    19   4    1.30   355.8    6.4      17.071
2013   10       26    19  14    1.30   355.6    6.4      17.038
2013   10       26    19  25    1.29   355.3    6.4      17.006
2013   10       26    19  35    1.29   355.1    6.4      16.974
2013   10       26    19  46    1.29   354.9    6.4      16.941
2013   10       26    19  56    1.29   354.6    6.4      16.909
2013   10       26    20   6    1.29   354.4    6.4      16.877
2013   10       26    20  17    1.29   354.1    6.4      16.845
2013   10       26    20  27    1.29   353.9    6.4      16.813
2013   10       26    20  38    1.28   353.6    6.4      16.781
2013   10       26    20  48    1.28   353.4    6.4      16.749
2013   10       26    20  58    1.28   353.2    6.4      16.718
2013   10       26    21   9    1.28   352.9    6.4      16.686
2013   10       26    21  19    1.28   352.7    6.4      16.655
2013   10       26    21  30    1.28   352.4    6.4      16.624
2013   10       26    21  40    1.28   352.2    6.4      16.593
2013   10       26    21  50    1.27   351.9    6.4      16.562
2013   10       26    22   1    1.27   351.7    6.4      16.532
2013   10       26    22  11    1.27   351.5    6.4      16.501
2013   10       26    22  22    1.27   351.2    6.4      16.471
2013   10       26    22  32    1.27   351.0    6.4      16.440
2013   10       26    22  42    1.27   350.7    6.4      16.410
2013   10       26    22  53    1.27   350.5    6.4      16.380
2013   10       26    23   3    1.27   350.2    6.4      16.350
2013   10       26    23  14    1.26   350.0    6.4      16.320
2013   10       26    23  24    1.26   349.7    6.4      16.290
2013   10       26    23  34    1.26   349.5    6.4      16.261
2013   10       26    23  45    1.26   349.2    6.4      16.231
2013   10       26    23  55    1.26   348.9    6.4      16.202
2013   10       27     0   6    1.26   348.7    6.4      16.174
