year    month   day   hour  minute  B_enl V_enl   n_enl       T_enl
[year] [month] [day] [hour][minute] [nT]  [km/s]  [cm-3]      [kK]
2013   10        8     0   0    1.14   404.0    6.8      23.057
2013   10        8     0  11    1.14   404.0    6.8      23.039
2013   10        8     0  23    1.14   403.9    6.8      23.021
2013   10        8     0  35    1.14   403.8    6.8      23.003
2013   10        8     0  47    1.14   403.7    6.8      22.985
2013   10        8     0  59    1.13   403.6    6.8      22.967
2013   10        8     1  10    1.13   403.5    6.8      22.950
2013   10        8     1  22    1.13   403.4    6.8      22.933
2013   10        8     1  34    1.13   403.3    6.8      22.916
2013   10        8     1  46    1.13   403.2    6.8      22.898
2013   10        8     1  58    1.13   403.1    6.8      22.882
2013   10        8     2  10    1.13   403.0    6.8      22.865
2013   10        8     2  21    1.13   402.9    6.8      22.849
2013   10        8     2  33    1.13   402.8    6.8      22.833
2013   10        8     2  45    1.13   402.7    6.8      22.816
2013   10        8     2  57    1.13   402.7    6.8      22.799
2013   10        8     3   8    1.13   402.6    6.8      22.782
2013   10        8     3  20    1.13   402.5    6.8      22.764
2013   10        8     3  32    1.13   402.4    6.8      22.745
2013   10        8     3  44    1.13   402.3    6.8      22.726
2013   10        8     3  55    1.12   402.2    6.8      22.707
2013   10        8     4   7    1.12   402.1    6.8      22.688
2013   10        8     4  19    1.12   402.0    6.8      22.668
2013   10        8     4  31    1.12   401.9    6.8      22.648
2013   10        8     4  42    1.12   401.8    6.8      22.628
2013   10        8     4  54    1.12   401.7    6.8      22.607
2013   10        8     5   6    1.12   401.7    6.8      22.587
2013   10        8     5  18    1.12   401.6    6.8      22.566
2013   10        8     5  29    1.12   401.5    6.8      22.545
2013   10        8     5  41    1.12   401.4    6.8      22.523
2013   10        8     5  53    1.12   401.3    6.8      22.502
2013   10        8     6   5    1.12   401.2    6.8      22.480
2013   10        8     6  16    1.11   401.1    6.7      22.458
2013   10        8     6  28    1.11   401.0    6.7      22.436
2013   10        8     6  40    1.11   400.9    6.7      22.415
2013   10        8     6  52    1.11   400.8    6.7      22.393
2013   10        8     7   3    1.11   400.7    6.7      22.371
2013   10        8     7  15    1.11   400.6    6.7      22.349
2013   10        8     7  27    1.11   400.5    6.7      22.327
2013   10        8     7  39    1.11   400.4    6.7      22.306
2013   10        8     7  51    1.11   400.3    6.7      22.285
2013   10        8     8   2    1.11   400.3    6.7      22.264
2013   10        8     8  14    1.11   400.2    6.7      22.243
2013   10        8     8  26    1.11   400.1    6.7      22.223
2013   10        8     8  38    1.10   400.0    6.7      22.203
2013   10        8     8  50    1.10   399.9    6.7      22.184
2013   10        8     9   1    1.10   399.8    6.7      22.165
2013   10        8     9  13    1.10   399.7    6.7      22.146
2013   10        8     9  25    1.10   399.6    6.7      22.128
2013   10        8     9  37    1.10   399.5    6.7      22.110
2013   10        8     9  49    1.10   399.4    6.7      22.092
2013   10        8    10   1    1.10   399.3    6.7      22.074
2013   10        8    10  12    1.10   399.2    6.7      22.055
2013   10        8    10  24    1.10   399.1    6.7      22.035
2013   10        8    10  36    1.10   399.0    6.7      22.015
2013   10        8    10  48    1.09   398.9    6.7      21.994
2013   10        8    10  59    1.09   398.9    6.7      21.973
2013   10        8    11  11    1.09   398.8    6.7      21.952
2013   10        8    11  23    1.09   398.7    6.7      21.930
2013   10        8    11  34    1.09   398.6    6.7      21.908
2013   10        8    11  46    1.09   398.5    6.7      21.885
2013   10        8    11  58    1.09   398.4    6.7      21.862
2013   10        8    12  10    1.09   398.3    6.7      21.838
2013   10        8    12  21    1.09   398.2    6.6      21.814
2013   10        8    12  33    1.09   398.1    6.6      21.790
2013   10        8    12  45    1.08   398.0    6.6      21.765
2013   10        8    12  57    1.08   397.9    6.6      21.740
2013   10        8    13   8    1.08   397.8    6.6      21.715
2013   10        8    13  20    1.08   397.7    6.6      21.689
2013   10        8    13  32    1.08   397.6    6.6      21.663
2013   10        8    13  44    1.08   397.5    6.6      21.637
2013   10        8    13  55    1.08   397.4    6.6      21.610
2013   10        8    14   7    1.08   397.3    6.6      21.584
2013   10        8    14  19    1.07   397.2    6.6      21.557
2013   10        8    14  31    1.07   397.1    6.6      21.530
2013   10        8    14  43    1.07   397.0    6.6      21.503
2013   10        8    14  54    1.07   396.9    6.6      21.475
2013   10        8    15   6    1.07   396.8    6.6      21.448
2013   10        8    15  18    1.07   396.7    6.6      21.420
2013   10        8    15  30    1.07   396.6    6.6      21.393
2013   10        8    15  42    1.07   396.5    6.5      21.365
2013   10        8    15  53    1.06   396.4    6.5      21.337
2013   10        8    16   5    1.06   396.3    6.5      21.310
2013   10        8    16  17    1.06   396.2    6.5      21.282
2013   10        8    16  29    1.06   396.1    6.5      21.254
2013   10        8    16  41    1.06   396.0    6.5      21.227
2013   10        8    16  53    1.06   395.9    6.5      21.199
2013   10        8    17   4    1.06   395.8    6.5      21.171
2013   10        8    17  16    1.05   395.6    6.5      21.144
2013   10        8    17  28    1.05   395.5    6.5      21.117
2013   10        8    17  40    1.05   395.4    6.5      21.089
2013   10        8    17  51    1.05   395.3    6.5      21.062
2013   10        8    18   3    1.05   395.2    6.5      21.034
2013   10        8    18  15    1.05   395.1    6.5      21.007
2013   10        8    18  27    1.05   395.0    6.5      20.979
2013   10        8    18  38    1.05   394.8    6.5      20.951
2013   10        8    18  50    1.04   394.7    6.5      20.923
2013   10        8    19   2    1.04   394.6    6.4      20.894
2013   10        8    19  13    1.04   394.5    6.4      20.866
2013   10        8    19  25    1.04   394.4    6.4      20.837
2013   10        8    19  37    1.04   394.2    6.4      20.807
2013   10        8    19  49    1.04   394.1    6.4      20.777
2013   10        8    20   0    1.04   394.0    6.4      20.747
2013   10        8    20  12    1.03   393.9    6.4      20.716
2013   10        8    20  24    1.03   393.7    6.4      20.686
2013   10        8    20  36    1.03   393.6    6.4      20.654
2013   10        8    20  47    1.03   393.5    6.4      20.622
2013   10        8    20  59    1.03   393.3    6.4      20.590
2013   10        8    21  11    1.03   393.2    6.4      20.558
2013   10        8    21  23    1.03   393.1    6.4      20.525
2013   10        8    21  35    1.02   392.9    6.4      20.492
2013   10        8    21  46    1.02   392.8    6.4      20.459
2013   10        8    21  58    1.02   392.6    6.4      20.425
2013   10        8    22  10    1.02   392.5    6.3      20.391
2013   10        8    22  22    1.02   392.4    6.3      20.357
2013   10        8    22  34    1.02   392.2    6.3      20.322
2013   10        8    22  45    1.02   392.1    6.3      20.288
2013   10        8    22  57    1.01   391.9    6.3      20.253
2013   10        8    23   9    1.01   391.8    6.3      20.218
2013   10        8    23  21    1.01   391.6    6.3      20.184
2013   10        8    23  33    1.01   391.5    6.3      20.149
2013   10        8    23  45    1.01   391.3    6.3      20.115
2013   10        8    23  56    1.01   391.2    6.3      20.081
2013   10        9     0   8    1.01   391.0    6.3      20.047
2013   10        9     0  20    1.00   390.9    6.3      20.013
2013   10        9     0  32    1.00   390.7    6.3      19.980
2013   10        9     0  44    1.00   390.5    6.3      19.947
2013   10        9     0  55    1.00   390.4    6.3      19.914
2013   10        9     1   7    1.00   390.2    6.3      19.882
2013   10        9     1  19    1.00   390.1    6.3      19.850
2013   10        9     1  30    1.00   389.9    6.3      19.819
2013   10        9     1  42    0.99   389.8    6.2      19.787
2013   10        9     1  54    0.99   389.6    6.2      19.756
2013   10        9     2   6    0.99   389.4    6.2      19.725
2013   10        9     2  17    0.99   389.3    6.2      19.694
2013   10        9     2  29    0.99   389.1    6.2      19.663
2013   10        9     2  41    0.99   389.0    6.2      19.632
2013   10        9     2  53    0.99   388.8    6.2      19.601
2013   10        9     3   4    0.99   388.6    6.2      19.569
2013   10        9     3  16    0.98   388.5    6.2      19.538
2013   10        9     3  28    0.98   388.3    6.2      19.506
2013   10        9     3  40    0.98   388.1    6.2      19.474
2013   10        9     3  51    0.98   387.9    6.2      19.442
2013   10        9     4   3    0.98   387.8    6.2      19.410
2013   10        9     4  15    0.98   387.6    6.2      19.377
2013   10        9     4  27    0.98   387.4    6.2      19.345
2013   10        9     4  38    0.98   387.2    6.2      19.311
2013   10        9     4  50    0.97   387.1    6.2      19.278
2013   10        9     5   2    0.97   386.9    6.2      19.244
2013   10        9     5  14    0.97   386.7    6.2      19.210
2013   10        9     5  26    0.97   386.5    6.2      19.176
2013   10        9     5  37    0.97   386.3    6.2      19.142
2013   10        9     5  49    0.97   386.1    6.2      19.107
2013   10        9     6   1    0.97   386.0    6.1      19.072
2013   10        9     6  13    0.97   385.8    6.1      19.037
2013   10        9     6  25    0.96   385.6    6.1      19.002
2013   10        9     6  36    0.96   385.4    6.1      18.967
2013   10        9     6  48    0.96   385.2    6.1      18.932
2013   10        9     7   0    0.96   385.0    6.1      18.897
2013   10        9     7  12    0.96   384.8    6.1      18.862
2013   10        9     7  24    0.96   384.6    6.1      18.827
2013   10        9     7  36    0.96   384.4    6.1      18.792
2013   10        9     7  47    0.96   384.2    6.1      18.758
2013   10        9     7  59    0.96   384.1    6.1      18.724
2013   10        9     8  11    0.95   383.9    6.1      18.690
2013   10        9     8  23    0.95   383.7    6.1      18.657
2013   10        9     8  34    0.95   383.5    6.1      18.623
2013   10        9     8  46    0.95   383.3    6.1      18.590
2013   10        9     8  58    0.95   383.1    6.1      18.558
2013   10        9     9  10    0.95   382.9    6.1      18.525
2013   10        9     9  21    0.95   382.7    6.1      18.493
2013   10        9     9  33    0.95   382.5    6.1      18.461
2013   10        9     9  45    0.95   382.3    6.1      18.429
2013   10        9     9  56    0.94   382.1    6.1      18.397
2013   10        9    10   8    0.94   381.9    6.1      18.366
2013   10        9    10  20    0.94   381.7    6.1      18.335
2013   10        9    10  32    0.94   381.5    6.1      18.304
2013   10        9    10  43    0.94   381.3    6.1      18.274
2013   10        9    10  55    0.94   381.1    6.1      18.243
2013   10        9    11   7    0.94   380.9    6.1      18.213
2013   10        9    11  19    0.94   380.7    6.1      18.184
2013   10        9    11  30    0.94   380.5    6.1      18.154
2013   10        9    11  42    0.94   380.2    6.1      18.125
2013   10        9    11  54    0.94   380.0    6.1      18.097
2013   10        9    12   6    0.93   379.8    6.1      18.068
2013   10        9    12  17    0.93   379.6    6.1      18.040
2013   10        9    12  29    0.93   379.4    6.1      18.012
2013   10        9    12  41    0.93   379.2    6.1      17.984
2013   10        9    12  53    0.93   379.0    6.1      17.956
2013   10        9    13   5    0.93   378.8    6.1      17.929
2013   10        9    13  16    0.93   378.5    6.1      17.901
2013   10        9    13  28    0.93   378.3    6.1      17.874
2013   10        9    13  40    0.93   378.1    6.1      17.847
2013   10        9    13  52    0.93   377.9    6.1      17.819
2013   10        9    14   4    0.93   377.7    6.1      17.792
2013   10        9    14  15    0.93   377.5    6.1      17.764
2013   10        9    14  27    0.92   377.2    6.1      17.735
2013   10        9    14  39    0.92   377.0    6.1      17.707
2013   10        9    14  51    0.92   376.8    6.0      17.678
2013   10        9    15   2    0.92   376.6    6.0      17.649
2013   10        9    15  14    0.92   376.4    6.0      17.620
2013   10        9    15  26    0.92   376.2    6.0      17.590
2013   10        9    15  38    0.92   376.0    6.0      17.561
2013   10        9    15  49    0.92   375.7    6.0      17.532
2013   10        9    16   1    0.92   375.5    6.0      17.502
2013   10        9    16  13    0.92   375.3    6.0      17.473
2013   10        9    16  24    0.92   375.1    6.0      17.443
2013   10        9    16  36    0.92   374.9    6.0      17.414
2013   10        9    16  48    0.91   374.7    6.0      17.385
2013   10        9    17   0    0.91   374.4    6.0      17.356
2013   10        9    17  11    0.91   374.2    6.0      17.327
2013   10        9    17  23    0.91   374.0    6.0      17.299
2013   10        9    17  35    0.91   373.8    6.0      17.271
2013   10        9    17  47    0.91   373.6    6.0      17.243
2013   10        9    17  58    0.91   373.4    6.0      17.215
2013   10        9    18  10    0.91   373.2    6.0      17.188
2013   10        9    18  22    0.91   372.9    6.0      17.161
2013   10        9    18  34    0.91   372.7    6.0      17.134
2013   10        9    18  45    0.91   372.5    6.0      17.108
2013   10        9    18  57    0.91   372.3    6.0      17.082
2013   10        9    19   9    0.91   372.1    6.0      17.056
2013   10        9    19  21    0.91   371.9    6.0      17.031
2013   10        9    19  32    0.91   371.7    6.0      17.006
2013   10        9    19  44    0.90   371.4    6.0      16.982
2013   10        9    19  56    0.90   371.2    6.0      16.958
2013   10        9    20   8    0.90   371.0    6.0      16.934
2013   10        9    20  19    0.90   370.8    6.0      16.911
2013   10        9    20  31    0.90   370.5    6.0      16.889
2013   10        9    20  43    0.90   370.3    6.0      16.867
2013   10        9    20  55    0.90   370.1    6.0      16.845
2013   10        9    21   7    0.90   369.9    6.0      16.824
2013   10        9    21  19    0.90   369.6    6.0      16.803
2013   10        9    21  30    0.90   369.4    6.0      16.782
2013   10        9    21  42    0.90   369.2    6.0      16.760
2013   10        9    21  54    0.90   369.0    6.0      16.740
2013   10        9    22   6    0.90   368.7    6.0      16.719
2013   10        9    22  17    0.90   368.5    6.1      16.698
2013   10        9    22  29    0.90   368.3    6.1      16.678
2013   10        9    22  41    0.90   368.1    6.1      16.658
2013   10        9    22  53    0.90   367.9    6.1      16.637
2013   10        9    23   4    0.90   367.6    6.1      16.617
2013   10        9    23  16    0.90   367.4    6.1      16.597
2013   10        9    23  28    0.90   367.2    6.1      16.576
2013   10        9    23  39    0.90   367.0    6.1      16.556
2013   10        9    23  51    0.89   366.7    6.1      16.536
2013   10       10     0   3    0.89   366.5    6.1      16.515
2013   10       10     0  15    0.89   366.3    6.1      16.495
2013   10       10     0  26    0.89   366.1    6.1      16.474
2013   10       10     0  38    0.89   365.8    6.1      16.453
2013   10       10     0  50    0.89   365.6    6.1      16.432
2013   10       10     1   2    0.89   365.4    6.1      16.411
2013   10       10     1  13    0.89   365.2    6.1      16.390
2013   10       10     1  25    0.89   364.9    6.1      16.369
2013   10       10     1  37    0.89   364.7    6.1      16.348
2013   10       10     1  49    0.89   364.5    6.1      16.327
2013   10       10     2   0    0.89   364.3    6.1      16.306
2013   10       10     2  12    0.89   364.0    6.1      16.285
2013   10       10     2  24    0.89   363.8    6.1      16.263
2013   10       10     2  36    0.89   363.6    6.1      16.242
2013   10       10     2  47    0.89   363.3    6.1      16.221
2013   10       10     2  59    0.89   363.1    6.1      16.199
2013   10       10     3  11    0.89   362.9    6.1      16.178
2013   10       10     3  23    0.89   362.6    6.1      16.157
2013   10       10     3  35    0.89   362.4    6.1      16.135
2013   10       10     3  47    0.89   362.2    6.1      16.114
2013   10       10     3  58    0.89   361.9    6.1      16.093
2013   10       10     4  10    0.89   361.7    6.1      16.072
2013   10       10     4  22    0.89   361.5    6.1      16.052
2013   10       10     4  34    0.89   361.2    6.1      16.031
2013   10       10     4  46    0.88   361.0    6.1      16.011
2013   10       10     4  58    0.88   360.7    6.1      15.991
2013   10       10     5  10    0.88   360.5    6.1      15.971
2013   10       10     5  22    0.88   360.3    6.1      15.951
2013   10       10     5  34    0.88   360.0    6.1      15.932
2013   10       10     5  46    0.88   359.8    6.1      15.913
2013   10       10     5  58    0.88   359.5    6.1      15.894
2013   10       10     6   9    0.88   359.3    6.1      15.876
2013   10       10     6  21    0.88   359.0    6.1      15.858
2013   10       10     6  33    0.88   358.8    6.2      15.840
2013   10       10     6  45    0.88   358.5    6.2      15.823
2013   10       10     6  57    0.88   358.3    6.2      15.806
2013   10       10     7   9    0.88   358.1    6.2      15.789
2013   10       10     7  21    0.88   357.8    6.2      15.773
2013   10       10     7  33    0.88   357.6    6.2      15.757
2013   10       10     7  44    0.88   357.3    6.2      15.741
2013   10       10     7  56    0.88   357.0    6.2      15.726
2013   10       10     8   8    0.88   356.8    6.2      15.712
2013   10       10     8  20    0.88   356.5    6.2      15.698
2013   10       10     8  32    0.88   356.3    6.2      15.684
2013   10       10     8  43    0.88   356.0    6.2      15.671
2013   10       10     8  55    0.88   355.8    6.2      15.659
2013   10       10     9   7    0.88   355.5    6.3      15.648
2013   10       10     9  19    0.88   355.3    6.3      15.637
2013   10       10     9  30    0.88   355.0    6.3      15.626
2013   10       10     9  42    0.88   354.8    6.3      15.616
2013   10       10     9  54    0.89   354.5    6.3      15.606
2013   10       10    10   6    0.89   354.3    6.3      15.597
2013   10       10    10  18    0.89   354.0    6.3      15.588
2013   10       10    10  29    0.89   353.8    6.3      15.580
2013   10       10    10  41    0.89   353.5    6.3      15.571
2013   10       10    10  53    0.89   353.3    6.4      15.563
2013   10       10    11   5    0.89   353.0    6.4      15.555
2013   10       10    11  17    0.89   352.8    6.4      15.547
2013   10       10    11  29    0.89   352.5    6.4      15.539
2013   10       10    11  40    0.89   352.2    6.4      15.531
2013   10       10    11  52    0.89   352.0    6.4      15.523
2013   10       10    12   4    0.89   351.7    6.4      15.515
2013   10       10    12  16    0.89   351.5    6.4      15.507
2013   10       10    12  28    0.89   351.2    6.5      15.499
2013   10       10    12  40    0.89   351.0    6.5      15.490
2013   10       10    12  52    0.89   350.7    6.5      15.481
2013   10       10    13   4    0.89   350.4    6.5      15.473
2013   10       10    13  16    0.90   350.2    6.5      15.464
2013   10       10    13  28    0.90   349.9    6.5      15.455
2013   10       10    13  39    0.90   349.7    6.5      15.447
2013   10       10    13  51    0.90   349.4    6.5      15.438
2013   10       10    14   3    0.90   349.1    6.6      15.430
2013   10       10    14  15    0.90   348.9    6.6      15.422
2013   10       10    14  27    0.90   348.6    6.6      15.414
2013   10       10    14  39    0.90   348.4    6.6      15.406
2013   10       10    14  51    0.90   348.1    6.6      15.399
2013   10       10    15   2    0.90   347.8    6.6      15.393
2013   10       10    15  14    0.90   347.6    6.6      15.387
2013   10       10    15  26    0.91   347.3    6.7      15.381
2013   10       10    15  38    0.91   347.1    6.7      15.376
2013   10       10    15  50    0.91   346.8    6.7      15.372
2013   10       10    16   1    0.91   346.6    6.7      15.368
2013   10       10    16  13    0.91   346.3    6.7      15.365
2013   10       10    16  25    0.91   346.1    6.8      15.363
2013   10       10    16  37    0.91   345.8    6.8      15.362
2013   10       10    16  48    0.92   345.6    6.8      15.362
2013   10       10    17   0    0.92   345.3    6.8      15.362
2013   10       10    17  12    0.92   345.1    6.8      15.363
2013   10       10    17  24    0.92   344.8    6.9      15.365
2013   10       10    17  36    0.92   344.6    6.9      15.368
2013   10       10    17  47    0.93   344.3    6.9      15.372
2013   10       10    17  59    0.93   344.1    6.9      15.377
2013   10       10    18  11    0.93   343.8    7.0      15.383
2013   10       10    18  23    0.93   343.6    7.0      15.389
2013   10       10    18  35    0.93   343.4    7.0      15.397
2013   10       10    18  47    0.94   343.1    7.0      15.405
2013   10       10    18  58    0.94   342.9    7.1      15.415
2013   10       10    19  10    0.94   342.6    7.1      15.426
2013   10       10    19  22    0.94   342.4    7.1      15.437
2013   10       10    19  34    0.95   342.2    7.2      15.450
2013   10       10    19  46    0.95   341.9    7.2      15.463
2013   10       10    19  58    0.95   341.7    7.2      15.478
2013   10       10    20  10    0.96   341.4    7.3      15.494
2013   10       10    20  22    0.96   341.2    7.3      15.511
2013   10       10    20  34    0.96   341.0    7.3      15.529
2013   10       10    20  46    0.96   340.7    7.4      15.547
2013   10       10    20  57    0.97   340.5    7.4      15.566
2013   10       10    21   9    0.97   340.3    7.4      15.586
2013   10       10    21  21    0.97   340.1    7.5      15.606
2013   10       10    21  33    0.98   339.9    7.5      15.627
2013   10       10    21  45    0.98   339.6    7.6      15.649
2013   10       10    21  57    0.98   339.4    7.6      15.672
2013   10       10    22   8    0.99   339.2    7.6      15.695
2013   10       10    22  20    0.99   339.0    7.7      15.718
2013   10       10    22  32    0.99   338.8    7.7      15.743
2013   10       10    22  44    1.00   338.6    7.7      15.768
2013   10       10    22  56    1.00   338.4    7.8      15.793
2013   10       10    23   7    1.00   338.2    7.8      15.819
2013   10       10    23  19    1.01   338.0    7.9      15.846
2013   10       10    23  31    1.01   337.8    7.9      15.873
2013   10       10    23  43    1.02   337.6    8.0      15.901
2013   10       10    23  54    1.02   337.4    8.0      15.929
2013   10       11     0   6    1.02   337.2    8.0      15.958
2013   10       11     0  18    1.03   337.1    8.1      15.987
2013   10       11     0  30    1.03   336.9    8.1      16.018
2013   10       11     0  42    1.04   336.7    8.2      16.049
2013   10       11     0  53    1.04   336.5    8.2      16.081
2013   10       11     1   5    1.05   336.4    8.3      16.114
2013   10       11     1  17    1.05   336.2    8.3      16.149
2013   10       11     1  29    1.05   336.1    8.4      16.186
2013   10       11     1  41    1.06   335.9    8.4      16.226
2013   10       11     1  53    1.07   335.8    8.5      16.269
2013   10       11     2   4    1.07   335.7    8.5      16.316
2013   10       11     2  16    1.08   335.6    8.6      16.366
2013   10       11     2  28    1.08   335.5    8.7      16.423
2013   10       11     2  40    1.09   335.4    8.7      16.483
2013   10       11     2  52    1.09   335.4    8.8      16.547
2013   10       11     3   4    1.10   335.3    8.8      16.612
2013   10       11     3  16    1.10   335.2    8.9      16.676
2013   10       11     3  28    1.11   335.2    8.9      16.738
2013   10       11     3  39    1.11   335.1    9.0      16.800
2013   10       11     3  51    1.12   335.1    9.0      16.860
2013   10       11     4   3    1.12   335.0    9.1      16.919
2013   10       11     4  15    1.13   334.9    9.1      16.976
2013   10       11     4  27    1.13   334.9    9.2      17.033
2013   10       11     4  39    1.14   334.8    9.2      17.089
2013   10       11     4  51    1.14   334.8    9.3      17.144
2013   10       11     5   2    1.15   334.7    9.3      17.199
2013   10       11     5  14    1.15   334.7    9.4      17.253
2013   10       11     5  26    1.15   334.7    9.4      17.306
2013   10       11     5  38    1.16   334.6    9.5      17.359
2013   10       11     5  50    1.16   334.6    9.5      17.412
2013   10       11     6   1    1.17   334.5    9.6      17.464
2013   10       11     6  13    1.17   334.5    9.6      17.516
2013   10       11     6  25    1.18   334.5    9.7      17.568
2013   10       11     6  37    1.18   334.4    9.7      17.620
2013   10       11     6  48    1.19   334.4    9.8      17.673
2013   10       11     7   0    1.19   334.4    9.8      17.725
2013   10       11     7  12    1.20   334.3    9.9      17.778
2013   10       11     7  24    1.20   334.3   10.0      17.832
2013   10       11     7  36    1.21   334.3   10.0      17.888
2013   10       11     7  47    1.21   334.3   10.1      17.944
2013   10       11     7  59    1.22   334.2   10.1      18.002
2013   10       11     8  11    1.22   334.2   10.2      18.062
2013   10       11     8  23    1.23   334.2   10.3      18.126
2013   10       11     8  35    1.24   334.2   10.3      18.195
2013   10       11     8  46    1.24   334.2   10.4      18.268
2013   10       11     8  58    1.25   334.3   10.5      18.345
2013   10       11     9  10    1.25   334.4   10.6      18.430
2013   10       11     9  22    1.26   334.5   10.7      18.522
2013   10       11     9  34    1.27   334.6   10.7      18.623
2013   10       11     9  46    1.27   334.8   10.8      18.731
2013   10       11     9  57    1.28   335.0   10.9      18.844
2013   10       11    10   9    1.28   335.1   10.9      18.955
2013   10       11    10  21    1.29   335.3   11.0      19.063
2013   10       11    10  33    1.30   335.4   11.1      19.166
2013   10       11    10  45    1.30   335.6   11.1      19.265
2013   10       11    10  57    1.30   335.8   11.1      19.360
2013   10       11    11   9    1.31   335.9   11.2      19.452
2013   10       11    11  21    1.31   336.1   11.2      19.540
2013   10       11    11  32    1.32   336.2   11.3      19.625
2013   10       11    11  44    1.32   336.4   11.3      19.707
2013   10       11    11  56    1.33   336.5   11.3      19.787
2013   10       11    12   8    1.33   336.6   11.4      19.864
2013   10       11    12  20    1.33   336.8   11.4      19.938
2013   10       11    12  31    1.34   336.9   11.4      20.010
2013   10       11    12  43    1.34   337.0   11.5      20.080
2013   10       11    12  55    1.34   337.2   11.5      20.148
2013   10       11    13   7    1.35   337.3   11.5      20.214
2013   10       11    13  19    1.35   337.4   11.5      20.279
2013   10       11    13  30    1.35   337.6   11.6      20.342
2013   10       11    13  42    1.36   337.7   11.6      20.404
2013   10       11    13  54    1.36   337.8   11.6      20.465
2013   10       11    14   6    1.36   337.9   11.6      20.525
2013   10       11    14  17    1.37   338.1   11.7      20.584
2013   10       11    14  29    1.37   338.2   11.7      20.643
2013   10       11    14  41    1.37   338.3   11.7      20.701
2013   10       11    14  53    1.38   338.5   11.8      20.760
2013   10       11    15   5    1.38   338.6   11.8      20.819
2013   10       11    15  16    1.38   338.7   11.8      20.877
2013   10       11    15  28    1.39   338.9   11.9      20.937
2013   10       11    15  40    1.39   339.0   11.9      21.000
2013   10       11    15  52    1.39   339.2   11.9      21.064
2013   10       11    16   4    1.40   339.3   12.0      21.131
2013   10       11    16  15    1.40   339.5   12.0      21.199
2013   10       11    16  27    1.40   339.6   12.0      21.273
2013   10       11    16  39    1.41   339.8   12.1      21.351
2013   10       11    16  51    1.41   340.1   12.1      21.434
2013   10       11    17   3    1.41   340.3   12.2      21.523
2013   10       11    17  15    1.42   340.5   12.2      21.613
2013   10       11    17  27    1.42   340.7   12.2      21.702
2013   10       11    17  38    1.42   341.0   12.3      21.788
2013   10       11    17  50    1.43   341.2   12.3      21.874
2013   10       11    18   2    1.43   341.4   12.3      21.959
2013   10       11    18  14    1.43   341.6   12.4      22.044
2013   10       11    18  26    1.43   341.8   12.4      22.131
2013   10       11    18  38    1.44   342.1   12.4      22.220
2013   10       11    18  49    1.44   342.3   12.4      22.309
2013   10       11    19   1    1.44   342.5   12.5      22.400
2013   10       11    19  13    1.44   342.8   12.5      22.495
2013   10       11    19  25    1.45   343.1   12.5      22.592
2013   10       11    19  37    1.45   343.3   12.5      22.690
2013   10       11    19  48    1.45   343.6   12.6      22.791
2013   10       11    20   0    1.46   343.9   12.6      22.886
2013   10       11    20  12    1.46   344.2   12.6      22.977
2013   10       11    20  24    1.46   344.5   12.6      23.063
2013   10       11    20  36    1.46   344.8   12.6      23.143
2013   10       11    20  47    1.46   345.0   12.6      23.219
2013   10       11    20  59    1.46   345.3   12.6      23.289
2013   10       11    21  11    1.47   345.6   12.6      23.355
2013   10       11    21  23    1.47   345.8   12.6      23.418
2013   10       11    21  34    1.47   346.1   12.6      23.476
2013   10       11    21  46    1.47   346.4   12.6      23.531
2013   10       11    21  58    1.47   346.6   12.6      23.583
2013   10       11    22  10    1.47   346.9   12.6      23.632
2013   10       11    22  22    1.47   347.1   12.6      23.678
2013   10       11    22  33    1.47   347.3   12.6      23.722
2013   10       11    22  45    1.47   347.6   12.5      23.764
2013   10       11    22  57    1.47   347.8   12.5      23.804
2013   10       11    23   9    1.47   348.0   12.5      23.842
2013   10       11    23  21    1.47   348.3   12.5      23.880
2013   10       11    23  32    1.47   348.5   12.5      23.915
2013   10       11    23  44    1.47   348.7   12.5      23.950
2013   10       11    23  56    1.47   348.9   12.5      23.984
2013   10       12     0   8    1.47   349.2   12.4      24.018
2013   10       12     0  20    1.47   349.4   12.4      24.051
2013   10       12     0  32    1.47   349.6   12.4      24.084
2013   10       12     0  43    1.47   349.8   12.4      24.117
2013   10       12     0  55    1.47   350.0   12.4      24.151
2013   10       12     1   7    1.47   350.2   12.4      24.185
2013   10       12     1  19    1.47   350.4   12.4      24.220
2013   10       12     1  31    1.47   350.6   12.4      24.256
2013   10       12     1  43    1.47   350.8   12.4      24.296
2013   10       12     1  54    1.47   351.0   12.4      24.338
2013   10       12     2   6    1.48   351.2   12.4      24.383
2013   10       12     2  18    1.48   351.4   12.4      24.432
2013   10       12     2  30    1.48   351.6   12.4      24.486
2013   10       12     2  42    1.48   351.9   12.4      24.545
2013   10       12     2  53    1.48   352.1   12.4      24.610
2013   10       12     3   5    1.48   352.4   12.4      24.679
2013   10       12     3  17    1.48   352.7   12.4      24.749
2013   10       12     3  29    1.48   352.9   12.4      24.818
2013   10       12     3  41    1.48   353.2   12.4      24.889
2013   10       12     3  52    1.48   353.5   12.4      24.958
2013   10       12     4   4    1.48   353.8   12.4      25.027
2013   10       12     4  16    1.48   354.1   12.4      25.098
2013   10       12     4  28    1.48   354.4   12.4      25.167
2013   10       12     4  39    1.48   354.7   12.4      25.234
2013   10       12     4  51    1.49   355.1   12.4      25.297
2013   10       12     5   3    1.48   355.4   12.4      25.352
2013   10       12     5  15    1.48   355.8   12.4      25.399
2013   10       12     5  26    1.48   356.1   12.4      25.439
2013   10       12     5  38    1.48   356.4   12.4      25.472
2013   10       12     5  50    1.48   356.7   12.3      25.498
2013   10       12     6   2    1.48   357.0   12.3      25.520
2013   10       12     6  14    1.48   357.3   12.3      25.537
2013   10       12     6  25    1.48   357.6   12.2      25.552
2013   10       12     6  37    1.48   357.8   12.2      25.564
2013   10       12     6  49    1.47   358.1   12.2      25.575
2013   10       12     7   1    1.47   358.3   12.1      25.584
2013   10       12     7  13    1.47   358.5   12.1      25.593
2013   10       12     7  25    1.47   358.8   12.0      25.601
2013   10       12     7  36    1.47   359.0   12.0      25.609
2013   10       12     7  48    1.46   359.3   12.0      25.616
2013   10       12     8   0    1.46   359.5   11.9      25.623
2013   10       12     8  12    1.46   359.7   11.9      25.630
2013   10       12     8  24    1.46   360.0   11.9      25.635
2013   10       12     8  36    1.46   360.2   11.8      25.640
2013   10       12     8  47    1.45   360.5   11.8      25.644
2013   10       12     8  59    1.45   360.7   11.7      25.647
2013   10       12     9  11    1.45   360.9   11.7      25.649
2013   10       12     9  23    1.45   361.2   11.7      25.651
2013   10       12     9  35    1.44   361.4   11.6      25.652
2013   10       12     9  46    1.44   361.6   11.6      25.653
2013   10       12     9  58    1.44   361.9   11.6      25.655
2013   10       12    10  10    1.44   362.1   11.5      25.657
2013   10       12    10  22    1.44   362.3   11.5      25.660
2013   10       12    10  34    1.44   362.5   11.5      25.666
2013   10       12    10  45    1.43   362.8   11.5      25.676
2013   10       12    10  57    1.43   363.0   11.4      25.689
2013   10       12    11   9    1.43   363.3   11.4      25.706
2013   10       12    11  21    1.43   363.5   11.4      25.727
2013   10       12    11  32    1.43   363.8   11.4      25.753
2013   10       12    11  44    1.43   364.1   11.4      25.782
2013   10       12    11  56    1.43   364.4   11.4      25.811
2013   10       12    12   8    1.42   364.8   11.3      25.839
2013   10       12    12  19    1.42   365.1   11.3      25.861
2013   10       12    12  31    1.42   365.4   11.3      25.875
2013   10       12    12  43    1.42   365.8   11.2      25.883
2013   10       12    12  55    1.41   366.1   11.2      25.883
2013   10       12    13   7    1.41   366.4   11.2      25.877
2013   10       12    13  18    1.41   366.7   11.1      25.864
2013   10       12    13  30    1.41   366.9   11.1      25.846
2013   10       12    13  42    1.40   367.2   11.0      25.823
2013   10       12    13  54    1.40   367.4   11.0      25.796
2013   10       12    14   6    1.40   367.7   10.9      25.765
2013   10       12    14  17    1.39   367.9   10.8      25.729
2013   10       12    14  29    1.39   368.1   10.8      25.692
2013   10       12    14  41    1.38   368.3   10.7      25.653
2013   10       12    14  53    1.38   368.5   10.7      25.615
2013   10       12    15   5    1.38   368.7   10.6      25.578
2013   10       12    15  17    1.37   368.9   10.6      25.541
2013   10       12    15  28    1.37   369.1   10.5      25.505
2013   10       12    15  40    1.36   369.3   10.5      25.469
2013   10       12    15  52    1.36   369.5   10.4      25.434
2013   10       12    16   4    1.35   369.8   10.4      25.398
2013   10       12    16  16    1.35   370.0   10.3      25.361
2013   10       12    16  27    1.35   370.2   10.3      25.325
2013   10       12    16  39    1.34   370.4   10.2      25.288
2013   10       12    16  51    1.34   370.6   10.2      25.251
2013   10       12    17   3    1.34   370.9   10.1      25.214
2013   10       12    17  14    1.33   371.1   10.1      25.177
2013   10       12    17  26    1.33   371.3   10.1      25.139
2013   10       12    17  38    1.33   371.5   10.0      25.101
2013   10       12    17  50    1.32   371.8   10.0      25.063
2013   10       12    18   2    1.32   372.0    9.9      25.026
2013   10       12    18  13    1.32   372.2    9.9      24.989
2013   10       12    18  25    1.31   372.5    9.8      24.953
2013   10       12    18  37    1.31   372.7    9.8      24.917
2013   10       12    18  49    1.31   373.0    9.7      24.883
2013   10       12    19   0    1.30   373.2    9.7      24.849
2013   10       12    19  12    1.30   373.4    9.7      24.815
2013   10       12    19  24    1.30   373.7    9.6      24.779
2013   10       12    19  36    1.29   373.9    9.6      24.740
2013   10       12    19  47    1.29   374.1    9.5      24.698
2013   10       12    19  59    1.29   374.3    9.5      24.654
2013   10       12    20  11    1.28   374.5    9.4      24.603
2013   10       12    20  23    1.28   374.7    9.4      24.547
2013   10       12    20  35    1.28   374.9    9.3      24.488
2013   10       12    20  46    1.27   375.0    9.3      24.426
2013   10       12    20  58    1.27   375.1    9.3      24.367
2013   10       12    21  10    1.27   375.2    9.2      24.313
2013   10       12    21  22    1.26   375.4    9.2      24.262
2013   10       12    21  33    1.26   375.5    9.2      24.216
2013   10       12    21  45    1.26   375.6    9.1      24.173
2013   10       12    21  57    1.26   375.7    9.1      24.134
2013   10       12    22   9    1.26   375.7    9.1      24.100
2013   10       12    22  21    1.25   375.8    9.1      24.068
2013   10       12    22  33    1.25   375.9    9.1      24.041
2013   10       12    22  44    1.25   376.0    9.0      24.019
2013   10       12    22  56    1.25   376.1    9.0      24.002
2013   10       12    23   8    1.25   376.3    9.0      23.990
2013   10       12    23  20    1.25   376.4    9.0      23.984
2013   10       12    23  32    1.25   376.6    9.0      23.982
2013   10       12    23  43    1.25   376.8    9.0      23.981
2013   10       12    23  55    1.25   377.0    9.0      23.978
2013   10       13     0   7    1.25   377.3    9.0      23.972
2013   10       13     0  19    1.26   377.5    9.0      23.962
2013   10       13     0  30    1.26   377.7    9.0      23.948
2013   10       13     0  42    1.26   377.9    9.0      23.932
2013   10       13     0  54    1.26   378.0    9.0      23.912
2013   10       13     1   6    1.26   378.2    9.0      23.892
2013   10       13     1  17    1.26   378.3    9.0      23.870
2013   10       13     1  29    1.26   378.4    9.0      23.848
2013   10       13     1  41    1.27   378.5    8.9      23.823
2013   10       13     1  53    1.27   378.5    8.9      23.795
2013   10       13     2   4    1.27   378.6    8.9      23.765
2013   10       13     2  16    1.27   378.7    8.9      23.733
2013   10       13     2  28    1.27   378.8    8.9      23.697
2013   10       13     2  40    1.28   378.9    8.9      23.658
2013   10       13     2  52    1.28   378.9    8.8      23.615
2013   10       13     3   3    1.28   379.0    8.8      23.569
2013   10       13     3  15    1.28   379.1    8.8      23.518
2013   10       13     3  27    1.28   379.1    8.8      23.463
2013   10       13     3  39    1.28   379.1    8.8      23.403
2013   10       13     3  50    1.29   379.1    8.7      23.340
2013   10       13     4   2    1.29   379.1    8.7      23.273
2013   10       13     4  14    1.29   379.1    8.7      23.205
2013   10       13     4  26    1.29   379.0    8.7      23.137
2013   10       13     4  38    1.29   379.0    8.6      23.068
2013   10       13     4  49    1.29   378.9    8.6      22.999
2013   10       13     5   1    1.29   378.9    8.6      22.930
2013   10       13     5  13    1.29   378.8    8.5      22.860
2013   10       13     5  25    1.28   378.7    8.5      22.789
2013   10       13     5  37    1.28   378.6    8.5      22.719
2013   10       13     5  48    1.28   378.5    8.5      22.648
2013   10       13     6   0    1.28   378.4    8.4      22.577
2013   10       13     6  12    1.28   378.3    8.4      22.507
2013   10       13     6  24    1.28   378.2    8.4      22.436
2013   10       13     6  36    1.28   378.1    8.4      22.367
2013   10       13     6  47    1.27   378.0    8.3      22.297
2013   10       13     6  59    1.27   377.9    8.3      22.229
2013   10       13     7  11    1.27   377.7    8.3      22.161
2013   10       13     7  23    1.27   377.6    8.3      22.093
2013   10       13     7  34    1.26   377.5    8.2      22.026
2013   10       13     7  46    1.26   377.4    8.2      21.959
2013   10       13     7  58    1.26   377.2    8.2      21.893
2013   10       13     8  10    1.26   377.1    8.2      21.827
2013   10       13     8  21    1.25   376.9    8.1      21.762
2013   10       13     8  33    1.25   376.8    8.1      21.697
2013   10       13     8  45    1.25   376.7    8.1      21.633
2013   10       13     8  57    1.24   376.5    8.1      21.570
2013   10       13     9   8    1.24   376.3    8.0      21.506
2013   10       13     9  20    1.23   376.2    8.0      21.444
2013   10       13     9  32    1.23   376.0    8.0      21.381
2013   10       13     9  44    1.22   375.8    8.0      21.320
2013   10       13     9  55    1.22   375.7    7.9      21.258
2013   10       13    10   7    1.22   375.5    7.9      21.198
2013   10       13    10  19    1.21   375.3    7.9      21.138
2013   10       13    10  31    1.20   375.1    7.9      21.079
2013   10       13    10  42    1.20   374.9    7.8      21.019
2013   10       13    10  54    1.19   374.7    7.8      20.961
2013   10       13    11   6    1.19   374.5    7.8      20.904
2013   10       13    11  18    1.18   374.3    7.8      20.848
2013   10       13    11  30    1.18   374.0    7.8      20.793
2013   10       13    11  41    1.17   373.8    7.8      20.742
2013   10       13    11  53    1.17   373.6    7.7      20.692
2013   10       13    12   5    1.16   373.4    7.7      20.645
2013   10       13    12  17    1.15   373.2    7.7      20.601
2013   10       13    12  29    1.15   373.1    7.7      20.560
2013   10       13    12  40    1.14   372.9    7.7      20.522
2013   10       13    12  52    1.14   372.7    7.7      20.486
2013   10       13    13   4    1.13   372.5    7.7      20.452
2013   10       13    13  16    1.12   372.4    7.7      20.419
2013   10       13    13  28    1.12   372.2    7.6      20.386
2013   10       13    13  39    1.11   372.0    7.6      20.353
2013   10       13    13  51    1.10   371.8    7.6      20.321
2013   10       13    14   3    1.10   371.7    7.6      20.290
2013   10       13    14  15    1.09   371.5    7.6      20.260
2013   10       13    14  26    1.09   371.4    7.6      20.230
2013   10       13    14  38    1.08   371.2    7.6      20.200
2013   10       13    14  50    1.08   371.0    7.6      20.172
2013   10       13    15   2    1.07   370.9    7.6      20.144
2013   10       13    15  13    1.07   370.7    7.6      20.116
2013   10       13    15  25    1.06   370.6    7.5      20.090
2013   10       13    15  37    1.06   370.4    7.5      20.064
2013   10       13    15  49    1.05   370.3    7.5      20.038
2013   10       13    16   0    1.05   370.1    7.5      20.014
2013   10       13    16  12    1.04   369.9    7.5      19.990
2013   10       13    16  24    1.04   369.8    7.5      19.967
2013   10       13    16  36    1.03   369.6    7.5      19.944
2013   10       13    16  47    1.03   369.5    7.5      19.922
2013   10       13    16  59    1.03   369.3    7.5      19.900
2013   10       13    17  11    1.02   369.2    7.5      19.879
2013   10       13    17  23    1.02   369.0    7.5      19.857
2013   10       13    17  34    1.02   368.9    7.5      19.836
2013   10       13    17  46    1.01   368.7    7.5      19.815
2013   10       13    17  58    1.01   368.6    7.5      19.794
2013   10       13    18  10    1.01   368.4    7.5      19.772
2013   10       13    18  21    1.01   368.3    7.5      19.750
2013   10       13    18  33    1.00   368.1    7.4      19.727
2013   10       13    18  45    1.00   368.0    7.4      19.705
2013   10       13    18  57    1.00   367.8    7.4      19.681
2013   10       13    19   9    1.00   367.7    7.4      19.658
2013   10       13    19  20    0.99   367.5    7.4      19.634
2013   10       13    19  32    0.99   367.4    7.4      19.610
2013   10       13    19  44    0.99   367.2    7.4      19.586
2013   10       13    19  56    0.99   367.1    7.4      19.561
2013   10       13    20   8    0.99   366.9    7.4      19.536
2013   10       13    20  19    0.98   366.8    7.4      19.511
2013   10       13    20  31    0.98   366.6    7.4      19.485
2013   10       13    20  43    0.98   366.5    7.4      19.460
2013   10       13    20  55    0.98   366.3    7.4      19.434
2013   10       13    21   6    0.98   366.2    7.4      19.408
2013   10       13    21  18    0.98   366.0    7.4      19.383
2013   10       13    21  30    0.98   365.9    7.4      19.357
2013   10       13    21  41    0.98   365.7    7.4      19.331
2013   10       13    21  53    0.97   365.5    7.4      19.306
2013   10       13    22   5    0.97   365.4    7.4      19.280
2013   10       13    22  17    0.97   365.2    7.4      19.255
2013   10       13    22  28    0.97   365.1    7.4      19.230
2013   10       13    22  40    0.97   364.9    7.4      19.206
2013   10       13    22  52    0.97   364.8    7.4      19.182
2013   10       13    23   4    0.97   364.6    7.4      19.158
2013   10       13    23  15    0.97   364.5    7.4      19.135
2013   10       13    23  27    0.98   364.3    7.4      19.113
2013   10       13    23  39    0.98   364.1    7.4      19.092
2013   10       13    23  50    0.98   364.0    7.4      19.071
2013   10       14     0   2    0.98   363.8    7.4      19.051
2013   10       14     0  14    0.98   363.7    7.4      19.032
2013   10       14     0  26    0.98   363.5    7.5      19.013
2013   10       14     0  37    0.98   363.3    7.5      18.996
2013   10       14     0  49    0.99   363.2    7.5      18.979
2013   10       14     1   1    0.99   363.0    7.5      18.963
2013   10       14     1  13    0.99   362.8    7.5      18.947
2013   10       14     1  25    0.99   362.7    7.5      18.932
2013   10       14     1  36    1.00   362.5    7.5      18.918
2013   10       14     1  48    1.00   362.3    7.6      18.905
2013   10       14     2   0    1.00   362.1    7.6      18.892
2013   10       14     2  12    1.01   361.9    7.6      18.880
2013   10       14     2  24    1.01   361.7    7.6      18.869
2013   10       14     2  35    1.01   361.5    7.6      18.858
2013   10       14     2  47    1.02   361.3    7.7      18.849
2013   10       14     2  59    1.02   361.1    7.7      18.840
2013   10       14     3  11    1.03   360.9    7.7      18.832
2013   10       14     3  23    1.03   360.7    7.7      18.825
2013   10       14     3  34    1.03   360.5    7.7      18.820
2013   10       14     3  46    1.04   360.2    7.8      18.815
2013   10       14     3  58    1.04   360.0    7.8      18.813
2013   10       14     4  10    1.05   359.8    7.8      18.811
2013   10       14     4  21    1.05   359.5    7.9      18.812
2013   10       14     4  33    1.06   359.3    7.9      18.815
2013   10       14     4  45    1.06   359.0    7.9      18.820
2013   10       14     4  56    1.07   358.8    8.0      18.828
2013   10       14     5   8    1.07   358.5    8.0      18.839
2013   10       14     5  20    1.08   358.2    8.1      18.854
2013   10       14     5  32    1.09   358.0    8.1      18.874
2013   10       14     5  43    1.09   357.7    8.2      18.899
2013   10       14     5  55    1.10   357.4    8.2      18.930
2013   10       14     6   7    1.11   357.2    8.3      18.968
2013   10       14     6  19    1.12   356.9    8.4      19.013
2013   10       14     6  30    1.13   356.7    8.4      19.065
2013   10       14     6  42    1.14   356.5    8.5      19.125
2013   10       14     6  54    1.15   356.3    8.6      19.198
2013   10       14     7   6    1.16   356.1    8.7      19.284
2013   10       14     7  17    1.17   355.9    8.8      19.379
2013   10       14     7  29    1.18   355.8    8.9      19.487
2013   10       14     7  41    1.19   355.7    9.0      19.607
2013   10       14     7  53    1.21   355.6    9.1      19.744
2013   10       14     8   4    1.22   355.7    9.2      19.895
2013   10       14     8  16    1.23   355.7    9.3      20.058
2013   10       14     8  28    1.24   355.7    9.4      20.225
2013   10       14     8  40    1.25   355.7    9.5      20.387
2013   10       14     8  51    1.27   355.7    9.6      20.541
2013   10       14     9   3    1.28   355.7    9.7      20.689
2013   10       14     9  15    1.29   355.8    9.8      20.830
2013   10       14     9  27    1.30   355.8    9.8      20.966
2013   10       14     9  39    1.31   355.8    9.9      21.096
2013   10       14     9  50    1.32   355.9   10.0      21.221
2013   10       14    10   2    1.33   355.9   10.0      21.342
2013   10       14    10  14    1.34   356.0   10.1      21.460
2013   10       14    10  26    1.35   356.0   10.2      21.573
2013   10       14    10  38    1.36   356.1   10.2      21.684
2013   10       14    10  49    1.37   356.1   10.3      21.792
2013   10       14    11   1    1.38   356.1   10.4      21.897
2013   10       14    11  13    1.39   356.2   10.4      22.001
2013   10       14    11  25    1.39   356.2   10.5      22.103
2013   10       14    11  36    1.40   356.2   10.5      22.203
2013   10       14    11  48    1.41   356.3   10.6      22.304
2013   10       14    12   0    1.42   356.3   10.7      22.405
2013   10       14    12  12    1.43   356.3   10.8      22.507
2013   10       14    12  23    1.44   356.4   10.8      22.612
2013   10       14    12  35    1.45   356.4   10.9      22.721
2013   10       14    12  47    1.47   356.5   11.0      22.836
2013   10       14    12  58    1.48   356.5   11.1      22.958
2013   10       14    13  10    1.49   356.6   11.2      23.088
2013   10       14    13  22    1.50   356.7   11.3      23.229
2013   10       14    13  34    1.52   356.7   11.5      23.383
2013   10       14    13  45    1.53   356.9   11.6      23.550
2013   10       14    13  57    1.54   357.0   11.8      23.740
2013   10       14    14   9    1.56   357.2   11.9      23.958
2013   10       14    14  21    1.58   357.5   12.1      24.201
2013   10       14    14  32    1.60   357.8   12.3      24.466
2013   10       14    14  44    1.62   358.2   12.5      24.761
2013   10       14    14  56    1.64   358.7   12.7      25.094
2013   10       14    15   8    1.66   359.2   12.9      25.456
2013   10       14    15  19    1.68   359.9   13.1      25.842
2013   10       14    15  31    1.70   360.5   13.2      26.226
2013   10       14    15  43    1.71   361.1   13.4      26.584
2013   10       14    15  55    1.73   361.7   13.5      26.913
2013   10       14    16   6    1.75   362.3   13.6      27.216
2013   10       14    16  18    1.76   362.9   13.7      27.493
2013   10       14    16  30    1.78   363.4   13.8      27.748
2013   10       14    16  42    1.79   364.0   13.8      27.981
2013   10       14    16  54    1.80   364.5   13.9      28.197
2013   10       14    17   5    1.82   365.1   13.9      28.395
2013   10       14    17  17    1.83   365.6   13.9      28.580
2013   10       14    17  29    1.84   366.1   14.0      28.751
2013   10       14    17  41    1.85   366.5   14.0      28.912
2013   10       14    17  53    1.86   367.0   14.0      29.064
2013   10       14    18   4    1.87   367.4   14.1      29.209
2013   10       14    18  16    1.88   367.8   14.1      29.348
2013   10       14    18  28    1.89   368.2   14.1      29.484
2013   10       14    18  40    1.90   368.6   14.1      29.615
2013   10       14    18  51    1.91   369.0   14.1      29.745
2013   10       14    19   3    1.92   369.4   14.2      29.875
2013   10       14    19  15    1.93   369.8   14.2      30.005
2013   10       14    19  27    1.94   370.2   14.2      30.135
2013   10       14    19  38    1.95   370.6   14.2      30.267
2013   10       14    19  50    1.96   371.0   14.3      30.400
2013   10       14    20   2    1.97   371.3   14.3      30.538
2013   10       14    20  13    1.98   371.7   14.4      30.682
2013   10       14    20  25    1.99   372.1   14.4      30.834
2013   10       14    20  37    2.00   372.6   14.5      30.996
2013   10       14    20  49    2.01   373.0   14.5      31.167
2013   10       14    21   0    2.02   373.4   14.6      31.351
2013   10       14    21  12    2.03   373.9   14.7      31.555
2013   10       14    21  24    2.05   374.4   14.9      31.778
2013   10       14    21  36    2.06   374.9   15.0      32.015
2013   10       14    21  47    2.07   375.5   15.1      32.277
2013   10       14    21  59    2.09   376.2   15.3      32.578
2013   10       14    22  11    2.11   376.8   15.4      32.908
2013   10       14    22  23    2.12   377.7   15.6      33.269
2013   10       14    22  34    2.14   378.5   15.8      33.662
2013   10       14    22  46    2.16   379.5   15.9      34.060
2013   10       14    22  58    2.17   380.5   16.0      34.461
2013   10       14    23  10    2.19   381.5   16.1      34.858
2013   10       14    23  21    2.20   382.5   16.2      35.232
2013   10       14    23  33    2.22   383.5   16.2      35.585
2013   10       14    23  45    2.23   384.5   16.2      35.917
2013   10       14    23  57    2.24   385.5   16.3      36.234
2013   10       15     0   9    2.25   386.4   16.3      36.537
2013   10       15     0  20    2.26   387.4   16.2      36.831
2013   10       15     0  32    2.26   388.2   16.2      37.117
2013   10       15     0  44    2.27   389.1   16.2      37.399
2013   10       15     0  56    2.28   390.0   16.2      37.676
2013   10       15     1   8    2.28   390.8   16.1      37.950
2013   10       15     1  19    2.29   391.7   16.1      38.221
2013   10       15     1  31    2.29   392.5   16.0      38.489
2013   10       15     1  43    2.30   393.4   16.0      38.751
2013   10       15     1  55    2.30   394.3   16.0      39.008
2013   10       15     2   6    2.30   395.1   15.9      39.258
2013   10       15     2  18    2.31   396.0   15.9      39.502
2013   10       15     2  30    2.31   396.8   15.8      39.737
2013   10       15     2  42    2.32   397.7   15.8      39.964
2013   10       15     2  53    2.32   398.6   15.7      40.180
2013   10       15     3   5    2.32   399.5   15.7      40.386
2013   10       15     3  17    2.33   400.4   15.6      40.583
2013   10       15     3  28    2.33   401.3   15.6      40.771
2013   10       15     3  40    2.33   402.3   15.5      40.952
2013   10       15     3  52    2.33   403.3   15.5      41.126
2013   10       15     4   4    2.33   404.3   15.4      41.292
2013   10       15     4  15    2.33   405.4   15.3      41.456
2013   10       15     4  27    2.33   406.4   15.3      41.612
2013   10       15     4  39    2.33   407.4   15.2      41.758
2013   10       15     4  51    2.33   408.4   15.2      41.901
2013   10       15     5   2    2.33   409.3   15.1      42.017
2013   10       15     5  14    2.33   410.2   15.0      42.119
2013   10       15     5  26    2.33   411.0   15.0      42.223
2013   10       15     5  38    2.33   411.7   14.9      42.323
2013   10       15     5  49    2.33   412.4   14.9      42.449
2013   10       15     6   1    2.33   413.2   14.9      42.614
2013   10       15     6  13    2.34   414.1   14.9      42.815
2013   10       15     6  25    2.34   415.1   14.9      43.050
2013   10       15     6  36    2.34   416.1   14.9      43.315
2013   10       15     6  48    2.35   417.1   14.9      43.581
2013   10       15     7   0    2.35   418.2   14.9      43.851
2013   10       15     7  12    2.35   419.2   14.8      44.123
2013   10       15     7  24    2.35   420.3   14.8      44.400
2013   10       15     7  35    2.35   421.4   14.7      44.687
2013   10       15     7  47    2.35   422.5   14.7      44.981
2013   10       15     7  59    2.35   423.6   14.6      45.277
2013   10       15     8  11    2.35   424.6   14.6      45.570
2013   10       15     8  23    2.35   425.7   14.5      45.849
2013   10       15     8  34    2.34   426.8   14.5      46.124
2013   10       15     8  46    2.34   427.9   14.4      46.391
2013   10       15     8  58    2.34   429.1   14.3      46.661
2013   10       15     9  10    2.34   430.2   14.2      46.926
2013   10       15     9  21    2.33   431.4   14.1      47.180
2013   10       15     9  33    2.32   432.6   14.0      47.413
2013   10       15     9  45    2.32   433.8   13.9      47.621
2013   10       15     9  57    2.31   435.0   13.7      47.783
2013   10       15    10   8    2.30   436.2   13.6      47.895
2013   10       15    10  20    2.29   437.4   13.4      47.957
2013   10       15    10  32    2.27   438.5   13.2      47.972
2013   10       15    10  43    2.26   439.6   13.0      47.921
2013   10       15    10  55    2.24   440.7   12.8      47.826
2013   10       15    11   7    2.23   441.7   12.6      47.696
2013   10       15    11  19    2.21   442.9   12.4      47.564
2013   10       15    11  30    2.19   444.1   12.3      47.458
2013   10       15    11  42    2.18   445.3   12.1      47.373
2013   10       15    11  54    2.16   446.5   11.9      47.300
2013   10       15    12   6    2.14   447.8   11.8      47.241
2013   10       15    12  17    2.13   449.0   11.6      47.184
2013   10       15    12  29    2.11   450.2   11.4      47.113
2013   10       15    12  41    2.09   451.3   11.3      47.037
2013   10       15    12  53    2.08   452.2   11.1      46.951
2013   10       15    13   4    2.07   453.1   11.0      46.881
2013   10       15    13  16    2.05   454.0   10.9      46.832
2013   10       15    13  28    2.04   454.8   10.7      46.800
2013   10       15    13  40    2.03   455.7   10.6      46.783
2013   10       15    13  51    2.02   456.6   10.5      46.783
2013   10       15    14   3    2.00   457.4   10.4      46.794
2013   10       15    14  15    1.99   458.3   10.4      46.815
2013   10       15    14  27    1.98   459.2   10.3      46.847
2013   10       15    14  39    1.97   460.1   10.2      46.892
2013   10       15    14  50    1.96   461.0   10.1      46.947
2013   10       15    15   2    1.94   462.0   10.0      47.008
2013   10       15    15  14    1.93   462.9    9.9      47.064
2013   10       15    15  26    1.92   463.9    9.9      47.110
2013   10       15    15  38    1.91   464.9    9.8      47.150
2013   10       15    15  49    1.89   465.9    9.7      47.190
2013   10       15    16   1    1.88   467.0    9.6      47.231
2013   10       15    16  13    1.87   468.1    9.5      47.267
2013   10       15    16  25    1.85   469.2    9.4      47.292
2013   10       15    16  36    1.84   470.3    9.3      47.293
2013   10       15    16  48    1.82   471.6    9.1      47.264
2013   10       15    17   0    1.81   472.8    9.0      47.193
2013   10       15    17  12    1.79   474.1    8.8      47.057
2013   10       15    17  23    1.77   475.3    8.7      46.856
2013   10       15    17  35    1.75   476.6    8.5      46.601
2013   10       15    17  47    1.73   477.9    8.3      46.262
2013   10       15    17  59    1.71   479.1    8.2      45.850
2013   10       15    18  10    1.69   480.2    8.0      45.394
2013   10       15    18  22    1.67   481.2    7.8      44.888
2013   10       15    18  34    1.65   482.1    7.7      44.425
2013   10       15    18  45    1.63   483.1    7.6      43.997
2013   10       15    18  57    1.61   484.0    7.4      43.600
2013   10       15    19   9    1.59   484.9    7.3      43.227
2013   10       15    19  21    1.58   485.8    7.2      42.879
2013   10       15    19  32    1.56   486.6    7.1      42.549
2013   10       15    19  44    1.54   487.4    7.0      42.238
2013   10       15    19  56    1.53   488.1    6.9      41.939
2013   10       15    20   8    1.51   488.8    6.8      41.654
2013   10       15    20  19    1.50   489.5    6.7      41.379
2013   10       15    20  31    1.48   490.0    6.6      41.114
2013   10       15    20  43    1.47   490.6    6.5      40.856
2013   10       15    20  55    1.45   491.1    6.5      40.607
2013   10       15    21   6    1.44   491.6    6.4      40.361
2013   10       15    21  18    1.43   492.0    6.3      40.120
2013   10       15    21  30    1.41   492.4    6.3      39.882
2013   10       15    21  42    1.40   492.8    6.2      39.647
2013   10       15    21  54    1.39   493.1    6.1      39.412
2013   10       15    22   5    1.38   493.5    6.1      39.180
2013   10       15    22  17    1.37   493.8    6.0      38.948
2013   10       15    22  29    1.35   494.1    6.0      38.716
2013   10       15    22  41    1.34   494.3    5.9      38.485
2013   10       15    22  53    1.33   494.6    5.9      38.254
2013   10       15    23   4    1.32   494.8    5.8      38.022
2013   10       15    23  16    1.31   495.0    5.8      37.792
2013   10       15    23  28    1.30   495.1    5.7      37.561
2013   10       15    23  40    1.29   495.3    5.7      37.333
2013   10       15    23  52    1.27   495.4    5.6      37.106
2013   10       16     0   3    1.26   495.5    5.6      36.882
2013   10       16     0  15    1.25   495.6    5.5      36.659
2013   10       16     0  27    1.24   495.7    5.5      36.442
2013   10       16     0  38    1.23   495.7    5.5      36.227
2013   10       16     0  50    1.23   495.7    5.4      36.018
2013   10       16     1   2    1.22   495.7    5.4      35.815
2013   10       16     1  14    1.21   495.7    5.4      35.616
2013   10       16     1  25    1.20   495.7    5.3      35.425
2013   10       16     1  37    1.19   495.7    5.3      35.239
2013   10       16     1  49    1.18   495.7    5.3      35.059
2013   10       16     2   0    1.18   495.7    5.2      34.886
2013   10       16     2  12    1.17   495.7    5.2      34.719
2013   10       16     2  24    1.16   495.7    5.2      34.561
2013   10       16     2  36    1.16   495.7    5.2      34.408
2013   10       16     2  47    1.15   495.7    5.1      34.261
2013   10       16     2  59    1.15   495.7    5.1      34.118
2013   10       16     3  11    1.14   495.7    5.1      33.982
2013   10       16     3  23    1.13   495.7    5.1      33.850
2013   10       16     3  34    1.13   495.7    5.1      33.722
2013   10       16     3  46    1.12   495.7    5.0      33.595
2013   10       16     3  58    1.12   495.6    5.0      33.470
2013   10       16     4  10    1.11   495.6    5.0      33.344
2013   10       16     4  21    1.11   495.6    5.0      33.220
2013   10       16     4  33    1.10   495.5    5.0      33.097
2013   10       16     4  45    1.10   495.4    4.9      32.976
2013   10       16     4  57    1.09   495.4    4.9      32.856
2013   10       16     5   9    1.09   495.3    4.9      32.738
2013   10       16     5  20    1.08   495.2    4.9      32.621
2013   10       16     5  32    1.08   495.2    4.9      32.506
2013   10       16     5  44    1.08   495.1    4.8      32.393
2013   10       16     5  56    1.07   495.0    4.8      32.282
2013   10       16     6   8    1.07   494.9    4.8      32.173
2013   10       16     6  19    1.06   494.8    4.8      32.066
2013   10       16     6  31    1.06   494.7    4.8      31.961
2013   10       16     6  43    1.06   494.6    4.8      31.860
2013   10       16     6  55    1.05   494.5    4.7      31.760
2013   10       16     7   7    1.05   494.4    4.7      31.664
2013   10       16     7  18    1.05   494.2    4.7      31.570
2013   10       16     7  30    1.04   494.1    4.7      31.478
2013   10       16     7  42    1.04   494.0    4.7      31.388
2013   10       16     7  53    1.04   493.9    4.7      31.301
2013   10       16     8   5    1.04   493.8    4.7      31.214
2013   10       16     8  17    1.03   493.6    4.7      31.129
2013   10       16     8  29    1.03   493.5    4.6      31.044
2013   10       16     8  40    1.03   493.3    4.6      30.959
2013   10       16     8  52    1.02   493.2    4.6      30.873
2013   10       16     9   4    1.02   493.0    4.6      30.787
2013   10       16     9  15    1.02   492.8    4.6      30.702
2013   10       16     9  27    1.02   492.7    4.6      30.619
2013   10       16     9  39    1.01   492.5    4.6      30.540
2013   10       16     9  51    1.01   492.3    4.6      30.464
2013   10       16    10   2    1.01   492.2    4.6      30.392
2013   10       16    10  14    1.01   492.0    4.6      30.324
2013   10       16    10  26    1.00   491.8    4.6      30.260
2013   10       16    10  38    1.00   491.7    4.6      30.200
2013   10       16    10  49    1.00   491.5    4.6      30.141
2013   10       16    11   1    1.00   491.3    4.6      30.083
2013   10       16    11  13    1.00   491.2    4.5      30.023
2013   10       16    11  25    0.99   491.0    4.5      29.963
2013   10       16    11  36    0.99   490.8    4.5      29.902
2013   10       16    11  48    0.99   490.7    4.5      29.841
2013   10       16    12   0    0.99   490.5    4.5      29.780
2013   10       16    12  12    0.99   490.3    4.5      29.720
2013   10       16    12  24    0.98   490.1    4.5      29.659
2013   10       16    12  35    0.98   489.9    4.5      29.600
2013   10       16    12  47    0.98   489.8    4.5      29.540
2013   10       16    12  59    0.98   489.6    4.5      29.482
2013   10       16    13  11    0.98   489.4    4.5      29.424
2013   10       16    13  23    0.98   489.2    4.5      29.367
2013   10       16    13  34    0.97   489.0    4.5      29.310
2013   10       16    13  46    0.97   488.8    4.5      29.255
2013   10       16    13  58    0.97   488.6    4.5      29.201
2013   10       16    14  10    0.97   488.4    4.5      29.149
2013   10       16    14  22    0.97   488.2    4.5      29.097
2013   10       16    14  33    0.97   488.0    4.5      29.047
2013   10       16    14  45    0.96   487.8    4.5      28.997
2013   10       16    14  57    0.96   487.6    4.5      28.949
2013   10       16    15   8    0.96   487.4    4.5      28.901
2013   10       16    15  20    0.96   487.2    4.4      28.854
2013   10       16    15  32    0.96   487.0    4.4      28.807
2013   10       16    15  44    0.96   486.8    4.4      28.760
2013   10       16    15  55    0.96   486.6    4.4      28.714
2013   10       16    16   7    0.95   486.4    4.4      28.668
2013   10       16    16  19    0.95   486.2    4.4      28.621
2013   10       16    16  30    0.95   486.0    4.4      28.575
2013   10       16    16  42    0.95   485.8    4.4      28.528
2013   10       16    16  54    0.95   485.6    4.4      28.482
2013   10       16    17   6    0.95   485.4    4.4      28.435
2013   10       16    17  17    0.95   485.2    4.4      28.388
2013   10       16    17  29    0.94   485.0    4.4      28.341
2013   10       16    17  41    0.94   484.8    4.4      28.295
2013   10       16    17  53    0.94   484.6    4.4      28.248
2013   10       16    18   4    0.94   484.4    4.4      28.202
2013   10       16    18  16    0.94   484.2    4.4      28.155
2013   10       16    18  28    0.94   484.0    4.4      28.110
2013   10       16    18  40    0.94   483.8    4.4      28.064
2013   10       16    18  51    0.94   483.6    4.4      28.019
2013   10       16    19   3    0.94   483.4    4.4      27.973
2013   10       16    19  15    0.93   483.2    4.4      27.929
2013   10       16    19  27    0.93   482.9    4.4      27.884
2013   10       16    19  39    0.93   482.7    4.4      27.840
2013   10       16    19  50    0.93   482.5    4.4      27.797
2013   10       16    20   2    0.93   482.3    4.4      27.753
2013   10       16    20  14    0.93   482.1    4.4      27.710
2013   10       16    20  26    0.93   481.9    4.4      27.667
2013   10       16    20  38    0.93   481.6    4.4      27.624
2013   10       16    20  49    0.93   481.4    4.4      27.582
2013   10       16    21   1    0.92   481.2    4.4      27.539
2013   10       16    21  13    0.92   481.0    4.4      27.497
2013   10       16    21  25    0.92   480.8    4.4      27.455
2013   10       16    21  37    0.92   480.5    4.4      27.413
2013   10       16    21  48    0.92   480.3    4.4      27.372
2013   10       16    22   0    0.92   480.1    4.4      27.330
2013   10       16    22  12    0.92   479.9    4.4      27.289
2013   10       16    22  23    0.92   479.6    4.4      27.248
2013   10       16    22  35    0.92   479.4    4.4      27.207
2013   10       16    22  47    0.91   479.2    4.4      27.166
2013   10       16    22  59    0.91   479.0    4.4      27.126
2013   10       16    23  10    0.91   478.7    4.4      27.085
2013   10       16    23  22    0.91   478.5    4.4      27.045
2013   10       16    23  34    0.91   478.3    4.4      27.006
2013   10       16    23  45    0.91   478.1    4.4      26.966
2013   10       16    23  57    0.91   477.8    4.4      26.927
2013   10       17     0   9    0.91   477.6    4.4      26.888
2013   10       17     0  21    0.91   477.4    4.4      26.850
2013   10       17     0  32    0.91   477.2    4.4      26.812
2013   10       17     0  44    0.90   476.9    4.4      26.774
2013   10       17     0  56    0.90   476.7    4.4      26.737
2013   10       17     1   8    0.90   476.5    4.4      26.701
2013   10       17     1  19    0.90   476.3    4.4      26.664
2013   10       17     1  31    0.90   476.0    4.4      26.627
2013   10       17     1  43    0.90   475.8    4.4      26.591
2013   10       17     1  55    0.90   475.6    4.4      26.554
2013   10       17     2   6    0.90   475.4    4.4      26.516
2013   10       17     2  18    0.90   475.1    4.4      26.478
2013   10       17     2  30    0.90   474.9    4.4      26.439
2013   10       17     2  42    0.90   474.7    4.3      26.400
2013   10       17     2  54    0.89   474.5    4.3      26.361
2013   10       17     3   5    0.89   474.2    4.3      26.321
2013   10       17     3  17    0.89   474.0    4.3      26.280
2013   10       17     3  29    0.89   473.8    4.3      26.239
2013   10       17     3  41    0.89   473.6    4.3      26.198
2013   10       17     3  53    0.89   473.3    4.3      26.157
2013   10       17     4   4    0.89   473.1    4.3      26.115
2013   10       17     4  16    0.89   472.9    4.3      26.073
2013   10       17     4  28    0.89   472.6    4.3      26.031
2013   10       17     4  40    0.89   472.4    4.3      25.990
2013   10       17     4  52    0.88   472.2    4.3      25.947
2013   10       17     5   3    0.88   472.0    4.3      25.906
2013   10       17     5  15    0.88   471.7    4.3      25.864
2013   10       17     5  27    0.88   471.5    4.3      25.822
2013   10       17     5  38    0.88   471.3    4.3      25.780
2013   10       17     5  50    0.88   471.0    4.3      25.738
2013   10       17     6   2    0.88   470.8    4.3      25.696
2013   10       17     6  14    0.88   470.6    4.3      25.654
2013   10       17     6  25    0.88   470.3    4.3      25.613
2013   10       17     6  37    0.88   470.1    4.3      25.572
2013   10       17     6  49    0.87   469.8    4.3      25.531
2013   10       17     7   0    0.87   469.6    4.3      25.491
2013   10       17     7  12    0.87   469.4    4.3      25.451
2013   10       17     7  24    0.87   469.1    4.3      25.412
2013   10       17     7  36    0.87   468.9    4.3      25.374
2013   10       17     7  47    0.87   468.6    4.3      25.337
2013   10       17     7  59    0.87   468.4    4.3      25.301
2013   10       17     8  11    0.87   468.1    4.3      25.266
2013   10       17     8  23    0.87   467.9    4.3      25.232
2013   10       17     8  34    0.87   467.7    4.3      25.198
2013   10       17     8  46    0.87   467.4    4.3      25.165
2013   10       17     8  58    0.87   467.2    4.3      25.132
2013   10       17     9  10    0.86   466.9    4.3      25.098
2013   10       17     9  21    0.86   466.7    4.3      25.064
2013   10       17     9  33    0.86   466.5    4.3      25.029
2013   10       17     9  45    0.86   466.2    4.3      24.993
2013   10       17     9  57    0.86   466.0    4.3      24.956
2013   10       17    10   9    0.86   465.7    4.3      24.919
2013   10       17    10  20    0.86   465.5    4.3      24.880
2013   10       17    10  32    0.86   465.2    4.3      24.840
2013   10       17    10  44    0.86   465.0    4.3      24.800
2013   10       17    10  56    0.86   464.7    4.3      24.759
2013   10       17    11   8    0.86   464.5    4.3      24.718
2013   10       17    11  19    0.85   464.2    4.3      24.676
2013   10       17    11  31    0.85   464.0    4.3      24.634
2013   10       17    11  43    0.85   463.7    4.3      24.592
2013   10       17    11  55    0.85   463.4    4.3      24.550
2013   10       17    12   7    0.85   463.2    4.3      24.508
2013   10       17    12  18    0.85   462.9    4.3      24.466
2013   10       17    12  30    0.85   462.7    4.3      24.424
2013   10       17    12  42    0.85   462.4    4.3      24.382
2013   10       17    12  53    0.85   462.2    4.3      24.341
2013   10       17    13   5    0.85   461.9    4.3      24.299
2013   10       17    13  17    0.85   461.6    4.3      24.258
2013   10       17    13  29    0.84   461.4    4.3      24.217
2013   10       17    13  40    0.84   461.1    4.3      24.176
2013   10       17    13  52    0.84   460.9    4.3      24.136
2013   10       17    14   4    0.84   460.6    4.3      24.095
2013   10       17    14  15    0.84   460.4    4.3      24.054
2013   10       17    14  27    0.84   460.1    4.3      24.014
2013   10       17    14  39    0.84   459.8    4.3      23.974
2013   10       17    14  51    0.84   459.5    4.3      23.935
2013   10       17    15   2    0.84   459.3    4.3      23.896
2013   10       17    15  14    0.84   459.0    4.3      23.858
2013   10       17    15  26    0.84   458.7    4.3      23.820
2013   10       17    15  38    0.84   458.5    4.3      23.783
2013   10       17    15  49    0.83   458.2    4.3      23.747
2013   10       17    16   1    0.83   457.9    4.3      23.711
2013   10       17    16  13    0.83   457.7    4.3      23.676
2013   10       17    16  25    0.83   457.4    4.3      23.641
2013   10       17    16  36    0.83   457.1    4.3      23.606
2013   10       17    16  48    0.83   456.9    4.3      23.570
2013   10       17    17   0    0.83   456.6    4.3      23.534
2013   10       17    17  12    0.83   456.3    4.3      23.498
2013   10       17    17  24    0.83   456.1    4.3      23.461
2013   10       17    17  35    0.83   455.8    4.3      23.424
2013   10       17    17  47    0.83   455.5    4.3      23.385
2013   10       17    17  59    0.83   455.2    4.3      23.347
2013   10       17    18  11    0.83   455.0    4.3      23.308
2013   10       17    18  23    0.82   454.7    4.3      23.269
2013   10       17    18  34    0.82   454.4    4.3      23.229
2013   10       17    18  46    0.82   454.1    4.3      23.189
2013   10       17    18  58    0.82   453.9    4.3      23.149
2013   10       17    19  10    0.82   453.6    4.3      23.109
2013   10       17    19  22    0.82   453.3    4.3      23.069
2013   10       17    19  33    0.82   453.0    4.3      23.029
2013   10       17    19  45    0.82   452.7    4.3      22.988
2013   10       17    19  57    0.82   452.5    4.3      22.949
2013   10       17    20   8    0.82   452.2    4.3      22.909
2013   10       17    20  20    0.82   451.9    4.3      22.870
2013   10       17    20  32    0.82   451.6    4.3      22.831
2013   10       17    20  44    0.82   451.3    4.3      22.792
2013   10       17    20  55    0.81   451.0    4.3      22.754
2013   10       17    21   7    0.81   450.7    4.3      22.716
2013   10       17    21  19    0.81   450.5    4.3      22.679
2013   10       17    21  30    0.81   450.2    4.3      22.642
2013   10       17    21  42    0.81   449.9    4.3      22.605
2013   10       17    21  54    0.81   449.6    4.3      22.568
2013   10       17    22   6    0.81   449.3    4.3      22.531
2013   10       17    22  17    0.81   449.0    4.3      22.495
2013   10       17    22  29    0.81   448.7    4.3      22.458
2013   10       17    22  41    0.81   448.4    4.3      22.422
2013   10       17    22  53    0.81   448.1    4.3      22.386
2013   10       17    23   4    0.81   447.8    4.3      22.350
2013   10       17    23  16    0.81   447.5    4.3      22.314
2013   10       17    23  28    0.81   447.2    4.3      22.278
2013   10       17    23  40    0.81   446.8    4.3      22.242
2013   10       17    23  51    0.80   446.5    4.3      22.207
2013   10       18     0   3    0.80   446.2    4.3      22.171
