year    month   day   hour  minute  B_enl V_enl   n_enl       T_enl
[year] [month] [day] [hour][minute] [nT]  [km/s]  [cm-3]      [kK]
2013   10       10     0   7    1.93   421.1    5.6      24.965
2013   10       10     0  17    1.93   421.0    5.6      24.940
2013   10       10     0  26    1.93   420.9    5.6      24.915
2013   10       10     0  36    1.93   420.7    5.6      24.890
2013   10       10     0  45    1.93   420.6    5.6      24.866
2013   10       10     0  55    1.93   420.5    5.6      24.842
2013   10       10     1   4    1.93   420.4    5.6      24.818
2013   10       10     1  13    1.93   420.2    5.6      24.794
2013   10       10     1  23    1.93   420.1    5.6      24.770
2013   10       10     1  32    1.92   420.0    5.6      24.747
2013   10       10     1  42    1.92   419.8    5.6      24.723
2013   10       10     1  51    1.92   419.7    5.6      24.700
2013   10       10     2   1    1.92   419.6    5.6      24.677
2013   10       10     2  10    1.92   419.4    5.6      24.654
2013   10       10     2  20    1.92   419.3    5.6      24.631
2013   10       10     2  29    1.92   419.2    5.6      24.608
2013   10       10     2  38    1.92   419.0    5.6      24.586
2013   10       10     2  48    1.92   418.9    5.6      24.564
2013   10       10     2  57    1.92   418.7    5.6      24.543
2013   10       10     3   7    1.91   418.6    5.6      24.522
2013   10       10     3  16    1.91   418.5    5.6      24.501
2013   10       10     3  26    1.91   418.3    5.6      24.480
2013   10       10     3  35    1.91   418.2    5.6      24.460
2013   10       10     3  45    1.91   418.1    5.6      24.440
2013   10       10     3  54    1.91   418.0    5.6      24.420
2013   10       10     4   4    1.91   417.8    5.6      24.400
2013   10       10     4  13    1.91   417.7    5.6      24.379
2013   10       10     4  23    1.91   417.6    5.6      24.358
2013   10       10     4  32    1.91   417.4    5.6      24.337
2013   10       10     4  42    1.91   417.3    5.6      24.314
2013   10       10     4  51    1.90   417.2    5.6      24.292
2013   10       10     5   1    1.90   417.0    5.6      24.269
2013   10       10     5  10    1.90   416.9    5.6      24.246
2013   10       10     5  20    1.90   416.8    5.6      24.222
2013   10       10     5  29    1.90   416.6    5.6      24.198
2013   10       10     5  39    1.90   416.5    5.6      24.174
2013   10       10     5  48    1.90   416.4    5.6      24.149
2013   10       10     5  58    1.90   416.2    5.6      24.124
2013   10       10     6   7    1.90   416.1    5.6      24.099
2013   10       10     6  17    1.90   416.0    5.6      24.073
2013   10       10     6  26    1.90   415.8    5.6      24.048
2013   10       10     6  36    1.89   415.7    5.6      24.022
2013   10       10     6  45    1.89   415.5    5.6      23.996
2013   10       10     6  54    1.89   415.4    5.6      23.970
2013   10       10     7   4    1.89   415.3    5.6      23.944
2013   10       10     7  13    1.89   415.1    5.6      23.917
2013   10       10     7  23    1.89   415.0    5.6      23.891
2013   10       10     7  32    1.89   414.8    5.6      23.864
2013   10       10     7  41    1.89   414.7    5.6      23.837
2013   10       10     7  51    1.89   414.6    5.6      23.810
2013   10       10     8   0    1.89   414.4    5.6      23.784
2013   10       10     8  10    1.88   414.3    5.6      23.757
2013   10       10     8  19    1.88   414.1    5.6      23.730
2013   10       10     8  29    1.88   414.0    5.6      23.704
2013   10       10     8  38    1.88   413.8    5.6      23.677
2013   10       10     8  47    1.88   413.7    5.6      23.651
2013   10       10     8  57    1.88   413.5    5.6      23.625
2013   10       10     9   6    1.88   413.4    5.6      23.599
2013   10       10     9  16    1.88   413.2    5.6      23.573
2013   10       10     9  25    1.88   413.1    5.6      23.548
2013   10       10     9  35    1.88   412.9    5.6      23.524
2013   10       10     9  44    1.88   412.8    5.6      23.499
2013   10       10     9  54    1.88   412.6    5.6      23.476
2013   10       10    10   3    1.88   412.5    5.6      23.453
2013   10       10    10  13    1.87   412.3    5.6      23.430
2013   10       10    10  22    1.87   412.2    5.6      23.409
2013   10       10    10  32    1.87   412.0    5.6      23.388
2013   10       10    10  41    1.87   411.9    5.6      23.367
2013   10       10    10  51    1.87   411.7    5.6      23.348
2013   10       10    11   0    1.87   411.6    5.6      23.329
2013   10       10    11  10    1.87   411.4    5.6      23.311
2013   10       10    11  19    1.87   411.3    5.6      23.293
2013   10       10    11  29    1.87   411.1    5.6      23.275
2013   10       10    11  38    1.87   411.0    5.6      23.257
2013   10       10    11  48    1.87   410.8    5.6      23.239
2013   10       10    11  57    1.87   410.7    5.6      23.221
2013   10       10    12   6    1.87   410.5    5.6      23.204
2013   10       10    12  16    1.87   410.4    5.6      23.186
2013   10       10    12  25    1.87   410.2    5.6      23.169
2013   10       10    12  35    1.87   410.1    5.6      23.152
2013   10       10    12  44    1.87   409.9    5.6      23.135
2013   10       10    12  54    1.87   409.8    5.6      23.118
2013   10       10    13   3    1.87   409.6    5.6      23.102
2013   10       10    13  13    1.87   409.5    5.6      23.085
2013   10       10    13  22    1.86   409.4    5.6      23.069
2013   10       10    13  32    1.86   409.2    5.6      23.052
2013   10       10    13  41    1.86   409.1    5.6      23.036
2013   10       10    13  51    1.86   408.9    5.6      23.020
2013   10       10    14   0    1.86   408.8    5.6      23.003
2013   10       10    14  10    1.86   408.6    5.6      22.987
2013   10       10    14  19    1.86   408.5    5.6      22.971
2013   10       10    14  28    1.86   408.3    5.6      22.955
2013   10       10    14  38    1.86   408.2    5.7      22.938
2013   10       10    14  47    1.86   408.1    5.7      22.922
2013   10       10    14  57    1.86   407.9    5.7      22.905
2013   10       10    15   6    1.86   407.8    5.7      22.888
2013   10       10    15  15    1.86   407.6    5.7      22.870
2013   10       10    15  25    1.86   407.5    5.7      22.852
2013   10       10    15  34    1.86   407.3    5.7      22.834
2013   10       10    15  44    1.86   407.2    5.7      22.815
2013   10       10    15  53    1.86   407.0    5.7      22.796
2013   10       10    16   3    1.86   406.9    5.7      22.777
2013   10       10    16  12    1.86   406.7    5.7      22.758
2013   10       10    16  21    1.86   406.6    5.7      22.738
2013   10       10    16  31    1.86   406.4    5.7      22.718
2013   10       10    16  40    1.85   406.3    5.7      22.698
2013   10       10    16  50    1.85   406.1    5.7      22.677
2013   10       10    16  59    1.85   406.0    5.7      22.657
2013   10       10    17   9    1.85   405.8    5.7      22.636
2013   10       10    17  18    1.85   405.7    5.7      22.615
2013   10       10    17  28    1.85   405.5    5.7      22.595
2013   10       10    17  37    1.85   405.4    5.7      22.574
2013   10       10    17  47    1.85   405.2    5.7      22.554
2013   10       10    17  56    1.85   405.1    5.7      22.533
2013   10       10    18   6    1.85   404.9    5.7      22.513
2013   10       10    18  15    1.85   404.8    5.7      22.493
2013   10       10    18  25    1.85   404.6    5.7      22.474
2013   10       10    18  34    1.85   404.5    5.7      22.455
2013   10       10    18  44    1.85   404.3    5.7      22.437
2013   10       10    18  53    1.85   404.2    5.7      22.419
2013   10       10    19   3    1.85   404.0    5.7      22.401
2013   10       10    19  12    1.85   403.8    5.7      22.384
2013   10       10    19  22    1.85   403.7    5.7      22.368
2013   10       10    19  31    1.85   403.5    5.7      22.353
2013   10       10    19  41    1.85   403.4    5.7      22.338
2013   10       10    19  50    1.85   403.2    5.7      22.324
2013   10       10    20   0    1.85   403.1    5.7      22.311
2013   10       10    20   9    1.85   402.9    5.7      22.299
2013   10       10    20  19    1.85   402.8    5.7      22.287
2013   10       10    20  28    1.85   402.6    5.7      22.276
2013   10       10    20  38    1.85   402.5    5.7      22.266
2013   10       10    20  47    1.85   402.4    5.7      22.256
2013   10       10    20  56    1.85   402.2    5.7      22.247
2013   10       10    21   6    1.85   402.1    5.7      22.238
2013   10       10    21  15    1.85   401.9    5.7      22.230
2013   10       10    21  25    1.85   401.8    5.7      22.222
2013   10       10    21  34    1.85   401.6    5.7      22.215
2013   10       10    21  44    1.85   401.5    5.7      22.208
2013   10       10    21  53    1.85   401.3    5.7      22.201
2013   10       10    22   2    1.85   401.2    5.7      22.194
2013   10       10    22  12    1.85   401.1    5.7      22.188
2013   10       10    22  21    1.85   400.9    5.7      22.181
2013   10       10    22  31    1.85   400.8    5.8      22.174
2013   10       10    22  40    1.85   400.6    5.8      22.167
2013   10       10    22  49    1.85   400.5    5.8      22.159
2013   10       10    22  59    1.85   400.3    5.8      22.152
2013   10       10    23   8    1.85   400.2    5.8      22.144
2013   10       10    23  18    1.85   400.1    5.8      22.136
2013   10       10    23  27    1.85   399.9    5.8      22.128
2013   10       10    23  37    1.85   399.8    5.8      22.119
2013   10       10    23  46    1.85   399.6    5.8      22.110
2013   10       10    23  56    1.85   399.5    5.8      22.101
2013   10       11     0   5    1.85   399.4    5.8      22.092
2013   10       11     0  15    1.85   399.2    5.8      22.083
2013   10       11     0  24    1.85   399.1    5.8      22.073
2013   10       11     0  33    1.85   398.9    5.8      22.063
2013   10       11     0  43    1.85   398.8    5.8      22.054
2013   10       11     0  52    1.85   398.7    5.8      22.043
2013   10       11     1   2    1.85   398.5    5.8      22.033
2013   10       11     1  11    1.85   398.4    5.8      22.023
2013   10       11     1  21    1.85   398.2    5.8      22.012
2013   10       11     1  30    1.85   398.1    5.8      22.002
2013   10       11     1  40    1.85   398.0    5.8      21.991
2013   10       11     1  49    1.85   397.8    5.8      21.981
2013   10       11     1  59    1.85   397.7    5.8      21.970
2013   10       11     2   8    1.85   397.5    5.8      21.959
2013   10       11     2  18    1.85   397.4    5.8      21.949
2013   10       11     2  27    1.85   397.3    5.8      21.938
2013   10       11     2  37    1.85   397.1    5.8      21.928
2013   10       11     2  46    1.85   397.0    5.8      21.918
2013   10       11     2  56    1.85   396.8    5.8      21.908
2013   10       11     3   5    1.85   396.7    5.8      21.898
2013   10       11     3  15    1.85   396.6    5.8      21.889
2013   10       11     3  24    1.85   396.4    5.9      21.880
2013   10       11     3  34    1.85   396.3    5.9      21.871
2013   10       11     3  43    1.85   396.1    5.9      21.863
2013   10       11     3  53    1.85   396.0    5.9      21.855
2013   10       11     4   2    1.86   395.9    5.9      21.848
2013   10       11     4  12    1.86   395.7    5.9      21.841
2013   10       11     4  21    1.86   395.6    5.9      21.834
2013   10       11     4  31    1.86   395.5    5.9      21.827
2013   10       11     4  40    1.86   395.3    5.9      21.821
2013   10       11     4  49    1.86   395.2    5.9      21.815
2013   10       11     4  59    1.86   395.1    5.9      21.809
2013   10       11     5   8    1.86   395.0    5.9      21.804
2013   10       11     5  18    1.86   394.8    5.9      21.798
2013   10       11     5  27    1.86   394.7    5.9      21.793
2013   10       11     5  36    1.86   394.6    5.9      21.788
2013   10       11     5  46    1.86   394.4    5.9      21.783
2013   10       11     5  55    1.86   394.3    5.9      21.778
2013   10       11     6   5    1.86   394.2    5.9      21.774
2013   10       11     6  14    1.86   394.1    5.9      21.769
2013   10       11     6  24    1.86   393.9    5.9      21.764
2013   10       11     6  33    1.86   393.8    5.9      21.760
2013   10       11     6  42    1.86   393.7    6.0      21.755
2013   10       11     6  52    1.86   393.6    6.0      21.750
2013   10       11     7   1    1.86   393.5    6.0      21.745
2013   10       11     7  11    1.86   393.3    6.0      21.740
2013   10       11     7  20    1.86   393.2    6.0      21.736
2013   10       11     7  30    1.86   393.1    6.0      21.731
2013   10       11     7  39    1.86   393.0    6.0      21.726
2013   10       11     7  49    1.86   392.8    6.0      21.720
2013   10       11     7  58    1.86   392.7    6.0      21.715
2013   10       11     8   8    1.86   392.6    6.0      21.710
2013   10       11     8  17    1.86   392.5    6.0      21.705
2013   10       11     8  27    1.86   392.4    6.0      21.699
2013   10       11     8  36    1.87   392.3    6.0      21.694
2013   10       11     8  46    1.87   392.1    6.0      21.689
2013   10       11     8  55    1.87   392.0    6.0      21.683
2013   10       11     9   5    1.87   391.9    6.0      21.677
2013   10       11     9  14    1.87   391.8    6.0      21.672
2013   10       11     9  24    1.87   391.7    6.0      21.666
2013   10       11     9  33    1.87   391.6    6.0      21.660
2013   10       11     9  43    1.87   391.4    6.0      21.654
2013   10       11     9  52    1.87   391.3    6.0      21.648
2013   10       11    10   2    1.87   391.2    6.0      21.642
2013   10       11    10  11    1.87   391.1    6.0      21.636
2013   10       11    10  21    1.87   391.0    6.0      21.630
2013   10       11    10  30    1.87   390.9    6.1      21.624
2013   10       11    10  40    1.87   390.8    6.1      21.617
2013   10       11    10  49    1.87   390.6    6.1      21.611
2013   10       11    10  59    1.87   390.5    6.1      21.604
2013   10       11    11   8    1.87   390.4    6.1      21.598
2013   10       11    11  17    1.87   390.3    6.1      21.591
2013   10       11    11  27    1.87   390.2    6.1      21.585
2013   10       11    11  36    1.87   390.1    6.1      21.578
2013   10       11    11  46    1.87   390.0    6.1      21.571
2013   10       11    11  55    1.87   389.8    6.1      21.565
2013   10       11    12   5    1.87   389.7    6.1      21.558
2013   10       11    12  14    1.87   389.6    6.1      21.552
2013   10       11    12  22    1.87   389.5    6.1      21.547
2013   10       11    12  31    1.87   389.4    6.1      21.542
2013   10       11    12  39    1.87   389.3    6.1      21.538
2013   10       11    12  47    1.87   389.2    6.1      21.534
2013   10       11    12  55    1.87   389.1    6.1      21.529
2013   10       11    13   3    1.87   389.1    6.1      21.525
2013   10       11    13  11    1.87   389.0    6.1      21.522
2013   10       11    13  19    1.87   388.9    6.1      21.518
2013   10       11    13  27    1.87   388.8    6.1      21.514
2013   10       11    13  34    1.87   388.7    6.1      21.511
2013   10       11    13  42    1.87   388.6    6.1      21.507
2013   10       11    13  50    1.87   388.5    6.1      21.504
2013   10       11    13  58    1.87   388.4    6.1      21.500
2013   10       11    14   5    1.87   388.4    6.1      21.497
2013   10       11    14  13    1.87   388.3    6.1      21.494
2013   10       11    14  21    1.87   388.2    6.1      21.490
2013   10       11    14  29    1.87   388.1    6.1      21.487
2013   10       11    14  36    1.87   388.0    6.1      21.484
2013   10       11    14  44    1.87   387.9    6.1      21.481
2013   10       11    14  52    1.87   387.8    6.1      21.478
2013   10       11    15   0    1.87   387.8    6.2      21.475
2013   10       11    15   7    1.87   387.7    6.2      21.473
2013   10       11    15  15    1.87   387.6    6.2      21.470
2013   10       11    15  23    1.87   387.5    6.2      21.467
2013   10       11    15  30    1.87   387.4    6.2      21.465
2013   10       11    15  38    1.87   387.4    6.2      21.462
2013   10       11    15  46    1.87   387.3    6.2      21.460
2013   10       11    15  54    1.87   387.2    6.2      21.457
2013   10       11    16   1    1.87   387.1    6.2      21.455
2013   10       11    16   9    1.87   387.0    6.2      21.453
2013   10       11    16  17    1.87   387.0    6.2      21.450
2013   10       11    16  25    1.87   386.9    6.2      21.448
2013   10       11    16  32    1.87   386.8    6.2      21.446
2013   10       11    16  40    1.87   386.7    6.2      21.443
2013   10       11    16  48    1.87   386.6    6.2      21.441
2013   10       11    16  56    1.87   386.6    6.2      21.439
2013   10       11    17   3    1.87   386.5    6.2      21.436
2013   10       11    17  11    1.87   386.4    6.2      21.434
2013   10       11    17  19    1.87   386.3    6.2      21.431
2013   10       11    17  27    1.87   386.2    6.2      21.429
2013   10       11    17  34    1.87   386.2    6.2      21.426
2013   10       11    17  42    1.87   386.1    6.2      21.423
2013   10       11    17  50    1.87   386.0    6.2      21.420
2013   10       11    17  58    1.87   385.9    6.2      21.417
2013   10       11    18   6    1.87   385.8    6.2      21.414
2013   10       11    18  13    1.87   385.8    6.2      21.410
2013   10       11    18  21    1.87   385.7    6.2      21.407
2013   10       11    18  29    1.87   385.6    6.2      21.403
2013   10       11    18  37    1.87   385.5    6.2      21.400
2013   10       11    18  45    1.86   385.4    6.2      21.396
2013   10       11    18  53    1.86   385.3    6.2      21.392
2013   10       11    19   0    1.86   385.3    6.2      21.388
2013   10       11    19   8    1.86   385.2    6.2      21.384
2013   10       11    19  16    1.86   385.1    6.2      21.380
2013   10       11    19  24    1.86   385.0    6.2      21.376
2013   10       11    19  32    1.86   384.9    6.2      21.372
2013   10       11    19  39    1.86   384.9    6.2      21.367
2013   10       11    19  47    1.86   384.8    6.2      21.363
2013   10       11    19  55    1.86   384.7    6.2      21.359
2013   10       11    20   3    1.86   384.6    6.3      21.354
2013   10       11    20  11    1.86   384.5    6.3      21.349
2013   10       11    20  19    1.86   384.5    6.3      21.345
2013   10       11    20  26    1.86   384.4    6.3      21.340
2013   10       11    20  34    1.86   384.3    6.3      21.335
2013   10       11    20  42    1.86   384.2    6.3      21.331
2013   10       11    20  50    1.86   384.2    6.3      21.326
2013   10       11    20  58    1.86   384.1    6.3      21.321
2013   10       11    21   6    1.86   384.0    6.3      21.316
2013   10       11    21  14    1.86   383.9    6.3      21.311
2013   10       11    21  22    1.86   383.8    6.3      21.306
2013   10       11    21  29    1.86   383.8    6.3      21.301
2013   10       11    21  37    1.86   383.7    6.3      21.296
2013   10       11    21  45    1.86   383.6    6.3      21.291
2013   10       11    21  53    1.85   383.5    6.3      21.286
2013   10       11    22   1    1.85   383.5    6.3      21.281
2013   10       11    22   9    1.85   383.4    6.3      21.276
2013   10       11    22  17    1.85   383.3    6.3      21.271
2013   10       11    22  25    1.85   383.2    6.3      21.266
2013   10       11    22  33    1.85   383.2    6.3      21.261
2013   10       11    22  41    1.85   383.1    6.3      21.256
2013   10       11    22  49    1.85   383.0    6.3      21.252
2013   10       11    22  57    1.85   383.0    6.3      21.247
2013   10       11    23   5    1.85   382.9    6.3      21.242
2013   10       11    23  13    1.85   382.8    6.3      21.237
2013   10       11    23  21    1.85   382.7    6.3      21.232
2013   10       11    23  29    1.85   382.7    6.3      21.227
2013   10       11    23  37    1.85   382.6    6.3      21.222
2013   10       11    23  45    1.85   382.5    6.3      21.217
2013   10       11    23  53    1.85   382.4    6.3      21.212
2013   10       12     0   1    1.84   382.4    6.3      21.207
2013   10       12     0   9    1.84   382.3    6.3      21.202
2013   10       12     0  17    1.84   382.2    6.3      21.197
2013   10       12     0  25    1.84   382.1    6.3      21.191
2013   10       12     0  34    1.84   382.0    6.3      21.186
2013   10       12     0  42    1.84   382.0    6.3      21.180
2013   10       12     0  50    1.84   381.9    6.3      21.174
2013   10       12     0  58    1.84   381.8    6.3      21.168
2013   10       12     1   6    1.84   381.7    6.3      21.162
2013   10       12     1  15    1.84   381.6    6.3      21.155
2013   10       12     1  23    1.84   381.6    6.3      21.148
2013   10       12     1  31    1.83   381.5    6.3      21.141
2013   10       12     1  39    1.83   381.4    6.3      21.133
2013   10       12     1  48    1.83   381.3    6.3      21.126
2013   10       12     1  56    1.83   381.2    6.3      21.118
2013   10       12     2   4    1.83   381.1    6.3      21.109
2013   10       12     2  12    1.83   381.0    6.3      21.101
2013   10       12     2  21    1.83   380.9    6.3      21.092
2013   10       12     2  29    1.83   380.8    6.3      21.082
2013   10       12     2  37    1.83   380.8    6.3      21.073
2013   10       12     2  46    1.82   380.7    6.3      21.063
2013   10       12     2  54    1.82   380.6    6.3      21.053
2013   10       12     3   3    1.82   380.5    6.3      21.042
2013   10       12     3  11    1.82   380.4    6.3      21.031
2013   10       12     3  19    1.82   380.3    6.3      21.020
2013   10       12     3  28    1.82   380.2    6.3      21.008
2013   10       12     3  36    1.82   380.1    6.3      20.997
2013   10       12     3  45    1.82   380.0    6.3      20.984
2013   10       12     3  53    1.82   379.9    6.3      20.972
2013   10       12     4   2    1.81   379.8    6.3      20.959
2013   10       12     4  10    1.81   379.7    6.3      20.946
2013   10       12     4  19    1.81   379.6    6.3      20.933
2013   10       12     4  27    1.81   379.5    6.3      20.919
2013   10       12     4  36    1.81   379.4    6.3      20.906
2013   10       12     4  45    1.81   379.3    6.3      20.892
2013   10       12     4  53    1.81   379.2    6.3      20.877
2013   10       12     5   2    1.80   379.1    6.3      20.863
2013   10       12     5  11    1.80   379.0    6.3      20.848
2013   10       12     5  19    1.80   378.8    6.3      20.833
2013   10       12     5  28    1.80   378.7    6.3      20.818
2013   10       12     5  37    1.80   378.6    6.3      20.803
2013   10       12     5  45    1.80   378.5    6.3      20.788
2013   10       12     5  54    1.80   378.4    6.3      20.773
2013   10       12     6   3    1.79   378.3    6.3      20.757
2013   10       12     6  12    1.79   378.2    6.3      20.742
2013   10       12     6  20    1.79   378.1    6.3      20.726
2013   10       12     6  29    1.79   377.9    6.3      20.710
2013   10       12     6  38    1.79   377.8    6.3      20.695
2013   10       12     6  47    1.79   377.7    6.3      20.678
2013   10       12     6  56    1.78   377.6    6.3      20.662
2013   10       12     7   5    1.78   377.5    6.3      20.646
2013   10       12     7  14    1.78   377.3    6.3      20.629
2013   10       12     7  23    1.78   377.2    6.3      20.612
2013   10       12     7  32    1.78   377.1    6.3      20.595
2013   10       12     7  41    1.78   377.0    6.3      20.578
2013   10       12     7  50    1.77   376.8    6.3      20.560
2013   10       12     7  59    1.77   376.7    6.3      20.542
2013   10       12     8   8    1.77   376.6    6.3      20.524
2013   10       12     8  17    1.77   376.4    6.3      20.506
2013   10       12     8  26    1.77   376.3    6.3      20.487
2013   10       12     8  35    1.77   376.2    6.3      20.468
2013   10       12     8  44    1.76   376.0    6.3      20.448
2013   10       12     8  53    1.76   375.9    6.3      20.429
2013   10       12     9   3    1.76   375.7    6.3      20.408
2013   10       12     9  12    1.76   375.6    6.3      20.388
2013   10       12     9  21    1.76   375.4    6.2      20.367
2013   10       12     9  30    1.76   375.3    6.2      20.346
2013   10       12     9  40    1.75   375.2    6.2      20.325
2013   10       12     9  49    1.75   375.0    6.2      20.303
2013   10       12     9  58    1.75   374.9    6.2      20.281
2013   10       12    10   8    1.75   374.7    6.2      20.258
2013   10       12    10  17    1.75   374.6    6.2      20.235
2013   10       12    10  27    1.74   374.4    6.2      20.212
2013   10       12    10  36    1.74   374.3    6.2      20.189
2013   10       12    10  45    1.74   374.1    6.2      20.165
2013   10       12    10  55    1.74   373.9    6.2      20.141
2013   10       12    11   4    1.74   373.8    6.2      20.116
2013   10       12    11  14    1.74   373.6    6.2      20.091
2013   10       12    11  23    1.73   373.5    6.2      20.066
2013   10       12    11  32    1.73   373.3    6.2      20.041
2013   10       12    11  42    1.73   373.1    6.2      20.015
2013   10       12    11  51    1.73   373.0    6.2      19.990
2013   10       12    12   1    1.73   372.8    6.2      19.964
2013   10       12    12  10    1.72   372.6    6.2      19.938
2013   10       12    12  20    1.72   372.4    6.2      19.911
2013   10       12    12  29    1.72   372.2    6.2      19.885
2013   10       12    12  39    1.72   372.1    6.2      19.858
2013   10       12    12  48    1.72   371.9    6.2      19.831
2013   10       12    12  58    1.71   371.7    6.2      19.805
2013   10       12    13   7    1.71   371.5    6.2      19.778
2013   10       12    13  17    1.71   371.3    6.2      19.751
2013   10       12    13  26    1.71   371.1    6.2      19.725
2013   10       12    13  36    1.71   370.9    6.2      19.698
2013   10       12    13  45    1.71   370.7    6.2      19.672
2013   10       12    13  55    1.70   370.6    6.2      19.646
2013   10       12    14   4    1.70   370.4    6.2      19.620
2013   10       12    14  13    1.70   370.2    6.2      19.594
2013   10       12    14  23    1.70   370.0    6.2      19.568
2013   10       12    14  32    1.70   369.8    6.2      19.542
2013   10       12    14  42    1.70   369.6    6.2      19.517
2013   10       12    14  51    1.69   369.4    6.2      19.492
2013   10       12    15   1    1.69   369.2    6.2      19.467
2013   10       12    15  10    1.69   368.9    6.2      19.442
2013   10       12    15  20    1.69   368.7    6.2      19.417
2013   10       12    15  29    1.69   368.5    6.2      19.392
2013   10       12    15  39    1.69   368.3    6.2      19.368
2013   10       12    15  48    1.68   368.1    6.2      19.343
2013   10       12    15  58    1.68   367.9    6.2      19.319
2013   10       12    16   7    1.68   367.7    6.2      19.295
2013   10       12    16  17    1.68   367.5    6.2      19.271
2013   10       12    16  26    1.68   367.3    6.2      19.247
2013   10       12    16  36    1.68   367.1    6.2      19.223
2013   10       12    16  45    1.68   366.8    6.2      19.199
2013   10       12    16  54    1.68   366.6    6.2      19.176
2013   10       12    17   4    1.67   366.4    6.2      19.152
2013   10       12    17  13    1.67   366.2    6.2      19.128
2013   10       12    17  23    1.67   366.0    6.2      19.104
2013   10       12    17  32    1.67   365.8    6.2      19.080
2013   10       12    17  41    1.67   365.6    6.2      19.056
2013   10       12    17  51    1.67   365.4    6.2      19.032
2013   10       12    18   0    1.67   365.2    6.2      19.008
2013   10       12    18  10    1.67   365.0    6.2      18.983
2013   10       12    18  19    1.66   364.7    6.2      18.959
2013   10       12    18  29    1.66   364.5    6.2      18.934
2013   10       12    18  38    1.66   364.3    6.2      18.909
2013   10       12    18  47    1.66   364.1    6.2      18.884
2013   10       12    18  57    1.66   363.9    6.2      18.858
2013   10       12    19   6    1.66   363.7    6.2      18.833
2013   10       12    19  16    1.66   363.4    6.2      18.807
2013   10       12    19  25    1.66   363.2    6.2      18.781
2013   10       12    19  35    1.65   363.0    6.2      18.755
2013   10       12    19  44    1.65   362.8    6.2      18.729
2013   10       12    19  54    1.65   362.5    6.2      18.703
2013   10       12    20   3    1.65   362.3    6.2      18.677
2013   10       12    20  12    1.65   362.1    6.2      18.650
2013   10       12    20  22    1.65   361.9    6.2      18.624
2013   10       12    20  31    1.65   361.6    6.2      18.598
2013   10       12    20  41    1.65   361.4    6.2      18.571
2013   10       12    20  50    1.65   361.2    6.2      18.545
2013   10       12    21   0    1.64   360.9    6.2      18.519
2013   10       12    21   9    1.64   360.7    6.2      18.493
2013   10       12    21  19    1.64   360.4    6.2      18.467
2013   10       12    21  28    1.64   360.2    6.2      18.442
2013   10       12    21  38    1.64   359.9    6.2      18.417
2013   10       12    21  47    1.64   359.7    6.2      18.392
2013   10       12    21  57    1.64   359.5    6.3      18.367
2013   10       12    22   6    1.64   359.2    6.3      18.343
2013   10       12    22  16    1.64   359.0    6.3      18.319
2013   10       12    22  25    1.64   358.7    6.3      18.296
2013   10       12    22  35    1.64   358.4    6.3      18.273
2013   10       12    22  44    1.63   358.2    6.3      18.250
2013   10       12    22  54    1.63   357.9    6.3      18.228
2013   10       12    23   3    1.63   357.7    6.3      18.207
2013   10       12    23  13    1.63   357.4    6.3      18.185
2013   10       12    23  22    1.63   357.2    6.3      18.164
2013   10       12    23  31    1.63   356.9    6.3      18.144
2013   10       12    23  41    1.63   356.7    6.3      18.124
2013   10       12    23  50    1.63   356.4    6.3      18.104
2013   10       13     0   0    1.63   356.1    6.3      18.084
2013   10       13     0   9    1.63   355.9    6.3      18.065
2013   10       13     0  19    1.63   355.6    6.3      18.047
2013   10       13     0  28    1.63   355.4    6.3      18.028
2013   10       13     0  37    1.63   355.1    6.4      18.010
2013   10       13     0  47    1.63   354.8    6.4      17.992
2013   10       13     0  56    1.63   354.6    6.4      17.974
2013   10       13     1   6    1.63   354.3    6.4      17.956
2013   10       13     1  15    1.63   354.0    6.4      17.938
2013   10       13     1  24    1.63   353.8    6.4      17.921
2013   10       13     1  34    1.63   353.5    6.4      17.904
2013   10       13     1  43    1.63   353.3    6.4      17.887
2013   10       13     1  53    1.63   353.0    6.4      17.869
2013   10       13     2   2    1.63   352.7    6.4      17.852
2013   10       13     2  12    1.63   352.5    6.4      17.835
2013   10       13     2  21    1.63   352.2    6.4      17.819
2013   10       13     2  31    1.63   351.9    6.5      17.802
2013   10       13     2  40    1.63   351.7    6.5      17.785
2013   10       13     2  49    1.63   351.4    6.5      17.769
2013   10       13     2  59    1.63   351.1    6.5      17.752
2013   10       13     3   8    1.63   350.9    6.5      17.736
2013   10       13     3  18    1.63   350.6    6.5      17.720
2013   10       13     3  27    1.63   350.3    6.5      17.703
2013   10       13     3  37    1.63   350.1    6.5      17.688
2013   10       13     3  46    1.63   349.8    6.5      17.672
2013   10       13     3  56    1.63   349.5    6.5      17.656
2013   10       13     4   5    1.63   349.3    6.6      17.640
2013   10       13     4  15    1.63   349.0    6.6      17.625
2013   10       13     4  24    1.63   348.7    6.6      17.609
2013   10       13     4  34    1.63   348.5    6.6      17.594
2013   10       13     4  43    1.63   348.2    6.6      17.580
2013   10       13     4  53    1.63   347.9    6.6      17.565
2013   10       13     5   2    1.63   347.7    6.6      17.550
2013   10       13     5  12    1.63   347.4    6.6      17.536
2013   10       13     5  21    1.63   347.1    6.7      17.522
2013   10       13     5  30    1.63   346.9    6.7      17.509
2013   10       13     5  40    1.63   346.6    6.7      17.496
2013   10       13     5  49    1.64   346.3    6.7      17.483
2013   10       13     5  59    1.64   346.1    6.7      17.470
2013   10       13     6   8    1.64   345.8    6.7      17.458
2013   10       13     6  18    1.64   345.5    6.7      17.446
2013   10       13     6  27    1.64   345.3    6.8      17.434
2013   10       13     6  37    1.64   345.0    6.8      17.423
2013   10       13     6  46    1.64   344.7    6.8      17.412
2013   10       13     6  56    1.64   344.5    6.8      17.401
2013   10       13     7   5    1.64   344.2    6.8      17.391
2013   10       13     7  14    1.64   344.0    6.8      17.381
2013   10       13     7  24    1.64   343.7    6.8      17.372
2013   10       13     7  33    1.65   343.4    6.9      17.363
2013   10       13     7  43    1.65   343.2    6.9      17.354
2013   10       13     7  52    1.65   342.9    6.9      17.346
2013   10       13     8   1    1.65   342.7    6.9      17.338
2013   10       13     8  11    1.65   342.4    6.9      17.330
2013   10       13     8  20    1.65   342.1    6.9      17.323
2013   10       13     8  30    1.65   341.9    7.0      17.316
2013   10       13     8  39    1.65   341.6    7.0      17.310
2013   10       13     8  49    1.66   341.4    7.0      17.304
2013   10       13     8  58    1.66   341.1    7.0      17.298
2013   10       13     9   7    1.66   340.9    7.0      17.293
2013   10       13     9  17    1.66   340.6    7.1      17.289
2013   10       13     9  26    1.66   340.4    7.1      17.285
2013   10       13     9  36    1.66   340.1    7.1      17.281
2013   10       13     9  45    1.67   339.9    7.1      17.278
2013   10       13     9  55    1.67   339.6    7.1      17.275
2013   10       13    10   4    1.67   339.4    7.2      17.273
2013   10       13    10  14    1.67   339.1    7.2      17.272
2013   10       13    10  23    1.67   338.9    7.2      17.271
2013   10       13    10  32    1.68   338.7    7.2      17.271
2013   10       13    10  42    1.68   338.4    7.2      17.271
2013   10       13    10  51    1.68   338.2    7.3      17.271
2013   10       13    11   1    1.68   337.9    7.3      17.273
2013   10       13    11  10    1.69   337.7    7.3      17.274
2013   10       13    11  20    1.69   337.5    7.3      17.277
2013   10       13    11  29    1.69   337.3    7.4      17.279
2013   10       13    11  39    1.69   337.0    7.4      17.283
2013   10       13    11  48    1.69   336.8    7.4      17.286
2013   10       13    11  58    1.70   336.6    7.4      17.291
2013   10       13    12   7    1.70   336.4    7.4      17.295
2013   10       13    12  17    1.70   336.1    7.5      17.300
2013   10       13    12  26    1.70   335.9    7.5      17.305
2013   10       13    12  36    1.71   335.7    7.5      17.311
2013   10       13    12  45    1.71   335.5    7.5      17.317
2013   10       13    12  55    1.71   335.3    7.6      17.323
2013   10       13    13   4    1.71   335.1    7.6      17.329
2013   10       13    13  13    1.72   334.9    7.6      17.335
2013   10       13    13  23    1.72   334.7    7.6      17.342
2013   10       13    13  32    1.72   334.5    7.7      17.348
2013   10       13    13  42    1.72   334.2    7.7      17.355
2013   10       13    13  51    1.73   334.0    7.7      17.362
2013   10       13    14   1    1.73   333.8    7.7      17.369
2013   10       13    14  10    1.73   333.6    7.8      17.376
2013   10       13    14  20    1.73   333.4    7.8      17.383
2013   10       13    14  29    1.74   333.2    7.8      17.390
2013   10       13    14  38    1.74   333.0    7.8      17.397
2013   10       13    14  48    1.74   332.8    7.9      17.404
2013   10       13    14  57    1.74   332.7    7.9      17.411
2013   10       13    15   7    1.75   332.5    7.9      17.418
2013   10       13    15  16    1.75   332.3    7.9      17.425
2013   10       13    15  25    1.75   332.1    8.0      17.432
2013   10       13    15  35    1.75   331.9    8.0      17.439
2013   10       13    15  44    1.76   331.7    8.0      17.446
2013   10       13    15  54    1.76   331.5    8.0      17.454
2013   10       13    16   3    1.76   331.3    8.1      17.461
2013   10       13    16  13    1.77   331.1    8.1      17.468
2013   10       13    16  22    1.77   331.0    8.1      17.476
2013   10       13    16  31    1.77   330.8    8.1      17.483
2013   10       13    16  41    1.77   330.6    8.1      17.491
2013   10       13    16  50    1.78   330.4    8.2      17.499
2013   10       13    17   0    1.78   330.2    8.2      17.508
2013   10       13    17   9    1.78   330.0    8.2      17.517
2013   10       13    17  19    1.79   329.9    8.3      17.526
2013   10       13    17  28    1.79   329.7    8.3      17.536
2013   10       13    17  37    1.79   329.5    8.3      17.546
2013   10       13    17  47    1.80   329.3    8.3      17.557
2013   10       13    17  56    1.80   329.2    8.4      17.568
2013   10       13    18   6    1.80   329.0    8.4      17.581
2013   10       13    18  15    1.81   328.8    8.4      17.595
2013   10       13    18  25    1.81   328.7    8.5      17.610
2013   10       13    18  34    1.81   328.5    8.5      17.626
2013   10       13    18  44    1.82   328.3    8.5      17.643
2013   10       13    18  53    1.82   328.2    8.5      17.661
2013   10       13    19   3    1.83   328.0    8.6      17.681
2013   10       13    19  12    1.83   327.9    8.6      17.702
2013   10       13    19  22    1.83   327.8    8.6      17.724
2013   10       13    19  31    1.84   327.6    8.7      17.748
2013   10       13    19  41    1.84   327.5    8.7      17.772
2013   10       13    19  50    1.84   327.4    8.7      17.797
2013   10       13    20   0    1.85   327.3    8.8      17.821
2013   10       13    20   9    1.85   327.1    8.8      17.844
2013   10       13    20  18    1.85   327.0    8.8      17.867
2013   10       13    20  28    1.86   326.9    8.8      17.889
2013   10       13    20  37    1.86   326.8    8.9      17.910
2013   10       13    20  47    1.86   326.7    8.9      17.931
2013   10       13    20  56    1.87   326.6    8.9      17.952
2013   10       13    21   6    1.87   326.4    8.9      17.972
2013   10       13    21  15    1.87   326.3    9.0      17.991
2013   10       13    21  25    1.88   326.2    9.0      18.010
2013   10       13    21  34    1.88   326.1    9.0      18.028
2013   10       13    21  43    1.88   326.0    9.0      18.046
2013   10       13    21  53    1.89   325.9    9.1      18.064
2013   10       13    22   2    1.89   325.8    9.1      18.081
2013   10       13    22  12    1.89   325.7    9.1      18.098
2013   10       13    22  21    1.90   325.6    9.1      18.114
2013   10       13    22  30    1.90   325.4    9.1      18.130
2013   10       13    22  40    1.90   325.3    9.2      18.146
2013   10       13    22  49    1.90   325.2    9.2      18.161
2013   10       13    22  59    1.91   325.1    9.2      18.176
2013   10       13    23   8    1.91   325.0    9.2      18.191
2013   10       13    23  18    1.91   324.9    9.2      18.205
2013   10       13    23  27    1.92   324.8    9.3      18.219
2013   10       13    23  36    1.92   324.7    9.3      18.233
2013   10       13    23  46    1.92   324.6    9.3      18.246
2013   10       13    23  55    1.92   324.5    9.3      18.260
2013   10       14     0   5    1.93   324.4    9.3      18.273
2013   10       14     0  14    1.93   324.3    9.4      18.285
2013   10       14     0  23    1.93   324.2    9.4      18.298
2013   10       14     0  33    1.94   324.1    9.4      18.311
2013   10       14     0  42    1.94   324.0    9.4      18.323
2013   10       14     0  52    1.94   323.9    9.4      18.336
2013   10       14     1   1    1.95   323.8    9.5      18.348
2013   10       14     1  11    1.95   323.7    9.5      18.361
2013   10       14     1  20    1.95   323.6    9.5      18.375
2013   10       14     1  30    1.95   323.5    9.5      18.389
2013   10       14     1  39    1.96   323.4    9.6      18.403
2013   10       14     1  49    1.96   323.3    9.6      18.418
2013   10       14     1  58    1.96   323.2    9.6      18.434
2013   10       14     2   8    1.97   323.1    9.6      18.450
2013   10       14     2  17    1.97   323.0    9.6      18.467
2013   10       14     2  26    1.98   323.0    9.7      18.485
2013   10       14     2  36    1.98   322.9    9.7      18.504
2013   10       14     2  45    1.98   322.8    9.7      18.524
2013   10       14     2  55    1.99   322.8    9.7      18.545
2013   10       14     3   4    1.99   322.7    9.8      18.566
2013   10       14     3  14    1.99   322.6    9.8      18.587
2013   10       14     3  23    2.00   322.6    9.8      18.607
2013   10       14     3  33    2.00   322.5    9.8      18.626
2013   10       14     3  42    2.00   322.5    9.8      18.645
2013   10       14     3  52    2.00   322.4    9.9      18.664
2013   10       14     4   1    2.01   322.4    9.9      18.682
2013   10       14     4  10    2.01   322.3    9.9      18.700
2013   10       14     4  20    2.01   322.3    9.9      18.718
2013   10       14     4  29    2.02   322.2    9.9      18.735
2013   10       14     4  39    2.02   322.1    9.9      18.752
2013   10       14     4  48    2.02   322.1   10.0      18.769
2013   10       14     4  58    2.02   322.0   10.0      18.785
2013   10       14     5   7    2.03   322.0   10.0      18.801
2013   10       14     5  16    2.03   321.9   10.0      18.816
2013   10       14     5  26    2.03   321.9   10.0      18.832
2013   10       14     5  35    2.03   321.8   10.0      18.847
2013   10       14     5  45    2.04   321.8   10.0      18.861
2013   10       14     5  54    2.04   321.7   10.1      18.875
2013   10       14     6   3    2.04   321.7   10.1      18.889
2013   10       14     6  13    2.04   321.6   10.1      18.902
2013   10       14     6  22    2.05   321.6   10.1      18.915
2013   10       14     6  32    2.05   321.5   10.1      18.928
2013   10       14     6  41    2.05   321.5   10.1      18.941
2013   10       14     6  51    2.05   321.4   10.1      18.953
2013   10       14     7   0    2.06   321.4   10.1      18.964
2013   10       14     7   9    2.06   321.3   10.1      18.976
2013   10       14     7  19    2.06   321.3   10.2      18.987
2013   10       14     7  28    2.06   321.2   10.2      18.998
2013   10       14     7  38    2.07   321.2   10.2      19.008
2013   10       14     7  47    2.07   321.1   10.2      19.018
2013   10       14     7  57    2.07   321.1   10.2      19.028
2013   10       14     8   6    2.07   321.0   10.2      19.038
2013   10       14     8  15    2.07   321.0   10.2      19.047
2013   10       14     8  25    2.08   320.9   10.2      19.057
2013   10       14     8  34    2.08   320.9   10.2      19.066
2013   10       14     8  44    2.08   320.8   10.2      19.074
2013   10       14     8  53    2.08   320.8   10.3      19.083
2013   10       14     9   3    2.09   320.7   10.3      19.091
2013   10       14     9  12    2.09   320.7   10.3      19.100
2013   10       14     9  22    2.09   320.6   10.3      19.108
2013   10       14     9  31    2.09   320.6   10.3      19.116
2013   10       14     9  41    2.09   320.5   10.3      19.124
2013   10       14     9  50    2.10   320.5   10.3      19.131
2013   10       14     9  59    2.10   320.5   10.3      19.139
2013   10       14    10   9    2.10   320.4   10.3      19.147
2013   10       14    10  18    2.10   320.4   10.3      19.154
2013   10       14    10  28    2.11   320.3   10.3      19.161
2013   10       14    10  37    2.11   320.3   10.4      19.169
2013   10       14    10  47    2.11   320.2   10.4      19.176
2013   10       14    10  56    2.11   320.2   10.4      19.184
2013   10       14    11   6    2.12   320.2   10.4      19.191
2013   10       14    11  15    2.12   320.1   10.4      19.199
2013   10       14    11  24    2.12   320.1   10.4      19.206
2013   10       14    11  34    2.12   320.0   10.4      19.214
2013   10       14    11  43    2.12   320.0   10.4      19.221
2013   10       14    11  53    2.13   320.0   10.4      19.229
2013   10       14    12   2    2.13   319.9   10.4      19.237
2013   10       14    12  12    2.13   319.9   10.4      19.244
2013   10       14    12  21    2.13   319.8   10.4      19.252
2013   10       14    12  30    2.13   319.8   10.4      19.259
2013   10       14    12  40    2.14   319.8   10.5      19.266
2013   10       14    12  49    2.14   319.7   10.5      19.273
2013   10       14    12  59    2.14   319.7   10.5      19.280
2013   10       14    13   8    2.14   319.7   10.5      19.287
2013   10       14    13  17    2.14   319.6   10.5      19.293
2013   10       14    13  27    2.15   319.6   10.5      19.300
2013   10       14    13  36    2.15   319.5   10.5      19.306
2013   10       14    13  46    2.15   319.5   10.5      19.312
2013   10       14    13  55    2.15   319.5   10.5      19.318
2013   10       14    14   5    2.15   319.4   10.5      19.323
2013   10       14    14  14    2.16   319.4   10.5      19.329
2013   10       14    14  23    2.16   319.3   10.5      19.334
2013   10       14    14  33    2.16   319.3   10.5      19.339
2013   10       14    14  42    2.16   319.3   10.5      19.344
2013   10       14    14  52    2.16   319.2   10.5      19.349
2013   10       14    15   1    2.17   319.2   10.5      19.353
2013   10       14    15  10    2.17   319.1   10.5      19.358
2013   10       14    15  20    2.17   319.1   10.5      19.362
2013   10       14    15  29    2.17   319.1   10.5      19.366
2013   10       14    15  39    2.17   319.0   10.6      19.369
2013   10       14    15  48    2.17   319.0   10.6      19.373
2013   10       14    15  58    2.18   318.9   10.6      19.376
2013   10       14    16   7    2.18   318.9   10.6      19.380
2013   10       14    16  17    2.18   318.8   10.6      19.383
2013   10       14    16  26    2.18   318.8   10.6      19.386
2013   10       14    16  36    2.18   318.8   10.6      19.388
2013   10       14    16  45    2.19   318.7   10.6      19.391
2013   10       14    16  54    2.19   318.7   10.6      19.393
2013   10       14    17   4    2.19   318.6   10.6      19.395
2013   10       14    17  13    2.19   318.6   10.6      19.397
2013   10       14    17  23    2.19   318.6   10.6      19.399
2013   10       14    17  32    2.20   318.5   10.6      19.401
2013   10       14    17  42    2.20   318.5   10.6      19.402
2013   10       14    17  51    2.20   318.4   10.6      19.403
2013   10       14    18   1    2.20   318.4   10.6      19.404
2013   10       14    18  10    2.20   318.4   10.6      19.405
2013   10       14    18  19    2.20   318.3   10.6      19.406
2013   10       14    18  29    2.21   318.3   10.6      19.407
2013   10       14    18  38    2.21   318.2   10.6      19.407
2013   10       14    18  48    2.21   318.2   10.6      19.408
2013   10       14    18  57    2.21   318.1   10.6      19.408
2013   10       14    19   7    2.21   318.1   10.6      19.408
2013   10       14    19  16    2.22   318.1   10.6      19.408
2013   10       14    19  25    2.22   318.0   10.6      19.408
2013   10       14    19  35    2.22   318.0   10.6      19.408
2013   10       14    19  44    2.22   317.9   10.6      19.408
2013   10       14    19  54    2.22   317.9   10.6      19.408
2013   10       14    20   3    2.23   317.8   10.6      19.408
2013   10       14    20  12    2.23   317.8   10.6      19.408
2013   10       14    20  22    2.23   317.8   10.6      19.407
2013   10       14    20  31    2.23   317.7   10.6      19.407
2013   10       14    20  41    2.23   317.7   10.6      19.407
2013   10       14    20  50    2.24   317.6   10.6      19.407
2013   10       14    20  59    2.24   317.6   10.6      19.406
2013   10       14    21   9    2.24   317.6   10.6      19.406
2013   10       14    21  18    2.24   317.5   10.7      19.406
2013   10       14    21  28    2.24   317.5   10.7      19.406
2013   10       14    21  37    2.25   317.4   10.7      19.405
2013   10       14    21  46    2.25   317.4   10.7      19.405
2013   10       14    21  56    2.25   317.3   10.7      19.405
2013   10       14    22   5    2.25   317.3   10.7      19.404
2013   10       14    22  15    2.25   317.3   10.7      19.404
2013   10       14    22  24    2.26   317.2   10.7      19.404
2013   10       14    22  34    2.26   317.2   10.7      19.404
2013   10       14    22  43    2.26   317.1   10.7      19.403
2013   10       14    22  53    2.26   317.1   10.7      19.403
2013   10       14    23   2    2.27   317.1   10.7      19.403
2013   10       14    23  11    2.27   317.0   10.7      19.402
2013   10       14    23  21    2.27   317.0   10.7      19.402
2013   10       14    23  30    2.27   316.9   10.7      19.402
2013   10       14    23  40    2.27   316.9   10.7      19.401
2013   10       14    23  49    2.28   316.9   10.7      19.401
2013   10       14    23  59    2.28   316.8   10.7      19.401
2013   10       15     0   8    2.28   316.8   10.7      19.400
2013   10       15     0  18    2.28   316.7   10.7      19.400
2013   10       15     0  27    2.29   316.7   10.7      19.399
2013   10       15     0  36    2.29   316.7   10.7      19.399
2013   10       15     0  46    2.29   316.6   10.7      19.398
2013   10       15     0  55    2.29   316.6   10.7      19.397
2013   10       15     1   5    2.29   316.6   10.7      19.397
2013   10       15     1  14    2.30   316.5   10.7      19.396
2013   10       15     1  24    2.30   316.5   10.7      19.395
2013   10       15     1  33    2.30   316.4   10.7      19.394
2013   10       15     1  42    2.30   316.4   10.7      19.394
2013   10       15     1  52    2.31   316.4   10.7      19.393
2013   10       15     2   1    2.31   316.3   10.7      19.392
2013   10       15     2  11    2.31   316.3   10.7      19.391
2013   10       15     2  20    2.31   316.2   10.7      19.390
2013   10       15     2  29    2.31   316.2   10.7      19.390
2013   10       15     2  39    2.32   316.2   10.7      19.389
2013   10       15     2  48    2.32   316.1   10.7      19.388
2013   10       15     2  58    2.32   316.1   10.7      19.388
2013   10       15     3   7    2.32   316.1   10.8      19.387
2013   10       15     3  17    2.33   316.0   10.8      19.387
2013   10       15     3  26    2.33   316.0   10.8      19.386
2013   10       15     3  35    2.33   315.9   10.8      19.386
2013   10       15     3  45    2.33   315.9   10.8      19.386
2013   10       15     3  54    2.34   315.9   10.8      19.386
2013   10       15     4   4    2.34   315.8   10.8      19.386
2013   10       15     4  13    2.34   315.8   10.8      19.386
2013   10       15     4  22    2.34   315.8   10.8      19.386
2013   10       15     4  32    2.35   315.7   10.8      19.387
2013   10       15     4  41    2.35   315.7   10.8      19.387
2013   10       15     4  51    2.35   315.7   10.8      19.388
2013   10       15     5   0    2.36   315.6   10.8      19.388
2013   10       15     5   9    2.36   315.6   10.8      19.389
2013   10       15     5  19    2.36   315.5   10.8      19.390
2013   10       15     5  28    2.36   315.5   10.8      19.391
2013   10       15     5  38    2.37   315.5   10.8      19.393
2013   10       15     5  47    2.37   315.4   10.8      19.394
2013   10       15     5  57    2.37   315.4   10.8      19.396
2013   10       15     6   6    2.38   315.4   10.9      19.397
2013   10       15     6  15    2.38   315.3   10.9      19.399
2013   10       15     6  25    2.38   315.3   10.9      19.401
2013   10       15     6  34    2.39   315.3   10.9      19.403
2013   10       15     6  44    2.39   315.2   10.9      19.405
2013   10       15     6  53    2.39   315.2   10.9      19.407
2013   10       15     7   3    2.39   315.2   10.9      19.410
2013   10       15     7  12    2.40   315.1   10.9      19.412
2013   10       15     7  22    2.40   315.1   10.9      19.415
2013   10       15     7  31    2.40   315.1   10.9      19.417
2013   10       15     7  40    2.41   315.0   10.9      19.420
2013   10       15     7  50    2.41   315.0   10.9      19.423
2013   10       15     7  59    2.41   315.0   10.9      19.426
2013   10       15     8   9    2.42   314.9   11.0      19.430
2013   10       15     8  18    2.42   314.9   11.0      19.433
2013   10       15     8  27    2.42   314.9   11.0      19.437
2013   10       15     8  37    2.43   314.9   11.0      19.440
2013   10       15     8  46    2.43   314.8   11.0      19.444
2013   10       15     8  56    2.43   314.8   11.0      19.449
2013   10       15     9   5    2.44   314.8   11.0      19.453
2013   10       15     9  15    2.44   314.7   11.0      19.458
2013   10       15     9  24    2.45   314.7   11.0      19.462
2013   10       15     9  33    2.45   314.7   11.0      19.468
2013   10       15     9  43    2.45   314.6   11.0      19.473
2013   10       15     9  52    2.46   314.6   11.1      19.479
2013   10       15    10   2    2.46   314.6   11.1      19.485
2013   10       15    10  11    2.46   314.6   11.1      19.491
2013   10       15    10  20    2.47   314.5   11.1      19.497
2013   10       15    10  30    2.47   314.5   11.1      19.504
2013   10       15    10  39    2.48   314.5   11.1      19.512
2013   10       15    10  49    2.48   314.4   11.1      19.520
2013   10       15    10  58    2.49   314.4   11.1      19.528
2013   10       15    11   7    2.49   314.4   11.1      19.537
2013   10       15    11  17    2.49   314.4   11.2      19.546
2013   10       15    11  26    2.50   314.3   11.2      19.556
2013   10       15    11  36    2.50   314.3   11.2      19.567
2013   10       15    11  45    2.51   314.3   11.2      19.578
2013   10       15    11  54    2.51   314.3   11.2      19.589
2013   10       15    12   4    2.52   314.3   11.2      19.602
2013   10       15    12  13    2.52   314.2   11.3      19.616
2013   10       15    12  23    2.53   314.2   11.3      19.630
2013   10       15    12  32    2.53   314.2   11.3      19.645
2013   10       15    12  42    2.54   314.2   11.3      19.662
2013   10       15    12  51    2.54   314.2   11.3      19.678
2013   10       15    13   0    2.55   314.2   11.4      19.696
2013   10       15    13  10    2.56   314.2   11.4      19.715
2013   10       15    13  19    2.56   314.2   11.4      19.735
2013   10       15    13  29    2.57   314.2   11.4      19.756
2013   10       15    13  38    2.57   314.2   11.4      19.778
2013   10       15    13  48    2.58   314.2   11.5      19.801
2013   10       15    13  57    2.58   314.2   11.5      19.824
2013   10       15    14   6    2.59   314.2   11.5      19.846
2013   10       15    14  16    2.59   314.2   11.5      19.868
2013   10       15    14  25    2.60   314.2   11.5      19.890
2013   10       15    14  35    2.60   314.2   11.6      19.911
2013   10       15    14  44    2.61   314.2   11.6      19.931
2013   10       15    14  54    2.61   314.2   11.6      19.952
2013   10       15    15   3    2.62   314.3   11.6      19.972
2013   10       15    15  12    2.62   314.3   11.6      19.992
2013   10       15    15  22    2.63   314.3   11.6      20.012
2013   10       15    15  31    2.63   314.3   11.7      20.031
2013   10       15    15  40    2.64   314.3   11.7      20.051
2013   10       15    15  50    2.64   314.3   11.7      20.070
2013   10       15    15  59    2.65   314.3   11.7      20.090
2013   10       15    16   9    2.65   314.3   11.7      20.109
2013   10       15    16  18    2.66   314.3   11.7      20.129
2013   10       15    16  28    2.66   314.3   11.8      20.148
2013   10       15    16  37    2.67   314.3   11.8      20.168
2013   10       15    16  46    2.68   314.3   11.8      20.188
2013   10       15    16  56    2.68   314.3   11.8      20.209
2013   10       15    17   5    2.69   314.3   11.8      20.229
2013   10       15    17  14    2.69   314.4   11.9      20.250
2013   10       15    17  24    2.70   314.4   11.9      20.272
2013   10       15    17  33    2.70   314.4   11.9      20.294
2013   10       15    17  43    2.71   314.4   11.9      20.317
2013   10       15    17  52    2.72   314.4   11.9      20.341
2013   10       15    18   2    2.72   314.4   12.0      20.365
2013   10       15    18  11    2.73   314.4   12.0      20.391
2013   10       15    18  20    2.74   314.5   12.0      20.418
2013   10       15    18  30    2.74   314.5   12.1      20.446
2013   10       15    18  39    2.75   314.5   12.1      20.476
2013   10       15    18  49    2.76   314.5   12.1      20.508
2013   10       15    18  58    2.76   314.6   12.1      20.541
2013   10       15    19   7    2.77   314.6   12.2      20.576
2013   10       15    19  17    2.78   314.6   12.2      20.613
2013   10       15    19  26    2.79   314.7   12.2      20.653
2013   10       15    19  36    2.79   314.7   12.3      20.695
2013   10       15    19  45    2.80   314.8   12.3      20.740
2013   10       15    19  55    2.81   314.9   12.3      20.787
2013   10       15    20   4    2.82   315.0   12.4      20.836
2013   10       15    20  13    2.82   315.0   12.4      20.886
2013   10       15    20  23    2.83   315.1   12.4      20.936
2013   10       15    20  32    2.84   315.2   12.5      20.986
2013   10       15    20  42    2.84   315.3   12.5      21.036
2013   10       15    20  51    2.85   315.4   12.5      21.086
2013   10       15    21   1    2.86   315.4   12.5      21.135
2013   10       15    21  10    2.87   315.5   12.6      21.185
2013   10       15    21  19    2.87   315.6   12.6      21.233
2013   10       15    21  29    2.88   315.7   12.6      21.281
2013   10       15    21  38    2.89   315.8   12.6      21.327
2013   10       15    21  48    2.89   315.9   12.7      21.373
2013   10       15    21  57    2.90   315.9   12.7      21.417
2013   10       15    22   6    2.91   316.0   12.7      21.461
2013   10       15    22  16    2.91   316.1   12.7      21.505
2013   10       15    22  25    2.92   316.2   12.8      21.548
2013   10       15    22  34    2.93   316.3   12.8      21.590
2013   10       15    22  44    2.93   316.4   12.8      21.632
2013   10       15    22  53    2.94   316.4   12.8      21.673
2013   10       15    23   3    2.95   316.5   12.9      21.714
2013   10       15    23  12    2.95   316.6   12.9      21.755
2013   10       15    23  21    2.96   316.7   12.9      21.796
2013   10       15    23  31    2.97   316.8   12.9      21.836
2013   10       15    23  40    2.98   316.9   13.0      21.877
2013   10       15    23  50    2.98   316.9   13.0      21.918
2013   10       15    23  59    2.99   317.0   13.0      21.961
2013   10       16     0   8    3.00   317.1   13.0      22.003
2013   10       16     0  18    3.01   317.2   13.1      22.047
2013   10       16     0  27    3.01   317.3   13.1      22.091
2013   10       16     0  37    3.02   317.4   13.1      22.137
2013   10       16     0  46    3.03   317.5   13.2      22.185
2013   10       16     0  55    3.04   317.7   13.2      22.235
2013   10       16     1   5    3.05   317.8   13.2      22.286
2013   10       16     1  14    3.06   317.9   13.2      22.340
2013   10       16     1  24    3.07   318.0   13.3      22.395
2013   10       16     1  33    3.08   318.2   13.3      22.450
2013   10       16     1  42    3.08   318.3   13.3      22.504
2013   10       16     1  52    3.09   318.4   13.4      22.559
2013   10       16     2   1    3.10   318.5   13.4      22.613
2013   10       16     2  11    3.11   318.7   13.4      22.669
2013   10       16     2  20    3.12   318.8   13.4      22.725
2013   10       16     2  29    3.13   319.0   13.5      22.783
2013   10       16     2  39    3.13   319.1   13.5      22.840
2013   10       16     2  48    3.14   319.3   13.5      22.898
2013   10       16     2  58    3.15   319.4   13.5      22.956
2013   10       16     3   7    3.16   319.5   13.5      23.012
2013   10       16     3  17    3.16   319.7   13.6      23.066
2013   10       16     3  26    3.17   319.8   13.6      23.118
2013   10       16     3  35    3.18   320.0   13.6      23.169
2013   10       16     3  45    3.18   320.1   13.6      23.218
2013   10       16     3  54    3.19   320.2   13.6      23.266
2013   10       16     4   4    3.20   320.4   13.6      23.313
2013   10       16     4  13    3.20   320.5   13.6      23.358
2013   10       16     4  23    3.21   320.6   13.6      23.403
2013   10       16     4  32    3.21   320.8   13.7      23.446
2013   10       16     4  41    3.22   320.9   13.7      23.488
2013   10       16     4  51    3.22   321.0   13.7      23.529
2013   10       16     5   0    3.23   321.2   13.7      23.569
2013   10       16     5   9    3.23   321.3   13.7      23.608
2013   10       16     5  19    3.24   321.4   13.7      23.647
2013   10       16     5  28    3.24   321.6   13.7      23.685
2013   10       16     5  38    3.25   321.7   13.7      23.722
2013   10       16     5  47    3.25   321.8   13.7      23.758
2013   10       16     5  56    3.26   322.0   13.7      23.794
2013   10       16     6   6    3.26   322.1   13.7      23.830
2013   10       16     6  15    3.26   322.2   13.7      23.864
2013   10       16     6  24    3.27   322.4   13.7      23.899
2013   10       16     6  34    3.27   322.5   13.7      23.932
2013   10       16     6  43    3.28   322.7   13.7      23.966
2013   10       16     6  52    3.28   322.8   13.7      23.999
2013   10       16     7   2    3.28   322.9   13.7      24.031
2013   10       16     7  11    3.29   323.1   13.7      24.063
2013   10       16     7  21    3.29   323.2   13.7      24.094
2013   10       16     7  30    3.29   323.4   13.7      24.126
2013   10       16     7  39    3.30   323.5   13.7      24.157
2013   10       16     7  49    3.30   323.7   13.7      24.187
2013   10       16     7  58    3.30   323.8   13.7      24.217
2013   10       16     8   8    3.30   323.9   13.7      24.247
2013   10       16     8  17    3.31   324.1   13.7      24.277
2013   10       16     8  26    3.31   324.2   13.7      24.307
2013   10       16     8  36    3.31   324.4   13.7      24.336
2013   10       16     8  45    3.32   324.5   13.7      24.365
2013   10       16     8  54    3.32   324.7   13.7      24.394
2013   10       16     9   4    3.32   324.8   13.7      24.422
2013   10       16     9  13    3.32   325.0   13.7      24.450
2013   10       16     9  23    3.33   325.1   13.7      24.479
2013   10       16     9  32    3.33   325.3   13.7      24.507
2013   10       16     9  42    3.33   325.4   13.7      24.534
2013   10       16     9  51    3.33   325.6   13.7      24.562
2013   10       16    10   0    3.34   325.7   13.7      24.589
2013   10       16    10  10    3.34   325.8   13.7      24.617
2013   10       16    10  19    3.34   326.0   13.7      24.644
2013   10       16    10  29    3.34   326.1   13.7      24.671
2013   10       16    10  38    3.35   326.3   13.7      24.699
2013   10       16    10  47    3.35   326.4   13.7      24.726
2013   10       16    10  57    3.35   326.6   13.7      24.754
2013   10       16    11   6    3.35   326.7   13.7      24.782
2013   10       16    11  16    3.36   326.9   13.7      24.810
2013   10       16    11  25    3.36   327.0   13.7      24.838
2013   10       16    11  35    3.36   327.2   13.7      24.867
2013   10       16    11  44    3.36   327.3   13.7      24.896
2013   10       16    11  53    3.37   327.5   13.7      24.926
2013   10       16    12   3    3.37   327.6   13.7      24.955
2013   10       16    12  12    3.37   327.8   13.7      24.985
2013   10       16    12  22    3.37   328.0   13.8      25.015
2013   10       16    12  31    3.38   328.1   13.8      25.045
2013   10       16    12  40    3.38   328.3   13.8      25.074
2013   10       16    12  50    3.38   328.5   13.8      25.104
2013   10       16    12  59    3.38   328.6   13.8      25.134
2013   10       16    13   8    3.39   328.8   13.8      25.163
2013   10       16    13  18    3.39   329.0   13.8      25.193
2013   10       16    13  27    3.39   329.2   13.8      25.221
2013   10       16    13  36    3.39   329.3   13.8      25.250
2013   10       16    13  46    3.39   329.5   13.8      25.280
2013   10       16    13  55    3.40   329.7   13.8      25.309
2013   10       16    14   5    3.40   329.9   13.8      25.338
2013   10       16    14  14    3.40   330.1   13.8      25.367
2013   10       16    14  23    3.40   330.2   13.8      25.397
2013   10       16    14  33    3.41   330.4   13.8      25.425
2013   10       16    14  42    3.41   330.6   13.8      25.453
2013   10       16    14  51    3.41   330.8   13.8      25.479
2013   10       16    15   1    3.41   331.0   13.8      25.504
2013   10       16    15  10    3.41   331.2   13.8      25.529
2013   10       16    15  20    3.41   331.4   13.8      25.552
2013   10       16    15  29    3.42   331.5   13.8      25.575
2013   10       16    15  38    3.42   331.7   13.8      25.597
2013   10       16    15  48    3.42   331.9   13.8      25.618
2013   10       16    15  57    3.42   332.1   13.8      25.638
2013   10       16    16   7    3.42   332.3   13.8      25.658
2013   10       16    16  16    3.42   332.4   13.8      25.678
2013   10       16    16  25    3.43   332.6   13.8      25.696
2013   10       16    16  35    3.43   332.8   13.8      25.715
2013   10       16    16  44    3.43   333.0   13.8      25.733
2013   10       16    16  54    3.43   333.1   13.8      25.751
2013   10       16    17   3    3.43   333.3   13.8      25.768
2013   10       16    17  12    3.43   333.5   13.8      25.785
2013   10       16    17  22    3.44   333.7   13.8      25.802
2013   10       16    17  31    3.44   333.8   13.8      25.819
2013   10       16    17  41    3.44   334.0   13.8      25.836
2013   10       16    17  50    3.44   334.2   13.8      25.853
2013   10       16    18   0    3.44   334.4   13.8      25.869
2013   10       16    18   9    3.44   334.6   13.8      25.886
2013   10       16    18  18    3.45   334.7   13.8      25.902
2013   10       16    18  28    3.45   334.9   13.8      25.919
2013   10       16    18  37    3.45   335.1   13.8      25.936
2013   10       16    18  47    3.45   335.3   13.8      25.953
2013   10       16    18  56    3.45   335.4   13.8      25.970
2013   10       16    19   6    3.46   335.6   13.8      25.987
2013   10       16    19  15    3.46   335.8   13.8      26.005
2013   10       16    19  24    3.46   336.0   13.8      26.023
2013   10       16    19  34    3.46   336.1   13.8      26.041
2013   10       16    19  43    3.47   336.3   13.8      26.059
2013   10       16    19  52    3.47   336.5   13.8      26.078
2013   10       16    20   2    3.47   336.7   13.8      26.097
2013   10       16    20  11    3.47   336.8   13.8      26.118
2013   10       16    20  21    3.48   337.0   13.8      26.139
2013   10       16    20  30    3.48   337.2   13.8      26.161
2013   10       16    20  39    3.48   337.4   13.8      26.184
2013   10       16    20  49    3.49   337.5   13.8      26.209
2013   10       16    20  58    3.49   337.7   13.9      26.235
2013   10       16    21   7    3.49   337.9   13.9      26.263
2013   10       16    21  17    3.50   338.1   13.9      26.293
2013   10       16    21  26    3.50   338.3   13.9      26.325
2013   10       16    21  35    3.51   338.4   13.9      26.359
2013   10       16    21  45    3.51   338.6   13.9      26.395
2013   10       16    21  54    3.51   338.8   13.9      26.432
2013   10       16    22   4    3.52   339.0   13.9      26.470
2013   10       16    22  13    3.52   339.2   13.9      26.509
2013   10       16    22  22    3.53   339.4   13.9      26.549
2013   10       16    22  32    3.53   339.6   13.9      26.589
2013   10       16    22  41    3.54   339.8   13.9      26.630
2013   10       16    22  51    3.54   340.0   13.9      26.670
2013   10       16    23   0    3.54   340.2   13.9      26.709
2013   10       16    23   9    3.55   340.4   13.9      26.748
2013   10       16    23  19    3.55   340.6   13.9      26.785
2013   10       16    23  28    3.56   340.8   13.9      26.822
2013   10       16    23  38    3.56   341.0   13.9      26.858
2013   10       16    23  47    3.56   341.2   13.9      26.894
2013   10       16    23  56    3.57   341.4   13.9      26.928
2013   10       17     0   6    3.57   341.6   13.9      26.962
2013   10       17     0  15    3.57   341.8   13.9      26.996
2013   10       17     0  25    3.57   342.0   13.9      27.029
2013   10       17     0  34    3.58   342.2   13.9      27.061
2013   10       17     0  43    3.58   342.4   13.9      27.093
2013   10       17     0  53    3.58   342.6   13.9      27.125
2013   10       17     1   2    3.59   342.8   13.9      27.156
2013   10       17     1  12    3.59   343.1   13.9      27.186
2013   10       17     1  21    3.59   343.3   13.9      27.216
2013   10       17     1  31    3.59   343.5   13.9      27.246
2013   10       17     1  40    3.60   343.7   13.8      27.275
2013   10       17     1  49    3.60   343.9   13.8      27.304
2013   10       17     1  59    3.60   344.1   13.8      27.333
2013   10       17     2   8    3.60   344.4   13.8      27.361
2013   10       17     2  18    3.60   344.6   13.8      27.389
2013   10       17     2  27    3.61   344.8   13.8      27.416
2013   10       17     2  37    3.61   345.0   13.8      27.444
2013   10       17     2  46    3.61   345.2   13.8      27.470
2013   10       17     2  55    3.61   345.5   13.8      27.497
2013   10       17     3   5    3.61   345.7   13.7      27.523
2013   10       17     3  14    3.61   345.9   13.7      27.550
2013   10       17     3  23    3.62   346.1   13.7      27.576
2013   10       17     3  33    3.62   346.4   13.7      27.601
2013   10       17     3  42    3.62   346.6   13.7      27.627
2013   10       17     3  51    3.62   346.8   13.7      27.653
2013   10       17     4   1    3.62   347.0   13.7      27.678
2013   10       17     4  10    3.62   347.3   13.7      27.703
2013   10       17     4  19    3.62   347.5   13.6      27.728
2013   10       17     4  29    3.62   347.7   13.6      27.752
2013   10       17     4  38    3.62   348.0   13.6      27.776
2013   10       17     4  48    3.63   348.2   13.6      27.800
2013   10       17     4  57    3.63   348.4   13.6      27.824
2013   10       17     5   6    3.63   348.7   13.6      27.848
2013   10       17     5  16    3.63   348.9   13.5      27.871
2013   10       17     5  25    3.63   349.1   13.5      27.894
2013   10       17     5  34    3.63   349.4   13.5      27.917
2013   10       17     5  44    3.63   349.6   13.5      27.940
2013   10       17     5  53    3.63   349.8   13.5      27.963
2013   10       17     6   3    3.63   350.1   13.5      27.985
2013   10       17     6  12    3.63   350.3   13.4      28.008
2013   10       17     6  22    3.63   350.5   13.4      28.030
2013   10       17     6  31    3.63   350.8   13.4      28.052
2013   10       17     6  40    3.63   351.0   13.4      28.074
2013   10       17     6  50    3.64   351.2   13.4      28.096
2013   10       17     6  59    3.64   351.5   13.4      28.118
2013   10       17     7   8    3.64   351.7   13.3      28.140
2013   10       17     7  18    3.64   351.9   13.3      28.163
2013   10       17     7  27    3.64   352.2   13.3      28.185
2013   10       17     7  37    3.64   352.4   13.3      28.207
2013   10       17     7  46    3.64   352.6   13.3      28.229
2013   10       17     7  56    3.64   352.9   13.3      28.252
2013   10       17     8   5    3.64   353.1   13.2      28.275
2013   10       17     8  14    3.64   353.3   13.2      28.298
2013   10       17     8  24    3.64   353.5   13.2      28.321
2013   10       17     8  33    3.64   353.8   13.2      28.344
2013   10       17     8  43    3.64   354.0   13.2      28.368
2013   10       17     8  52    3.64   354.3   13.2      28.392
2013   10       17     9   2    3.64   354.5   13.2      28.416
2013   10       17     9  11    3.64   354.7   13.1      28.440
2013   10       17     9  20    3.64   355.0   13.1      28.464
2013   10       17     9  30    3.64   355.2   13.1      28.488
2013   10       17     9  39    3.64   355.4   13.1      28.512
2013   10       17     9  49    3.64   355.7   13.1      28.536
2013   10       17     9  58    3.64   355.9   13.1      28.559
2013   10       17    10   7    3.64   356.1   13.0      28.583
2013   10       17    10  17    3.64   356.4   13.0      28.606
2013   10       17    10  26    3.64   356.6   13.0      28.630
2013   10       17    10  35    3.64   356.8   13.0      28.653
2013   10       17    10  45    3.64   357.1   13.0      28.677
2013   10       17    10  54    3.64   357.3   13.0      28.701
2013   10       17    11   4    3.64   357.5   13.0      28.725
2013   10       17    11  13    3.64   357.7   12.9      28.749
2013   10       17    11  22    3.64   358.0   12.9      28.774
2013   10       17    11  32    3.64   358.2   12.9      28.799
2013   10       17    11  41    3.64   358.4   12.9      28.825
2013   10       17    11  50    3.64   358.7   12.9      28.851
2013   10       17    12   0    3.64   358.9   12.9      28.878
2013   10       17    12   9    3.64   359.1   12.9      28.905
2013   10       17    12  19    3.64   359.4   12.9      28.934
2013   10       17    12  28    3.64   359.6   12.8      28.964
2013   10       17    12  37    3.65   359.8   12.8      28.994
2013   10       17    12  47    3.65   360.1   12.8      29.026
2013   10       17    12  56    3.65   360.3   12.8      29.059
2013   10       17    13   5    3.65   360.5   12.8      29.093
2013   10       17    13  15    3.65   360.8   12.8      29.127
2013   10       17    13  24    3.65   361.0   12.8      29.163
2013   10       17    13  34    3.65   361.3   12.8      29.199
2013   10       17    13  43    3.65   361.5   12.8      29.234
2013   10       17    13  52    3.65   361.8   12.7      29.269
2013   10       17    14   2    3.65   362.0   12.7      29.303
2013   10       17    14  11    3.65   362.3   12.7      29.337
2013   10       17    14  21    3.65   362.5   12.7      29.369
2013   10       17    14  30    3.65   362.8   12.7      29.402
2013   10       17    14  39    3.65   363.0   12.7      29.433
2013   10       17    14  49    3.65   363.3   12.7      29.464
2013   10       17    14  58    3.65   363.5   12.7      29.495
2013   10       17    15   8    3.65   363.8   12.6      29.525
2013   10       17    15  17    3.64   364.0   12.6      29.555
2013   10       17    15  27    3.64   364.3   12.6      29.584
2013   10       17    15  36    3.64   364.5   12.6      29.613
2013   10       17    15  45    3.64   364.8   12.6      29.642
2013   10       17    15  55    3.64   365.0   12.6      29.670
2013   10       17    16   4    3.64   365.3   12.5      29.698
2013   10       17    16  14    3.64   365.5   12.5      29.726
2013   10       17    16  23    3.64   365.8   12.5      29.754
2013   10       17    16  32    3.64   366.0   12.5      29.781
2013   10       17    16  42    3.64   366.3   12.5      29.808
2013   10       17    16  51    3.64   366.5   12.5      29.835
2013   10       17    17   1    3.64   366.8   12.4      29.862
2013   10       17    17  10    3.64   367.0   12.4      29.889
2013   10       17    17  20    3.64   367.3   12.4      29.916
2013   10       17    17  29    3.64   367.5   12.4      29.942
2013   10       17    17  38    3.64   367.8   12.4      29.969
2013   10       17    17  48    3.64   368.1   12.4      29.995
2013   10       17    17  57    3.63   368.3   12.4      30.022
2013   10       17    18   6    3.63   368.6   12.3      30.049
2013   10       17    18  16    3.63   368.8   12.3      30.076
2013   10       17    18  25    3.63   369.1   12.3      30.104
2013   10       17    18  34    3.63   369.3   12.3      30.132
2013   10       17    18  44    3.63   369.6   12.3      30.160
2013   10       17    18  53    3.63   369.8   12.3      30.189
2013   10       17    19   2    3.63   370.1   12.3      30.219
2013   10       17    19  12    3.63   370.3   12.2      30.249
2013   10       17    19  21    3.63   370.6   12.2      30.280
2013   10       17    19  31    3.63   370.8   12.2      30.312
2013   10       17    19  40    3.63   371.1   12.2      30.344
2013   10       17    19  49    3.63   371.4   12.2      30.378
2013   10       17    19  59    3.63   371.6   12.2      30.412
2013   10       17    20   8    3.63   371.9   12.2      30.447
2013   10       17    20  18    3.63   372.1   12.2      30.484
2013   10       17    20  27    3.63   372.4   12.2      30.523
2013   10       17    20  36    3.63   372.7   12.1      30.562
2013   10       17    20  46    3.63   372.9   12.1      30.603
2013   10       17    20  55    3.63   373.2   12.1      30.644
2013   10       17    21   5    3.63   373.5   12.1      30.685
2013   10       17    21  14    3.62   373.8   12.1      30.727
2013   10       17    21  23    3.62   374.1   12.1      30.768
2013   10       17    21  33    3.62   374.3   12.1      30.810
2013   10       17    21  42    3.62   374.6   12.1      30.851
2013   10       17    21  52    3.62   374.9   12.1      30.891
2013   10       17    22   1    3.62   375.2   12.0      30.930
2013   10       17    22  10    3.62   375.5   12.0      30.967
2013   10       17    22  20    3.62   375.8   12.0      31.003
2013   10       17    22  29    3.62   376.1   12.0      31.037
2013   10       17    22  39    3.62   376.4   12.0      31.070
2013   10       17    22  48    3.61   376.7   11.9      31.101
2013   10       17    22  57    3.61   376.9   11.9      31.131
2013   10       17    23   7    3.61   377.2   11.9      31.160
2013   10       17    23  16    3.61   377.5   11.9      31.188
2013   10       17    23  26    3.61   377.8   11.9      31.215
2013   10       17    23  35    3.61   378.1   11.8      31.241
2013   10       17    23  45    3.60   378.3   11.8      31.267
2013   10       17    23  54    3.60   378.6   11.8      31.293
2013   10       18     0   3    3.60   378.9   11.8      31.318
2013   10       18     0  13    3.60   379.2   11.8      31.344
2013   10       18     0  22    3.60   379.5   11.7      31.368
2013   10       18     0  32    3.59   379.7   11.7      31.393
2013   10       18     0  41    3.59   380.0   11.7      31.418
2013   10       18     0  50    3.59   380.3   11.7      31.442
2013   10       18     1   0    3.59   380.6   11.6      31.466
2013   10       18     1   9    3.58   380.8   11.6      31.489
2013   10       18     1  18    3.58   381.1   11.6      31.513
2013   10       18     1  28    3.58   381.4   11.6      31.537
2013   10       18     1  37    3.58   381.7   11.6      31.560
2013   10       18     1  47    3.57   382.0   11.5      31.583
2013   10       18     1  56    3.57   382.2   11.5      31.606
2013   10       18     2   5    3.57   382.5   11.5      31.629
2013   10       18     2  15    3.57   382.8   11.5      31.652
2013   10       18     2  24    3.56   383.1   11.4      31.675
2013   10       18     2  33    3.56   383.4   11.4      31.698
2013   10       18     2  43    3.56   383.6   11.4      31.721
2013   10       18     2  52    3.55   383.9   11.4      31.744
2013   10       18     3   2    3.55   384.2   11.4      31.767
2013   10       18     3  11    3.55   384.5   11.3      31.791
2013   10       18     3  20    3.54   384.8   11.3      31.815
2013   10       18     3  30    3.54   385.0   11.3      31.839
2013   10       18     3  39    3.54   385.3   11.3      31.864
2013   10       18     3  48    3.53   385.6   11.2      31.890
2013   10       18     3  58    3.53   385.9   11.2      31.916
2013   10       18     4   7    3.53   386.2   11.2      31.943
2013   10       18     4  17    3.52   386.5   11.2      31.969
2013   10       18     4  26    3.52   386.8   11.2      31.995
2013   10       18     4  35    3.52   387.1   11.1      32.019
2013   10       18     4  45    3.51   387.4   11.1      32.041
2013   10       18     4  54    3.51   387.7   11.1      32.062
2013   10       18     5   4    3.50   388.0   11.1      32.081
2013   10       18     5  13    3.50   388.3   11.0      32.099
2013   10       18     5  22    3.49   388.7   11.0      32.116
2013   10       18     5  32    3.49   389.0   11.0      32.131
2013   10       18     5  41    3.48   389.3   10.9      32.145
2013   10       18     5  51    3.48   389.6   10.9      32.158
2013   10       18     6   0    3.47   389.9   10.9      32.169
2013   10       18     6  10    3.47   390.2   10.9      32.178
2013   10       18     6  19    3.46   390.5   10.8      32.185
2013   10       18     6  28    3.46   390.8   10.8      32.191
2013   10       18     6  38    3.45   391.0   10.8      32.196
2013   10       18     6  47    3.45   391.3   10.7      32.200
2013   10       18     6  57    3.44   391.6   10.7      32.204
2013   10       18     7   6    3.44   391.9   10.7      32.208
2013   10       18     7  16    3.43   392.2   10.6      32.211
2013   10       18     7  25    3.43   392.5   10.6      32.213
2013   10       18     7  34    3.42   392.7   10.6      32.215
2013   10       18     7  44    3.42   393.0   10.5      32.217
2013   10       18     7  53    3.41   393.3   10.5      32.218
2013   10       18     8   3    3.40   393.6   10.5      32.217
2013   10       18     8  12    3.40   393.9   10.4      32.216
2013   10       18     8  21    3.39   394.1   10.4      32.215
2013   10       18     8  31    3.39   394.4   10.4      32.211
2013   10       18     8  40    3.38   394.7   10.3      32.207
2013   10       18     8  49    3.37   395.0   10.3      32.200
2013   10       18     8  59    3.37   395.3   10.3      32.192
2013   10       18     9   8    3.36   395.5   10.2      32.182
2013   10       18     9  17    3.35   395.8   10.2      32.170
2013   10       18     9  27    3.35   396.0   10.1      32.155
2013   10       18     9  36    3.34   396.3   10.1      32.139
2013   10       18     9  45    3.33   396.5   10.1      32.120
2013   10       18     9  55    3.32   396.8   10.0      32.101
2013   10       18    10   4    3.32   397.0   10.0      32.083
2013   10       18    10  14    3.31   397.2   10.0      32.066
2013   10       18    10  23    3.30   397.5    9.9      32.049
2013   10       18    10  32    3.30   397.7    9.9      32.031
2013   10       18    10  42    3.29   398.0    9.9      32.015
2013   10       18    10  51    3.28   398.2    9.8      31.997
2013   10       18    11   1    3.27   398.4    9.8      31.980
2013   10       18    11  10    3.27   398.7    9.8      31.962
2013   10       18    11  19    3.26   398.9    9.7      31.943
2013   10       18    11  29    3.25   399.1    9.7      31.922
2013   10       18    11  38    3.24   399.4    9.7      31.900
2013   10       18    11  48    3.24   399.6    9.6      31.877
2013   10       18    11  57    3.23   399.8    9.6      31.852
2013   10       18    12   6    3.22   400.1    9.6      31.825
2013   10       18    12  16    3.21   400.3    9.5      31.798
2013   10       18    12  25    3.21   400.5    9.5      31.770
2013   10       18    12  35    3.20   400.7    9.5      31.742
2013   10       18    12  44    3.19   401.0    9.4      31.713
2013   10       18    12  53    3.18   401.2    9.4      31.685
2013   10       18    13   3    3.18   401.4    9.4      31.656
2013   10       18    13  12    3.17   401.6    9.3      31.628
2013   10       18    13  22    3.16   401.8    9.3      31.600
2013   10       18    13  31    3.15   402.0    9.3      31.571
2013   10       18    13  41    3.15   402.2    9.2      31.542
2013   10       18    13  50    3.14   402.3    9.2      31.512
2013   10       18    13  59    3.13   402.5    9.2      31.482
2013   10       18    14   9    3.12   402.7    9.1      31.452
2013   10       18    14  18    3.12   402.9    9.1      31.422
2013   10       18    14  28    3.11   403.0    9.1      31.392
2013   10       18    14  37    3.10   403.2    9.1      31.362
2013   10       18    14  46    3.09   403.4    9.0      31.332
2013   10       18    14  56    3.09   403.5    9.0      31.301
2013   10       18    15   5    3.08   403.7    9.0      31.269
2013   10       18    15  15    3.07   403.9    8.9      31.238
2013   10       18    15  24    3.07   404.1    8.9      31.205
2013   10       18    15  33    3.06   404.3    8.9      31.171
2013   10       18    15  43    3.05   404.5    8.9      31.136
2013   10       18    15  52    3.04   404.6    8.8      31.098
2013   10       18    16   1    3.04   404.8    8.8      31.058
2013   10       18    16  11    3.03   405.0    8.8      31.016
2013   10       18    16  20    3.02   405.2    8.7      30.972
2013   10       18    16  30    3.01   405.3    8.7      30.925
2013   10       18    16  39    3.01   405.5    8.7      30.877
2013   10       18    16  48    3.00   405.6    8.6      30.827
2013   10       18    16  58    2.99   405.8    8.6      30.777
2013   10       18    17   7    2.98   405.9    8.6      30.726
2013   10       18    17  16    2.97   406.0    8.6      30.677
2013   10       18    17  26    2.97   406.2    8.5      30.628
2013   10       18    17  35    2.96   406.3    8.5      30.579
2013   10       18    17  45    2.95   406.4    8.5      30.531
2013   10       18    17  54    2.95   406.5    8.5      30.483
2013   10       18    18   3    2.94   406.7    8.4      30.434
2013   10       18    18  13    2.93   406.8    8.4      30.387
2013   10       18    18  22    2.92   406.9    8.4      30.338
2013   10       18    18  31    2.92   407.0    8.3      30.291
2013   10       18    18  41    2.91   407.1    8.3      30.242
2013   10       18    18  50    2.90   407.2    8.3      30.195
2013   10       18    19   0    2.90   407.3    8.3      30.147
2013   10       18    19   9    2.89   407.4    8.2      30.100
2013   10       18    19  18    2.88   407.5    8.2      30.053
2013   10       18    19  28    2.88   407.6    8.2      30.007
2013   10       18    19  37    2.87   407.7    8.2      29.962
2013   10       18    19  47    2.86   407.8    8.2      29.917
2013   10       18    19  56    2.86   407.9    8.1      29.872
2013   10       18    20   5    2.85   407.9    8.1      29.829
2013   10       18    20  15    2.84   408.0    8.1      29.786
2013   10       18    20  24    2.84   408.1    8.1      29.744
2013   10       18    20  34    2.83   408.1    8.0      29.702
2013   10       18    20  43    2.83   408.2    8.0      29.661
2013   10       18    20  53    2.82   408.2    8.0      29.620
2013   10       18    21   2    2.81   408.3    8.0      29.580
2013   10       18    21  11    2.81   408.3    8.0      29.539
2013   10       18    21  21    2.80   408.3    8.0      29.499
2013   10       18    21  30    2.80   408.4    7.9      29.460
2013   10       18    21  40    2.79   408.4    7.9      29.421
2013   10       18    21  49    2.79   408.4    7.9      29.382
2013   10       18    21  59    2.78   408.5    7.9      29.343
2013   10       18    22   8    2.78   408.5    7.9      29.304
2013   10       18    22  17    2.77   408.6    7.8      29.266
2013   10       18    22  27    2.77   408.6    7.8      29.227
2013   10       18    22  36    2.76   408.7    7.8      29.189
2013   10       18    22  46    2.75   408.7    7.8      29.150
2013   10       18    22  55    2.75   408.8    7.8      29.111
2013   10       18    23   4    2.74   408.8    7.8      29.071
2013   10       18    23  14    2.74   408.9    7.8      29.030
2013   10       18    23  23    2.73   408.9    7.7      28.987
2013   10       18    23  32    2.73   409.0    7.7      28.944
2013   10       18    23  42    2.72   409.0    7.7      28.901
2013   10       18    23  51    2.72   409.1    7.7      28.858
2013   10       19     0   0    2.71   409.1    7.7      28.815
2013   10       19     0  10    2.71   409.1    7.7      28.772
2013   10       19     0  19    2.70   409.2    7.6      28.729
2013   10       19     0  28    2.70   409.2    7.6      28.686
2013   10       19     0  38    2.69   409.2    7.6      28.643
2013   10       19     0  47    2.69   409.3    7.6      28.601
2013   10       19     0  57    2.68   409.3    7.6      28.559
2013   10       19     1   6    2.68   409.3    7.6      28.518
2013   10       19     1  15    2.67   409.4    7.6      28.478
2013   10       19     1  25    2.67   409.4    7.5      28.438
2013   10       19     1  34    2.67   409.4    7.5      28.398
2013   10       19     1  44    2.66   409.4    7.5      28.360
2013   10       19     1  53    2.66   409.4    7.5      28.322
2013   10       19     2   2    2.65   409.4    7.5      28.285
2013   10       19     2  12    2.65   409.4    7.5      28.249
2013   10       19     2  21    2.64   409.5    7.5      28.214
2013   10       19     2  31    2.64   409.5    7.5      28.179
2013   10       19     2  40    2.64   409.5    7.4      28.146
2013   10       19     2  49    2.63   409.5    7.4      28.113
2013   10       19     2  59    2.63   409.5    7.4      28.081
2013   10       19     3   8    2.62   409.5    7.4      28.049
2013   10       19     3  18    2.62   409.5    7.4      28.018
2013   10       19     3  27    2.62   409.4    7.4      27.988
2013   10       19     3  36    2.61   409.4    7.4      27.958
2013   10       19     3  46    2.61   409.4    7.4      27.928
2013   10       19     3  55    2.60   409.4    7.4      27.899
2013   10       19     4   5    2.60   409.4    7.3      27.869
2013   10       19     4  14    2.60   409.4    7.3      27.840
2013   10       19     4  24    2.59   409.4    7.3      27.810
2013   10       19     4  33    2.59   409.4    7.3      27.780
2013   10       19     4  42    2.59   409.4    7.3      27.749
2013   10       19     4  52    2.58   409.3    7.3      27.719
2013   10       19     5   1    2.58   409.3    7.3      27.689
2013   10       19     5  11    2.58   409.3    7.3      27.658
2013   10       19     5  20    2.57   409.3    7.3      27.628
2013   10       19     5  29    2.57   409.3    7.3      27.598
2013   10       19     5  39    2.57   409.3    7.3      27.567
2013   10       19     5  48    2.56   409.2    7.2      27.537
2013   10       19     5  58    2.56   409.2    7.2      27.507
2013   10       19     6   7    2.56   409.2    7.2      27.477
2013   10       19     6  16    2.55   409.2    7.2      27.446
2013   10       19     6  26    2.55   409.2    7.2      27.417
2013   10       19     6  35    2.55   409.1    7.2      27.387
2013   10       19     6  44    2.54   409.1    7.2      27.357
2013   10       19     6  54    2.54   409.1    7.2      27.327
2013   10       19     7   3    2.54   409.1    7.2      27.297
2013   10       19     7  13    2.54   409.1    7.2      27.268
2013   10       19     7  22    2.53   409.0    7.2      27.238
2013   10       19     7  31    2.53   409.0    7.2      27.209
2013   10       19     7  41    2.53   409.0    7.1      27.179
2013   10       19     7  50    2.52   409.0    7.1      27.150
2013   10       19     7  59    2.52   408.9    7.1      27.121
2013   10       19     8   9    2.52   408.9    7.1      27.091
2013   10       19     8  18    2.52   408.9    7.1      27.062
2013   10       19     8  28    2.51   408.8    7.1      27.033
2013   10       19     8  37    2.51   408.8    7.1      27.004
2013   10       19     8  46    2.51   408.8    7.1      26.975
2013   10       19     8  56    2.51   408.8    7.1      26.946
2013   10       19     9   5    2.50   408.7    7.1      26.917
2013   10       19     9  14    2.50   408.7    7.1      26.889
2013   10       19     9  24    2.50   408.6    7.1      26.860
2013   10       19     9  33    2.49   408.6    7.1      26.832
2013   10       19     9  43    2.49   408.6    7.1      26.804
2013   10       19     9  52    2.49   408.5    7.0      26.777
2013   10       19    10   1    2.49   408.5    7.0      26.749
2013   10       19    10  11    2.49   408.4    7.0      26.722
2013   10       19    10  20    2.48   408.4    7.0      26.695
2013   10       19    10  30    2.48   408.4    7.0      26.668
2013   10       19    10  39    2.48   408.3    7.0      26.642
2013   10       19    10  49    2.48   408.3    7.0      26.616
2013   10       19    10  58    2.47   408.2    7.0      26.591
2013   10       19    11   7    2.47   408.2    7.0      26.565
2013   10       19    11  17    2.47   408.1    7.0      26.540
2013   10       19    11  26    2.47   408.1    7.0      26.516
2013   10       19    11  36    2.47   408.0    7.0      26.492
2013   10       19    11  45    2.46   408.0    7.0      26.468
2013   10       19    11  55    2.46   407.9    7.0      26.445
2013   10       19    12   4    2.46   407.9    7.0      26.422
2013   10       19    12  13    2.46   407.8    7.0      26.399
2013   10       19    12  23    2.46   407.7    7.0      26.377
2013   10       19    12  32    2.45   407.7    7.0      26.354
2013   10       19    12  42    2.45   407.6    7.0      26.333
2013   10       19    12  51    2.45   407.6    6.9      26.312
2013   10       19    13   0    2.45   407.5    6.9      26.291
2013   10       19    13  10    2.45   407.5    6.9      26.270
2013   10       19    13  19    2.45   407.4    6.9      26.251
2013   10       19    13  28    2.44   407.4    6.9      26.231
2013   10       19    13  38    2.44   407.3    6.9      26.211
2013   10       19    13  47    2.44   407.2    6.9      26.192
2013   10       19    13  57    2.44   407.2    6.9      26.174
2013   10       19    14   6    2.44   407.1    6.9      26.155
2013   10       19    14  15    2.44   407.1    6.9      26.137
2013   10       19    14  25    2.43   407.0    6.9      26.119
2013   10       19    14  34    2.43   407.0    6.9      26.101
2013   10       19    14  43    2.43   406.9    6.9      26.083
2013   10       19    14  53    2.43   406.8    6.9      26.066
2013   10       19    15   2    2.43   406.8    6.9      26.049
2013   10       19    15  11    2.43   406.7    6.9      26.032
2013   10       19    15  21    2.43   406.7    6.9      26.014
2013   10       19    15  30    2.42   406.6    6.9      25.997
2013   10       19    15  40    2.42   406.6    6.9      25.980
2013   10       19    15  49    2.42   406.5    6.9      25.963
2013   10       19    15  58    2.42   406.4    6.9      25.946
2013   10       19    16   8    2.42   406.4    6.9      25.930
2013   10       19    16  17    2.42   406.3    6.9      25.913
2013   10       19    16  27    2.42   406.3    6.9      25.896
2013   10       19    16  36    2.42   406.2    6.9      25.880
2013   10       19    16  45    2.41   406.1    6.9      25.864
2013   10       19    16  55    2.41   406.1    6.9      25.847
2013   10       19    17   4    2.41   406.0    6.9      25.832
2013   10       19    17  14    2.41   406.0    6.9      25.816
2013   10       19    17  23    2.41   405.9    6.9      25.800
2013   10       19    17  32    2.41   405.8    6.9      25.785
2013   10       19    17  42    2.41   405.8    6.9      25.771
2013   10       19    17  51    2.41   405.7    6.9      25.756
2013   10       19    18   1    2.41   405.7    6.9      25.742
2013   10       19    18  10    2.40   405.6    6.9      25.729
2013   10       19    18  19    2.40   405.5    6.9      25.715
2013   10       19    18  29    2.40   405.5    6.9      25.703
2013   10       19    18  38    2.40   405.4    6.9      25.690
2013   10       19    18  48    2.40   405.4    6.9      25.678
2013   10       19    18  57    2.40   405.3    6.9      25.666
2013   10       19    19   7    2.40   405.2    6.9      25.653
2013   10       19    19  16    2.40   405.2    6.9      25.641
2013   10       19    19  25    2.40   405.1    6.9      25.628
2013   10       19    19  35    2.40   405.1    6.9      25.615
2013   10       19    19  44    2.40   405.0    6.9      25.603
2013   10       19    19  54    2.39   404.9    6.9      25.590
2013   10       19    20   3    2.39   404.9    6.9      25.576
2013   10       19    20  12    2.39   404.8    6.9      25.564
2013   10       19    20  22    2.39   404.8    6.9      25.550
2013   10       19    20  31    2.39   404.7    6.9      25.537
2013   10       19    20  41    2.39   404.6    6.9      25.524
2013   10       19    20  50    2.39   404.6    6.9      25.511
2013   10       19    20  59    2.39   404.5    6.9      25.498
2013   10       19    21   9    2.39   404.4    6.9      25.485
2013   10       19    21  18    2.39   404.4    6.9      25.472
2013   10       19    21  27    2.39   404.3    6.9      25.459
2013   10       19    21  37    2.39   404.3    6.9      25.446
2013   10       19    21  46    2.39   404.2    6.9      25.433
2013   10       19    21  55    2.38   404.1    6.9      25.420
2013   10       19    22   5    2.38   404.1    6.9      25.407
2013   10       19    22  14    2.38   404.0    6.9      25.394
2013   10       19    22  24    2.38   404.0    6.9      25.380
2013   10       19    22  33    2.38   403.9    6.9      25.367
2013   10       19    22  42    2.38   403.8    6.9      25.353
2013   10       19    22  52    2.38   403.8    6.9      25.340
2013   10       19    23   1    2.38   403.7    6.9      25.326
2013   10       19    23  10    2.38   403.6    6.9      25.313
2013   10       19    23  20    2.38   403.6    6.9      25.299
2013   10       19    23  29    2.38   403.5    6.9      25.286
2013   10       19    23  39    2.38   403.4    6.9      25.273
2013   10       19    23  48    2.38   403.4    6.9      25.260
2013   10       19    23  57    2.38   403.3    6.9      25.247
2013   10       20     0   7    2.38   403.2    6.8      25.234
