year    month   day   hour  minute  B_enl V_enl   n_enl       T_enl
[year] [month] [day] [hour][minute] [nT]  [km/s]  [cm-3]      [kK]
2013   10       10     0   7    1.93   421.1    5.6      24.958
2013   10       10     0  16    1.93   421.0    5.6      24.933
2013   10       10     0  26    1.93   420.9    5.6      24.907
2013   10       10     0  35    1.93   420.8    5.6      24.882
2013   10       10     0  45    1.93   420.6    5.6      24.856
2013   10       10     0  54    1.93   420.5    5.6      24.831
2013   10       10     1   4    1.93   420.4    5.6      24.806
2013   10       10     1  13    1.93   420.2    5.6      24.782
2013   10       10     1  22    1.93   420.1    5.6      24.757
2013   10       10     1  32    1.92   420.0    5.6      24.733
2013   10       10     1  41    1.92   419.9    5.6      24.709
2013   10       10     1  51    1.92   419.7    5.6      24.685
2013   10       10     2   0    1.92   419.6    5.6      24.661
2013   10       10     2  10    1.92   419.4    5.6      24.638
2013   10       10     2  19    1.92   419.3    5.6      24.615
2013   10       10     2  29    1.92   419.2    5.6      24.592
2013   10       10     2  38    1.92   419.0    5.6      24.570
2013   10       10     2  47    1.92   418.9    5.6      24.549
2013   10       10     2  57    1.92   418.8    5.6      24.527
2013   10       10     3   6    1.91   418.6    5.6      24.507
2013   10       10     3  16    1.91   418.5    5.6      24.486
2013   10       10     3  25    1.91   418.4    5.6      24.466
2013   10       10     3  35    1.91   418.2    5.6      24.447
2013   10       10     3  44    1.91   418.1    5.6      24.428
2013   10       10     3  54    1.91   418.0    5.6      24.409
2013   10       10     4   3    1.91   417.8    5.6      24.390
2013   10       10     4  13    1.91   417.7    5.6      24.370
2013   10       10     4  22    1.91   417.6    5.6      24.349
2013   10       10     4  32    1.91   417.4    5.6      24.328
2013   10       10     4  41    1.91   417.3    5.6      24.307
2013   10       10     4  51    1.90   417.2    5.6      24.285
2013   10       10     5   0    1.90   417.0    5.6      24.262
2013   10       10     5  10    1.90   416.9    5.6      24.240
2013   10       10     5  19    1.90   416.8    5.6      24.216
2013   10       10     5  29    1.90   416.6    5.6      24.192
2013   10       10     5  38    1.90   416.5    5.6      24.168
2013   10       10     5  48    1.90   416.4    5.6      24.144
2013   10       10     5  57    1.90   416.2    5.6      24.119
2013   10       10     6   7    1.90   416.1    5.6      24.094
2013   10       10     6  16    1.90   416.0    5.6      24.069
2013   10       10     6  26    1.90   415.8    5.6      24.043
2013   10       10     6  35    1.89   415.7    5.6      24.017
2013   10       10     6  45    1.89   415.5    5.6      23.991
2013   10       10     6  54    1.89   415.4    5.6      23.965
2013   10       10     7   4    1.89   415.3    5.6      23.938
2013   10       10     7  13    1.89   415.1    5.6      23.911
2013   10       10     7  23    1.89   415.0    5.6      23.884
2013   10       10     7  32    1.89   414.8    5.6      23.857
2013   10       10     7  41    1.89   414.7    5.6      23.829
2013   10       10     7  51    1.89   414.6    5.6      23.802
2013   10       10     8   0    1.89   414.4    5.6      23.774
2013   10       10     8  10    1.88   414.3    5.6      23.747
2013   10       10     8  19    1.88   414.1    5.6      23.719
2013   10       10     8  28    1.88   414.0    5.6      23.692
2013   10       10     8  38    1.88   413.8    5.6      23.665
2013   10       10     8  47    1.88   413.7    5.6      23.638
2013   10       10     8  57    1.88   413.5    5.6      23.611
2013   10       10     9   6    1.88   413.4    5.6      23.585
2013   10       10     9  16    1.88   413.2    5.6      23.559
2013   10       10     9  25    1.88   413.1    5.6      23.533
2013   10       10     9  35    1.88   412.9    5.6      23.508
2013   10       10     9  44    1.88   412.8    5.6      23.483
2013   10       10     9  53    1.88   412.6    5.6      23.459
2013   10       10    10   3    1.88   412.5    5.6      23.436
2013   10       10    10  12    1.87   412.3    5.6      23.413
2013   10       10    10  22    1.87   412.2    5.6      23.391
2013   10       10    10  31    1.87   412.0    5.6      23.370
2013   10       10    10  41    1.87   411.9    5.6      23.350
2013   10       10    10  50    1.87   411.7    5.6      23.331
2013   10       10    11   0    1.87   411.6    5.6      23.312
2013   10       10    11   9    1.87   411.4    5.6      23.294
2013   10       10    11  19    1.87   411.3    5.6      23.277
2013   10       10    11  28    1.87   411.1    5.6      23.259
2013   10       10    11  38    1.87   411.0    5.6      23.242
2013   10       10    11  47    1.87   410.8    5.6      23.224
2013   10       10    11  57    1.87   410.7    5.6      23.207
2013   10       10    12   6    1.87   410.5    5.6      23.189
2013   10       10    12  16    1.87   410.4    5.6      23.172
2013   10       10    12  25    1.87   410.2    5.6      23.155
2013   10       10    12  35    1.87   410.1    5.6      23.138
2013   10       10    12  44    1.87   409.9    5.6      23.121
2013   10       10    12  54    1.87   409.8    5.6      23.105
2013   10       10    13   3    1.87   409.7    5.6      23.088
2013   10       10    13  13    1.86   409.5    5.6      23.071
2013   10       10    13  22    1.86   409.4    5.6      23.055
2013   10       10    13  32    1.86   409.2    5.6      23.038
2013   10       10    13  41    1.86   409.1    5.6      23.022
2013   10       10    13  51    1.86   408.9    5.6      23.006
2013   10       10    14   0    1.86   408.8    5.6      22.989
2013   10       10    14  10    1.86   408.6    5.6      22.973
2013   10       10    14  19    1.86   408.5    5.6      22.956
2013   10       10    14  29    1.86   408.3    5.6      22.940
2013   10       10    14  38    1.86   408.2    5.6      22.923
2013   10       10    14  47    1.86   408.1    5.7      22.907
2013   10       10    14  57    1.86   407.9    5.7      22.890
2013   10       10    15   6    1.86   407.8    5.7      22.874
2013   10       10    15  16    1.86   407.6    5.7      22.856
2013   10       10    15  25    1.86   407.5    5.7      22.839
2013   10       10    15  35    1.86   407.3    5.7      22.821
2013   10       10    15  44    1.86   407.2    5.7      22.803
2013   10       10    15  53    1.86   407.0    5.7      22.785
2013   10       10    16   3    1.86   406.9    5.7      22.766
2013   10       10    16  12    1.86   406.7    5.7      22.747
2013   10       10    16  22    1.86   406.6    5.7      22.728
2013   10       10    16  31    1.86   406.4    5.7      22.708
2013   10       10    16  41    1.85   406.3    5.7      22.688
2013   10       10    16  50    1.85   406.1    5.7      22.668
2013   10       10    16  59    1.85   406.0    5.7      22.648
2013   10       10    17   9    1.85   405.8    5.7      22.628
2013   10       10    17  18    1.85   405.7    5.7      22.607
2013   10       10    17  28    1.85   405.5    5.7      22.587
2013   10       10    17  37    1.85   405.4    5.7      22.567
2013   10       10    17  47    1.85   405.2    5.7      22.546
2013   10       10    17  56    1.85   405.1    5.7      22.526
2013   10       10    18   6    1.85   404.9    5.7      22.506
2013   10       10    18  15    1.85   404.8    5.7      22.487
2013   10       10    18  25    1.85   404.6    5.7      22.467
2013   10       10    18  34    1.85   404.4    5.7      22.448
2013   10       10    18  44    1.85   404.3    5.7      22.430
2013   10       10    18  53    1.85   404.1    5.7      22.412
2013   10       10    19   3    1.85   404.0    5.7      22.394
2013   10       10    19  12    1.85   403.8    5.7      22.377
2013   10       10    19  22    1.85   403.7    5.7      22.361
2013   10       10    19  31    1.85   403.5    5.7      22.346
2013   10       10    19  41    1.85   403.4    5.7      22.331
2013   10       10    19  50    1.85   403.2    5.7      22.316
2013   10       10    20   0    1.85   403.1    5.7      22.303
2013   10       10    20   9    1.85   402.9    5.7      22.290
2013   10       10    20  19    1.85   402.8    5.7      22.278
2013   10       10    20  28    1.85   402.6    5.7      22.266
2013   10       10    20  38    1.85   402.5    5.7      22.255
2013   10       10    20  47    1.85   402.3    5.7      22.245
2013   10       10    20  57    1.85   402.2    5.7      22.235
2013   10       10    21   6    1.85   402.1    5.7      22.225
2013   10       10    21  16    1.85   401.9    5.7      22.217
2013   10       10    21  25    1.85   401.8    5.7      22.208
2013   10       10    21  35    1.85   401.6    5.7      22.200
2013   10       10    21  44    1.85   401.5    5.7      22.193
2013   10       10    21  54    1.85   401.3    5.7      22.186
2013   10       10    22   3    1.85   401.2    5.7      22.179
2013   10       10    22  12    1.85   401.0    5.7      22.172
2013   10       10    22  22    1.85   400.9    5.7      22.166
2013   10       10    22  31    1.85   400.8    5.7      22.159
2013   10       10    22  41    1.85   400.6    5.8      22.153
2013   10       10    22  50    1.85   400.5    5.8      22.146
2013   10       10    22  59    1.85   400.3    5.8      22.139
2013   10       10    23   9    1.85   400.2    5.8      22.132
2013   10       10    23  18    1.85   400.0    5.8      22.124
2013   10       10    23  28    1.85   399.9    5.8      22.117
2013   10       10    23  37    1.85   399.8    5.8      22.109
2013   10       10    23  47    1.85   399.6    5.8      22.101
2013   10       10    23  56    1.85   399.5    5.8      22.093
2013   10       11     0   6    1.85   399.3    5.8      22.084
2013   10       11     0  15    1.85   399.2    5.8      22.076
2013   10       11     0  24    1.85   399.1    5.8      22.067
2013   10       11     0  34    1.85   398.9    5.8      22.058
2013   10       11     0  43    1.85   398.8    5.8      22.049
2013   10       11     0  53    1.85   398.6    5.8      22.039
2013   10       11     1   2    1.85   398.5    5.8      22.029
2013   10       11     1  12    1.85   398.4    5.8      22.020
2013   10       11     1  21    1.85   398.2    5.8      22.009
2013   10       11     1  31    1.85   398.1    5.8      21.999
2013   10       11     1  40    1.85   397.9    5.8      21.989
2013   10       11     1  50    1.85   397.8    5.8      21.978
2013   10       11     1  59    1.85   397.7    5.8      21.968
2013   10       11     2   9    1.85   397.5    5.8      21.957
2013   10       11     2  18    1.85   397.4    5.8      21.947
2013   10       11     2  28    1.85   397.2    5.8      21.936
2013   10       11     2  37    1.85   397.1    5.8      21.926
2013   10       11     2  47    1.85   397.0    5.8      21.916
2013   10       11     2  56    1.85   396.8    5.8      21.905
2013   10       11     3   6    1.85   396.7    5.8      21.896
2013   10       11     3  15    1.85   396.5    5.9      21.886
2013   10       11     3  25    1.85   396.4    5.9      21.877
2013   10       11     3  34    1.85   396.3    5.9      21.867
2013   10       11     3  44    1.85   396.1    5.9      21.859
2013   10       11     3  53    1.86   396.0    5.9      21.850
2013   10       11     4   3    1.86   395.9    5.9      21.842
2013   10       11     4  12    1.86   395.7    5.9      21.835
2013   10       11     4  22    1.86   395.6    5.9      21.828
2013   10       11     4  31    1.86   395.5    5.9      21.821
2013   10       11     4  41    1.86   395.3    5.9      21.814
2013   10       11     4  50    1.86   395.2    5.9      21.808
2013   10       11     5   0    1.86   395.1    5.9      21.802
2013   10       11     5   9    1.86   394.9    5.9      21.796
2013   10       11     5  18    1.86   394.8    5.9      21.791
2013   10       11     5  28    1.86   394.7    5.9      21.785
2013   10       11     5  37    1.86   394.6    5.9      21.780
2013   10       11     5  47    1.86   394.4    5.9      21.775
2013   10       11     5  56    1.86   394.3    5.9      21.770
2013   10       11     6   6    1.86   394.2    5.9      21.766
2013   10       11     6  15    1.86   394.1    5.9      21.761
2013   10       11     6  24    1.86   393.9    5.9      21.756
2013   10       11     6  34    1.86   393.8    5.9      21.752
2013   10       11     6  43    1.86   393.7    6.0      21.747
2013   10       11     6  53    1.86   393.6    6.0      21.743
2013   10       11     7   2    1.86   393.4    6.0      21.738
2013   10       11     7  12    1.86   393.3    6.0      21.734
2013   10       11     7  21    1.86   393.2    6.0      21.729
2013   10       11     7  31    1.86   393.1    6.0      21.725
2013   10       11     7  40    1.86   393.0    6.0      21.720
2013   10       11     7  49    1.86   392.9    6.0      21.715
2013   10       11     7  59    1.86   392.7    6.0      21.710
2013   10       11     8   8    1.87   392.6    6.0      21.705
2013   10       11     8  18    1.87   392.5    6.0      21.700
2013   10       11     8  27    1.87   392.4    6.0      21.695
2013   10       11     8  37    1.87   392.3    6.0      21.689
2013   10       11     8  46    1.87   392.2    6.0      21.684
2013   10       11     8  56    1.87   392.0    6.0      21.678
2013   10       11     9   5    1.87   391.9    6.0      21.672
2013   10       11     9  15    1.87   391.8    6.0      21.666
2013   10       11     9  24    1.87   391.7    6.0      21.661
2013   10       11     9  34    1.87   391.6    6.0      21.655
2013   10       11     9  43    1.87   391.5    6.0      21.648
2013   10       11     9  53    1.87   391.3    6.0      21.642
2013   10       11    10   2    1.87   391.2    6.0      21.636
2013   10       11    10  12    1.87   391.1    6.0      21.630
2013   10       11    10  21    1.87   391.0    6.0      21.623
2013   10       11    10  31    1.87   390.9    6.1      21.617
2013   10       11    10  40    1.87   390.8    6.1      21.610
2013   10       11    10  50    1.87   390.6    6.1      21.604
2013   10       11    10  59    1.87   390.5    6.1      21.597
2013   10       11    11   9    1.87   390.4    6.1      21.591
2013   10       11    11  18    1.87   390.3    6.1      21.584
2013   10       11    11  28    1.87   390.2    6.1      21.578
2013   10       11    11  37    1.87   390.1    6.1      21.571
2013   10       11    11  47    1.87   390.0    6.1      21.565
2013   10       11    11  56    1.87   389.8    6.1      21.559
2013   10       11    12   6    1.87   389.7    6.1      21.552
2013   10       11    12  15    1.87   389.6    6.1      21.546
2013   10       11    12  25    1.87   389.5    6.1      21.540
2013   10       11    12  34    1.87   389.4    6.1      21.534
2013   10       11    12  44    1.87   389.3    6.1      21.528
2013   10       11    12  53    1.87   389.2    6.1      21.522
2013   10       11    13   2    1.87   389.1    6.1      21.516
2013   10       11    13  12    1.87   389.0    6.1      21.510
2013   10       11    13  21    1.87   388.9    6.1      21.504
2013   10       11    13  31    1.87   388.8    6.1      21.498
2013   10       11    13  40    1.87   388.6    6.1      21.493
2013   10       11    13  49    1.87   388.5    6.1      21.487
2013   10       11    13  59    1.87   388.4    6.1      21.481
2013   10       11    14   8    1.87   388.3    6.1      21.475
2013   10       11    14  18    1.87   388.2    6.1      21.470
2013   10       11    14  27    1.87   388.1    6.1      21.464
2013   10       11    14  37    1.87   388.0    6.1      21.459
2013   10       11    14  46    1.87   387.9    6.1      21.453
2013   10       11    14  56    1.87   387.8    6.2      21.448
2013   10       11    15   5    1.87   387.7    6.2      21.442
2013   10       11    15  15    1.87   387.6    6.2      21.437
2013   10       11    15  24    1.87   387.5    6.2      21.432
2013   10       11    15  34    1.87   387.4    6.2      21.427
2013   10       11    15  43    1.87   387.3    6.2      21.422
2013   10       11    15  53    1.87   387.2    6.2      21.416
2013   10       11    16   2    1.87   387.1    6.2      21.411
2013   10       11    16  12    1.87   387.0    6.2      21.406
2013   10       11    16  21    1.87   387.0    6.2      21.401
2013   10       11    16  30    1.87   386.9    6.2      21.396
2013   10       11    16  40    1.87   386.8    6.2      21.391
2013   10       11    16  49    1.87   386.7    6.2      21.386
2013   10       11    16  59    1.87   386.6    6.2      21.381
2013   10       11    17   8    1.87   386.5    6.2      21.376
2013   10       11    17  18    1.87   386.4    6.2      21.371
2013   10       11    17  27    1.87   386.3    6.2      21.365
2013   10       11    17  37    1.87   386.2    6.2      21.360
2013   10       11    17  46    1.87   386.1    6.2      21.354
2013   10       11    17  56    1.87   386.0    6.2      21.349
2013   10       11    18   5    1.87   385.9    6.2      21.343
2013   10       11    18  15    1.87   385.8    6.2      21.337
2013   10       11    18  24    1.87   385.7    6.2      21.331
2013   10       11    18  34    1.86   385.6    6.2      21.325
2013   10       11    18  43    1.86   385.5    6.2      21.318
2013   10       11    18  53    1.86   385.4    6.2      21.312
2013   10       11    19   2    1.86   385.3    6.2      21.305
2013   10       11    19  12    1.86   385.2    6.2      21.299
2013   10       11    19  21    1.86   385.1    6.2      21.292
2013   10       11    19  31    1.86   385.0    6.2      21.285
2013   10       11    19  40    1.86   384.9    6.2      21.278
2013   10       11    19  50    1.86   384.8    6.2      21.272
2013   10       11    19  59    1.86   384.7    6.2      21.265
2013   10       11    20   9    1.86   384.6    6.3      21.258
2013   10       11    20  18    1.86   384.5    6.3      21.251
2013   10       11    20  27    1.86   384.4    6.3      21.244
2013   10       11    20  37    1.86   384.3    6.3      21.237
2013   10       11    20  46    1.86   384.2    6.3      21.230
2013   10       11    20  56    1.86   384.1    6.3      21.222
2013   10       11    21   5    1.86   384.0    6.3      21.215
2013   10       11    21  15    1.86   383.9    6.3      21.208
2013   10       11    21  24    1.86   383.9    6.3      21.201
2013   10       11    21  33    1.86   383.8    6.3      21.193
2013   10       11    21  43    1.86   383.7    6.3      21.186
2013   10       11    21  52    1.86   383.6    6.3      21.179
2013   10       11    22   2    1.85   383.5    6.3      21.171
2013   10       11    22  11    1.85   383.4    6.3      21.164
2013   10       11    22  20    1.85   383.3    6.3      21.156
2013   10       11    22  30    1.85   383.2    6.3      21.149
2013   10       11    22  39    1.85   383.1    6.3      21.142
2013   10       11    22  49    1.85   383.1    6.3      21.135
2013   10       11    22  58    1.85   383.0    6.3      21.127
2013   10       11    23   8    1.85   382.9    6.3      21.120
2013   10       11    23  17    1.85   382.8    6.3      21.113
2013   10       11    23  26    1.85   382.7    6.3      21.106
2013   10       11    23  36    1.85   382.6    6.3      21.099
2013   10       11    23  45    1.85   382.5    6.3      21.092
2013   10       11    23  54    1.85   382.5    6.3      21.084
2013   10       12     0   4    1.84   382.4    6.3      21.077
2013   10       12     0  13    1.84   382.3    6.3      21.069
2013   10       12     0  22    1.84   382.2    6.3      21.061
2013   10       12     0  32    1.84   382.1    6.3      21.054
2013   10       12     0  41    1.84   382.0    6.3      21.045
2013   10       12     0  50    1.84   381.9    6.3      21.037
2013   10       12     1   0    1.84   381.8    6.3      21.028
2013   10       12     1   9    1.84   381.7    6.3      21.020
2013   10       12     1  19    1.84   381.6    6.3      21.010
2013   10       12     1  28    1.83   381.5    6.3      21.001
2013   10       12     1  37    1.83   381.4    6.3      20.991
2013   10       12     1  47    1.83   381.3    6.3      20.981
2013   10       12     1  56    1.83   381.2    6.3      20.970
2013   10       12     2   6    1.83   381.1    6.3      20.959
2013   10       12     2  15    1.83   381.0    6.3      20.948
2013   10       12     2  24    1.83   380.9    6.3      20.936
2013   10       12     2  34    1.83   380.8    6.3      20.924
2013   10       12     2  43    1.83   380.7    6.3      20.912
2013   10       12     2  53    1.82   380.6    6.3      20.899
2013   10       12     3   2    1.82   380.5    6.3      20.886
2013   10       12     3  11    1.82   380.4    6.3      20.872
2013   10       12     3  21    1.82   380.3    6.3      20.859
2013   10       12     3  30    1.82   380.2    6.3      20.845
2013   10       12     3  40    1.82   380.1    6.3      20.831
2013   10       12     3  49    1.82   380.0    6.3      20.816
2013   10       12     3  58    1.81   379.9    6.3      20.801
2013   10       12     4   8    1.81   379.8    6.3      20.786
2013   10       12     4  17    1.81   379.6    6.3      20.771
2013   10       12     4  27    1.81   379.5    6.3      20.755
2013   10       12     4  36    1.81   379.4    6.3      20.739
2013   10       12     4  46    1.81   379.3    6.3      20.723
2013   10       12     4  55    1.81   379.2    6.3      20.706
2013   10       12     5   4    1.80   379.1    6.3      20.690
2013   10       12     5  14    1.80   378.9    6.3      20.673
2013   10       12     5  23    1.80   378.8    6.3      20.656
2013   10       12     5  33    1.80   378.7    6.3      20.639
2013   10       12     5  42    1.80   378.6    6.3      20.621
2013   10       12     5  52    1.80   378.5    6.3      20.604
2013   10       12     6   1    1.79   378.3    6.3      20.587
2013   10       12     6  11    1.79   378.2    6.3      20.569
2013   10       12     6  20    1.79   378.1    6.3      20.552
2013   10       12     6  30    1.79   378.0    6.3      20.534
2013   10       12     6  39    1.79   377.8    6.3      20.516
2013   10       12     6  49    1.79   377.7    6.3      20.498
2013   10       12     6  58    1.78   377.6    6.3      20.480
2013   10       12     7   8    1.78   377.4    6.3      20.462
2013   10       12     7  17    1.78   377.3    6.3      20.443
2013   10       12     7  27    1.78   377.2    6.3      20.425
2013   10       12     7  36    1.78   377.0    6.3      20.406
2013   10       12     7  46    1.77   376.9    6.3      20.387
2013   10       12     7  55    1.77   376.8    6.3      20.367
2013   10       12     8   5    1.77   376.6    6.3      20.348
2013   10       12     8  14    1.77   376.5    6.3      20.328
2013   10       12     8  24    1.77   376.4    6.3      20.307
2013   10       12     8  33    1.77   376.2    6.3      20.287
2013   10       12     8  43    1.76   376.1    6.3      20.266
2013   10       12     8  52    1.76   375.9    6.3      20.245
2013   10       12     9   2    1.76   375.8    6.2      20.224
2013   10       12     9  11    1.76   375.6    6.2      20.203
2013   10       12     9  21    1.76   375.5    6.2      20.181
2013   10       12     9  30    1.75   375.3    6.2      20.159
2013   10       12     9  40    1.75   375.2    6.2      20.137
2013   10       12     9  49    1.75   375.0    6.2      20.114
2013   10       12     9  58    1.75   374.9    6.2      20.091
2013   10       12    10   8    1.75   374.7    6.2      20.068
2013   10       12    10  17    1.74   374.6    6.2      20.045
2013   10       12    10  27    1.74   374.4    6.2      20.021
2013   10       12    10  36    1.74   374.3    6.2      19.997
2013   10       12    10  46    1.74   374.1    6.2      19.973
2013   10       12    10  55    1.74   374.0    6.2      19.949
2013   10       12    11   5    1.74   373.8    6.2      19.924
2013   10       12    11  14    1.73   373.6    6.2      19.899
2013   10       12    11  23    1.73   373.5    6.2      19.873
2013   10       12    11  33    1.73   373.3    6.2      19.848
2013   10       12    11  42    1.73   373.1    6.2      19.822
2013   10       12    11  52    1.73   373.0    6.2      19.796
2013   10       12    12   1    1.72   372.8    6.2      19.770
2013   10       12    12  11    1.72   372.6    6.2      19.744
2013   10       12    12  20    1.72   372.4    6.2      19.717
2013   10       12    12  29    1.72   372.2    6.2      19.690
2013   10       12    12  39    1.72   372.1    6.2      19.664
2013   10       12    12  48    1.71   371.9    6.2      19.637
2013   10       12    12  58    1.71   371.7    6.2      19.610
2013   10       12    13   7    1.71   371.5    6.2      19.583
2013   10       12    13  17    1.71   371.3    6.2      19.557
2013   10       12    13  26    1.71   371.1    6.2      19.530
2013   10       12    13  36    1.71   370.9    6.2      19.504
2013   10       12    13  45    1.70   370.7    6.2      19.477
2013   10       12    13  55    1.70   370.5    6.2      19.451
2013   10       12    14   4    1.70   370.3    6.2      19.425
2013   10       12    14  14    1.70   370.1    6.2      19.399
2013   10       12    14  23    1.70   369.9    6.2      19.373
2013   10       12    14  33    1.69   369.7    6.2      19.347
2013   10       12    14  42    1.69   369.5    6.2      19.322
2013   10       12    14  52    1.69   369.3    6.2      19.297
2013   10       12    15   1    1.69   369.1    6.2      19.271
2013   10       12    15  11    1.69   368.9    6.2      19.246
2013   10       12    15  20    1.69   368.7    6.2      19.221
2013   10       12    15  30    1.68   368.5    6.2      19.197
2013   10       12    15  39    1.68   368.3    6.2      19.172
2013   10       12    15  49    1.68   368.1    6.2      19.147
2013   10       12    15  58    1.68   367.9    6.2      19.123
2013   10       12    16   8    1.68   367.7    6.2      19.098
2013   10       12    16  17    1.68   367.5    6.2      19.074
2013   10       12    16  27    1.68   367.2    6.2      19.050
2013   10       12    16  36    1.67   367.0    6.2      19.026
2013   10       12    16  45    1.67   366.8    6.2      19.001
2013   10       12    16  55    1.67   366.6    6.2      18.977
2013   10       12    17   4    1.67   366.4    6.2      18.953
2013   10       12    17  14    1.67   366.2    6.2      18.929
2013   10       12    17  23    1.67   366.0    6.2      18.904
2013   10       12    17  33    1.67   365.8    6.2      18.880
2013   10       12    17  42    1.67   365.5    6.2      18.856
2013   10       12    17  52    1.66   365.3    6.2      18.831
2013   10       12    18   1    1.66   365.1    6.2      18.806
2013   10       12    18  11    1.66   364.9    6.2      18.782
2013   10       12    18  20    1.66   364.7    6.2      18.757
2013   10       12    18  29    1.66   364.5    6.2      18.732
2013   10       12    18  39    1.66   364.3    6.2      18.707
2013   10       12    18  48    1.66   364.0    6.2      18.682
2013   10       12    18  58    1.66   363.8    6.2      18.656
2013   10       12    19   7    1.65   363.6    6.2      18.631
2013   10       12    19  17    1.65   363.4    6.2      18.605
2013   10       12    19  26    1.65   363.2    6.2      18.579
2013   10       12    19  35    1.65   362.9    6.2      18.553
2013   10       12    19  45    1.65   362.7    6.2      18.527
2013   10       12    19  54    1.65   362.5    6.2      18.500
2013   10       12    20   4    1.65   362.3    6.2      18.474
2013   10       12    20  13    1.65   362.0    6.2      18.448
2013   10       12    20  23    1.65   361.8    6.2      18.421
2013   10       12    20  32    1.64   361.6    6.2      18.395
2013   10       12    20  42    1.64   361.3    6.2      18.369
2013   10       12    20  51    1.64   361.1    6.2      18.343
2013   10       12    21   1    1.64   360.8    6.2      18.317
2013   10       12    21  10    1.64   360.6    6.2      18.291
2013   10       12    21  20    1.64   360.4    6.2      18.265
2013   10       12    21  29    1.64   360.1    6.2      18.240
2013   10       12    21  39    1.64   359.9    6.2      18.215
2013   10       12    21  48    1.64   359.6    6.2      18.190
2013   10       12    21  58    1.63   359.4    6.2      18.166
2013   10       12    22   7    1.63   359.1    6.3      18.142
2013   10       12    22  16    1.63   358.9    6.3      18.118
2013   10       12    22  26    1.63   358.6    6.3      18.095
2013   10       12    22  35    1.63   358.4    6.3      18.072
2013   10       12    22  45    1.63   358.1    6.3      18.049
2013   10       12    22  54    1.63   357.9    6.3      18.027
2013   10       12    23   4    1.63   357.6    6.3      18.005
2013   10       12    23  13    1.63   357.3    6.3      17.984
2013   10       12    23  23    1.63   357.1    6.3      17.963
2013   10       12    23  32    1.63   356.8    6.3      17.942
2013   10       12    23  42    1.63   356.6    6.3      17.922
2013   10       12    23  51    1.63   356.3    6.3      17.902
2013   10       13     0   1    1.63   356.0    6.3      17.882
2013   10       13     0  10    1.63   355.8    6.3      17.863
2013   10       13     0  20    1.63   355.5    6.3      17.844
2013   10       13     0  29    1.63   355.3    6.3      17.825
2013   10       13     0  39    1.62   355.0    6.3      17.806
2013   10       13     0  48    1.62   354.7    6.4      17.788
2013   10       13     0  58    1.62   354.5    6.4      17.770
2013   10       13     1   7    1.62   354.2    6.4      17.752
2013   10       13     1  16    1.62   353.9    6.4      17.734
2013   10       13     1  26    1.62   353.7    6.4      17.717
2013   10       13     1  35    1.62   353.4    6.4      17.699
2013   10       13     1  45    1.62   353.1    6.4      17.682
2013   10       13     1  54    1.62   352.9    6.4      17.665
2013   10       13     2   3    1.62   352.6    6.4      17.648
2013   10       13     2  13    1.62   352.3    6.4      17.631
2013   10       13     2  22    1.62   352.1    6.4      17.614
2013   10       13     2  32    1.62   351.8    6.4      17.597
2013   10       13     2  41    1.62   351.6    6.5      17.580
2013   10       13     2  51    1.62   351.3    6.5      17.563
2013   10       13     3   0    1.62   351.0    6.5      17.547
2013   10       13     3  10    1.62   350.8    6.5      17.530
2013   10       13     3  19    1.62   350.5    6.5      17.514
2013   10       13     3  28    1.62   350.2    6.5      17.498
2013   10       13     3  38    1.62   349.9    6.5      17.482
2013   10       13     3  47    1.62   349.7    6.5      17.466
2013   10       13     3  57    1.63   349.4    6.5      17.450
2013   10       13     4   6    1.63   349.1    6.6      17.434
2013   10       13     4  16    1.63   348.9    6.6      17.419
2013   10       13     4  25    1.63   348.6    6.6      17.403
2013   10       13     4  35    1.63   348.3    6.6      17.388
2013   10       13     4  44    1.63   348.1    6.6      17.373
2013   10       13     4  54    1.63   347.8    6.6      17.358
2013   10       13     5   3    1.63   347.5    6.6      17.344
2013   10       13     5  13    1.63   347.3    6.6      17.330
2013   10       13     5  22    1.63   347.0    6.7      17.316
2013   10       13     5  32    1.63   346.7    6.7      17.302
2013   10       13     5  41    1.63   346.5    6.7      17.289
2013   10       13     5  51    1.63   346.2    6.7      17.276
2013   10       13     6   0    1.63   345.9    6.7      17.263
2013   10       13     6  10    1.63   345.7    6.7      17.250
2013   10       13     6  19    1.63   345.4    6.7      17.238
2013   10       13     6  29    1.63   345.1    6.8      17.227
2013   10       13     6  38    1.63   344.9    6.8      17.215
2013   10       13     6  47    1.64   344.6    6.8      17.204
2013   10       13     6  57    1.64   344.3    6.8      17.194
2013   10       13     7   6    1.64   344.1    6.8      17.184
2013   10       13     7  16    1.64   343.8    6.8      17.174
2013   10       13     7  25    1.64   343.6    6.8      17.164
2013   10       13     7  35    1.64   343.3    6.9      17.155
2013   10       13     7  44    1.64   343.0    6.9      17.146
2013   10       13     7  54    1.64   342.8    6.9      17.138
2013   10       13     8   3    1.64   342.5    6.9      17.130
2013   10       13     8  13    1.65   342.3    6.9      17.122
2013   10       13     8  22    1.65   342.0    6.9      17.115
2013   10       13     8  31    1.65   341.7    7.0      17.108
2013   10       13     8  41    1.65   341.5    7.0      17.102
2013   10       13     8  50    1.65   341.2    7.0      17.096
2013   10       13     9   0    1.65   341.0    7.0      17.091
2013   10       13     9   9    1.66   340.7    7.0      17.086
2013   10       13     9  19    1.66   340.5    7.1      17.082
2013   10       13     9  28    1.66   340.2    7.1      17.078
2013   10       13     9  37    1.66   340.0    7.1      17.075
2013   10       13     9  47    1.66   339.7    7.1      17.072
2013   10       13     9  56    1.66   339.5    7.1      17.069
2013   10       13    10   6    1.67   339.2    7.2      17.067
2013   10       13    10  15    1.67   339.0    7.2      17.066
2013   10       13    10  25    1.67   338.8    7.2      17.065
2013   10       13    10  34    1.67   338.5    7.2      17.065
2013   10       13    10  44    1.68   338.3    7.2      17.065
2013   10       13    10  53    1.68   338.0    7.3      17.066
2013   10       13    11   2    1.68   337.8    7.3      17.068
2013   10       13    11  12    1.68   337.6    7.3      17.069
2013   10       13    11  21    1.68   337.3    7.3      17.072
2013   10       13    11  31    1.69   337.1    7.4      17.074
2013   10       13    11  40    1.69   336.9    7.4      17.077
2013   10       13    11  50    1.69   336.7    7.4      17.081
2013   10       13    11  59    1.69   336.4    7.4      17.085
2013   10       13    12   9    1.70   336.2    7.5      17.089
2013   10       13    12  18    1.70   336.0    7.5      17.094
2013   10       13    12  28    1.70   335.8    7.5      17.099
2013   10       13    12  37    1.70   335.6    7.5      17.104
2013   10       13    12  47    1.71   335.4    7.6      17.110
2013   10       13    12  56    1.71   335.2    7.6      17.115
2013   10       13    13   6    1.71   334.9    7.6      17.121
2013   10       13    13  15    1.71   334.7    7.6      17.127
2013   10       13    13  25    1.72   334.5    7.6      17.133
2013   10       13    13  34    1.72   334.3    7.7      17.139
2013   10       13    13  43    1.72   334.1    7.7      17.145
2013   10       13    13  53    1.72   333.9    7.7      17.152
2013   10       13    14   2    1.73   333.7    7.7      17.158
2013   10       13    14  12    1.73   333.5    7.8      17.165
2013   10       13    14  21    1.73   333.3    7.8      17.171
2013   10       13    14  31    1.73   333.1    7.8      17.178
2013   10       13    14  40    1.74   332.9    7.8      17.184
2013   10       13    14  50    1.74   332.7    7.9      17.191
2013   10       13    14  59    1.74   332.5    7.9      17.198
2013   10       13    15   9    1.74   332.3    7.9      17.204
2013   10       13    15  18    1.75   332.1    7.9      17.211
2013   10       13    15  27    1.75   331.9    8.0      17.218
2013   10       13    15  37    1.75   331.7    8.0      17.225
2013   10       13    15  46    1.76   331.6    8.0      17.232
2013   10       13    15  56    1.76   331.4    8.0      17.239
2013   10       13    16   5    1.76   331.2    8.1      17.246
2013   10       13    16  15    1.76   331.0    8.1      17.253
2013   10       13    16  24    1.77   330.8    8.1      17.260
2013   10       13    16  33    1.77   330.6    8.1      17.268
2013   10       13    16  43    1.77   330.4    8.2      17.276
2013   10       13    16  52    1.78   330.3    8.2      17.284
2013   10       13    17   2    1.78   330.1    8.2      17.292
2013   10       13    17  11    1.78   329.9    8.2      17.301
2013   10       13    17  21    1.79   329.7    8.3      17.311
2013   10       13    17  30    1.79   329.5    8.3      17.321
2013   10       13    17  39    1.79   329.4    8.3      17.331
2013   10       13    17  49    1.80   329.2    8.3      17.342
2013   10       13    17  58    1.80   329.0    8.4      17.354
2013   10       13    18   8    1.80   328.9    8.4      17.367
2013   10       13    18  17    1.81   328.7    8.4      17.382
2013   10       13    18  27    1.81   328.5    8.5      17.397
2013   10       13    18  36    1.81   328.4    8.5      17.413
2013   10       13    18  46    1.82   328.2    8.5      17.431
2013   10       13    18  55    1.82   328.1    8.6      17.449
2013   10       13    19   5    1.82   327.9    8.6      17.469
2013   10       13    19  14    1.83   327.8    8.6      17.491
2013   10       13    19  24    1.83   327.7    8.7      17.513
2013   10       13    19  33    1.84   327.5    8.7      17.537
2013   10       13    19  43    1.84   327.4    8.7      17.561
2013   10       13    19  52    1.84   327.3    8.7      17.584
2013   10       13    20   1    1.85   327.2    8.8      17.607
2013   10       13    20  11    1.85   327.0    8.8      17.629
2013   10       13    20  20    1.85   326.9    8.8      17.651
2013   10       13    20  30    1.86   326.8    8.9      17.672
2013   10       13    20  39    1.86   326.7    8.9      17.692
2013   10       13    20  49    1.86   326.6    8.9      17.712
2013   10       13    20  58    1.87   326.4    8.9      17.731
2013   10       13    21   8    1.87   326.3    9.0      17.750
2013   10       13    21  17    1.87   326.2    9.0      17.768
2013   10       13    21  27    1.88   326.1    9.0      17.786
2013   10       13    21  36    1.88   326.0    9.0      17.804
2013   10       13    21  46    1.88   325.9    9.0      17.821
2013   10       13    21  55    1.89   325.8    9.1      17.837
2013   10       13    22   4    1.89   325.7    9.1      17.854
2013   10       13    22  14    1.89   325.6    9.1      17.869
2013   10       13    22  23    1.89   325.4    9.1      17.885
2013   10       13    22  33    1.90   325.3    9.2      17.900
2013   10       13    22  42    1.90   325.2    9.2      17.915
2013   10       13    22  52    1.90   325.1    9.2      17.929
2013   10       13    23   1    1.91   325.0    9.2      17.944
2013   10       13    23  10    1.91   324.9    9.2      17.957
2013   10       13    23  20    1.91   324.8    9.3      17.971
2013   10       13    23  29    1.92   324.7    9.3      17.984
2013   10       13    23  39    1.92   324.6    9.3      17.997
2013   10       13    23  48    1.92   324.5    9.3      18.010
2013   10       13    23  58    1.92   324.4    9.3      18.022
2013   10       14     0   7    1.93   324.3    9.4      18.034
2013   10       14     0  16    1.93   324.2    9.4      18.046
2013   10       14     0  26    1.93   324.1    9.4      18.058
2013   10       14     0  35    1.94   324.0    9.4      18.071
2013   10       14     0  45    1.94   323.9    9.4      18.083
2013   10       14     0  54    1.94   323.8    9.5      18.095
2013   10       14     1   4    1.94   323.7    9.5      18.107
2013   10       14     1  13    1.95   323.6    9.5      18.119
2013   10       14     1  23    1.95   323.5    9.5      18.133
2013   10       14     1  32    1.95   323.4    9.5      18.146
2013   10       14     1  41    1.96   323.3    9.6      18.161
2013   10       14     1  51    1.96   323.2    9.6      18.175
2013   10       14     2   0    1.96   323.1    9.6      18.190
2013   10       14     2  10    1.97   323.0    9.6      18.207
2013   10       14     2  19    1.97   322.9    9.7      18.224
2013   10       14     2  29    1.98   322.9    9.7      18.242
2013   10       14     2  38    1.98   322.8    9.7      18.261
2013   10       14     2  48    1.98   322.7    9.7      18.281
2013   10       14     2  57    1.99   322.7    9.7      18.301
2013   10       14     3   7    1.99   322.6    9.8      18.321
2013   10       14     3  16    1.99   322.5    9.8      18.341
2013   10       14     3  26    2.00   322.5    9.8      18.360
2013   10       14     3  35    2.00   322.4    9.8      18.378
2013   10       14     3  44    2.00   322.4    9.8      18.396
2013   10       14     3  54    2.00   322.3    9.9      18.414
2013   10       14     4   3    2.01   322.3    9.9      18.431
2013   10       14     4  13    2.01   322.2    9.9      18.448
2013   10       14     4  22    2.01   322.2    9.9      18.465
2013   10       14     4  32    2.02   322.1    9.9      18.481
2013   10       14     4  41    2.02   322.1    9.9      18.498
2013   10       14     4  51    2.02   322.0   10.0      18.513
2013   10       14     5   0    2.02   321.9   10.0      18.529
2013   10       14     5   9    2.03   321.9   10.0      18.543
2013   10       14     5  19    2.03   321.8   10.0      18.558
2013   10       14     5  28    2.03   321.8   10.0      18.572
2013   10       14     5  38    2.03   321.7   10.0      18.586
2013   10       14     5  47    2.04   321.7   10.0      18.600
2013   10       14     5  57    2.04   321.6   10.1      18.613
2013   10       14     6   6    2.04   321.6   10.1      18.626
2013   10       14     6  16    2.04   321.5   10.1      18.638
2013   10       14     6  25    2.05   321.5   10.1      18.650
2013   10       14     6  34    2.05   321.4   10.1      18.662
2013   10       14     6  44    2.05   321.4   10.1      18.673
2013   10       14     6  53    2.05   321.3   10.1      18.684
2013   10       14     7   3    2.06   321.3   10.1      18.695
2013   10       14     7  12    2.06   321.2   10.1      18.705
2013   10       14     7  21    2.06   321.2   10.2      18.716
2013   10       14     7  31    2.06   321.1   10.2      18.725
2013   10       14     7  40    2.06   321.1   10.2      18.735
2013   10       14     7  50    2.07   321.0   10.2      18.744
2013   10       14     7  59    2.07   321.0   10.2      18.753
2013   10       14     8   9    2.07   320.9   10.2      18.762
2013   10       14     8  18    2.07   320.9   10.2      18.771
2013   10       14     8  28    2.08   320.8   10.2      18.779
2013   10       14     8  37    2.08   320.8   10.2      18.787
2013   10       14     8  46    2.08   320.7   10.2      18.795
2013   10       14     8  56    2.08   320.7   10.3      18.803
2013   10       14     9   5    2.09   320.6   10.3      18.811
2013   10       14     9  15    2.09   320.6   10.3      18.818
2013   10       14     9  24    2.09   320.5   10.3      18.825
2013   10       14     9  34    2.09   320.5   10.3      18.833
2013   10       14     9  43    2.09   320.4   10.3      18.840
2013   10       14     9  53    2.10   320.4   10.3      18.847
2013   10       14    10   2    2.10   320.4   10.3      18.854
2013   10       14    10  12    2.10   320.3   10.3      18.861
2013   10       14    10  21    2.10   320.3   10.3      18.867
2013   10       14    10  30    2.11   320.2   10.3      18.874
2013   10       14    10  40    2.11   320.2   10.4      18.881
2013   10       14    10  49    2.11   320.1   10.4      18.888
2013   10       14    10  59    2.11   320.1   10.4      18.894
2013   10       14    11   8    2.12   320.1   10.4      18.901
2013   10       14    11  18    2.12   320.0   10.4      18.908
2013   10       14    11  27    2.12   320.0   10.4      18.915
2013   10       14    11  37    2.12   319.9   10.4      18.922
2013   10       14    11  46    2.12   319.9   10.4      18.929
2013   10       14    11  55    2.13   319.9   10.4      18.935
2013   10       14    12   5    2.13   319.8   10.4      18.942
2013   10       14    12  14    2.13   319.8   10.4      18.949
2013   10       14    12  24    2.13   319.7   10.4      18.955
2013   10       14    12  33    2.13   319.7   10.5      18.962
2013   10       14    12  43    2.14   319.7   10.5      18.968
2013   10       14    12  52    2.14   319.6   10.5      18.974
2013   10       14    13   1    2.14   319.6   10.5      18.980
2013   10       14    13  11    2.14   319.5   10.5      18.986
2013   10       14    13  20    2.14   319.5   10.5      18.992
2013   10       14    13  30    2.15   319.5   10.5      18.997
2013   10       14    13  39    2.15   319.4   10.5      19.002
2013   10       14    13  49    2.15   319.4   10.5      19.007
2013   10       14    13  58    2.15   319.3   10.5      19.012
2013   10       14    14   7    2.15   319.3   10.5      19.017
2013   10       14    14  17    2.16   319.3   10.5      19.021
2013   10       14    14  26    2.16   319.2   10.5      19.025
2013   10       14    14  36    2.16   319.2   10.5      19.029
2013   10       14    14  45    2.16   319.1   10.5      19.033
2013   10       14    14  55    2.16   319.1   10.5      19.037
2013   10       14    15   4    2.17   319.0   10.5      19.041
2013   10       14    15  13    2.17   319.0   10.5      19.044
2013   10       14    15  23    2.17   319.0   10.5      19.047
2013   10       14    15  32    2.17   318.9   10.5      19.050
2013   10       14    15  42    2.17   318.9   10.6      19.053
2013   10       14    15  51    2.17   318.8   10.6      19.055
2013   10       14    16   1    2.18   318.8   10.6      19.058
2013   10       14    16  10    2.18   318.8   10.6      19.060
2013   10       14    16  20    2.18   318.7   10.6      19.062
2013   10       14    16  29    2.18   318.7   10.6      19.064
2013   10       14    16  38    2.18   318.6   10.6      19.065
2013   10       14    16  48    2.19   318.6   10.6      19.067
2013   10       14    16  57    2.19   318.6   10.6      19.068
2013   10       14    17   7    2.19   318.5   10.6      19.069
2013   10       14    17  16    2.19   318.5   10.6      19.070
2013   10       14    17  26    2.19   318.4   10.6      19.071
2013   10       14    17  35    2.20   318.4   10.6      19.072
2013   10       14    17  45    2.20   318.3   10.6      19.072
2013   10       14    17  54    2.20   318.3   10.6      19.072
2013   10       14    18   3    2.20   318.3   10.6      19.072
2013   10       14    18  13    2.20   318.2   10.6      19.072
2013   10       14    18  22    2.20   318.2   10.6      19.072
2013   10       14    18  32    2.21   318.1   10.6      19.072
2013   10       14    18  41    2.21   318.1   10.6      19.071
2013   10       14    18  51    2.21   318.0   10.6      19.071
2013   10       14    19   0    2.21   318.0   10.6      19.070
2013   10       14    19   9    2.21   318.0   10.6      19.069
2013   10       14    19  19    2.22   317.9   10.6      19.068
2013   10       14    19  28    2.22   317.9   10.6      19.067
2013   10       14    19  38    2.22   317.8   10.6      19.066
2013   10       14    19  47    2.22   317.8   10.6      19.065
2013   10       14    19  57    2.22   317.7   10.6      19.064
2013   10       14    20   6    2.23   317.7   10.6      19.063
2013   10       14    20  15    2.23   317.7   10.6      19.062
2013   10       14    20  25    2.23   317.6   10.6      19.060
2013   10       14    20  34    2.23   317.6   10.6      19.059
2013   10       14    20  44    2.23   317.5   10.6      19.058
2013   10       14    20  53    2.24   317.5   10.6      19.057
2013   10       14    21   3    2.24   317.4   10.6      19.055
2013   10       14    21  12    2.24   317.4   10.6      19.054
2013   10       14    21  21    2.24   317.4   10.6      19.053
2013   10       14    21  31    2.24   317.3   10.6      19.052
2013   10       14    21  40    2.25   317.3   10.7      19.050
2013   10       14    21  50    2.25   317.2   10.7      19.049
2013   10       14    21  59    2.25   317.2   10.7      19.048
2013   10       14    22   9    2.25   317.1   10.7      19.046
2013   10       14    22  18    2.25   317.1   10.7      19.045
2013   10       14    22  27    2.26   317.1   10.7      19.044
2013   10       14    22  37    2.26   317.0   10.7      19.043
2013   10       14    22  46    2.26   317.0   10.7      19.041
2013   10       14    22  56    2.26   316.9   10.7      19.040
2013   10       14    23   5    2.27   316.9   10.7      19.038
2013   10       14    23  15    2.27   316.9   10.7      19.037
2013   10       14    23  24    2.27   316.8   10.7      19.036
2013   10       14    23  34    2.27   316.8   10.7      19.034
2013   10       14    23  43    2.27   316.7   10.7      19.032
2013   10       14    23  52    2.28   316.7   10.7      19.031
2013   10       15     0   2    2.28   316.7   10.7      19.029
2013   10       15     0  11    2.28   316.6   10.7      19.027
2013   10       15     0  21    2.28   316.6   10.7      19.026
2013   10       15     0  30    2.28   316.5   10.7      19.024
2013   10       15     0  40    2.29   316.5   10.7      19.022
2013   10       15     0  49    2.29   316.5   10.7      19.020
2013   10       15     0  58    2.29   316.4   10.7      19.018
2013   10       15     1   8    2.29   316.4   10.7      19.016
2013   10       15     1  17    2.30   316.3   10.7      19.014
2013   10       15     1  27    2.30   316.3   10.7      19.012
2013   10       15     1  36    2.30   316.3   10.7      19.010
2013   10       15     1  46    2.30   316.2   10.7      19.007
2013   10       15     1  55    2.30   316.2   10.7      19.005
2013   10       15     2   4    2.31   316.1   10.7      19.003
2013   10       15     2  14    2.31   316.1   10.7      19.001
2013   10       15     2  23    2.31   316.1   10.7      18.999
2013   10       15     2  33    2.31   316.0   10.7      18.996
2013   10       15     2  42    2.32   316.0   10.7      18.994
2013   10       15     2  52    2.32   315.9   10.7      18.992
2013   10       15     3   1    2.32   315.9   10.7      18.990
2013   10       15     3  10    2.32   315.9   10.7      18.988
2013   10       15     3  20    2.33   315.8   10.7      18.986
2013   10       15     3  29    2.33   315.8   10.8      18.985
2013   10       15     3  39    2.33   315.7   10.8      18.983
2013   10       15     3  48    2.33   315.7   10.8      18.981
2013   10       15     3  58    2.34   315.7   10.8      18.980
2013   10       15     4   7    2.34   315.6   10.8      18.979
2013   10       15     4  16    2.34   315.6   10.8      18.977
2013   10       15     4  26    2.34   315.6   10.8      18.976
2013   10       15     4  35    2.35   315.5   10.8      18.975
2013   10       15     4  45    2.35   315.5   10.8      18.974
2013   10       15     4  54    2.35   315.4   10.8      18.974
2013   10       15     5   3    2.35   315.4   10.8      18.973
2013   10       15     5  13    2.36   315.4   10.8      18.973
2013   10       15     5  22    2.36   315.3   10.8      18.972
2013   10       15     5  32    2.36   315.3   10.8      18.972
2013   10       15     5  41    2.37   315.3   10.8      18.972
2013   10       15     5  51    2.37   315.2   10.8      18.972
2013   10       15     6   0    2.37   315.2   10.8      18.972
2013   10       15     6   9    2.37   315.2   10.8      18.972
2013   10       15     6  19    2.38   315.1   10.8      18.972
2013   10       15     6  28    2.38   315.1   10.9      18.972
2013   10       15     6  38    2.38   315.0   10.9      18.973
2013   10       15     6  47    2.39   315.0   10.9      18.973
2013   10       15     6  57    2.39   315.0   10.9      18.974
2013   10       15     7   6    2.39   314.9   10.9      18.974
2013   10       15     7  15    2.40   314.9   10.9      18.975
2013   10       15     7  25    2.40   314.9   10.9      18.976
2013   10       15     7  34    2.40   314.8   10.9      18.977
2013   10       15     7  44    2.41   314.8   10.9      18.978
2013   10       15     7  53    2.41   314.8   10.9      18.979
2013   10       15     8   3    2.41   314.7   10.9      18.981
2013   10       15     8  12    2.42   314.7   10.9      18.982
2013   10       15     8  21    2.42   314.7   10.9      18.983
2013   10       15     8  31    2.42   314.6   10.9      18.985
2013   10       15     8  40    2.43   314.6   11.0      18.987
2013   10       15     8  50    2.43   314.6   11.0      18.989
2013   10       15     8  59    2.43   314.5   11.0      18.991
2013   10       15     9   8    2.44   314.5   11.0      18.993
2013   10       15     9  18    2.44   314.5   11.0      18.996
2013   10       15     9  27    2.44   314.4   11.0      18.998
2013   10       15     9  37    2.45   314.4   11.0      19.001
2013   10       15     9  46    2.45   314.4   11.0      19.004
2013   10       15     9  56    2.45   314.3   11.0      19.008
2013   10       15    10   5    2.46   314.3   11.0      19.012
2013   10       15    10  14    2.46   314.3   11.0      19.016
2013   10       15    10  24    2.47   314.2   11.1      19.020
2013   10       15    10  33    2.47   314.2   11.1      19.025
2013   10       15    10  43    2.47   314.2   11.1      19.030
2013   10       15    10  52    2.48   314.1   11.1      19.035
2013   10       15    11   1    2.48   314.1   11.1      19.041
2013   10       15    11  11    2.49   314.1   11.1      19.048
2013   10       15    11  20    2.49   314.1   11.1      19.055
2013   10       15    11  30    2.50   314.0   11.1      19.062
2013   10       15    11  39    2.50   314.0   11.2      19.070
2013   10       15    11  49    2.50   314.0   11.2      19.079
2013   10       15    11  58    2.51   314.0   11.2      19.089
2013   10       15    12   7    2.51   313.9   11.2      19.099
2013   10       15    12  17    2.52   313.9   11.2      19.111
2013   10       15    12  26    2.52   313.9   11.2      19.123
2013   10       15    12  36    2.53   313.9   11.3      19.136
2013   10       15    12  45    2.54   313.9   11.3      19.150
2013   10       15    12  55    2.54   313.9   11.3      19.164
2013   10       15    13   4    2.55   313.9   11.3      19.180
2013   10       15    13  13    2.55   313.8   11.3      19.197
2013   10       15    13  23    2.56   313.9   11.4      19.215
2013   10       15    13  32    2.56   313.9   11.4      19.234
2013   10       15    13  42    2.57   313.9   11.4      19.253
2013   10       15    13  51    2.57   313.9   11.4      19.272
2013   10       15    14   1    2.58   313.9   11.4      19.291
2013   10       15    14  10    2.58   313.9   11.5      19.310
2013   10       15    14  19    2.58   313.9   11.5      19.328
2013   10       15    14  29    2.59   313.9   11.5      19.345
2013   10       15    14  38    2.59   313.9   11.5      19.363
2013   10       15    14  48    2.60   313.9   11.5      19.379
2013   10       15    14  57    2.60   313.9   11.5      19.396
2013   10       15    15   6    2.61   313.9   11.5      19.412
2013   10       15    15  16    2.61   313.9   11.6      19.428
2013   10       15    15  25    2.62   313.9   11.6      19.444
2013   10       15    15  35    2.62   313.9   11.6      19.460
2013   10       15    15  44    2.63   313.9   11.6      19.476
2013   10       15    15  53    2.63   313.9   11.6      19.491
2013   10       15    16   3    2.64   313.9   11.6      19.507
2013   10       15    16  12    2.64   313.9   11.7      19.522
2013   10       15    16  22    2.65   313.9   11.7      19.538
2013   10       15    16  31    2.65   313.9   11.7      19.553
2013   10       15    16  40    2.66   313.9   11.7      19.569
2013   10       15    16  50    2.66   313.9   11.7      19.585
2013   10       15    16  59    2.67   313.9   11.7      19.601
2013   10       15    17   9    2.67   313.9   11.8      19.618
2013   10       15    17  18    2.68   313.9   11.8      19.635
2013   10       15    17  28    2.68   313.9   11.8      19.652
2013   10       15    17  37    2.69   313.9   11.8      19.670
2013   10       15    17  46    2.70   313.9   11.8      19.688
2013   10       15    17  56    2.70   313.9   11.9      19.707
2013   10       15    18   5    2.71   313.9   11.9      19.727
2013   10       15    18  15    2.71   313.9   11.9      19.748
2013   10       15    18  24    2.72   314.0   11.9      19.770
2013   10       15    18  33    2.73   314.0   12.0      19.793
2013   10       15    18  43    2.73   314.0   12.0      19.817
2013   10       15    18  52    2.74   314.0   12.0      19.842
2013   10       15    19   2    2.75   314.0   12.0      19.870
2013   10       15    19  11    2.75   314.1   12.1      19.898
2013   10       15    19  21    2.76   314.1   12.1      19.929
2013   10       15    19  30    2.77   314.1   12.1      19.962
2013   10       15    19  39    2.77   314.2   12.2      19.996
2013   10       15    19  49    2.78   314.2   12.2      20.033
2013   10       15    19  58    2.79   314.3   12.2      20.072
2013   10       15    20   8    2.80   314.3   12.3      20.114
2013   10       15    20  17    2.81   314.4   12.3      20.158
2013   10       15    20  26    2.81   314.5   12.3      20.204
2013   10       15    20  36    2.82   314.6   12.4      20.252
2013   10       15    20  45    2.83   314.6   12.4      20.300
2013   10       15    20  55    2.84   314.7   12.4      20.349
2013   10       15    21   4    2.84   314.8   12.4      20.397
2013   10       15    21  14    2.85   314.9   12.5      20.445
2013   10       15    21  23    2.86   315.0   12.5      20.492
2013   10       15    21  32    2.87   315.1   12.5      20.538
2013   10       15    21  42    2.87   315.2   12.6      20.583
2013   10       15    21  51    2.88   315.2   12.6      20.628
2013   10       15    22   1    2.89   315.3   12.6      20.671
2013   10       15    22  10    2.90   315.4   12.6      20.714
2013   10       15    22  19    2.90   315.5   12.7      20.756
2013   10       15    22  29    2.91   315.6   12.7      20.798
2013   10       15    22  38    2.92   315.7   12.7      20.839
2013   10       15    22  48    2.93   315.8   12.7      20.881
2013   10       15    22  57    2.93   315.9   12.8      20.921
2013   10       15    23   6    2.94   316.0   12.8      20.962
2013   10       15    23  16    2.95   316.0   12.8      21.002
2013   10       15    23  25    2.96   316.1   12.8      21.042
2013   10       15    23  34    2.97   316.2   12.9      21.082
2013   10       15    23  44    2.97   316.3   12.9      21.122
2013   10       15    23  53    2.98   316.4   12.9      21.162
2013   10       16     0   3    2.99   316.5   12.9      21.202
2013   10       16     0  12    3.00   316.6   13.0      21.242
2013   10       16     0  21    3.01   316.7   13.0      21.283
2013   10       16     0  31    3.02   316.8   13.0      21.325
2013   10       16     0  40    3.02   316.9   13.0      21.368
2013   10       16     0  50    3.03   317.0   13.1      21.411
2013   10       16     0  59    3.04   317.1   13.1      21.455
2013   10       16     1   8    3.05   317.2   13.1      21.501
2013   10       16     1  18    3.06   317.3   13.2      21.549
2013   10       16     1  27    3.07   317.5   13.2      21.598
2013   10       16     1  37    3.08   317.6   13.2      21.648
2013   10       16     1  46    3.09   317.7   13.3      21.700
2013   10       16     1  56    3.10   317.9   13.3      21.754
2013   10       16     2   5    3.11   318.0   13.3      21.808
2013   10       16     2  14    3.12   318.1   13.4      21.862
2013   10       16     2  24    3.13   318.3   13.4      21.915
2013   10       16     2  33    3.14   318.4   13.4      21.968
2013   10       16     2  43    3.15   318.6   13.5      22.020
2013   10       16     2  52    3.16   318.7   13.5      22.074
2013   10       16     3   1    3.17   318.8   13.5      22.128
2013   10       16     3  11    3.17   319.0   13.6      22.183
2013   10       16     3  20    3.18   319.1   13.6      22.238
2013   10       16     3  30    3.19   319.3   13.6      22.294
2013   10       16     3  39    3.20   319.4   13.6      22.349
2013   10       16     3  49    3.21   319.6   13.7      22.403
2013   10       16     3  58    3.21   319.7   13.7      22.454
2013   10       16     4   7    3.22   319.9   13.7      22.504
2013   10       16     4  17    3.23   320.0   13.7      22.552
2013   10       16     4  26    3.23   320.2   13.7      22.599
2013   10       16     4  36    3.24   320.3   13.7      22.643
2013   10       16     4  45    3.24   320.4   13.8      22.687
2013   10       16     4  54    3.25   320.6   13.8      22.728
2013   10       16     5   4    3.25   320.7   13.8      22.769
2013   10       16     5  13    3.26   320.9   13.8      22.808
2013   10       16     5  23    3.26   321.0   13.8      22.846
2013   10       16     5  32    3.27   321.1   13.8      22.883
2013   10       16     5  41    3.27   321.3   13.8      22.919
2013   10       16     5  51    3.28   321.4   13.8      22.954
2013   10       16     6   0    3.28   321.5   13.8      22.988
2013   10       16     6   9    3.29   321.7   13.8      23.021
2013   10       16     6  19    3.29   321.8   13.8      23.054
2013   10       16     6  28    3.29   322.0   13.8      23.085
2013   10       16     6  37    3.30   322.1   13.8      23.116
2013   10       16     6  47    3.30   322.2   13.8      23.147
2013   10       16     6  56    3.30   322.4   13.8      23.177
2013   10       16     7   6    3.31   322.5   13.8      23.206
2013   10       16     7  15    3.31   322.6   13.8      23.235
2013   10       16     7  24    3.31   322.8   13.8      23.263
2013   10       16     7  34    3.32   322.9   13.8      23.291
2013   10       16     7  43    3.32   323.1   13.8      23.318
2013   10       16     7  52    3.32   323.2   13.8      23.345
2013   10       16     8   2    3.32   323.3   13.8      23.372
2013   10       16     8  11    3.33   323.5   13.8      23.399
2013   10       16     8  21    3.33   323.6   13.8      23.425
2013   10       16     8  30    3.33   323.7   13.8      23.451
2013   10       16     8  39    3.34   323.9   13.8      23.477
2013   10       16     8  49    3.34   324.0   13.8      23.503
2013   10       16     8  58    3.34   324.1   13.8      23.528
2013   10       16     9   8    3.34   324.3   13.8      23.554
2013   10       16     9  17    3.35   324.4   13.8      23.580
2013   10       16     9  26    3.35   324.6   13.8      23.606
2013   10       16     9  36    3.35   324.7   13.8      23.632
2013   10       16     9  45    3.35   324.8   13.8      23.659
2013   10       16     9  55    3.36   325.0   13.8      23.686
2013   10       16    10   4    3.36   325.1   13.8      23.715
2013   10       16    10  14    3.36   325.3   13.8      23.744
2013   10       16    10  23    3.36   325.4   13.8      23.774
2013   10       16    10  32    3.36   325.5   13.8      23.806
2013   10       16    10  42    3.37   325.7   13.9      23.839
2013   10       16    10  51    3.37   325.9   13.9      23.874
2013   10       16    11   1    3.37   326.0   13.9      23.911
2013   10       16    11  10    3.37   326.2   13.9      23.948
2013   10       16    11  20    3.38   326.3   13.9      23.987
2013   10       16    11  29    3.38   326.5   13.9      24.026
2013   10       16    11  38    3.38   326.7   13.9      24.065
2013   10       16    11  48    3.38   326.8   13.9      24.105
2013   10       16    11  57    3.39   327.0   13.9      24.145
2013   10       16    12   7    3.39   327.1   13.9      24.186
2013   10       16    12  16    3.39   327.3   13.9      24.229
2013   10       16    12  25    3.39   327.5   13.9      24.272
2013   10       16    12  35    3.40   327.6   13.9      24.316
2013   10       16    12  44    3.40   327.8   13.9      24.360
2013   10       16    12  53    3.40   328.0   13.9      24.406
2013   10       16    13   3    3.41   328.2   13.9      24.452
2013   10       16    13  12    3.41   328.4   13.9      24.500
2013   10       16    13  21    3.41   328.5   14.0      24.549
2013   10       16    13  31    3.41   328.7   14.0      24.598
2013   10       16    13  40    3.42   328.9   14.0      24.647
2013   10       16    13  50    3.42   329.1   14.0      24.696
2013   10       16    13  59    3.42   329.3   14.0      24.744
2013   10       16    14   8    3.42   329.5   14.0      24.790
2013   10       16    14  18    3.43   329.7   14.0      24.834
2013   10       16    14  27    3.43   329.9   14.0      24.876
2013   10       16    14  36    3.43   330.1   14.0      24.918
2013   10       16    14  46    3.43   330.3   14.0      24.958
2013   10       16    14  55    3.43   330.5   14.0      24.996
2013   10       16    15   5    3.43   330.7   14.0      25.034
2013   10       16    15  14    3.44   330.9   14.0      25.070
2013   10       16    15  23    3.44   331.1   14.0      25.105
2013   10       16    15  33    3.44   331.3   14.0      25.140
2013   10       16    15  42    3.44   331.4   14.0      25.173
2013   10       16    15  52    3.44   331.6   14.0      25.206
2013   10       16    16   1    3.44   331.8   14.0      25.239
2013   10       16    16  10    3.45   332.0   14.0      25.270
2013   10       16    16  20    3.45   332.2   14.0      25.301
2013   10       16    16  29    3.45   332.4   13.9      25.332
2013   10       16    16  39    3.45   332.6   13.9      25.362
2013   10       16    16  48    3.45   332.8   13.9      25.392
2013   10       16    16  57    3.45   332.9   13.9      25.421
2013   10       16    17   7    3.45   333.1   13.9      25.450
2013   10       16    17  16    3.46   333.3   13.9      25.479
2013   10       16    17  26    3.46   333.5   13.9      25.508
2013   10       16    17  35    3.46   333.7   13.9      25.536
2013   10       16    17  44    3.46   333.9   13.9      25.564
2013   10       16    17  54    3.46   334.1   13.9      25.592
2013   10       16    18   3    3.46   334.2   13.9      25.620
2013   10       16    18  13    3.47   334.4   13.9      25.648
2013   10       16    18  22    3.47   334.6   13.9      25.676
2013   10       16    18  32    3.47   334.8   13.9      25.704
2013   10       16    18  41    3.47   335.0   13.9      25.732
2013   10       16    18  51    3.47   335.2   13.9      25.760
2013   10       16    19   0    3.47   335.3   13.9      25.788
2013   10       16    19   9    3.48   335.5   13.9      25.816
2013   10       16    19  19    3.48   335.7   13.9      25.844
2013   10       16    19  28    3.48   335.9   13.9      25.873
2013   10       16    19  37    3.48   336.1   13.9      25.902
2013   10       16    19  47    3.49   336.3   13.9      25.932
2013   10       16    19  56    3.49   336.4   13.9      25.963
2013   10       16    20   6    3.49   336.6   13.9      25.994
2013   10       16    20  15    3.49   336.8   13.9      26.025
2013   10       16    20  24    3.50   337.0   13.9      26.057
2013   10       16    20  34    3.50   337.2   13.9      26.090
2013   10       16    20  43    3.50   337.4   13.9      26.124
2013   10       16    20  52    3.50   337.6   13.9      26.159
2013   10       16    21   2    3.51   337.8   13.9      26.195
2013   10       16    21  11    3.51   338.0   13.9      26.232
2013   10       16    21  21    3.51   338.2   13.9      26.270
2013   10       16    21  30    3.51   338.4   13.9      26.307
2013   10       16    21  39    3.52   338.6   13.9      26.343
2013   10       16    21  49    3.52   338.8   13.9      26.379
2013   10       16    21  58    3.52   339.0   13.9      26.415
2013   10       16    22   7    3.53   339.1   13.9      26.449
2013   10       16    22  17    3.53   339.3   13.9      26.484
2013   10       16    22  26    3.53   339.5   13.9      26.518
2013   10       16    22  36    3.53   339.7   13.9      26.552
2013   10       16    22  45    3.54   339.9   13.9      26.585
2013   10       16    22  54    3.54   340.1   13.9      26.619
2013   10       16    23   4    3.54   340.3   13.9      26.652
2013   10       16    23  13    3.55   340.5   13.9      26.685
2013   10       16    23  23    3.55   340.7   13.9      26.718
2013   10       16    23  32    3.55   340.9   13.9      26.751
2013   10       16    23  41    3.55   341.1   13.8      26.783
2013   10       16    23  51    3.56   341.3   13.8      26.816
2013   10       17     0   0    3.56   341.5   13.8      26.849
2013   10       17     0  10    3.56   341.7   13.8      26.882
2013   10       17     0  19    3.56   341.9   13.8      26.915
2013   10       17     0  28    3.57   342.1   13.8      26.948
2013   10       17     0  38    3.57   342.3   13.8      26.980
2013   10       17     0  47    3.57   342.5   13.8      27.013
2013   10       17     0  57    3.57   342.8   13.8      27.044
2013   10       17     1   6    3.58   343.0   13.8      27.075
2013   10       17     1  15    3.58   343.2   13.8      27.106
2013   10       17     1  25    3.58   343.4   13.8      27.137
2013   10       17     1  34    3.58   343.6   13.8      27.167
2013   10       17     1  44    3.59   343.8   13.8      27.197
2013   10       17     1  53    3.59   344.1   13.8      27.226
2013   10       17     2   3    3.59   344.3   13.8      27.255
2013   10       17     2  12    3.59   344.5   13.7      27.283
2013   10       17     2  22    3.59   344.7   13.7      27.311
2013   10       17     2  31    3.59   344.9   13.7      27.339
2013   10       17     2  40    3.60   345.2   13.7      27.366
2013   10       17     2  50    3.60   345.4   13.7      27.393
2013   10       17     2  59    3.60   345.6   13.7      27.420
2013   10       17     3   8    3.60   345.8   13.7      27.446
2013   10       17     3  18    3.60   346.0   13.7      27.472
2013   10       17     3  27    3.60   346.3   13.7      27.498
2013   10       17     3  36    3.61   346.5   13.6      27.523
2013   10       17     3  46    3.61   346.7   13.6      27.549
2013   10       17     3  55    3.61   346.9   13.6      27.574
2013   10       17     4   5    3.61   347.1   13.6      27.598
2013   10       17     4  14    3.61   347.3   13.6      27.623
2013   10       17     4  23    3.61   347.6   13.6      27.648
2013   10       17     4  33    3.62   347.8   13.6      27.673
2013   10       17     4  42    3.62   348.0   13.6      27.698
2013   10       17     4  51    3.62   348.2   13.6      27.724
2013   10       17     5   1    3.62   348.4   13.5      27.749
2013   10       17     5  10    3.62   348.6   13.5      27.775
2013   10       17     5  20    3.62   348.9   13.5      27.802
2013   10       17     5  29    3.62   349.1   13.5      27.830
2013   10       17     5  38    3.63   349.3   13.5      27.858
2013   10       17     5  48    3.63   349.6   13.5      27.887
2013   10       17     5  57    3.63   349.8   13.5      27.915
2013   10       17     6   6    3.63   350.0   13.5      27.944
2013   10       17     6  16    3.63   350.2   13.5      27.973
2013   10       17     6  25    3.63   350.5   13.4      28.002
2013   10       17     6  35    3.63   350.7   13.4      28.030
2013   10       17     6  44    3.63   350.9   13.4      28.059
2013   10       17     6  53    3.63   351.2   13.4      28.088
2013   10       17     7   3    3.63   351.4   13.4      28.117
2013   10       17     7  12    3.64   351.6   13.4      28.145
2013   10       17     7  22    3.64   351.9   13.4      28.173
2013   10       17     7  31    3.64   352.1   13.3      28.201
2013   10       17     7  41    3.64   352.4   13.3      28.228
2013   10       17     7  50    3.64   352.6   13.3      28.255
2013   10       17     7  59    3.64   352.8   13.3      28.282
2013   10       17     8   9    3.64   353.1   13.3      28.308
2013   10       17     8  18    3.64   353.3   13.3      28.334
2013   10       17     8  28    3.64   353.5   13.3      28.359
2013   10       17     8  37    3.64   353.8   13.2      28.385
2013   10       17     8  46    3.64   354.0   13.2      28.410
2013   10       17     8  56    3.64   354.3   13.2      28.435
2013   10       17     9   5    3.64   354.5   13.2      28.459
2013   10       17     9  15    3.64   354.7   13.2      28.484
2013   10       17     9  24    3.64   355.0   13.2      28.508
2013   10       17     9  34    3.64   355.2   13.1      28.532
2013   10       17     9  43    3.64   355.5   13.1      28.555
2013   10       17     9  52    3.64   355.7   13.1      28.579
2013   10       17    10   2    3.64   355.9   13.1      28.602
2013   10       17    10  11    3.64   356.2   13.1      28.625
2013   10       17    10  21    3.64   356.4   13.1      28.648
2013   10       17    10  30    3.64   356.6   13.0      28.671
2013   10       17    10  39    3.64   356.9   13.0      28.694
2013   10       17    10  49    3.64   357.1   13.0      28.716
2013   10       17    10  58    3.64   357.3   13.0      28.739
2013   10       17    11   7    3.64   357.6   13.0      28.762
2013   10       17    11  17    3.64   357.8   13.0      28.785
2013   10       17    11  26    3.64   358.0   12.9      28.809
2013   10       17    11  35    3.64   358.3   12.9      28.832
2013   10       17    11  45    3.64   358.5   12.9      28.856
2013   10       17    11  54    3.65   358.7   12.9      28.880
2013   10       17    12   4    3.65   359.0   12.9      28.905
2013   10       17    12  13    3.65   359.2   12.9      28.930
2013   10       17    12  22    3.65   359.4   12.9      28.956
2013   10       17    12  32    3.65   359.7   12.8      28.982
2013   10       17    12  41    3.65   359.9   12.8      29.010
2013   10       17    12  50    3.65   360.1   12.8      29.038
2013   10       17    13   0    3.65   360.4   12.8      29.067
2013   10       17    13   9    3.65   360.6   12.8      29.097
2013   10       17    13  19    3.65   360.8   12.8      29.127
2013   10       17    13  28    3.65   361.1   12.8      29.159
2013   10       17    13  37    3.65   361.3   12.8      29.191
2013   10       17    13  47    3.65   361.6   12.8      29.225
2013   10       17    13  56    3.65   361.8   12.8      29.259
2013   10       17    14   6    3.65   362.1   12.7      29.294
2013   10       17    14  15    3.65   362.3   12.7      29.330
2013   10       17    14  24    3.65   362.6   12.7      29.365
2013   10       17    14  34    3.65   362.8   12.7      29.400
2013   10       17    14  43    3.65   363.1   12.7      29.434
2013   10       17    14  53    3.65   363.3   12.7      29.468
2013   10       17    15   2    3.65   363.6   12.7      29.501
2013   10       17    15  12    3.65   363.8   12.7      29.534
2013   10       17    15  21    3.65   364.1   12.6      29.566
2013   10       17    15  30    3.65   364.3   12.6      29.597
2013   10       17    15  40    3.65   364.6   12.6      29.628
2013   10       17    15  49    3.65   364.8   12.6      29.659
2013   10       17    15  59    3.65   365.1   12.6      29.690
2013   10       17    16   8    3.65   365.3   12.6      29.720
2013   10       17    16  17    3.65   365.6   12.5      29.749
2013   10       17    16  27    3.65   365.8   12.5      29.779
2013   10       17    16  36    3.65   366.1   12.5      29.808
2013   10       17    16  46    3.65   366.4   12.5      29.837
2013   10       17    16  55    3.65   366.6   12.5      29.866
2013   10       17    17   5    3.64   366.9   12.5      29.895
2013   10       17    17  14    3.64   367.1   12.5      29.923
2013   10       17    17  23    3.64   367.4   12.4      29.951
2013   10       17    17  33    3.64   367.6   12.4      29.979
2013   10       17    17  42    3.64   367.9   12.4      30.008
2013   10       17    17  51    3.64   368.1   12.4      30.036
2013   10       17    18   1    3.64   368.4   12.4      30.064
2013   10       17    18  10    3.64   368.6   12.4      30.092
2013   10       17    18  20    3.64   368.9   12.3      30.120
2013   10       17    18  29    3.64   369.2   12.3      30.149
2013   10       17    18  38    3.64   369.4   12.3      30.178
2013   10       17    18  48    3.64   369.7   12.3      30.207
2013   10       17    18  57    3.64   369.9   12.3      30.236
2013   10       17    19   6    3.64   370.2   12.3      30.266
2013   10       17    19  16    3.64   370.4   12.3      30.297
2013   10       17    19  25    3.64   370.7   12.2      30.328
2013   10       17    19  34    3.63   371.0   12.2      30.360
2013   10       17    19  44    3.63   371.2   12.2      30.392
2013   10       17    19  53    3.63   371.5   12.2      30.425
2013   10       17    20   3    3.63   371.7   12.2      30.458
2013   10       17    20  12    3.63   372.0   12.2      30.493
2013   10       17    20  21    3.63   372.3   12.2      30.529
2013   10       17    20  31    3.63   372.6   12.2      30.567
2013   10       17    20  40    3.63   372.8   12.1      30.605
2013   10       17    20  50    3.63   373.1   12.1      30.644
2013   10       17    20  59    3.63   373.4   12.1      30.683
2013   10       17    21   8    3.63   373.7   12.1      30.723
2013   10       17    21  18    3.63   373.9   12.1      30.762
2013   10       17    21  27    3.63   374.2   12.1      30.800
2013   10       17    21  37    3.63   374.5   12.1      30.838
2013   10       17    21  46    3.62   374.8   12.1      30.876
2013   10       17    21  55    3.62   375.1   12.0      30.913
2013   10       17    22   5    3.62   375.4   12.0      30.948
2013   10       17    22  14    3.62   375.7   12.0      30.982
2013   10       17    22  24    3.62   376.0   12.0      31.015
2013   10       17    22  33    3.62   376.3   12.0      31.046
2013   10       17    22  42    3.62   376.6   11.9      31.076
2013   10       17    22  52    3.62   376.8   11.9      31.105
2013   10       17    23   1    3.61   377.1   11.9      31.132
2013   10       17    23  11    3.61   377.4   11.9      31.159
2013   10       17    23  20    3.61   377.7   11.9      31.185
2013   10       17    23  30    3.61   377.9   11.8      31.211
2013   10       17    23  39    3.61   378.2   11.8      31.237
2013   10       17    23  48    3.60   378.5   11.8      31.262
2013   10       17    23  58    3.60   378.8   11.8      31.287
2013   10       18     0   7    3.60   379.0   11.8      31.312
2013   10       18     0  17    3.60   379.3   11.7      31.337
2013   10       18     0  26    3.60   379.6   11.7      31.362
2013   10       18     0  36    3.59   379.9   11.7      31.386
2013   10       18     0  45    3.59   380.2   11.7      31.411
2013   10       18     0  54    3.59   380.4   11.7      31.435
2013   10       18     1   4    3.59   380.7   11.6      31.459
2013   10       18     1  13    3.59   381.0   11.6      31.484
2013   10       18     1  22    3.58   381.3   11.6      31.508
2013   10       18     1  32    3.58   381.5   11.6      31.533
2013   10       18     1  41    3.58   381.8   11.6      31.557
2013   10       18     1  50    3.58   382.1   11.5      31.582
2013   10       18     2   0    3.57   382.4   11.5      31.607
2013   10       18     2   9    3.57   382.7   11.5      31.632
2013   10       18     2  18    3.57   382.9   11.5      31.656
2013   10       18     2  28    3.56   383.2   11.4      31.681
2013   10       18     2  37    3.56   383.5   11.4      31.706
2013   10       18     2  47    3.56   383.8   11.4      31.731
2013   10       18     2  56    3.56   384.1   11.4      31.757
2013   10       18     3   5    3.55   384.4   11.4      31.783
2013   10       18     3  15    3.55   384.7   11.3      31.810
2013   10       18     3  24    3.55   384.9   11.3      31.837
2013   10       18     3  33    3.54   385.2   11.3      31.864
2013   10       18     3  43    3.54   385.5   11.3      31.891
2013   10       18     3  52    3.53   385.8   11.2      31.917
2013   10       18     4   2    3.53   386.1   11.2      31.942
2013   10       18     4  11    3.53   386.4   11.2      31.967
2013   10       18     4  21    3.52   386.7   11.2      31.990
2013   10       18     4  30    3.52   387.0   11.1      32.011
2013   10       18     4  39    3.51   387.3   11.1      32.032
2013   10       18     4  49    3.51   387.6   11.1      32.051
2013   10       18     4  58    3.51   387.9   11.1      32.069
2013   10       18     5   8    3.50   388.2   11.0      32.086
2013   10       18     5  17    3.50   388.6   11.0      32.102
2013   10       18     5  26    3.49   388.9   11.0      32.117
2013   10       18     5  36    3.49   389.2   11.0      32.130
2013   10       18     5  45    3.48   389.5   10.9      32.143
2013   10       18     5  55    3.48   389.8   10.9      32.154
2013   10       18     6   4    3.47   390.1   10.9      32.163
2013   10       18     6  13    3.47   390.4   10.8      32.171
2013   10       18     6  23    3.46   390.7   10.8      32.177
2013   10       18     6  32    3.46   391.0   10.8      32.182
2013   10       18     6  42    3.45   391.3   10.7      32.185
2013   10       18     6  51    3.45   391.5   10.7      32.188
2013   10       18     7   1    3.44   391.8   10.7      32.191
2013   10       18     7  10    3.44   392.1   10.6      32.193
2013   10       18     7  19    3.43   392.4   10.6      32.195
2013   10       18     7  29    3.42   392.7   10.6      32.196
2013   10       18     7  38    3.42   392.9   10.5      32.196
2013   10       18     7  48    3.41   393.2   10.5      32.196
2013   10       18     7  57    3.41   393.5   10.5      32.195
2013   10       18     8   6    3.40   393.8   10.4      32.194
2013   10       18     8  16    3.39   394.1   10.4      32.191
2013   10       18     8  25    3.39   394.3   10.4      32.187
2013   10       18     8  34    3.38   394.6   10.3      32.182
2013   10       18     8  44    3.38   394.9   10.3      32.176
2013   10       18     8  53    3.37   395.2   10.3      32.169
2013   10       18     9   3    3.36   395.4   10.2      32.159
2013   10       18     9  12    3.36   395.7   10.2      32.148
2013   10       18     9  21    3.35   395.9   10.2      32.134
2013   10       18     9  31    3.34   396.2   10.1      32.119
2013   10       18     9  40    3.33   396.4   10.1      32.104
2013   10       18     9  49    3.33   396.7   10.1      32.088
2013   10       18     9  59    3.32   396.9   10.0      32.072
2013   10       18    10   8    3.31   397.2   10.0      32.056
2013   10       18    10  18    3.31   397.4    9.9      32.040
2013   10       18    10  27    3.30   397.7    9.9      32.024
2013   10       18    10  36    3.29   397.9    9.9      32.007
2013   10       18    10  46    3.28   398.1    9.8      31.989
2013   10       18    10  55    3.28   398.4    9.8      31.971
2013   10       18    11   4    3.27   398.6    9.8      31.952
2013   10       18    11  14    3.26   398.8    9.7      31.932
2013   10       18    11  23    3.25   399.1    9.7      31.910
2013   10       18    11  33    3.25   399.3    9.7      31.887
2013   10       18    11  42    3.24   399.6    9.6      31.863
2013   10       18    11  51    3.23   399.8    9.6      31.837
2013   10       18    12   1    3.22   400.0    9.6      31.810
2013   10       18    12  10    3.22   400.2    9.5      31.782
2013   10       18    12  20    3.21   400.5    9.5      31.753
2013   10       18    12  29    3.20   400.7    9.5      31.724
2013   10       18    12  38    3.19   400.9    9.4      31.696
2013   10       18    12  48    3.19   401.1    9.4      31.667
2013   10       18    12  57    3.18   401.3    9.4      31.639
2013   10       18    13   7    3.17   401.5    9.3      31.611
2013   10       18    13  16    3.16   401.7    9.3      31.583
2013   10       18    13  26    3.16   401.9    9.3      31.555
2013   10       18    13  35    3.15   402.1    9.2      31.526
2013   10       18    13  44    3.14   402.3    9.2      31.497
2013   10       18    13  54    3.13   402.5    9.2      31.468
2013   10       18    14   3    3.13   402.6    9.1      31.439
2013   10       18    14  13    3.12   402.8    9.1      31.410
2013   10       18    14  22    3.11   403.0    9.1      31.380
2013   10       18    14  32    3.10   403.2    9.1      31.350
2013   10       18    14  41    3.10   403.3    9.0      31.320
2013   10       18    14  50    3.09   403.5    9.0      31.289
2013   10       18    15   0    3.08   403.7    9.0      31.258
2013   10       18    15   9    3.08   403.9    8.9      31.226
2013   10       18    15  19    3.07   404.1    8.9      31.194
2013   10       18    15  28    3.06   404.2    8.9      31.160
2013   10       18    15  37    3.05   404.4    8.9      31.124
2013   10       18    15  47    3.05   404.6    8.8      31.087
2013   10       18    15  56    3.04   404.8    8.8      31.047
2013   10       18    16   5    3.03   405.0    8.8      31.005
2013   10       18    16  15    3.02   405.1    8.7      30.960
2013   10       18    16  24    3.02   405.3    8.7      30.914
2013   10       18    16  33    3.01   405.4    8.7      30.867
2013   10       18    16  43    3.00   405.6    8.6      30.818
2013   10       18    16  52    2.99   405.7    8.6      30.769
2013   10       18    17   1    2.98   405.9    8.6      30.720
2013   10       18    17  11    2.98   406.0    8.6      30.671
2013   10       18    17  20    2.97   406.1    8.5      30.623
2013   10       18    17  30    2.96   406.3    8.5      30.575
2013   10       18    17  39    2.96   406.4    8.5      30.527
2013   10       18    17  48    2.95   406.5    8.5      30.479
2013   10       18    17  58    2.94   406.7    8.4      30.431
2013   10       18    18   7    2.93   406.8    8.4      30.383
2013   10       18    18  17    2.93   406.9    8.4      30.335
2013   10       18    18  26    2.92   407.0    8.3      30.286
2013   10       18    18  35    2.91   407.1    8.3      30.238
2013   10       18    18  45    2.91   407.2    8.3      30.190
2013   10       18    18  54    2.90   407.3    8.3      30.142
2013   10       18    19   4    2.89   407.4    8.2      30.095
2013   10       18    19  13    2.89   407.5    8.2      30.048
2013   10       18    19  22    2.88   407.6    8.2      30.001
2013   10       18    19  32    2.87   407.7    8.2      29.956
2013   10       18    19  41    2.87   407.8    8.2      29.910
2013   10       18    19  51    2.86   407.9    8.1      29.865
2013   10       18    20   0    2.85   407.9    8.1      29.821
2013   10       18    20   9    2.85   408.0    8.1      29.779
2013   10       18    20  19    2.84   408.1    8.1      29.736
2013   10       18    20  28    2.83   408.1    8.0      29.694
2013   10       18    20  38    2.83   408.2    8.0      29.653
2013   10       18    20  47    2.82   408.2    8.0      29.612
2013   10       18    20  57    2.82   408.3    8.0      29.571
2013   10       18    21   6    2.81   408.3    8.0      29.531
2013   10       18    21  15    2.81   408.4    8.0      29.491
2013   10       18    21  25    2.80   408.4    7.9      29.451
2013   10       18    21  34    2.79   408.4    7.9      29.412
2013   10       18    21  44    2.79   408.5    7.9      29.373
2013   10       18    21  53    2.78   408.5    7.9      29.334
2013   10       18    22   2    2.78   408.5    7.9      29.295
2013   10       18    22  12    2.77   408.6    7.8      29.256
2013   10       18    22  21    2.77   408.6    7.8      29.218
2013   10       18    22  31    2.76   408.7    7.8      29.180
2013   10       18    22  40    2.76   408.7    7.8      29.141
2013   10       18    22  49    2.75   408.8    7.8      29.102
2013   10       18    22  59    2.75   408.8    7.8      29.062
2013   10       18    23   8    2.74   408.9    7.7      29.020
2013   10       18    23  17    2.74   409.0    7.7      28.978
2013   10       18    23  27    2.73   409.0    7.7      28.935
2013   10       18    23  36    2.73   409.0    7.7      28.892
2013   10       18    23  46    2.72   409.1    7.7      28.849
2013   10       18    23  55    2.71   409.1    7.7      28.806
2013   10       19     0   4    2.71   409.2    7.7      28.762
2013   10       19     0  14    2.70   409.2    7.6      28.720
2013   10       19     0  23    2.70   409.2    7.6      28.677
2013   10       19     0  32    2.70   409.3    7.6      28.634
2013   10       19     0  42    2.69   409.3    7.6      28.592
2013   10       19     0  51    2.69   409.3    7.6      28.550
2013   10       19     1   1    2.68   409.4    7.6      28.509
2013   10       19     1  10    2.68   409.4    7.6      28.469
2013   10       19     1  19    2.67   409.4    7.5      28.428
2013   10       19     1  29    2.67   409.4    7.5      28.389
2013   10       19     1  38    2.66   409.5    7.5      28.351
2013   10       19     1  47    2.66   409.5    7.5      28.313
2013   10       19     1  57    2.65   409.5    7.5      28.276
2013   10       19     2   6    2.65   409.5    7.5      28.240
2013   10       19     2  16    2.65   409.5    7.5      28.204
2013   10       19     2  25    2.64   409.5    7.4      28.170
2013   10       19     2  35    2.64   409.5    7.4      28.136
2013   10       19     2  44    2.63   409.5    7.4      28.104
2013   10       19     2  53    2.63   409.5    7.4      28.071
2013   10       19     3   3    2.62   409.5    7.4      28.040
2013   10       19     3  12    2.62   409.5    7.4      28.009
2013   10       19     3  22    2.62   409.5    7.4      27.979
2013   10       19     3  31    2.61   409.5    7.4      27.949
2013   10       19     3  40    2.61   409.5    7.4      27.919
2013   10       19     3  50    2.61   409.5    7.4      27.889
2013   10       19     3  59    2.60   409.5    7.3      27.860
2013   10       19     4   9    2.60   409.4    7.3      27.830
2013   10       19     4  18    2.59   409.4    7.3      27.800
2013   10       19     4  27    2.59   409.4    7.3      27.770
2013   10       19     4  37    2.59   409.4    7.3      27.739
2013   10       19     4  46    2.58   409.4    7.3      27.709
2013   10       19     4  56    2.58   409.4    7.3      27.678
2013   10       19     5   5    2.58   409.4    7.3      27.647
2013   10       19     5  15    2.57   409.3    7.3      27.617
2013   10       19     5  24    2.57   409.3    7.3      27.586
2013   10       19     5  33    2.57   409.3    7.3      27.555
2013   10       19     5  43    2.56   409.3    7.2      27.525
2013   10       19     5  52    2.56   409.3    7.2      27.494
2013   10       19     6   2    2.56   409.3    7.2      27.464
2013   10       19     6  11    2.55   409.2    7.2      27.433
2013   10       19     6  20    2.55   409.2    7.2      27.403
2013   10       19     6  30    2.55   409.2    7.2      27.373
2013   10       19     6  39    2.54   409.2    7.2      27.342
2013   10       19     6  48    2.54   409.2    7.2      27.312
2013   10       19     6  58    2.54   409.1    7.2      27.282
2013   10       19     7   7    2.54   409.1    7.2      27.253
2013   10       19     7  16    2.53   409.1    7.2      27.223
2013   10       19     7  26    2.53   409.1    7.1      27.193
2013   10       19     7  35    2.53   409.0    7.1      27.163
2013   10       19     7  44    2.52   409.0    7.1      27.134
2013   10       19     7  54    2.52   409.0    7.1      27.104
2013   10       19     8   3    2.52   409.0    7.1      27.075
2013   10       19     8  13    2.52   408.9    7.1      27.046
2013   10       19     8  22    2.51   408.9    7.1      27.017
2013   10       19     8  31    2.51   408.9    7.1      26.988
2013   10       19     8  41    2.51   408.8    7.1      26.959
2013   10       19     8  50    2.51   408.8    7.1      26.930
2013   10       19     9   0    2.50   408.8    7.1      26.902
2013   10       19     9   9    2.50   408.7    7.1      26.873
2013   10       19     9  18    2.50   408.7    7.1      26.845
2013   10       19     9  28    2.49   408.7    7.1      26.817
2013   10       19     9  37    2.49   408.6    7.0      26.790
2013   10       19     9  47    2.49   408.6    7.0      26.762
2013   10       19     9  56    2.49   408.6    7.0      26.735
2013   10       19    10   5    2.49   408.5    7.0      26.708
2013   10       19    10  15    2.48   408.5    7.0      26.681
2013   10       19    10  24    2.48   408.4    7.0      26.655
2013   10       19    10  34    2.48   408.4    7.0      26.629
2013   10       19    10  43    2.48   408.3    7.0      26.603
2013   10       19    10  52    2.47   408.3    7.0      26.578
2013   10       19    11   2    2.47   408.2    7.0      26.553
2013   10       19    11  11    2.47   408.2    7.0      26.528
2013   10       19    11  21    2.47   408.1    7.0      26.504
2013   10       19    11  30    2.47   408.1    7.0      26.480
2013   10       19    11  40    2.46   408.0    7.0      26.456
2013   10       19    11  49    2.46   408.0    7.0      26.432
2013   10       19    11  58    2.46   407.9    7.0      26.409
2013   10       19    12   8    2.46   407.9    7.0      26.387
2013   10       19    12  17    2.46   407.8    7.0      26.364
2013   10       19    12  27    2.45   407.8    6.9      26.342
2013   10       19    12  36    2.45   407.7    6.9      26.320
2013   10       19    12  46    2.45   407.7    6.9      26.299
2013   10       19    12  55    2.45   407.6    6.9      26.278
2013   10       19    13   4    2.45   407.5    6.9      26.257
2013   10       19    13  14    2.45   407.5    6.9      26.237
2013   10       19    13  23    2.44   407.4    6.9      26.217
2013   10       19    13  32    2.44   407.4    6.9      26.197
2013   10       19    13  42    2.44   407.3    6.9      26.178
2013   10       19    13  51    2.44   407.3    6.9      26.158
2013   10       19    14   0    2.44   407.2    6.9      26.140
2013   10       19    14  10    2.44   407.1    6.9      26.121
2013   10       19    14  19    2.43   407.1    6.9      26.103
2013   10       19    14  29    2.43   407.0    6.9      26.085
2013   10       19    14  38    2.43   407.0    6.9      26.067
2013   10       19    14  47    2.43   406.9    6.9      26.049
2013   10       19    14  57    2.43   406.9    6.9      26.032
2013   10       19    15   6    2.43   406.8    6.9      26.014
2013   10       19    15  15    2.42   406.8    6.9      25.997
2013   10       19    15  25    2.42   406.7    6.9      25.980
2013   10       19    15  34    2.42   406.6    6.9      25.963
2013   10       19    15  44    2.42   406.6    6.9      25.946
2013   10       19    15  53    2.42   406.5    6.9      25.929
2013   10       19    16   2    2.42   406.5    6.9      25.912
2013   10       19    16  12    2.42   406.4    6.9      25.895
2013   10       19    16  21    2.42   406.3    6.9      25.878
2013   10       19    16  30    2.41   406.3    6.9      25.862
2013   10       19    16  40    2.41   406.2    6.9      25.845
2013   10       19    16  49    2.41   406.2    6.9      25.829
2013   10       19    16  59    2.41   406.1    6.9      25.812
2013   10       19    17   8    2.41   406.0    6.9      25.796
2013   10       19    17  18    2.41   406.0    6.9      25.780
2013   10       19    17  27    2.41   405.9    6.9      25.765
2013   10       19    17  36    2.41   405.8    6.9      25.750
2013   10       19    17  46    2.40   405.8    6.9      25.735
2013   10       19    17  55    2.40   405.7    6.9      25.720
2013   10       19    18   5    2.40   405.7    6.9      25.706
2013   10       19    18  14    2.40   405.6    6.9      25.693
2013   10       19    18  23    2.40   405.5    6.9      25.679
2013   10       19    18  33    2.40   405.5    6.9      25.667
2013   10       19    18  42    2.40   405.4    6.9      25.654
2013   10       19    18  52    2.40   405.4    6.9      25.642
2013   10       19    19   1    2.40   405.3    6.9      25.631
2013   10       19    19  11    2.40   405.2    6.9      25.619
2013   10       19    19  20    2.40   405.2    6.9      25.608
2013   10       19    19  29    2.40   405.1    6.9      25.596
2013   10       19    19  39    2.39   405.1    6.9      25.584
2013   10       19    19  48    2.39   405.0    6.9      25.572
2013   10       19    19  58    2.39   404.9    6.9      25.560
2013   10       19    20   7    2.39   404.9    6.9      25.547
2013   10       19    20  16    2.39   404.8    6.9      25.535
2013   10       19    20  26    2.39   404.8    6.9      25.522
2013   10       19    20  35    2.39   404.7    6.9      25.510
2013   10       19    20  45    2.39   404.6    6.9      25.497
2013   10       19    20  54    2.39   404.6    6.9      25.485
2013   10       19    21   3    2.39   404.5    6.9      25.472
2013   10       19    21  13    2.39   404.5    6.9      25.459
2013   10       19    21  22    2.39   404.4    6.9      25.446
2013   10       19    21  31    2.39   404.3    6.9      25.434
2013   10       19    21  41    2.38   404.3    6.9      25.421
2013   10       19    21  50    2.38   404.2    6.9      25.408
2013   10       19    21  59    2.38   404.1    6.9      25.395
2013   10       19    22   9    2.38   404.1    6.9      25.382
2013   10       19    22  18    2.38   404.0    6.9      25.369
2013   10       19    22  27    2.38   404.0    6.9      25.356
2013   10       19    22  37    2.38   403.9    6.8      25.343
2013   10       19    22  46    2.38   403.8    6.8      25.330
2013   10       19    22  56    2.38   403.8    6.8      25.316
2013   10       19    23   5    2.38   403.7    6.8      25.303
2013   10       19    23  14    2.38   403.6    6.8      25.290
2013   10       19    23  24    2.38   403.6    6.8      25.276
2013   10       19    23  33    2.38   403.5    6.8      25.263
2013   10       19    23  43    2.38   403.5    6.8      25.250
2013   10       19    23  52    2.37   403.4    6.8      25.237
2013   10       20     0   1    2.37   403.3    6.8      25.224
