year    month   day   hour  minute  B_enl V_enl   n_enl       T_enl
[year] [month] [day] [hour][minute] [nT]  [km/s]  [cm-3]      [kK]
2012   11        7     0   8    1.85   303.6   12.8      19.270
2012   11        7     0  18    1.85   303.6   12.8      19.270
2012   11        7     0  28    1.85   303.6   12.8      19.271
2012   11        7     0  38    1.85   303.6   12.8      19.271
2012   11        7     0  47    1.85   303.6   12.8      19.272
2012   11        7     0  57    1.85   303.6   12.8      19.272
2012   11        7     1   7    1.85   303.6   12.8      19.272
2012   11        7     1  17    1.85   303.6   12.8      19.273
2012   11        7     1  26    1.85   303.6   12.8      19.273
2012   11        7     1  36    1.85   303.6   12.8      19.274
2012   11        7     1  46    1.85   303.6   12.8      19.274
2012   11        7     1  56    1.85   303.6   12.8      19.275
2012   11        7     2   5    1.85   303.6   12.8      19.275
2012   11        7     2  15    1.85   303.6   12.8      19.276
2012   11        7     2  25    1.85   303.6   12.8      19.276
2012   11        7     2  34    1.85   303.5   12.8      19.277
2012   11        7     2  44    1.85   303.5   12.8      19.277
2012   11        7     2  53    1.85   303.5   12.8      19.277
2012   11        7     3   3    1.85   303.5   12.8      19.278
2012   11        7     3  13    1.85   303.5   12.8      19.278
2012   11        7     3  22    1.85   303.5   12.8      19.279
2012   11        7     3  32    1.85   303.5   12.8      19.279
2012   11        7     3  42    1.85   303.5   12.8      19.279
2012   11        7     3  52    1.85   303.5   12.8      19.280
2012   11        7     4   1    1.85   303.5   12.8      19.280
2012   11        7     4  11    1.85   303.5   12.8      19.280
2012   11        7     4  21    1.85   303.5   12.8      19.281
2012   11        7     4  31    1.85   303.5   12.8      19.281
2012   11        7     4  40    1.85   303.4   12.8      19.281
2012   11        7     4  50    1.85   303.4   12.8      19.282
2012   11        7     5   0    1.85   303.4   12.8      19.282
2012   11        7     5  10    1.85   303.4   12.8      19.283
2012   11        7     5  20    1.85   303.4   12.8      19.283
2012   11        7     5  30    1.85   303.4   12.8      19.284
2012   11        7     5  40    1.85   303.4   12.8      19.285
2012   11        7     5  50    1.85   303.4   12.8      19.285
2012   11        7     6   0    1.85   303.4   12.8      19.286
2012   11        7     6  10    1.85   303.4   12.8      19.287
2012   11        7     6  19    1.85   303.4   12.8      19.288
2012   11        7     6  29    1.85   303.3   12.8      19.289
2012   11        7     6  39    1.85   303.3   12.8      19.291
2012   11        7     6  49    1.85   303.3   12.8      19.292
2012   11        7     6  59    1.85   303.3   12.8      19.294
2012   11        7     7   9    1.85   303.3   12.8      19.295
2012   11        7     7  19    1.85   303.3   12.8      19.297
2012   11        7     7  29    1.85   303.3   12.8      19.299
2012   11        7     7  39    1.85   303.3   12.8      19.301
2012   11        7     7  49    1.85   303.3   12.9      19.304
2012   11        7     7  58    1.85   303.3   12.9      19.306
2012   11        7     8   8    1.86   303.3   12.9      19.309
2012   11        7     8  18    1.86   303.3   12.9      19.311
2012   11        7     8  28    1.86   303.3   12.9      19.314
2012   11        7     8  38    1.86   303.3   12.9      19.317
2012   11        7     8  47    1.86   303.2   12.9      19.320
2012   11        7     8  57    1.86   303.2   12.9      19.323
2012   11        7     9   7    1.86   303.2   12.9      19.326
2012   11        7     9  16    1.86   303.2   12.9      19.329
2012   11        7     9  26    1.86   303.2   12.9      19.332
2012   11        7     9  36    1.86   303.2   12.9      19.335
2012   11        7     9  45    1.86   303.2   12.9      19.339
2012   11        7     9  55    1.86   303.2   12.9      19.342
2012   11        7    10   5    1.86   303.2   12.9      19.346
2012   11        7    10  14    1.86   303.2   12.9      19.349
2012   11        7    10  24    1.86   303.2   12.9      19.353
2012   11        7    10  34    1.86   303.2   12.9      19.357
2012   11        7    10  43    1.86   303.2   12.9      19.360
2012   11        7    10  53    1.86   303.2   12.9      19.364
2012   11        7    11   3    1.86   303.2   12.9      19.368
2012   11        7    11  12    1.86   303.2   12.9      19.372
2012   11        7    11  22    1.86   303.2   12.9      19.376
2012   11        7    11  32    1.86   303.2   13.0      19.380
2012   11        7    11  42    1.86   303.2   13.0      19.384
2012   11        7    11  52    1.86   303.1   13.0      19.388
2012   11        7    12   1    1.86   303.1   13.0      19.392
2012   11        7    12  11    1.86   303.1   13.0      19.397
2012   11        7    12  21    1.86   303.1   13.0      19.401
2012   11        7    12  31    1.86   303.1   13.0      19.405
2012   11        7    12  41    1.86   303.1   13.0      19.409
2012   11        7    12  51    1.87   303.1   13.0      19.414
2012   11        7    13   1    1.87   303.1   13.0      19.418
2012   11        7    13  11    1.87   303.1   13.0      19.422
2012   11        7    13  21    1.87   303.1   13.0      19.427
2012   11        7    13  30    1.87   303.1   13.0      19.431
2012   11        7    13  40    1.87   303.1   13.0      19.436
2012   11        7    13  50    1.87   303.1   13.0      19.440
2012   11        7    14   0    1.87   303.1   13.0      19.445
2012   11        7    14  10    1.87   303.1   13.0      19.449
2012   11        7    14  20    1.87   303.1   13.0      19.454
2012   11        7    14  30    1.87   303.1   13.0      19.459
2012   11        7    14  40    1.87   303.1   13.0      19.464
2012   11        7    14  50    1.87   303.1   13.1      19.469
2012   11        7    15   0    1.87   303.1   13.1      19.474
2012   11        7    15  10    1.87   303.1   13.1      19.479
2012   11        7    15  19    1.87   303.1   13.1      19.484
2012   11        7    15  29    1.87   303.1   13.1      19.490
2012   11        7    15  39    1.87   303.2   13.1      19.495
2012   11        7    15  49    1.87   303.2   13.1      19.501
2012   11        7    15  59    1.87   303.2   13.1      19.507
2012   11        7    16   8    1.87   303.2   13.1      19.513
2012   11        7    16  18    1.87   303.2   13.1      19.519
2012   11        7    16  28    1.88   303.2   13.1      19.525
2012   11        7    16  37    1.88   303.2   13.1      19.531
2012   11        7    16  47    1.88   303.2   13.1      19.538
2012   11        7    16  57    1.88   303.2   13.1      19.545
2012   11        7    17   6    1.88   303.2   13.1      19.553
2012   11        7    17  16    1.88   303.2   13.1      19.560
2012   11        7    17  25    1.88   303.2   13.2      19.568
2012   11        7    17  35    1.88   303.2   13.2      19.576
2012   11        7    17  45    1.88   303.3   13.2      19.585
2012   11        7    17  55    1.88   303.3   13.2      19.593
2012   11        7    18   4    1.88   303.3   13.2      19.602
2012   11        7    18  14    1.88   303.3   13.2      19.611
2012   11        7    18  24    1.88   303.3   13.2      19.620
2012   11        7    18  33    1.88   303.3   13.2      19.628
2012   11        7    18  43    1.88   303.3   13.2      19.637
2012   11        7    18  53    1.88   303.4   13.2      19.646
2012   11        7    19   3    1.88   303.4   13.2      19.655
2012   11        7    19  13    1.88   303.4   13.2      19.663
2012   11        7    19  22    1.88   303.4   13.2      19.672
2012   11        7    19  32    1.88   303.4   13.2      19.680
2012   11        7    19  42    1.88   303.4   13.2      19.688
2012   11        7    19  52    1.89   303.5   13.2      19.696
2012   11        7    20   2    1.89   303.5   13.2      19.704
2012   11        7    20  12    1.89   303.5   13.2      19.712
2012   11        7    20  22    1.89   303.5   13.2      19.720
2012   11        7    20  32    1.89   303.5   13.3      19.727
2012   11        7    20  42    1.89   303.5   13.3      19.735
2012   11        7    20  52    1.89   303.6   13.3      19.742
2012   11        7    21   1    1.89   303.6   13.3      19.749
2012   11        7    21  11    1.89   303.6   13.3      19.756
2012   11        7    21  21    1.89   303.6   13.3      19.763
2012   11        7    21  31    1.89   303.6   13.3      19.769
2012   11        7    21  41    1.89   303.7   13.3      19.776
2012   11        7    21  51    1.89   303.7   13.3      19.782
2012   11        7    22   1    1.89   303.7   13.3      19.788
2012   11        7    22  11    1.89   303.7   13.3      19.795
2012   11        7    22  21    1.89   303.7   13.3      19.801
2012   11        7    22  31    1.89   303.7   13.3      19.807
2012   11        7    22  40    1.89   303.8   13.3      19.813
2012   11        7    22  50    1.89   303.8   13.3      19.819
2012   11        7    23   0    1.89   303.8   13.3      19.825
2012   11        7    23  10    1.89   303.8   13.3      19.831
2012   11        7    23  19    1.89   303.8   13.3      19.837
2012   11        7    23  29    1.89   303.9   13.3      19.844
2012   11        7    23  39    1.89   303.9   13.3      19.850
2012   11        7    23  49    1.89   303.9   13.3      19.856
2012   11        7    23  58    1.89   303.9   13.3      19.863
2012   11        8     0   8    1.89   304.0   13.3      19.869
2012   11        8     0  17    1.89   304.0   13.3      19.876
2012   11        8     0  27    1.89   304.0   13.3      19.884
2012   11        8     0  37    1.89   304.0   13.3      19.891
2012   11        8     0  46    1.89   304.1   13.3      19.899
2012   11        8     0  56    1.89   304.1   13.3      19.907
2012   11        8     1   6    1.89   304.1   13.3      19.915
2012   11        8     1  15    1.89   304.1   13.3      19.923
2012   11        8     1  25    1.89   304.2   13.3      19.932
2012   11        8     1  35    1.89   304.2   13.3      19.940
2012   11        8     1  45    1.89   304.2   13.4      19.949
2012   11        8     1  54    1.89   304.3   13.4      19.958
2012   11        8     2   4    1.90   304.3   13.4      19.967
2012   11        8     2  14    1.90   304.3   13.4      19.976
2012   11        8     2  24    1.90   304.3   13.4      19.985
2012   11        8     2  33    1.90   304.4   13.4      19.994
2012   11        8     2  43    1.90   304.4   13.4      20.004
2012   11        8     2  53    1.90   304.4   13.4      20.013
2012   11        8     3   3    1.90   304.5   13.4      20.023
2012   11        8     3  13    1.90   304.5   13.4      20.033
2012   11        8     3  23    1.90   304.6   13.4      20.043
2012   11        8     3  33    1.90   304.6   13.4      20.053
2012   11        8     3  43    1.90   304.6   13.4      20.062
2012   11        8     3  53    1.90   304.7   13.4      20.072
2012   11        8     4   3    1.90   304.7   13.4      20.082
2012   11        8     4  13    1.90   304.8   13.4      20.091
2012   11        8     4  23    1.90   304.8   13.4      20.101
2012   11        8     4  32    1.90   304.8   13.4      20.110
2012   11        8     4  42    1.90   304.9   13.4      20.118
2012   11        8     4  52    1.90   304.9   13.4      20.127
2012   11        8     5   2    1.90   304.9   13.4      20.135
2012   11        8     5  12    1.90   305.0   13.4      20.142
2012   11        8     5  22    1.90   305.0   13.4      20.150
2012   11        8     5  32    1.90   305.1   13.4      20.158
2012   11        8     5  42    1.89   305.1   13.4      20.165
2012   11        8     5  52    1.89   305.1   13.4      20.172
2012   11        8     6   1    1.89   305.2   13.4      20.179
2012   11        8     6  11    1.89   305.2   13.4      20.185
2012   11        8     6  21    1.89   305.2   13.4      20.192
2012   11        8     6  31    1.89   305.3   13.4      20.198
2012   11        8     6  40    1.89   305.3   13.4      20.204
2012   11        8     6  50    1.89   305.3   13.4      20.211
2012   11        8     7   0    1.89   305.4   13.4      20.216
2012   11        8     7   9    1.89   305.4   13.4      20.222
2012   11        8     7  19    1.89   305.4   13.4      20.228
2012   11        8     7  29    1.89   305.5   13.4      20.234
2012   11        8     7  38    1.89   305.5   13.4      20.239
2012   11        8     7  48    1.89   305.6   13.4      20.245
2012   11        8     7  57    1.89   305.6   13.3      20.251
2012   11        8     8   6    1.89   305.6   13.3      20.256
2012   11        8     8  14    1.89   305.7   13.3      20.262
2012   11        8     8  23    1.89   305.7   13.3      20.268
2012   11        8     8  32    1.89   305.7   13.3      20.274
2012   11        8     8  40    1.89   305.7   13.3      20.280
2012   11        8     8  48    1.89   305.8   13.3      20.286
2012   11        8     8  57    1.89   305.8   13.3      20.292
2012   11        8     9   5    1.89   305.8   13.3      20.298
2012   11        8     9  14    1.89   305.9   13.3      20.305
2012   11        8     9  22    1.89   305.9   13.3      20.311
2012   11        8     9  30    1.89   305.9   13.3      20.318
2012   11        8     9  39    1.89   306.0   13.3      20.326
2012   11        8     9  47    1.89   306.0   13.3      20.334
2012   11        8     9  55    1.89   306.0   13.3      20.342
2012   11        8    10   4    1.89   306.1   13.3      20.351
2012   11        8    10  12    1.89   306.1   13.3      20.360
2012   11        8    10  20    1.88   306.2   13.3      20.370
2012   11        8    10  29    1.88   306.2   13.3      20.379
2012   11        8    10  37    1.88   306.2   13.3      20.390
2012   11        8    10  45    1.88   306.3   13.3      20.400
2012   11        8    10  54    1.88   306.3   13.3      20.410
2012   11        8    11   2    1.88   306.4   13.3      20.421
2012   11        8    11  11    1.88   306.4   13.3      20.432
2012   11        8    11  19    1.88   306.5   13.3      20.442
2012   11        8    11  27    1.88   306.5   13.3      20.453
2012   11        8    11  36    1.88   306.6   13.3      20.463
2012   11        8    11  44    1.88   306.6   13.3      20.473
2012   11        8    11  52    1.88   306.7   13.3      20.482
2012   11        8    12   1    1.88   306.7   13.3      20.491
2012   11        8    12   9    1.88   306.8   13.3      20.500
2012   11        8    12  17    1.88   306.8   13.3      20.509
2012   11        8    12  26    1.88   306.9   13.3      20.517
2012   11        8    12  34    1.87   306.9   13.3      20.524
2012   11        8    12  42    1.87   307.0   13.3      20.531
2012   11        8    12  51    1.87   307.0   13.3      20.538
2012   11        8    12  59    1.87   307.1   13.3      20.545
2012   11        8    13   7    1.87   307.1   13.3      20.551
2012   11        8    13  16    1.87   307.2   13.3      20.557
2012   11        8    13  24    1.87   307.2   13.3      20.562
2012   11        8    13  33    1.87   307.3   13.3      20.567
2012   11        8    13  41    1.87   307.3   13.2      20.572
2012   11        8    13  49    1.86   307.4   13.2      20.576
2012   11        8    13  58    1.86   307.4   13.2      20.580
2012   11        8    14   6    1.86   307.5   13.2      20.584
2012   11        8    14  14    1.86   307.5   13.2      20.588
2012   11        8    14  23    1.86   307.5   13.2      20.591
2012   11        8    14  31    1.86   307.6   13.2      20.594
2012   11        8    14  40    1.86   307.6   13.2      20.596
2012   11        8    14  48    1.85   307.7   13.2      20.598
2012   11        8    14  57    1.85   307.7   13.2      20.600
2012   11        8    15   5    1.85   307.8   13.1      20.602
2012   11        8    15  13    1.85   307.8   13.1      20.604
2012   11        8    15  22    1.85   307.9   13.1      20.605
2012   11        8    15  30    1.85   307.9   13.1      20.606
2012   11        8    15  39    1.85   307.9   13.1      20.607
2012   11        8    15  47    1.84   308.0   13.1      20.607
2012   11        8    15  56    1.84   308.0   13.1      20.608
2012   11        8    16   4    1.84   308.1   13.1      20.608
2012   11        8    16  13    1.84   308.1   13.1      20.609
2012   11        8    16  21    1.84   308.1   13.0      20.609
2012   11        8    16  30    1.84   308.2   13.0      20.609
2012   11        8    16  38    1.83   308.2   13.0      20.608
2012   11        8    16  46    1.83   308.3   13.0      20.608
2012   11        8    16  55    1.83   308.3   13.0      20.608
2012   11        8    17   3    1.83   308.3   13.0      20.609
2012   11        8    17  12    1.83   308.4   13.0      20.609
2012   11        8    17  20    1.83   308.4   13.0      20.609
2012   11        8    17  29    1.82   308.5   13.0      20.610
2012   11        8    17  37    1.82   308.5   12.9      20.611
2012   11        8    17  46    1.82   308.5   12.9      20.611
2012   11        8    17  54    1.82   308.6   12.9      20.612
2012   11        8    18   3    1.82   308.6   12.9      20.613
2012   11        8    18  11    1.82   308.7   12.9      20.614
2012   11        8    18  19    1.81   308.7   12.9      20.614
2012   11        8    18  28    1.81   308.8   12.9      20.615
2012   11        8    18  36    1.81   308.8   12.9      20.616
2012   11        8    18  45    1.81   308.8   12.9      20.616
2012   11        8    18  53    1.81   308.9   12.8      20.616
2012   11        8    19   2    1.80   308.9   12.8      20.615
2012   11        8    19  10    1.80   309.0   12.8      20.614
2012   11        8    19  19    1.80   309.0   12.8      20.613
2012   11        8    19  27    1.80   309.0   12.8      20.611
2012   11        8    19  36    1.80   309.1   12.8      20.609
2012   11        8    19  44    1.79   309.1   12.8      20.606
2012   11        8    19  53    1.79   309.2   12.7      20.603
2012   11        8    20   1    1.79   309.2   12.7      20.600
2012   11        8    20  10    1.79   309.3   12.7      20.596
2012   11        8    20  18    1.79   309.3   12.7      20.592
2012   11        8    20  27    1.78   309.3   12.7      20.587
2012   11        8    20  35    1.78   309.4   12.7      20.581
2012   11        8    20  44    1.78   309.4   12.6      20.576
2012   11        8    20  53    1.78   309.5   12.6      20.570
2012   11        8    21   1    1.77   309.5   12.6      20.563
2012   11        8    21  10    1.77   309.5   12.6      20.556
2012   11        8    21  18    1.77   309.6   12.6      20.549
2012   11        8    21  27    1.77   309.6   12.6      20.541
2012   11        8    21  36    1.77   309.6   12.5      20.533
2012   11        8    21  44    1.76   309.7   12.5      20.524
2012   11        8    21  53    1.76   309.7   12.5      20.516
2012   11        8    22   2    1.76   309.8   12.5      20.506
2012   11        8    22  10    1.76   309.8   12.5      20.497
2012   11        8    22  19    1.75   309.8   12.4      20.487
2012   11        8    22  28    1.75   309.9   12.4      20.476
2012   11        8    22  36    1.75   309.9   12.4      20.466
2012   11        8    22  45    1.75   309.9   12.4      20.455
2012   11        8    22  54    1.74   310.0   12.4      20.443
2012   11        8    23   2    1.74   310.0   12.3      20.432
2012   11        8    23  11    1.74   310.0   12.3      20.420
2012   11        8    23  20    1.74   310.1   12.3      20.407
2012   11        8    23  28    1.73   310.1   12.3      20.395
2012   11        8    23  37    1.73   310.1   12.3      20.382
2012   11        8    23  46    1.73   310.1   12.2      20.369
2012   11        8    23  54    1.72   310.2   12.2      20.355
2012   11        9     0   3    1.72   310.2   12.2      20.342
2012   11        9     0  12    1.72   310.2   12.2      20.328
2012   11        9     0  20    1.72   310.3   12.2      20.313
2012   11        9     0  29    1.71   310.3   12.1      20.299
2012   11        9     0  38    1.71   310.3   12.1      20.284
2012   11        9     0  47    1.71   310.3   12.1      20.269
2012   11        9     0  55    1.71   310.3   12.1      20.254
2012   11        9     1   4    1.70   310.4   12.1      20.238
2012   11        9     1  13    1.70   310.4   12.0      20.222
2012   11        9     1  22    1.70   310.4   12.0      20.206
2012   11        9     1  30    1.70   310.4   12.0      20.190
2012   11        9     1  39    1.69   310.4   12.0      20.173
2012   11        9     1  48    1.69   310.5   12.0      20.157
2012   11        9     1  57    1.69   310.5   11.9      20.140
2012   11        9     2   5    1.69   310.5   11.9      20.122
2012   11        9     2  14    1.68   310.5   11.9      20.105
2012   11        9     2  23    1.68   310.5   11.9      20.087
2012   11        9     2  32    1.68   310.5   11.9      20.069
2012   11        9     2  41    1.68   310.5   11.8      20.051
2012   11        9     2  49    1.67   310.6   11.8      20.033
2012   11        9     2  58    1.67   310.6   11.8      20.014
2012   11        9     3   7    1.67   310.6   11.8      19.995
2012   11        9     3  16    1.67   310.6   11.8      19.976
2012   11        9     3  25    1.66   310.6   11.7      19.957
2012   11        9     3  34    1.66   310.6   11.7      19.938
2012   11        9     3  42    1.66   310.6   11.7      19.918
2012   11        9     3  51    1.66   310.6   11.7      19.898
2012   11        9     4   0    1.65   310.6   11.7      19.878
2012   11        9     4   9    1.65   310.6   11.6      19.858
2012   11        9     4  18    1.65   310.6   11.6      19.838
2012   11        9     4  27    1.65   310.6   11.6      19.817
2012   11        9     4  36    1.64   310.6   11.6      19.797
2012   11        9     4  45    1.64   310.6   11.6      19.776
2012   11        9     4  53    1.64   310.6   11.5      19.755
2012   11        9     5   2    1.64   310.6   11.5      19.734
2012   11        9     5  11    1.63   310.6   11.5      19.713
2012   11        9     5  20    1.63   310.6   11.5      19.691
2012   11        9     5  29    1.63   310.6   11.5      19.670
2012   11        9     5  38    1.63   310.6   11.5      19.649
2012   11        9     5  47    1.62   310.6   11.4      19.627
2012   11        9     5  56    1.62   310.6   11.4      19.606
2012   11        9     6   5    1.62   310.6   11.4      19.584
2012   11        9     6  14    1.62   310.6   11.4      19.563
2012   11        9     6  23    1.62   310.6   11.4      19.541
2012   11        9     6  32    1.61   310.6   11.4      19.520
2012   11        9     6  41    1.61   310.6   11.3      19.498
2012   11        9     6  50    1.61   310.5   11.3      19.477
2012   11        9     6  59    1.61   310.5   11.3      19.456
2012   11        9     7   8    1.60   310.5   11.3      19.435
2012   11        9     7  17    1.60   310.5   11.3      19.414
2012   11        9     7  26    1.60   310.5   11.3      19.394
2012   11        9     7  35    1.60   310.5   11.3      19.373
2012   11        9     7  44    1.60   310.5   11.2      19.353
2012   11        9     7  53    1.59   310.5   11.2      19.333
2012   11        9     8   2    1.59   310.5   11.2      19.313
2012   11        9     8  11    1.59   310.5   11.2      19.293
2012   11        9     8  20    1.59   310.4   11.2      19.273
2012   11        9     8  29    1.59   310.4   11.2      19.254
2012   11        9     8  38    1.59   310.4   11.2      19.234
2012   11        9     8  47    1.58   310.4   11.2      19.215
2012   11        9     8  56    1.58   310.4   11.1      19.195
2012   11        9     9   5    1.58   310.4   11.1      19.176
2012   11        9     9  14    1.58   310.4   11.1      19.157
2012   11        9     9  23    1.58   310.3   11.1      19.138
2012   11        9     9  33    1.57   310.3   11.1      19.119
2012   11        9     9  42    1.57   310.3   11.1      19.100
2012   11        9     9  51    1.57   310.3   11.1      19.081
2012   11        9    10   0    1.57   310.3   11.1      19.062
2012   11        9    10   9    1.57   310.2   11.1      19.044
2012   11        9    10  18    1.57   310.2   11.0      19.025
2012   11        9    10  27    1.56   310.2   11.0      19.006
2012   11        9    10  36    1.56   310.2   11.0      18.987
2012   11        9    10  45    1.56   310.1   11.0      18.968
2012   11        9    10  55    1.56   310.1   11.0      18.950
2012   11        9    11   4    1.56   310.1   11.0      18.931
2012   11        9    11  13    1.56   310.1   11.0      18.912
2012   11        9    11  22    1.55   310.0   11.0      18.894
2012   11        9    11  31    1.55   310.0   11.0      18.875
2012   11        9    11  40    1.55   310.0   11.0      18.857
2012   11        9    11  50    1.55   309.9   10.9      18.838
2012   11        9    11  59    1.55   309.9   10.9      18.820
2012   11        9    12   8    1.55   309.9   10.9      18.802
2012   11        9    12  17    1.55   309.8   10.9      18.783
2012   11        9    12  26    1.54   309.8   10.9      18.765
2012   11        9    12  35    1.54   309.8   10.9      18.747
2012   11        9    12  45    1.54   309.7   10.9      18.730
2012   11        9    12  54    1.54   309.7   10.9      18.712
2012   11        9    13   3    1.54   309.7   10.9      18.695
2012   11        9    13  12    1.54   309.6   10.9      18.678
2012   11        9    13  22    1.54   309.6   10.9      18.661
2012   11        9    13  31    1.54   309.5   10.9      18.644
2012   11        9    13  40    1.54   309.5   10.9      18.628
2012   11        9    13  49    1.53   309.5   10.9      18.612
2012   11        9    13  59    1.53   309.4   10.9      18.596
2012   11        9    14   8    1.53   309.4   10.9      18.581
2012   11        9    14  17    1.53   309.4   10.8      18.566
2012   11        9    14  26    1.53   309.3   10.8      18.552
2012   11        9    14  36    1.53   309.3   10.8      18.538
2012   11        9    14  45    1.53   309.2   10.8      18.524
2012   11        9    14  54    1.53   309.2   10.8      18.510
2012   11        9    15   4    1.53   309.2   10.8      18.497
2012   11        9    15  13    1.53   309.1   10.8      18.485
2012   11        9    15  22    1.53   309.1   10.8      18.473
2012   11        9    15  31    1.52   309.0   10.8      18.461
2012   11        9    15  41    1.52   309.0   10.8      18.450
2012   11        9    15  50    1.52   309.0   10.8      18.438
2012   11        9    15  59    1.52   308.9   10.8      18.428
2012   11        9    16   9    1.52   308.9   10.8      18.417
2012   11        9    16  18    1.52   308.8   10.8      18.407
2012   11        9    16  27    1.52   308.8   10.8      18.397
2012   11        9    16  37    1.52   308.7   10.8      18.388
2012   11        9    16  46    1.52   308.7   10.8      18.378
2012   11        9    16  56    1.52   308.7   10.9      18.369
2012   11        9    17   5    1.52   308.6   10.9      18.360
2012   11        9    17  14    1.52   308.6   10.9      18.351
2012   11        9    17  24    1.52   308.5   10.9      18.342
2012   11        9    17  33    1.52   308.5   10.9      18.334
2012   11        9    17  43    1.52   308.4   10.9      18.325
2012   11        9    17  52    1.52   308.4   10.9      18.317
2012   11        9    18   1    1.52   308.3   10.9      18.308
2012   11        9    18  11    1.52   308.3   10.9      18.300
2012   11        9    18  20    1.52   308.2   10.9      18.292
2012   11        9    18  30    1.52   308.2   10.9      18.284
2012   11        9    18  39    1.52   308.1   10.9      18.276
2012   11        9    18  49    1.52   308.1   10.9      18.268
2012   11        9    18  58    1.52   308.0   10.9      18.260
2012   11        9    19   7    1.52   308.0   10.9      18.253
2012   11        9    19  17    1.52   307.9   10.9      18.245
2012   11        9    19  26    1.52   307.8   10.9      18.238
2012   11        9    19  36    1.52   307.8   10.9      18.231
2012   11        9    19  45    1.52   307.7   10.9      18.223
2012   11        9    19  55    1.52   307.7   10.9      18.217
2012   11        9    20   4    1.52   307.6   10.9      18.210
2012   11        9    20  14    1.52   307.6   10.9      18.204
2012   11        9    20  23    1.52   307.5   10.9      18.198
2012   11        9    20  33    1.52   307.4   10.9      18.192
2012   11        9    20  42    1.52   307.4   11.0      18.187
2012   11        9    20  52    1.52   307.3   11.0      18.182
2012   11        9    21   2    1.52   307.3   11.0      18.178
2012   11        9    21  11    1.52   307.2   11.0      18.174
2012   11        9    21  21    1.52   307.2   11.0      18.171
2012   11        9    21  30    1.52   307.1   11.0      18.168
2012   11        9    21  40    1.52   307.1   11.0      18.167
2012   11        9    21  49    1.52   307.0   11.0      18.165
2012   11        9    21  59    1.52   306.9   11.0      18.165
2012   11        9    22   9    1.52   306.9   11.0      18.165
2012   11        9    22  18    1.53   306.8   11.1      18.166
2012   11        9    22  28    1.53   306.8   11.1      18.168
2012   11        9    22  37    1.53   306.7   11.1      18.170
2012   11        9    22  47    1.53   306.7   11.1      18.173
2012   11        9    22  57    1.53   306.6   11.1      18.177
2012   11        9    23   6    1.53   306.6   11.1      18.182
2012   11        9    23  16    1.53   306.6   11.2      18.187
2012   11        9    23  26    1.53   306.5   11.2      18.193
2012   11        9    23  35    1.54   306.5   11.2      18.199
2012   11        9    23  45    1.54   306.4   11.2      18.206
2012   11        9    23  55    1.54   306.4   11.2      18.213
2012   11       10     0   4    1.54   306.3   11.2      18.221
2012   11       10     0  14    1.54   306.3   11.3      18.229
2012   11       10     0  24    1.54   306.3   11.3      18.238
2012   11       10     0  33    1.55   306.2   11.3      18.247
2012   11       10     0  43    1.55   306.2   11.3      18.257
2012   11       10     0  53    1.55   306.1   11.3      18.267
2012   11       10     1   3    1.55   306.1   11.4      18.277
2012   11       10     1  12    1.55   306.1   11.4      18.288
2012   11       10     1  22    1.55   306.0   11.4      18.299
2012   11       10     1  32    1.56   306.0   11.4      18.310
2012   11       10     1  42    1.56   305.9   11.5      18.322
2012   11       10     1  51    1.56   305.9   11.5      18.334
2012   11       10     2   1    1.56   305.9   11.5      18.347
2012   11       10     2  11    1.56   305.8   11.5      18.359
2012   11       10     2  21    1.56   305.8   11.5      18.372
2012   11       10     2  31    1.57   305.7   11.6      18.386
2012   11       10     2  40    1.57   305.7   11.6      18.400
2012   11       10     2  50    1.57   305.7   11.6      18.414
2012   11       10     3   0    1.57   305.6   11.6      18.429
2012   11       10     3  10    1.57   305.6   11.7      18.445
2012   11       10     3  20    1.58   305.6   11.7      18.461
2012   11       10     3  30    1.58   305.5   11.7      18.478
2012   11       10     3  39    1.58   305.5   11.8      18.495
2012   11       10     3  49    1.58   305.5   11.8      18.514
2012   11       10     3  59    1.59   305.4   11.8      18.534
2012   11       10     4   9    1.59   305.4   11.8      18.557
2012   11       10     4  19    1.59   305.4   11.9      18.581
2012   11       10     4  29    1.59   305.4   11.9      18.607
2012   11       10     4  39    1.60   305.4   11.9      18.635
2012   11       10     4  49    1.60   305.4   12.0      18.664
2012   11       10     4  58    1.60   305.4   12.0      18.695
2012   11       10     5   8    1.61   305.4   12.0      18.727
2012   11       10     5  18    1.61   305.4   12.1      18.760
2012   11       10     5  28    1.61   305.4   12.1      18.794
2012   11       10     5  38    1.62   305.4   12.1      18.828
2012   11       10     5  48    1.62   305.4   12.2      18.864
2012   11       10     5  58    1.62   305.4   12.2      18.899
2012   11       10     6   8    1.63   305.4   12.2      18.934
2012   11       10     6  18    1.63   305.4   12.3      18.969
2012   11       10     6  28    1.63   305.5   12.3      19.004
2012   11       10     6  38    1.64   305.5   12.3      19.039
2012   11       10     6  48    1.64   305.5   12.4      19.074
2012   11       10     6  58    1.64   305.5   12.4      19.108
2012   11       10     7   8    1.65   305.5   12.4      19.143
2012   11       10     7  18    1.65   305.6   12.5      19.177
2012   11       10     7  27    1.65   305.6   12.5      19.212
2012   11       10     7  37    1.65   305.6   12.5      19.247
2012   11       10     7  47    1.66   305.7   12.6      19.282
2012   11       10     7  57    1.66   305.7   12.6      19.318
2012   11       10     8   7    1.66   305.7   12.6      19.353
2012   11       10     8  17    1.67   305.8   12.7      19.388
2012   11       10     8  27    1.67   305.8   12.7      19.423
2012   11       10     8  37    1.67   305.8   12.7      19.457
2012   11       10     8  47    1.68   305.9   12.7      19.492
2012   11       10     8  56    1.68   305.9   12.8      19.527
2012   11       10     9   6    1.68   306.0   12.8      19.561
2012   11       10     9  16    1.69   306.0   12.8      19.595
2012   11       10     9  26    1.69   306.0   12.9      19.629
2012   11       10     9  36    1.69   306.1   12.9      19.662
2012   11       10     9  46    1.69   306.1   12.9      19.695
2012   11       10     9  55    1.70   306.2   12.9      19.728
2012   11       10    10   5    1.70   306.2   13.0      19.761
2012   11       10    10  15    1.70   306.2   13.0      19.793
2012   11       10    10  25    1.71   306.3   13.0      19.826
2012   11       10    10  35    1.71   306.3   13.0      19.858
2012   11       10    10  44    1.71   306.4   13.1      19.891
2012   11       10    10  54    1.71   306.4   13.1      19.923
2012   11       10    11   4    1.72   306.5   13.1      19.956
2012   11       10    11  14    1.72   306.5   13.2      19.989
2012   11       10    11  24    1.72   306.6   13.2      20.024
2012   11       10    11  34    1.73   306.6   13.2      20.059
2012   11       10    11  44    1.73   306.7   13.2      20.096
2012   11       10    11  53    1.73   306.7   13.3      20.134
2012   11       10    12   3    1.74   306.8   13.3      20.172
2012   11       10    12  13    1.74   306.9   13.3      20.211
2012   11       10    12  23    1.74   306.9   13.3      20.251
2012   11       10    12  33    1.74   307.0   13.4      20.290
2012   11       10    12  43    1.75   307.1   13.4      20.330
2012   11       10    12  53    1.75   307.2   13.4      20.370
2012   11       10    13   3    1.75   307.2   13.4      20.410
2012   11       10    13  13    1.76   307.3   13.5      20.450
2012   11       10    13  23    1.76   307.4   13.5      20.489
2012   11       10    13  33    1.76   307.5   13.5      20.527
2012   11       10    13  43    1.76   307.5   13.5      20.565
2012   11       10    13  53    1.77   307.6   13.6      20.602
2012   11       10    14   3    1.77   307.7   13.6      20.639
2012   11       10    14  13    1.77   307.8   13.6      20.675
2012   11       10    14  22    1.77   307.8   13.6      20.711
2012   11       10    14  32    1.78   307.9   13.6      20.747
2012   11       10    14  42    1.78   308.0   13.7      20.783
2012   11       10    14  52    1.78   308.1   13.7      20.818
2012   11       10    15   2    1.78   308.2   13.7      20.854
2012   11       10    15  12    1.79   308.3   13.7      20.890
2012   11       10    15  22    1.79   308.3   13.7      20.926
2012   11       10    15  32    1.79   308.4   13.8      20.963
2012   11       10    15  42    1.79   308.5   13.8      21.001
2012   11       10    15  51    1.80   308.6   13.8      21.040
2012   11       10    16   1    1.80   308.7   13.8      21.079
2012   11       10    16  11    1.80   308.8   13.8      21.118
2012   11       10    16  21    1.80   308.9   13.8      21.157
2012   11       10    16  31    1.81   309.0   13.9      21.196
2012   11       10    16  41    1.81   309.1   13.9      21.234
2012   11       10    16  50    1.81   309.2   13.9      21.273
2012   11       10    17   0    1.81   309.3   13.9      21.311
2012   11       10    17  10    1.82   309.5   13.9      21.348
2012   11       10    17  20    1.82   309.6   13.9      21.385
2012   11       10    17  29    1.82   309.7   13.9      21.420
2012   11       10    17  39    1.82   309.8   13.9      21.455
2012   11       10    17  49    1.82   309.9   13.9      21.489
2012   11       10    17  59    1.82   310.0   14.0      21.522
2012   11       10    18   9    1.83   310.1   14.0      21.554
2012   11       10    18  19    1.83   310.2   14.0      21.586
2012   11       10    18  28    1.83   310.3   14.0      21.617
2012   11       10    18  38    1.83   310.4   14.0      21.646
2012   11       10    18  48    1.83   310.6   14.0      21.675
2012   11       10    18  58    1.83   310.7   14.0      21.703
2012   11       10    19   8    1.83   310.8   14.0      21.730
2012   11       10    19  18    1.83   310.9   14.0      21.756
2012   11       10    19  28    1.84   311.0   14.0      21.782
2012   11       10    19  37    1.84   311.1   14.0      21.806
2012   11       10    19  47    1.84   311.2   14.0      21.829
2012   11       10    19  57    1.84   311.3   14.0      21.852
2012   11       10    20   7    1.84   311.4   14.0      21.874
2012   11       10    20  17    1.84   311.5   14.0      21.895
2012   11       10    20  27    1.84   311.6   14.0      21.915
2012   11       10    20  37    1.84   311.7   14.0      21.935
2012   11       10    20  47    1.84   311.8   13.9      21.954
2012   11       10    20  57    1.84   311.9   13.9      21.973
2012   11       10    21   7    1.84   312.0   13.9      21.991
2012   11       10    21  17    1.84   312.1   13.9      22.008
2012   11       10    21  27    1.84   312.2   13.9      22.025
2012   11       10    21  37    1.84   312.3   13.9      22.042
2012   11       10    21  47    1.84   312.4   13.9      22.058
2012   11       10    21  56    1.84   312.5   13.9      22.074
2012   11       10    22   6    1.84   312.6   13.9      22.090
2012   11       10    22  16    1.84   312.7   13.9      22.105
2012   11       10    22  26    1.85   312.8   13.9      22.120
2012   11       10    22  36    1.85   312.9   13.9      22.136
2012   11       10    22  46    1.85   313.0   13.9      22.152
2012   11       10    22  56    1.85   313.1   13.9      22.169
2012   11       10    23   6    1.85   313.2   13.9      22.187
2012   11       10    23  15    1.85   313.3   13.9      22.205
2012   11       10    23  25    1.85   313.4   13.9      22.223
2012   11       10    23  35    1.85   313.5   13.9      22.242
2012   11       10    23  45    1.85   313.6   13.9      22.260
2012   11       10    23  55    1.85   313.7   13.9      22.279
2012   11       11     0   4    1.85   313.8   13.9      22.297
2012   11       11     0  14    1.85   313.9   13.9      22.316
2012   11       11     0  24    1.85   314.0   13.9      22.334
2012   11       11     0  34    1.85   314.1   13.8      22.351
2012   11       11     0  43    1.85   314.2   13.8      22.367
2012   11       11     0  53    1.85   314.3   13.8      22.383
2012   11       11     1   3    1.85   314.4   13.8      22.397
2012   11       11     1  13    1.85   314.5   13.8      22.411
2012   11       11     1  23    1.85   314.6   13.8      22.423
2012   11       11     1  32    1.85   314.7   13.8      22.435
2012   11       11     1  42    1.85   314.8   13.8      22.446
2012   11       11     1  52    1.85   314.9   13.8      22.455
2012   11       11     2   2    1.84   315.0   13.7      22.464
2012   11       11     2  12    1.84   315.1   13.7      22.472
2012   11       11     2  21    1.84   315.2   13.7      22.479
2012   11       11     2  31    1.84   315.3   13.7      22.484
2012   11       11     2  41    1.84   315.4   13.7      22.489
2012   11       11     2  51    1.84   315.5   13.7      22.492
2012   11       11     3   1    1.84   315.6   13.6      22.495
2012   11       11     3  11    1.84   315.7   13.6      22.496
2012   11       11     3  21    1.84   315.8   13.6      22.497
2012   11       11     3  31    1.84   315.9   13.6      22.497
2012   11       11     3  41    1.83   316.0   13.5      22.495
2012   11       11     3  51    1.83   316.1   13.5      22.493
2012   11       11     4   1    1.83   316.2   13.5      22.490
2012   11       11     4  11    1.83   316.2   13.5      22.486
2012   11       11     4  20    1.83   316.3   13.5      22.481
2012   11       11     4  30    1.83   316.4   13.4      22.476
2012   11       11     4  40    1.83   316.5   13.4      22.470
2012   11       11     4  50    1.82   316.5   13.4      22.463
2012   11       11     5   0    1.82   316.6   13.4      22.455
2012   11       11     5  10    1.82   316.7   13.3      22.447
2012   11       11     5  20    1.82   316.7   13.3      22.438
2012   11       11     5  30    1.82   316.8   13.3      22.429
2012   11       11     5  40    1.82   316.9   13.3      22.420
2012   11       11     5  50    1.82   316.9   13.2      22.411
2012   11       11     5  59    1.81   317.0   13.2      22.401
2012   11       11     6   9    1.81   317.0   13.2      22.391
2012   11       11     6  19    1.81   317.1   13.2      22.381
2012   11       11     6  29    1.81   317.2   13.1      22.371
2012   11       11     6  39    1.81   317.2   13.1      22.360
2012   11       11     6  49    1.81   317.3   13.1      22.349
2012   11       11     6  58    1.80   317.3   13.1      22.339
2012   11       11     7   8    1.80   317.4   13.1      22.327
2012   11       11     7  18    1.80   317.4   13.0      22.316
2012   11       11     7  28    1.80   317.5   13.0      22.304
2012   11       11     7  37    1.80   317.6   13.0      22.292
2012   11       11     7  47    1.80   317.6   13.0      22.279
2012   11       11     7  57    1.80   317.7   12.9      22.266
2012   11       11     8   7    1.79   317.7   12.9      22.252
2012   11       11     8  16    1.79   317.8   12.9      22.237
2012   11       11     8  26    1.79   317.8   12.9      22.222
2012   11       11     8  36    1.79   317.9   12.8      22.206
2012   11       11     8  46    1.79   317.9   12.8      22.190
2012   11       11     8  55    1.79   318.0   12.8      22.173
2012   11       11     9   5    1.78   318.0   12.8      22.156
2012   11       11     9  15    1.78   318.1   12.7      22.138
2012   11       11     9  25    1.78   318.1   12.7      22.119
2012   11       11     9  35    1.78   318.1   12.7      22.101
2012   11       11     9  45    1.78   318.2   12.7      22.081
2012   11       11     9  54    1.78   318.2   12.7      22.061
2012   11       11    10   4    1.78   318.3   12.6      22.041
2012   11       11    10  14    1.77   318.3   12.6      22.020
2012   11       11    10  24    1.77   318.3   12.6      21.999
2012   11       11    10  34    1.77   318.4   12.6      21.978
2012   11       11    10  44    1.77   318.4   12.5      21.957
2012   11       11    10  54    1.77   318.4   12.5      21.936
2012   11       11    11   4    1.77   318.5   12.5      21.915
2012   11       11    11  14    1.76   318.5   12.5      21.893
2012   11       11    11  24    1.76   318.5   12.5      21.871
2012   11       11    11  33    1.76   318.5   12.4      21.850
2012   11       11    11  43    1.76   318.5   12.4      21.828
2012   11       11    11  53    1.76   318.6   12.4      21.807
2012   11       11    12   3    1.76   318.6   12.4      21.785
2012   11       11    12  13    1.76   318.6   12.4      21.764
2012   11       11    12  23    1.75   318.6   12.4      21.743
2012   11       11    12  33    1.75   318.6   12.3      21.723
2012   11       11    12  43    1.75   318.6   12.3      21.703
2012   11       11    12  53    1.75   318.6   12.3      21.684
2012   11       11    13   3    1.75   318.6   12.3      21.665
2012   11       11    13  12    1.75   318.6   12.3      21.647
2012   11       11    13  22    1.75   318.6   12.3      21.629
2012   11       11    13  32    1.75   318.7   12.3      21.612
2012   11       11    13  42    1.75   318.7   12.3      21.596
2012   11       11    13  52    1.74   318.7   12.2      21.580
2012   11       11    14   2    1.74   318.7   12.2      21.565
2012   11       11    14  11    1.74   318.7   12.2      21.552
2012   11       11    14  21    1.74   318.7   12.2      21.538
2012   11       11    14  31    1.74   318.7   12.2      21.525
2012   11       11    14  41    1.74   318.7   12.2      21.512
2012   11       11    14  50    1.74   318.7   12.2      21.500
2012   11       11    15   0    1.74   318.7   12.2      21.488
2012   11       11    15  10    1.74   318.7   12.2      21.475
2012   11       11    15  19    1.74   318.8   12.2      21.463
2012   11       11    15  29    1.74   318.8   12.2      21.451
2012   11       11    15  39    1.74   318.8   12.1      21.439
2012   11       11    15  49    1.74   318.8   12.1      21.427
2012   11       11    15  58    1.73   318.8   12.1      21.414
2012   11       11    16   8    1.73   318.8   12.1      21.401
2012   11       11    16  18    1.73   318.8   12.1      21.388
2012   11       11    16  28    1.73   318.8   12.1      21.375
2012   11       11    16  37    1.73   318.8   12.1      21.361
2012   11       11    16  47    1.73   318.8   12.1      21.348
2012   11       11    16  57    1.73   318.8   12.1      21.335
2012   11       11    17   7    1.73   318.8   12.1      21.321
2012   11       11    17  17    1.73   318.8   12.1      21.308
2012   11       11    17  27    1.73   318.9   12.1      21.295
2012   11       11    17  37    1.73   318.9   12.0      21.282
2012   11       11    17  46    1.73   318.9   12.0      21.269
2012   11       11    17  56    1.73   318.9   12.0      21.257
2012   11       11    18   6    1.73   318.9   12.0      21.245
2012   11       11    18  16    1.73   318.9   12.0      21.233
2012   11       11    18  26    1.73   318.9   12.0      21.223
2012   11       11    18  36    1.73   318.9   12.0      21.212
2012   11       11    18  46    1.73   318.8   12.0      21.202
2012   11       11    18  56    1.73   318.8   12.0      21.193
2012   11       11    19   6    1.73   318.8   12.0      21.185
2012   11       11    19  16    1.73   318.8   12.0      21.177
2012   11       11    19  26    1.73   318.8   12.0      21.170
2012   11       11    19  36    1.73   318.8   12.0      21.164
2012   11       11    19  45    1.73   318.8   12.0      21.159
2012   11       11    19  55    1.73   318.8   12.0      21.155
2012   11       11    20   5    1.73   318.8   12.0      21.152
2012   11       11    20  15    1.73   318.8   12.0      21.150
2012   11       11    20  25    1.73   318.8   12.0      21.148
2012   11       11    20  35    1.73   318.8   12.0      21.148
2012   11       11    20  45    1.73   318.8   12.0      21.148
2012   11       11    20  54    1.73   318.8   12.0      21.149
2012   11       11    21   4    1.73   318.8   12.1      21.152
2012   11       11    21  14    1.73   318.8   12.1      21.156
2012   11       11    21  24    1.73   318.8   12.1      21.161
2012   11       11    21  33    1.73   318.9   12.1      21.167
2012   11       11    21  43    1.73   318.9   12.1      21.174
2012   11       11    21  53    1.73   318.9   12.1      21.182
2012   11       11    22   3    1.74   318.9   12.1      21.190
2012   11       11    22  12    1.74   318.9   12.1      21.199
2012   11       11    22  22    1.74   318.9   12.1      21.208
2012   11       11    22  32    1.74   318.9   12.1      21.217
2012   11       11    22  41    1.74   319.0   12.1      21.227
2012   11       11    22  51    1.74   319.0   12.2      21.237
2012   11       11    23   1    1.74   319.0   12.2      21.246
2012   11       11    23  11    1.74   319.0   12.2      21.255
2012   11       11    23  20    1.74   319.0   12.2      21.264
2012   11       11    23  30    1.74   319.1   12.2      21.273
2012   11       11    23  40    1.74   319.1   12.2      21.281
2012   11       11    23  50    1.74   319.1   12.2      21.290
2012   11       11    23  59    1.75   319.1   12.2      21.298
2012   11       12     0   9    1.75   319.1   12.2      21.306
2012   11       12     0  19    1.75   319.2   12.2      21.313
2012   11       12     0  29    1.75   319.2   12.2      21.321
2012   11       12     0  39    1.75   319.2   12.2      21.329
2012   11       12     0  48    1.75   319.2   12.2      21.336
2012   11       12     0  58    1.75   319.2   12.2      21.344
2012   11       12     1   8    1.75   319.3   12.2      21.352
2012   11       12     1  18    1.75   319.3   12.2      21.359
2012   11       12     1  28    1.75   319.3   12.3      21.367
2012   11       12     1  38    1.75   319.3   12.3      21.375
2012   11       12     1  48    1.76   319.4   12.3      21.384
2012   11       12     1  58    1.76   319.4   12.3      21.392
2012   11       12     2   8    1.76   319.4   12.3      21.401
2012   11       12     2  18    1.76   319.4   12.3      21.410
2012   11       12     2  28    1.76   319.5   12.3      21.419
2012   11       12     2  38    1.76   319.5   12.3      21.429
2012   11       12     2  47    1.76   319.5   12.3      21.439
2012   11       12     2  57    1.76   319.5   12.3      21.449
2012   11       12     3   7    1.76   319.6   12.3      21.460
2012   11       12     3  17    1.77   319.6   12.3      21.472
2012   11       12     3  27    1.77   319.6   12.3      21.483
2012   11       12     3  37    1.77   319.7   12.3      21.496
2012   11       12     3  47    1.77   319.7   12.3      21.509
2012   11       12     3  56    1.77   319.7   12.4      21.522
2012   11       12     4   6    1.77   319.8   12.4      21.536
2012   11       12     4  16    1.78   319.8   12.4      21.550
2012   11       12     4  26    1.78   319.8   12.4      21.565
2012   11       12     4  36    1.78   319.9   12.4      21.581
2012   11       12     4  45    1.78   319.9   12.4      21.597
2012   11       12     4  55    1.78   320.0   12.4      21.615
2012   11       12     5   5    1.78   320.0   12.4      21.633
2012   11       12     5  14    1.79   320.1   12.4      21.652
2012   11       12     5  24    1.79   320.1   12.4      21.672
2012   11       12     5  34    1.79   320.2   12.5      21.692
2012   11       12     5  43    1.79   320.2   12.5      21.712
2012   11       12     5  53    1.79   320.3   12.5      21.732
2012   11       12     6   3    1.79   320.3   12.5      21.753
2012   11       12     6  12    1.79   320.4   12.5      21.774
2012   11       12     6  22    1.80   320.5   12.5      21.794
2012   11       12     6  32    1.80   320.5   12.5      21.815
2012   11       12     6  42    1.80   320.6   12.5      21.835
2012   11       12     6  51    1.80   320.6   12.5      21.854
2012   11       12     7   1    1.80   320.7   12.5      21.874
2012   11       12     7  11    1.80   320.8   12.5      21.894
2012   11       12     7  21    1.80   320.8   12.6      21.913
2012   11       12     7  30    1.80   320.9   12.6      21.932
2012   11       12     7  40    1.81   320.9   12.6      21.952
2012   11       12     7  50    1.81   321.0   12.6      21.971
2012   11       12     8   0    1.81   321.1   12.6      21.990
2012   11       12     8  10    1.81   321.1   12.6      22.009
2012   11       12     8  20    1.81   321.2   12.6      22.029
2012   11       12     8  29    1.81   321.2   12.6      22.049
2012   11       12     8  39    1.81   321.3   12.6      22.069
2012   11       12     8  49    1.81   321.4   12.6      22.089
2012   11       12     8  59    1.82   321.4   12.6      22.110
2012   11       12     9   9    1.82   321.5   12.7      22.131
2012   11       12     9  19    1.82   321.6   12.7      22.154
2012   11       12     9  29    1.82   321.6   12.7      22.177
2012   11       12     9  39    1.82   321.7   12.7      22.201
2012   11       12     9  49    1.82   321.8   12.7      22.226
2012   11       12     9  59    1.83   321.9   12.7      22.252
2012   11       12    10   9    1.83   322.0   12.7      22.279
2012   11       12    10  19    1.83   322.0   12.7      22.306
2012   11       12    10  28    1.83   322.1   12.7      22.335
2012   11       12    10  38    1.83   322.2   12.8      22.364
2012   11       12    10  48    1.84   322.3   12.8      22.393
2012   11       12    10  58    1.84   322.4   12.8      22.423
2012   11       12    11   8    1.84   322.5   12.8      22.455
2012   11       12    11  18    1.84   322.6   12.8      22.488
2012   11       12    11  27    1.84   322.7   12.8      22.521
2012   11       12    11  37    1.85   322.8   12.8      22.556
2012   11       12    11  47    1.85   322.9   12.9      22.591
2012   11       12    11  57    1.85   323.0   12.9      22.627
2012   11       12    12   6    1.85   323.1   12.9      22.663
2012   11       12    12  16    1.86   323.2   12.9      22.699
2012   11       12    12  26    1.86   323.3   12.9      22.735
2012   11       12    12  35    1.86   323.4   12.9      22.772
2012   11       12    12  45    1.87   323.6   12.9      22.809
2012   11       12    12  55    1.87   323.7   13.0      22.845
2012   11       12    13   4    1.87   323.8   13.0      22.881
2012   11       12    13  14    1.87   323.9   13.0      22.916
2012   11       12    13  24    1.87   324.0   13.0      22.950
2012   11       12    13  33    1.88   324.2   13.0      22.983
2012   11       12    13  43    1.88   324.3   13.0      23.016
2012   11       12    13  53    1.88   324.4   13.0      23.048
2012   11       12    14   2    1.88   324.5   13.0      23.079
2012   11       12    14  12    1.89   324.6   13.0      23.109
2012   11       12    14  22    1.89   324.8   13.0      23.139
2012   11       12    14  32    1.89   324.9   13.0      23.167
2012   11       12    14  41    1.89   325.0   13.0      23.195
2012   11       12    14  51    1.89   325.1   13.0      23.222
2012   11       12    15   1    1.90   325.2   13.0      23.249
2012   11       12    15  11    1.90   325.3   13.0      23.275
2012   11       12    15  20    1.90   325.4   13.0      23.301
2012   11       12    15  30    1.90   325.6   13.0      23.326
2012   11       12    15  40    1.90   325.7   13.0      23.351
2012   11       12    15  50    1.90   325.8   13.0      23.376
2012   11       12    16   0    1.91   325.9   13.0      23.399
2012   11       12    16  10    1.91   326.0   13.0      23.422
2012   11       12    16  20    1.91   326.1   13.0      23.445
2012   11       12    16  30    1.91   326.2   13.0      23.467
2012   11       12    16  40    1.91   326.3   13.0      23.488
2012   11       12    16  50    1.91   326.4   13.0      23.510
2012   11       12    17   0    1.91   326.6   13.0      23.530
2012   11       12    17   9    1.91   326.7   13.0      23.551
2012   11       12    17  19    1.91   326.8   13.0      23.572
2012   11       12    17  29    1.92   326.9   13.0      23.592
2012   11       12    17  39    1.92   327.0   13.0      23.613
2012   11       12    17  49    1.92   327.1   13.0      23.633
2012   11       12    17  59    1.92   327.2   13.0      23.653
2012   11       12    18   9    1.92   327.3   13.0      23.673
2012   11       12    18  19    1.92   327.4   13.0      23.693
2012   11       12    18  28    1.92   327.5   13.0      23.712
2012   11       12    18  38    1.92   327.6   12.9      23.731
2012   11       12    18  48    1.92   327.7   12.9      23.749
2012   11       12    18  58    1.92   327.8   12.9      23.767
2012   11       12    19   7    1.92   328.0   12.9      23.784
2012   11       12    19  17    1.92   328.1   12.9      23.800
2012   11       12    19  27    1.92   328.2   12.9      23.815
2012   11       12    19  36    1.92   328.3   12.9      23.830
2012   11       12    19  46    1.92   328.4   12.9      23.844
2012   11       12    19  56    1.92   328.5   12.9      23.857
2012   11       12    20   5    1.92   328.6   12.8      23.870
2012   11       12    20  15    1.92   328.7   12.8      23.882
2012   11       12    20  25    1.92   328.8   12.8      23.894
2012   11       12    20  34    1.91   328.9   12.8      23.905
2012   11       12    20  44    1.91   329.0   12.8      23.915
2012   11       12    20  53    1.91   329.1   12.8      23.925
2012   11       12    21   3    1.91   329.2   12.8      23.934
2012   11       12    21  13    1.91   329.3   12.7      23.943
2012   11       12    21  23    1.91   329.4   12.7      23.951
2012   11       12    21  32    1.91   329.5   12.7      23.958
2012   11       12    21  42    1.91   329.6   12.7      23.965
2012   11       12    21  52    1.91   329.7   12.7      23.971
2012   11       12    22   1    1.91   329.8   12.7      23.977
2012   11       12    22  11    1.90   329.9   12.7      23.982
2012   11       12    22  21    1.90   330.0   12.6      23.987
2012   11       12    22  31    1.90   330.1   12.6      23.991
2012   11       12    22  41    1.90   330.2   12.6      23.995
2012   11       12    22  50    1.90   330.3   12.6      23.998
2012   11       12    23   0    1.90   330.4   12.6      24.000
2012   11       12    23  10    1.89   330.5   12.5      24.002
2012   11       12    23  20    1.89   330.7   12.5      24.004
2012   11       12    23  30    1.89   330.8   12.5      24.005
2012   11       12    23  40    1.89   330.9   12.5      24.006
2012   11       12    23  50    1.89   331.0   12.5      24.006
2012   11       13     0   0    1.89   331.1   12.5      24.006
2012   11       13     0  10    1.88   331.2   12.4      24.006
2012   11       13     0  20    1.88   331.3   12.4      24.005
2012   11       13     0  30    1.88   331.4   12.4      24.005
2012   11       13     0  39    1.88   331.5   12.4      24.004
2012   11       13     0  49    1.88   331.6   12.4      24.003
2012   11       13     0  59    1.88   331.7   12.3      24.002
2012   11       13     1   9    1.87   331.8   12.3      24.001
2012   11       13     1  19    1.87   331.9   12.3      24.000
2012   11       13     1  29    1.87   332.0   12.3      23.998
2012   11       13     1  39    1.87   332.1   12.3      23.997
2012   11       13     1  48    1.87   332.2   12.3      23.995
2012   11       13     1  58    1.87   332.3   12.2      23.993
2012   11       13     2   8    1.86   332.4   12.2      23.991
2012   11       13     2  18    1.86   332.5   12.2      23.989
2012   11       13     2  27    1.86   332.6   12.2      23.987
2012   11       13     2  37    1.86   332.7   12.2      23.984
2012   11       13     2  47    1.86   332.8   12.2      23.981
2012   11       13     2  56    1.86   332.9   12.1      23.978
2012   11       13     3   6    1.85   333.0   12.1      23.974
2012   11       13     3  15    1.85   333.1   12.1      23.969
2012   11       13     3  25    1.85   333.2   12.1      23.965
2012   11       13     3  35    1.85   333.3   12.1      23.959
2012   11       13     3  44    1.85   333.4   12.1      23.953
2012   11       13     3  54    1.85   333.5   12.1      23.947
2012   11       13     4   3    1.84   333.6   12.0      23.940
2012   11       13     4  13    1.84   333.7   12.0      23.932
2012   11       13     4  23    1.84   333.8   12.0      23.923
2012   11       13     4  32    1.84   333.9   12.0      23.914
2012   11       13     4  42    1.84   334.0   12.0      23.905
2012   11       13     4  52    1.83   334.1   12.0      23.894
2012   11       13     5   1    1.83   334.2   11.9      23.884
2012   11       13     5  11    1.83   334.3   11.9      23.872
2012   11       13     5  21    1.83   334.4   11.9      23.860
2012   11       13     5  31    1.83   334.4   11.9      23.848
2012   11       13     5  40    1.83   334.5   11.9      23.835
2012   11       13     5  50    1.82   334.6   11.9      23.822
2012   11       13     6   0    1.82   334.7   11.8      23.808
2012   11       13     6  10    1.82   334.8   11.8      23.794
2012   11       13     6  20    1.82   334.9   11.8      23.780
2012   11       13     6  29    1.82   335.0   11.8      23.765
2012   11       13     6  39    1.81   335.1   11.8      23.749
2012   11       13     6  49    1.81   335.2   11.8      23.734
2012   11       13     6  59    1.81   335.3   11.7      23.718
2012   11       13     7   9    1.81   335.3   11.7      23.702
2012   11       13     7  19    1.81   335.4   11.7      23.685
2012   11       13     7  29    1.80   335.5   11.7      23.668
2012   11       13     7  39    1.80   335.6   11.7      23.651
2012   11       13     7  49    1.80   335.7   11.7      23.634
2012   11       13     7  59    1.80   335.7   11.7      23.617
2012   11       13     8   9    1.80   335.8   11.6      23.600
2012   11       13     8  18    1.79   335.9   11.6      23.583
2012   11       13     8  28    1.79   336.0   11.6      23.565
2012   11       13     8  38    1.79   336.0   11.6      23.548
2012   11       13     8  48    1.79   336.1   11.6      23.530
2012   11       13     8  58    1.79   336.2   11.6      23.513
2012   11       13     9   8    1.78   336.3   11.5      23.495
2012   11       13     9  17    1.78   336.3   11.5      23.477
2012   11       13     9  27    1.78   336.4   11.5      23.460
2012   11       13     9  37    1.78   336.5   11.5      23.442
2012   11       13     9  47    1.78   336.5   11.5      23.424
2012   11       13     9  56    1.78   336.6   11.5      23.406
2012   11       13    10   6    1.77   336.7   11.5      23.388
2012   11       13    10  16    1.77   336.7   11.4      23.370
2012   11       13    10  25    1.77   336.8   11.4      23.352
2012   11       13    10  35    1.77   336.8   11.4      23.334
2012   11       13    10  44    1.77   336.9   11.4      23.316
2012   11       13    10  54    1.77   337.0   11.4      23.298
2012   11       13    11   4    1.77   337.0   11.4      23.280
2012   11       13    11  13    1.76   337.1   11.3      23.261
2012   11       13    11  23    1.76   337.1   11.3      23.243
2012   11       13    11  32    1.76   337.2   11.3      23.224
2012   11       13    11  42    1.76   337.2   11.3      23.205
2012   11       13    11  52    1.76   337.3   11.3      23.187
2012   11       13    12   1    1.76   337.3   11.3      23.168
2012   11       13    12  11    1.76   337.4   11.3      23.149
2012   11       13    12  21    1.75   337.4   11.2      23.130
2012   11       13    12  31    1.75   337.5   11.2      23.111
2012   11       13    12  40    1.75   337.5   11.2      23.092
2012   11       13    12  50    1.75   337.6   11.2      23.073
2012   11       13    13   0    1.75   337.6   11.2      23.054
2012   11       13    13  10    1.75   337.6   11.2      23.035
2012   11       13    13  19    1.75   337.7   11.1      23.015
2012   11       13    13  29    1.74   337.7   11.1      22.996
2012   11       13    13  39    1.74   337.8   11.1      22.977
2012   11       13    13  49    1.74   337.8   11.1      22.958
2012   11       13    13  59    1.74   337.8   11.1      22.938
2012   11       13    14   9    1.74   337.9   11.1      22.919
2012   11       13    14  19    1.74   337.9   11.1      22.900
2012   11       13    14  28    1.74   337.9   11.0      22.880
2012   11       13    14  38    1.73   338.0   11.0      22.861
2012   11       13    14  48    1.73   338.0   11.0      22.842
2012   11       13    14  58    1.73   338.0   11.0      22.822
2012   11       13    15   8    1.73   338.1   11.0      22.803
2012   11       13    15  18    1.73   338.1   11.0      22.784
2012   11       13    15  28    1.73   338.1   11.0      22.764
2012   11       13    15  38    1.72   338.2   10.9      22.745
2012   11       13    15  48    1.72   338.2   10.9      22.725
2012   11       13    15  58    1.72   338.2   10.9      22.706
2012   11       13    16   7    1.72   338.2   10.9      22.686
2012   11       13    16  17    1.72   338.3   10.9      22.666
2012   11       13    16  27    1.72   338.3   10.9      22.646
2012   11       13    16  37    1.71   338.3   10.9      22.626
2012   11       13    16  47    1.71   338.3   10.8      22.606
2012   11       13    16  56    1.71   338.4   10.8      22.586
2012   11       13    17   6    1.71   338.4   10.8      22.566
2012   11       13    17  16    1.71   338.4   10.8      22.545
2012   11       13    17  25    1.71   338.4   10.8      22.525
2012   11       13    17  35    1.71   338.4   10.8      22.504
2012   11       13    17  45    1.70   338.4   10.8      22.483
2012   11       13    17  54    1.70   338.5   10.7      22.463
2012   11       13    18   4    1.70   338.5   10.7      22.442
2012   11       13    18  13    1.70   338.5   10.7      22.421
2012   11       13    18  23    1.70   338.5   10.7      22.400
2012   11       13    18  33    1.70   338.5   10.7      22.379
2012   11       13    18  42    1.69   338.5   10.7      22.358
2012   11       13    18  52    1.69   338.5   10.7      22.336
2012   11       13    19   1    1.69   338.6   10.7      22.315
2012   11       13    19  11    1.69   338.6   10.6      22.293
2012   11       13    19  21    1.69   338.6   10.6      22.271
2012   11       13    19  31    1.69   338.6   10.6      22.249
2012   11       13    19  40    1.69   338.6   10.6      22.227
2012   11       13    19  50    1.68   338.6   10.6      22.204
2012   11       13    20   0    1.68   338.6   10.6      22.182
2012   11       13    20   9    1.68   338.6   10.6      22.159
2012   11       13    20  19    1.68   338.6   10.5      22.137
2012   11       13    20  29    1.68   338.6   10.5      22.114
2012   11       13    20  39    1.68   338.6   10.5      22.091
2012   11       13    20  49    1.68   338.6   10.5      22.068
2012   11       13    20  58    1.67   338.6   10.5      22.045
2012   11       13    21   8    1.67   338.6   10.5      22.022
2012   11       13    21  18    1.67   338.6   10.5      21.999
2012   11       13    21  28    1.67   338.6   10.5      21.976
2012   11       13    21  38    1.67   338.6   10.5      21.953
2012   11       13    21  48    1.67   338.6   10.4      21.930
2012   11       13    21  58    1.67   338.6   10.4      21.908
2012   11       13    22   8    1.66   338.6   10.4      21.885
2012   11       13    22  18    1.66   338.6   10.4      21.863
2012   11       13    22  28    1.66   338.6   10.4      21.841
2012   11       13    22  38    1.66   338.6   10.4      21.820
2012   11       13    22  48    1.66   338.6   10.4      21.798
2012   11       13    22  57    1.66   338.6   10.4      21.777
2012   11       13    23   7    1.66   338.6   10.4      21.757
2012   11       13    23  17    1.66   338.6   10.4      21.737
2012   11       13    23  27    1.65   338.6   10.3      21.717
2012   11       13    23  37    1.65   338.6   10.3      21.697
2012   11       13    23  46    1.65   338.6   10.3      21.678
2012   11       13    23  56    1.65   338.6   10.3      21.659
2012   11       14     0   6    1.65   338.5   10.3      21.641
2012   11       14     0  16    1.65   338.5   10.3      21.623
2012   11       14     0  25    1.65   338.5   10.3      21.605
2012   11       14     0  35    1.65   338.5   10.3      21.587
2012   11       14     0  45    1.65   338.5   10.3      21.570
2012   11       14     0  54    1.64   338.5   10.3      21.552
2012   11       14     1   4    1.64   338.5   10.3      21.535
2012   11       14     1  14    1.64   338.5   10.3      21.518
2012   11       14     1  23    1.64   338.5   10.3      21.502
2012   11       14     1  33    1.64   338.4   10.2      21.485
2012   11       14     1  42    1.64   338.4   10.2      21.468
2012   11       14     1  52    1.64   338.4   10.2      21.451
2012   11       14     2   2    1.64   338.4   10.2      21.435
2012   11       14     2  11    1.64   338.4   10.2      21.418
2012   11       14     2  21    1.63   338.4   10.2      21.401
2012   11       14     2  30    1.63   338.3   10.2      21.384
2012   11       14     2  40    1.63   338.3   10.2      21.367
2012   11       14     2  50    1.63   338.3   10.2      21.351
2012   11       14     3   0    1.63   338.3   10.2      21.334
2012   11       14     3   9    1.63   338.3   10.2      21.317
2012   11       14     3  19    1.63   338.2   10.2      21.300
2012   11       14     3  29    1.63   338.2   10.2      21.283
2012   11       14     3  39    1.63   338.2   10.2      21.266
2012   11       14     3  48    1.63   338.2   10.2      21.249
2012   11       14     3  58    1.63   338.1   10.1      21.232
2012   11       14     4   8    1.62   338.1   10.1      21.215
2012   11       14     4  18    1.62   338.1   10.1      21.199
2012   11       14     4  28    1.62   338.1   10.1      21.182
2012   11       14     4  38    1.62   338.0   10.1      21.165
2012   11       14     4  48    1.62   338.0   10.1      21.149
2012   11       14     4  58    1.62   338.0   10.1      21.132
2012   11       14     5   7    1.62   338.0   10.1      21.116
2012   11       14     5  17    1.62   337.9   10.1      21.099
2012   11       14     5  27    1.62   337.9   10.1      21.083
2012   11       14     5  37    1.62   337.9   10.1      21.067
2012   11       14     5  47    1.62   337.9   10.1      21.051
2012   11       14     5  57    1.62   337.8   10.1      21.036
2012   11       14     6   7    1.62   337.8   10.1      21.020
2012   11       14     6  17    1.61   337.8   10.1      21.005
2012   11       14     6  27    1.61   337.7   10.1      20.990
2012   11       14     6  37    1.61   337.7   10.1      20.975
2012   11       14     6  46    1.61   337.7   10.1      20.960
2012   11       14     6  56    1.61   337.7   10.0      20.945
2012   11       14     7   6    1.61   337.6   10.0      20.930
2012   11       14     7  16    1.61   337.6   10.0      20.916
2012   11       14     7  25    1.61   337.6   10.0      20.901
2012   11       14     7  35    1.61   337.5   10.0      20.887
2012   11       14     7  45    1.61   337.5   10.0      20.873
2012   11       14     7  54    1.61   337.5   10.0      20.859
2012   11       14     8   4    1.61   337.5   10.0      20.845
2012   11       14     8  14    1.61   337.4   10.0      20.830
2012   11       14     8  23    1.61   337.4   10.0      20.817
2012   11       14     8  33    1.61   337.4   10.0      20.803
2012   11       14     8  42    1.61   337.3   10.0      20.789
2012   11       14     8  52    1.60   337.3   10.0      20.775
2012   11       14     9   2    1.60   337.3   10.0      20.761
2012   11       14     9  11    1.60   337.2   10.0      20.747
2012   11       14     9  21    1.60   337.2   10.0      20.733
2012   11       14     9  31    1.60   337.2   10.0      20.719
2012   11       14     9  40    1.60   337.2   10.0      20.706
2012   11       14     9  50    1.60   337.1   10.0      20.692
2012   11       14    10   0    1.60   337.1   10.0      20.678
2012   11       14    10   9    1.60   337.0   10.0      20.664
2012   11       14    10  19    1.60   337.0   10.0      20.650
2012   11       14    10  29    1.60   337.0   10.0      20.637
2012   11       14    10  38    1.60   336.9   10.0      20.623
2012   11       14    10  48    1.60   336.9   10.0      20.609
2012   11       14    10  58    1.60   336.9   10.0      20.596
2012   11       14    11   8    1.60   336.8    9.9      20.582
2012   11       14    11  18    1.60   336.8    9.9      20.569
2012   11       14    11  28    1.60   336.8    9.9      20.556
2012   11       14    11  37    1.60   336.7    9.9      20.543
2012   11       14    11  47    1.59   336.7    9.9      20.530
2012   11       14    11  57    1.59   336.6    9.9      20.517
2012   11       14    12   7    1.59   336.6    9.9      20.504
2012   11       14    12  17    1.59   336.6    9.9      20.492
2012   11       14    12  27    1.59   336.5    9.9      20.479
2012   11       14    12  37    1.59   336.5    9.9      20.467
2012   11       14    12  47    1.59   336.4    9.9      20.455
2012   11       14    12  57    1.59   336.4    9.9      20.443
2012   11       14    13   7    1.59   336.4    9.9      20.431
2012   11       14    13  17    1.59   336.3    9.9      20.419
2012   11       14    13  26    1.59   336.3    9.9      20.408
2012   11       14    13  36    1.59   336.2    9.9      20.397
2012   11       14    13  46    1.59   336.2    9.9      20.386
2012   11       14    13  56    1.59   336.2    9.9      20.375
2012   11       14    14   6    1.59   336.1    9.9      20.364
2012   11       14    14  16    1.59   336.1    9.9      20.354
2012   11       14    14  25    1.59   336.0    9.9      20.343
2012   11       14    14  35    1.59   336.0    9.9      20.333
2012   11       14    14  45    1.59   336.0    9.9      20.323
2012   11       14    14  54    1.59   335.9    9.9      20.313
2012   11       14    15   4    1.59   335.9    9.9      20.303
2012   11       14    15  14    1.59   335.8    9.9      20.293
2012   11       14    15  23    1.59   335.8    9.9      20.283
2012   11       14    15  33    1.59   335.8    9.9      20.274
2012   11       14    15  43    1.59   335.7    9.9      20.264
2012   11       14    15  52    1.59   335.7    9.9      20.255
2012   11       14    16   2    1.59   335.6    9.9      20.245
2012   11       14    16  11    1.58   335.6    9.9      20.236
2012   11       14    16  21    1.58   335.6    9.9      20.226
2012   11       14    16  31    1.58   335.5    9.9      20.216
2012   11       14    16  40    1.58   335.5    9.9      20.207
2012   11       14    16  50    1.58   335.4    9.9      20.197
2012   11       14    17   0    1.58   335.4    9.9      20.188
2012   11       14    17   9    1.58   335.3    9.9      20.178
2012   11       14    17  19    1.58   335.3    9.9      20.168
2012   11       14    17  29    1.58   335.3    9.9      20.159
2012   11       14    17  38    1.58   335.2    9.9      20.149
2012   11       14    17  48    1.58   335.2    9.9      20.139
2012   11       14    17  58    1.58   335.1    9.9      20.129
2012   11       14    18   8    1.58   335.1    9.9      20.119
2012   11       14    18  17    1.58   335.0    9.9      20.109
2012   11       14    18  27    1.58   335.0    9.9      20.100
2012   11       14    18  37    1.58   334.9    9.9      20.090
2012   11       14    18  47    1.58   334.9    9.9      20.080
2012   11       14    18  57    1.58   334.8    9.9      20.070
2012   11       14    19   7    1.58   334.8    9.9      20.060
2012   11       14    19  17    1.58   334.8    9.9      20.050
2012   11       14    19  26    1.58   334.7    9.9      20.040
2012   11       14    19  36    1.58   334.7    9.9      20.031
2012   11       14    19  46    1.58   334.6    9.9      20.021
2012   11       14    19  56    1.58   334.6    9.9      20.011
2012   11       14    20   6    1.58   334.5    9.9      20.002
2012   11       14    20  16    1.58   334.5    9.8      19.992
2012   11       14    20  26    1.58   334.4    9.8      19.983
2012   11       14    20  36    1.58   334.4    9.8      19.974
2012   11       14    20  46    1.58   334.3    9.8      19.965
2012   11       14    20  56    1.58   334.3    9.8      19.956
2012   11       14    21   6    1.58   334.2    9.8      19.947
2012   11       14    21  15    1.58   334.2    9.8      19.938
2012   11       14    21  25    1.58   334.1    9.8      19.930
2012   11       14    21  35    1.58   334.1    9.8      19.922
2012   11       14    21  45    1.58   334.0    9.8      19.914
2012   11       14    21  54    1.58   334.0    9.8      19.906
2012   11       14    22   4    1.58   333.9    9.8      19.898
2012   11       14    22  14    1.58   333.9    9.8      19.891
2012   11       14    22  23    1.58   333.8    9.8      19.883
2012   11       14    22  33    1.58   333.8    9.8      19.876
2012   11       14    22  43    1.58   333.7    9.8      19.869
2012   11       14    22  52    1.58   333.7    9.8      19.862
2012   11       14    23   2    1.58   333.6    9.8      19.855
2012   11       14    23  12    1.58   333.6    9.8      19.849
2012   11       14    23  21    1.58   333.5    9.8      19.842
2012   11       14    23  31    1.58   333.5    9.8      19.836
2012   11       14    23  40    1.58   333.4    9.8      19.829
2012   11       14    23  50    1.58   333.4    9.8      19.823
2012   11       15     0   0    1.58   333.3    9.8      19.817
2012   11       15     0   9    1.58   333.3    9.8      19.810
2012   11       15     0  19    1.58   333.2    9.8      19.804
2012   11       15     0  29    1.58   333.2    9.8      19.798
2012   11       15     0  38    1.58   333.1    9.9      19.792
2012   11       15     0  48    1.58   333.1    9.9      19.786
2012   11       15     0  58    1.58   333.0    9.9      19.779
2012   11       15     1   8    1.58   333.0    9.9      19.773
2012   11       15     1  17    1.58   332.9    9.9      19.767
2012   11       15     1  27    1.58   332.8    9.9      19.760
2012   11       15     1  37    1.58   332.8    9.9      19.754
2012   11       15     1  47    1.58   332.7    9.9      19.747
2012   11       15     1  57    1.58   332.7    9.9      19.741
2012   11       15     2   6    1.58   332.6    9.9      19.734
2012   11       15     2  16    1.58   332.6    9.9      19.727
2012   11       15     2  26    1.58   332.5    9.9      19.721
2012   11       15     2  36    1.58   332.5    9.9      19.714
2012   11       15     2  46    1.58   332.4    9.9      19.707
2012   11       15     2  56    1.58   332.4    9.9      19.699
2012   11       15     3   6    1.58   332.3    9.9      19.692
2012   11       15     3  16    1.58   332.2    9.9      19.685
2012   11       15     3  26    1.58   332.2    9.9      19.677
2012   11       15     3  36    1.58   332.1    9.9      19.670
2012   11       15     3  46    1.58   332.1    9.9      19.663
2012   11       15     3  55    1.58   332.0    9.9      19.655
2012   11       15     4   5    1.58   331.9    9.9      19.648
2012   11       15     4  15    1.58   331.9    9.9      19.641
2012   11       15     4  25    1.58   331.8    9.9      19.633
2012   11       15     4  35    1.58   331.8    9.9      19.626
2012   11       15     4  45    1.58   331.7    9.9      19.619
2012   11       15     4  54    1.58   331.6    9.9      19.612
2012   11       15     5   4    1.59   331.6    9.9      19.605
2012   11       15     5  14    1.59   331.5    9.9      19.599
2012   11       15     5  24    1.59   331.4    9.9      19.592
2012   11       15     5  33    1.59   331.4    9.9      19.586
2012   11       15     5  43    1.59   331.3    9.9      19.580
2012   11       15     5  52    1.59   331.3    9.9      19.574
2012   11       15     6   2    1.59   331.2    9.9      19.568
2012   11       15     6  12    1.59   331.1    9.9      19.563
2012   11       15     6  21    1.59   331.1    9.9      19.558
2012   11       15     6  31    1.59   331.0    9.9      19.554
2012   11       15     6  41    1.59   330.9    9.9      19.549
2012   11       15     6  50    1.59   330.9    9.9      19.545
2012   11       15     7   0    1.59   330.8    9.9      19.541
2012   11       15     7   9    1.59   330.7    9.9      19.538
2012   11       15     7  19    1.60   330.7    9.9      19.535
2012   11       15     7  29    1.60   330.6    9.9      19.532
2012   11       15     7  38    1.60   330.6    9.9      19.529
2012   11       15     7  48    1.60   330.5   10.0      19.527
2012   11       15     7  58    1.60   330.4   10.0      19.526
2012   11       15     8   7    1.60   330.4   10.0      19.524
2012   11       15     8  17    1.60   330.3   10.0      19.523
2012   11       15     8  27    1.60   330.2   10.0      19.523
2012   11       15     8  37    1.61   330.2   10.0      19.522
2012   11       15     8  46    1.61   330.1   10.0      19.522
2012   11       15     8  56    1.61   330.0   10.0      19.523
2012   11       15     9   6    1.61   330.0   10.0      19.523
2012   11       15     9  16    1.61   329.9   10.0      19.524
2012   11       15     9  26    1.61   329.8   10.0      19.526
2012   11       15     9  36    1.62   329.7   10.1      19.528
2012   11       15     9  46    1.62   329.7   10.1      19.530
2012   11       15     9  55    1.62   329.6   10.1      19.532
2012   11       15    10   5    1.62   329.5   10.1      19.535
2012   11       15    10  15    1.62   329.5   10.1      19.538
2012   11       15    10  25    1.63   329.4   10.1      19.542
2012   11       15    10  35    1.63   329.3   10.1      19.545
2012   11       15    10  45    1.63   329.3   10.1      19.549
2012   11       15    10  55    1.63   329.2   10.2      19.554
2012   11       15    11   5    1.64   329.1   10.2      19.558
2012   11       15    11  15    1.64   329.0   10.2      19.564
2012   11       15    11  25    1.64   329.0   10.2      19.569
2012   11       15    11  35    1.64   328.9   10.2      19.574
2012   11       15    11  44    1.65   328.8   10.2      19.580
2012   11       15    11  54    1.65   328.8   10.2      19.587
2012   11       15    12   4    1.65   328.7   10.3      19.593
2012   11       15    12  14    1.66   328.6   10.3      19.600
2012   11       15    12  23    1.66   328.5   10.3      19.607
2012   11       15    12  33    1.66   328.5   10.3      19.614
2012   11       15    12  43    1.66   328.4   10.3      19.621
2012   11       15    12  53    1.67   328.3   10.3      19.629
2012   11       15    13   2    1.67   328.3   10.4      19.637
2012   11       15    13  12    1.67   328.2   10.4      19.645
2012   11       15    13  21    1.68   328.1   10.4      19.654
2012   11       15    13  31    1.68   328.0   10.4      19.663
2012   11       15    13  41    1.68   328.0   10.4      19.672
2012   11       15    13  50    1.69   327.9   10.4      19.682
2012   11       15    14   0    1.69   327.8   10.5      19.691
2012   11       15    14   9    1.69   327.7   10.5      19.702
2012   11       15    14  19    1.70   327.7   10.5      19.713
2012   11       15    14  29    1.70   327.6   10.5      19.724
2012   11       15    14  38    1.70   327.5   10.6      19.736
2012   11       15    14  48    1.71   327.4   10.6      19.749
2012   11       15    14  58    1.71   327.3   10.6      19.762
2012   11       15    15   7    1.72   327.3   10.6      19.776
2012   11       15    15  17    1.72   327.2   10.7      19.791
2012   11       15    15  27    1.73   327.1   10.7      19.807
2012   11       15    15  37    1.73   327.0   10.7      19.825
2012   11       15    15  46    1.74   327.0   10.8      19.844
2012   11       15    15  56    1.74   326.9   10.8      19.865
2012   11       15    16   6    1.75   326.8   10.8      19.888
2012   11       15    16  16    1.75   326.8   10.9      19.914
2012   11       15    16  26    1.76   326.7   10.9      19.941
2012   11       15    16  35    1.76   326.6   10.9      19.970
2012   11       15    16  45    1.77   326.6   11.0      20.001
2012   11       15    16  55    1.78   326.5   11.0      20.034
2012   11       15    17   5    1.78   326.5   11.1      20.070
2012   11       15    17  15    1.79   326.4   11.1      20.106
2012   11       15    17  25    1.80   326.4   11.2      20.146
2012   11       15    17  35    1.80   326.4   11.2      20.187
2012   11       15    17  45    1.81   326.3   11.3      20.232
2012   11       15    17  55    1.82   326.3   11.3      20.282
2012   11       15    18   5    1.83   326.3   11.4      20.336
2012   11       15    18  14    1.83   326.3   11.4      20.393
2012   11       15    18  24    1.84   326.3   11.5      20.453
2012   11       15    18  34    1.85   326.3   11.5      20.515
2012   11       15    18  44    1.86   326.4   11.6      20.579
2012   11       15    18  54    1.87   326.4   11.7      20.644
2012   11       15    19   4    1.87   326.4   11.7      20.710
2012   11       15    19  14    1.88   326.5   11.8      20.776
2012   11       15    19  23    1.89   326.5   11.8      20.843
2012   11       15    19  33    1.90   326.5   11.8      20.909
2012   11       15    19  43    1.90   326.5   11.9      20.974
2012   11       15    19  52    1.91   326.6   11.9      21.038
2012   11       15    20   2    1.92   326.6   12.0      21.100
2012   11       15    20  12    1.92   326.6   12.0      21.161
2012   11       15    20  22    1.93   326.7   12.1      21.221
2012   11       15    20  31    1.94   326.7   12.1      21.280
2012   11       15    20  41    1.95   326.7   12.1      21.339
2012   11       15    20  50    1.95   326.8   12.2      21.397
2012   11       15    21   0    1.96   326.8   12.2      21.455
2012   11       15    21  10    1.97   326.8   12.3      21.512
2012   11       15    21  19    1.97   326.9   12.3      21.570
2012   11       15    21  29    1.98   326.9   12.4      21.627
2012   11       15    21  38    1.99   326.9   12.4      21.685
2012   11       15    21  48    1.99   327.0   12.5      21.742
2012   11       15    21  58    2.00   327.0   12.5      21.801
2012   11       15    22   7    2.01   327.1   12.5      21.860
2012   11       15    22  17    2.02   327.1   12.6      21.920
2012   11       15    22  27    2.02   327.1   12.6      21.980
2012   11       15    22  36    2.03   327.2   12.7      22.044
2012   11       15    22  46    2.04   327.2   12.8      22.109
2012   11       15    22  56    2.05   327.3   12.8      22.177
2012   11       15    23   6    2.06   327.4   12.9      22.248
2012   11       15    23  15    2.07   327.4   12.9      22.322
2012   11       15    23  25    2.07   327.5   13.0      22.398
2012   11       15    23  35    2.08   327.6   13.1      22.478
2012   11       15    23  45    2.09   327.7   13.1      22.559
2012   11       15    23  55    2.10   327.8   13.2      22.644
2012   11       16     0   5    2.11   327.9   13.3      22.732
2012   11       16     0  15    2.12   328.0   13.3      22.823
2012   11       16     0  24    2.13   328.1   13.4      22.916
2012   11       16     0  34    2.14   328.2   13.5      23.011
2012   11       16     0  44    2.15   328.3   13.6      23.108
2012   11       16     0  54    2.16   328.4   13.7      23.215
2012   11       16     1   4    2.17   328.6   13.8      23.330
2012   11       16     1  14    2.18   328.8   13.9      23.455
2012   11       16     1  24    2.20   329.0   14.0      23.587
2012   11       16     1  34    2.21   329.2   14.1      23.727
2012   11       16     1  44    2.22   329.4   14.2      23.870
2012   11       16     1  54    2.23   329.7   14.3      24.017
2012   11       16     2   3    2.24   329.9   14.3      24.163
2012   11       16     2  13    2.25   330.1   14.4      24.311
2012   11       16     2  23    2.26   330.4   14.5      24.459
2012   11       16     2  33    2.27   330.7   14.6      24.607
2012   11       16     2  43    2.28   330.9   14.6      24.749
2012   11       16     2  52    2.29   331.1   14.7      24.886
2012   11       16     3   2    2.30   331.4   14.7      25.017
2012   11       16     3  12    2.31   331.6   14.8      25.143
2012   11       16     3  22    2.32   331.9   14.8      25.263
2012   11       16     3  31    2.33   332.1   14.9      25.378
2012   11       16     3  41    2.34   332.3   14.9      25.489
2012   11       16     3  51    2.34   332.6   14.9      25.596
2012   11       16     4   0    2.35   332.8   15.0      25.698
2012   11       16     4  10    2.36   333.0   15.0      25.798
2012   11       16     4  19    2.37   333.2   15.0      25.894
2012   11       16     4  29    2.37   333.5   15.1      25.987
2012   11       16     4  38    2.38   333.7   15.1      26.078
2012   11       16     4  48    2.39   333.9   15.1      26.168
2012   11       16     4  58    2.39   334.1   15.1      26.255
2012   11       16     5   7    2.40   334.4   15.2      26.341
2012   11       16     5  17    2.40   334.6   15.2      26.426
2012   11       16     5  27    2.41   334.8   15.2      26.510
2012   11       16     5  36    2.42   335.0   15.2      26.593
2012   11       16     5  46    2.42   335.2   15.3      26.677
2012   11       16     5  56    2.43   335.5   15.3      26.761
2012   11       16     6   6    2.43   335.7   15.3      26.847
2012   11       16     6  15    2.44   335.9   15.4      26.934
2012   11       16     6  25    2.45   336.2   15.4      27.023
2012   11       16     6  35    2.45   336.4   15.4      27.113
2012   11       16     6  45    2.46   336.6   15.4      27.205
2012   11       16     6  54    2.46   336.9   15.5      27.299
2012   11       16     7   4    2.47   337.1   15.5      27.396
2012   11       16     7  14    2.48   337.4   15.6      27.495
2012   11       16     7  24    2.48   337.6   15.6      27.596
2012   11       16     7  34    2.49   337.9   15.6      27.700
2012   11       16     7  44    2.50   338.1   15.7      27.804
2012   11       16     7  54    2.50   338.4   15.7      27.910
2012   11       16     8   4    2.51   338.7   15.8      28.017
2012   11       16     8  14    2.52   339.0   15.8      28.131
2012   11       16     8  24    2.53   339.3   15.9      28.253
2012   11       16     8  33    2.53   339.6   16.0      28.381
2012   11       16     8  43    2.54   339.9   16.0      28.515
2012   11       16     8  53    2.55   340.2   16.1      28.655
2012   11       16     9   3    2.56   340.6   16.1      28.805
2012   11       16     9  13    2.56   340.9   16.2      28.959
2012   11       16     9  23    2.57   341.3   16.3      29.117
2012   11       16     9  33    2.58   341.7   16.3      29.279
2012   11       16     9  43    2.59   342.1   16.4      29.444
2012   11       16     9  52    2.60   342.5   16.4      29.607
2012   11       16    10   2    2.60   342.9   16.5      29.766
2012   11       16    10  12    2.61   343.4   16.5      29.919
2012   11       16    10  22    2.62   343.8   16.5      30.070
2012   11       16    10  31    2.62   344.2   16.6      30.212
2012   11       16    10  41    2.63   344.7   16.6      30.347
2012   11       16    10  51    2.63   345.1   16.6      30.475
2012   11       16    11   0    2.64   345.5   16.6      30.598
2012   11       16    11  10    2.64   345.9   16.6      30.714
2012   11       16    11  19    2.64   346.3   16.6      30.827
2012   11       16    11  29    2.65   346.7   16.6      30.933
2012   11       16    11  39    2.65   347.0   16.5      31.038
2012   11       16    11  48    2.65   347.4   16.5      31.138
2012   11       16    11  58    2.65   347.8   16.5      31.238
2012   11       16    12   7    2.66   348.2   16.5      31.335
2012   11       16    12  17    2.66   348.5   16.5      31.432
2012   11       16    12  27    2.66   348.9   16.5      31.527
2012   11       16    12  36    2.66   349.3   16.4      31.622
2012   11       16    12  46    2.66   349.6   16.4      31.717
2012   11       16    12  56    2.66   350.0   16.4      31.813
2012   11       16    13   5    2.67   350.4   16.4      31.909
2012   11       16    13  15    2.67   350.7   16.3      32.005
2012   11       16    13  25    2.67   351.1   16.3      32.101
2012   11       16    13  35    2.67   351.5   16.3      32.199
2012   11       16    13  44    2.67   351.9   16.2      32.295
2012   11       16    13  54    2.67   352.2   16.2      32.393
2012   11       16    14   4    2.67   352.6   16.2      32.491
2012   11       16    14  14    2.67   353.0   16.2      32.589
2012   11       16    14  24    2.67   353.4   16.1      32.688
2012   11       16    14  34    2.67   353.8   16.1      32.787
2012   11       16    14  43    2.67   354.2   16.1      32.885
2012   11       16    14  53    2.68   354.6   16.1      32.983
2012   11       16    15   3    2.68   355.0   16.1      33.080
2012   11       16    15  13    2.68   355.5   16.0      33.178
2012   11       16    15  23    2.68   355.9   16.0      33.274
2012   11       16    15  33    2.68   356.3   16.0      33.369
2012   11       16    15  43    2.68   356.7   16.0      33.464
2012   11       16    15  53    2.68   357.1   15.9      33.558
2012   11       16    16   3    2.67   357.6   15.9      33.648
2012   11       16    16  13    2.67   358.0   15.9      33.742
2012   11       16    16  23    2.67   358.4   15.9      33.838
2012   11       16    16  32    2.68   358.9   15.9      33.936
2012   11       16    16  42    2.68   359.3   15.9      34.035
2012   11       16    16  52    2.68   359.8   15.9      34.136
2012   11       16    17   2    2.68   360.3   15.9      34.236
2012   11       16    17  12    2.68   360.8   15.9      34.335
2012   11       16    17  21    2.68   361.3   15.8      34.432
2012   11       16    17  31    2.68   361.8   15.8      34.528
2012   11       16    17  41    2.68   362.3   15.8      34.621
2012   11       16    17  51    2.67   362.8   15.8      34.709
2012   11       16    18   0    2.67   363.3   15.7      34.793
2012   11       16    18  10    2.67   363.8   15.7      34.873
2012   11       16    18  20    2.67   364.4   15.7      34.948
2012   11       16    18  29    2.67   364.9   15.6      35.021
2012   11       16    18  39    2.66   365.4   15.6      35.091
2012   11       16    18  48    2.66   365.9   15.5      35.158
2012   11       16    18  58    2.66   366.4   15.5      35.224
2012   11       16    19   8    2.65   366.9   15.4      35.288
2012   11       16    19  17    2.65   367.4   15.4      35.351
2012   11       16    19  27    2.65   367.8   15.3      35.413
2012   11       16    19  36    2.64   368.3   15.3      35.474
2012   11       16    19  46    2.64   368.8   15.2      35.533
2012   11       16    19  56    2.63   369.3   15.1      35.590
2012   11       16    20   5    2.63   369.8   15.1      35.646
2012   11       16    20  15    2.62   370.2   15.0      35.700
2012   11       16    20  25    2.62   370.7   14.9      35.752
2012   11       16    20  34    2.61   371.2   14.8      35.802
2012   11       16    20  44    2.61   371.6   14.8      35.849
2012   11       16    20  54    2.60   372.1   14.7      35.893
2012   11       16    21   4    2.59   372.6   14.6      35.935
2012   11       16    21  14    2.59   373.0   14.5      35.973
2012   11       16    21  23    2.58   373.5   14.4      36.007
2012   11       16    21  33    2.57   374.0   14.3      36.036
2012   11       16    21  43    2.56   374.5   14.2      36.062
2012   11       16    21  53    2.55   374.9   14.1      36.082
2012   11       16    22   3    2.55   375.4   14.0      36.091
2012   11       16    22  13    2.54   375.9   13.9      36.090
2012   11       16    22  23    2.53   376.3   13.8      36.080
2012   11       16    22  33    2.52   376.8   13.7      36.061
2012   11       16    22  42    2.51   377.2   13.6      36.034
2012   11       16    22  52    2.50   377.6   13.5      36.001
2012   11       16    23   2    2.48   378.1   13.4      35.965
2012   11       16    23  12    2.47   378.5   13.2      35.924
2012   11       16    23  22    2.46   378.9   13.1      35.878
2012   11       16    23  32    2.45   379.3   13.0      35.830
2012   11       16    23  42    2.44   379.7   12.9      35.783
2012   11       16    23  52    2.43   380.2   12.8      35.737
2012   11       17     0   2    2.42   380.6   12.8      35.692
