year    month   day   hour  minute  B_enl V_enl   n_enl       T_enl
[year] [month] [day] [hour][minute] [nT]  [km/s]  [cm-3]      [kK]
2012   11       10     0   5    1.90   337.1   10.6      21.401
2012   11       10     0  15    1.89   337.1   10.6      21.369
2012   11       10     0  25    1.89   337.2   10.6      21.336
2012   11       10     0  36    1.89   337.2   10.6      21.304
2012   11       10     0  46    1.88   337.2   10.6      21.271
2012   11       10     0  56    1.88   337.2   10.5      21.239
2012   11       10     1   7    1.88   337.2   10.5      21.206
2012   11       10     1  17    1.87   337.2   10.5      21.174
2012   11       10     1  27    1.87   337.2   10.5      21.142
2012   11       10     1  38    1.87   337.2   10.5      21.110
2012   11       10     1  48    1.86   337.2   10.4      21.079
2012   11       10     1  58    1.86   337.2   10.4      21.047
2012   11       10     2   8    1.86   337.2   10.4      21.016
2012   11       10     2  19    1.85   337.2   10.4      20.984
2012   11       10     2  29    1.85   337.2   10.4      20.953
2012   11       10     2  39    1.85   337.2   10.3      20.922
2012   11       10     2  50    1.84   337.2   10.3      20.891
2012   11       10     3   0    1.84   337.2   10.3      20.860
2012   11       10     3  10    1.84   337.2   10.3      20.829
2012   11       10     3  21    1.84   337.2   10.3      20.798
2012   11       10     3  31    1.83   337.2   10.3      20.768
2012   11       10     3  41    1.83   337.2   10.2      20.738
2012   11       10     3  51    1.83   337.1   10.2      20.708
2012   11       10     4   2    1.82   337.1   10.2      20.679
2012   11       10     4  12    1.82   337.1   10.2      20.651
2012   11       10     4  22    1.82   337.1   10.2      20.623
2012   11       10     4  33    1.82   337.1   10.2      20.596
2012   11       10     4  43    1.81   337.0   10.2      20.570
2012   11       10     4  53    1.81   337.0   10.1      20.545
2012   11       10     5   4    1.81   337.0   10.1      20.520
2012   11       10     5  14    1.81   336.9   10.1      20.496
2012   11       10     5  24    1.80   336.9   10.1      20.473
2012   11       10     5  34    1.80   336.9   10.1      20.450
2012   11       10     5  45    1.80   336.9   10.1      20.428
2012   11       10     5  55    1.80   336.8   10.1      20.406
2012   11       10     6   5    1.80   336.8   10.1      20.384
2012   11       10     6  16    1.79   336.8   10.1      20.363
2012   11       10     6  26    1.79   336.7   10.1      20.342
2012   11       10     6  36    1.79   336.7   10.0      20.321
2012   11       10     6  47    1.79   336.7   10.0      20.300
2012   11       10     6  57    1.79   336.6   10.0      20.279
2012   11       10     7   7    1.78   336.6   10.0      20.258
2012   11       10     7  18    1.78   336.5   10.0      20.237
2012   11       10     7  28    1.78   336.5   10.0      20.215
2012   11       10     7  38    1.78   336.5   10.0      20.194
2012   11       10     7  49    1.78   336.4   10.0      20.172
2012   11       10     7  59    1.77   336.4   10.0      20.150
2012   11       10     8   9    1.77   336.4   10.0      20.129
2012   11       10     8  20    1.77   336.3   10.0      20.107
2012   11       10     8  30    1.77   336.3    9.9      20.085
2012   11       10     8  40    1.77   336.2    9.9      20.063
2012   11       10     8  50    1.77   336.2    9.9      20.040
2012   11       10     9   1    1.76   336.2    9.9      20.018
2012   11       10     9  11    1.76   336.1    9.9      19.996
2012   11       10     9  21    1.76   336.1    9.9      19.974
2012   11       10     9  32    1.76   336.0    9.9      19.951
2012   11       10     9  42    1.76   336.0    9.9      19.929
2012   11       10     9  52    1.75   336.0    9.9      19.907
2012   11       10    10   3    1.75   335.9    9.9      19.885
2012   11       10    10  13    1.75   335.9    9.8      19.862
2012   11       10    10  23    1.75   335.8    9.8      19.840
2012   11       10    10  34    1.75   335.8    9.8      19.818
2012   11       10    10  44    1.75   335.7    9.8      19.796
2012   11       10    10  54    1.75   335.7    9.8      19.775
2012   11       10    11   4    1.74   335.6    9.8      19.753
2012   11       10    11  15    1.74   335.6    9.8      19.732
2012   11       10    11  25    1.74   335.5    9.8      19.710
2012   11       10    11  35    1.74   335.5    9.8      19.689
2012   11       10    11  46    1.74   335.4    9.8      19.669
2012   11       10    11  56    1.74   335.4    9.8      19.648
2012   11       10    12   6    1.73   335.3    9.8      19.628
2012   11       10    12  16    1.73   335.3    9.8      19.608
2012   11       10    12  27    1.73   335.2    9.7      19.589
2012   11       10    12  37    1.73   335.2    9.7      19.569
2012   11       10    12  47    1.73   335.1    9.7      19.551
2012   11       10    12  58    1.73   335.1    9.7      19.532
2012   11       10    13   8    1.73   335.0    9.7      19.514
2012   11       10    13  18    1.73   334.9    9.7      19.496
2012   11       10    13  29    1.73   334.9    9.7      19.479
2012   11       10    13  39    1.72   334.8    9.7      19.462
2012   11       10    13  49    1.72   334.8    9.7      19.445
2012   11       10    14   0    1.72   334.7    9.7      19.428
2012   11       10    14  10    1.72   334.6    9.7      19.412
2012   11       10    14  20    1.72   334.6    9.7      19.396
2012   11       10    14  31    1.72   334.5    9.7      19.381
2012   11       10    14  41    1.72   334.5    9.7      19.365
2012   11       10    14  51    1.72   334.4    9.7      19.350
2012   11       10    15   2    1.72   334.3    9.7      19.335
2012   11       10    15  12    1.72   334.3    9.7      19.320
2012   11       10    15  22    1.71   334.2    9.7      19.305
2012   11       10    15  33    1.71   334.2    9.7      19.291
2012   11       10    15  43    1.71   334.1    9.7      19.276
2012   11       10    15  53    1.71   334.0    9.7      19.261
2012   11       10    16   3    1.71   334.0    9.7      19.247
2012   11       10    16  14    1.71   333.9    9.7      19.232
2012   11       10    16  24    1.71   333.8    9.7      19.217
2012   11       10    16  34    1.71   333.8    9.7      19.203
2012   11       10    16  45    1.71   333.7    9.7      19.188
2012   11       10    16  55    1.71   333.6    9.7      19.173
2012   11       10    17   5    1.71   333.6    9.6      19.158
2012   11       10    17  16    1.71   333.5    9.6      19.143
2012   11       10    17  26    1.71   333.4    9.6      19.128
2012   11       10    17  36    1.70   333.4    9.6      19.113
2012   11       10    17  46    1.70   333.3    9.6      19.098
2012   11       10    17  57    1.70   333.2    9.6      19.083
2012   11       10    18   7    1.70   333.2    9.6      19.068
2012   11       10    18  17    1.70   333.1    9.6      19.053
2012   11       10    18  28    1.70   333.0    9.6      19.038
2012   11       10    18  38    1.70   333.0    9.6      19.022
2012   11       10    18  48    1.70   332.9    9.6      19.007
2012   11       10    18  59    1.70   332.8    9.6      18.992
2012   11       10    19   9    1.70   332.8    9.6      18.977
2012   11       10    19  19    1.70   332.7    9.6      18.962
2012   11       10    19  29    1.70   332.6    9.6      18.947
2012   11       10    19  40    1.70   332.5    9.6      18.932
2012   11       10    19  50    1.70   332.5    9.6      18.918
2012   11       10    20   0    1.70   332.4    9.6      18.903
2012   11       10    20  11    1.70   332.3    9.6      18.889
2012   11       10    20  21    1.70   332.2    9.6      18.874
2012   11       10    20  31    1.69   332.2    9.6      18.860
2012   11       10    20  42    1.69   332.1    9.6      18.847
2012   11       10    20  52    1.69   332.0    9.6      18.833
2012   11       10    21   2    1.69   331.9    9.6      18.820
2012   11       10    21  13    1.69   331.8    9.6      18.807
2012   11       10    21  23    1.69   331.8    9.6      18.794
2012   11       10    21  33    1.69   331.7    9.6      18.781
2012   11       10    21  44    1.69   331.6    9.6      18.769
2012   11       10    21  54    1.69   331.5    9.6      18.757
2012   11       10    22   4    1.69   331.4    9.6      18.745
2012   11       10    22  15    1.69   331.4    9.6      18.733
2012   11       10    22  25    1.69   331.3    9.6      18.722
2012   11       10    22  35    1.69   331.2    9.6      18.711
2012   11       10    22  45    1.69   331.1    9.6      18.700
2012   11       10    22  56    1.69   331.0    9.6      18.689
2012   11       10    23   6    1.69   330.9    9.6      18.679
2012   11       10    23  16    1.69   330.9    9.6      18.669
2012   11       10    23  27    1.69   330.8    9.6      18.659
2012   11       10    23  37    1.69   330.7    9.6      18.649
2012   11       10    23  47    1.69   330.6    9.6      18.639
2012   11       10    23  58    1.69   330.5    9.6      18.630
2012   11       11     0   8    1.69   330.4    9.6      18.620
2012   11       11     0  18    1.69   330.4    9.6      18.611
2012   11       11     0  29    1.69   330.3    9.6      18.602
2012   11       11     0  39    1.69   330.2    9.6      18.593
2012   11       11     0  49    1.69   330.1    9.6      18.584
2012   11       11     0  59    1.69   330.0    9.6      18.575
2012   11       11     1  10    1.69   329.9    9.6      18.566
2012   11       11     1  20    1.69   329.8    9.6      18.558
2012   11       11     1  30    1.69   329.8    9.6      18.549
2012   11       11     1  41    1.69   329.7    9.7      18.541
2012   11       11     1  51    1.69   329.6    9.7      18.532
2012   11       11     2   1    1.69   329.5    9.7      18.524
2012   11       11     2  12    1.69   329.4    9.7      18.516
2012   11       11     2  22    1.69   329.3    9.7      18.509
2012   11       11     2  32    1.69   329.2    9.7      18.501
2012   11       11     2  42    1.70   329.2    9.7      18.493
2012   11       11     2  53    1.70   329.1    9.7      18.486
2012   11       11     3   3    1.70   329.0    9.7      18.478
2012   11       11     3  13    1.70   328.9    9.7      18.471
2012   11       11     3  24    1.70   328.8    9.7      18.464
2012   11       11     3  34    1.70   328.7    9.7      18.457
2012   11       11     3  44    1.70   328.6    9.7      18.450
2012   11       11     3  55    1.70   328.6    9.7      18.444
2012   11       11     4   5    1.70   328.5    9.7      18.437
2012   11       11     4  15    1.70   328.4    9.7      18.431
2012   11       11     4  26    1.70   328.3    9.7      18.424
2012   11       11     4  36    1.70   328.2    9.7      18.418
2012   11       11     4  46    1.70   328.1    9.7      18.412
2012   11       11     4  57    1.70   328.0    9.8      18.406
2012   11       11     5   7    1.71   327.9    9.8      18.401
2012   11       11     5  17    1.71   327.8    9.8      18.395
2012   11       11     5  28    1.71   327.7    9.8      18.390
2012   11       11     5  38    1.71   327.6    9.8      18.386
2012   11       11     5  48    1.71   327.5    9.8      18.381
2012   11       11     5  58    1.71   327.4    9.8      18.377
2012   11       11     6   9    1.71   327.4    9.8      18.373
2012   11       11     6  19    1.71   327.3    9.8      18.369
2012   11       11     6  29    1.71   327.2    9.8      18.366
2012   11       11     6  40    1.72   327.1    9.8      18.364
2012   11       11     6  50    1.72   327.0    9.8      18.362
2012   11       11     7   0    1.72   326.9    9.9      18.361
2012   11       11     7  11    1.72   326.8    9.9      18.360
2012   11       11     7  21    1.72   326.7    9.9      18.360
2012   11       11     7  31    1.72   326.6    9.9      18.360
2012   11       11     7  42    1.72   326.5    9.9      18.361
2012   11       11     7  52    1.73   326.4    9.9      18.362
2012   11       11     8   2    1.73   326.3    9.9      18.363
2012   11       11     8  12    1.73   326.3    9.9      18.365
2012   11       11     8  23    1.73   326.2   10.0      18.368
2012   11       11     8  33    1.73   326.1   10.0      18.370
2012   11       11     8  43    1.73   326.0   10.0      18.374
2012   11       11     8  54    1.74   325.9   10.0      18.377
2012   11       11     9   4    1.74   325.8   10.0      18.381
2012   11       11     9  14    1.74   325.8   10.0      18.385
2012   11       11     9  24    1.74   325.7   10.0      18.390
2012   11       11     9  33    1.74   325.6   10.1      18.395
2012   11       11     9  43    1.75   325.5   10.1      18.400
2012   11       11     9  52    1.75   325.5   10.1      18.406
2012   11       11    10   1    1.75   325.4   10.1      18.412
2012   11       11    10  10    1.75   325.3   10.1      18.419
2012   11       11    10  19    1.75   325.3   10.1      18.426
2012   11       11    10  28    1.76   325.2   10.1      18.433
2012   11       11    10  37    1.76   325.1   10.2      18.440
2012   11       11    10  46    1.76   325.1   10.2      18.448
2012   11       11    10  55    1.76   325.0   10.2      18.456
2012   11       11    11   4    1.77   325.0   10.2      18.464
2012   11       11    11  13    1.77   324.9   10.2      18.473
2012   11       11    11  22    1.77   324.8   10.2      18.483
2012   11       11    11  31    1.77   324.8   10.3      18.492
2012   11       11    11  40    1.78   324.7   10.3      18.502
2012   11       11    11  49    1.78   324.7   10.3      18.512
2012   11       11    11  58    1.78   324.6   10.3      18.523
2012   11       11    12   7    1.78   324.5   10.3      18.535
2012   11       11    12  16    1.79   324.5   10.4      18.547
2012   11       11    12  25    1.79   324.4   10.4      18.560
2012   11       11    12  34    1.79   324.4   10.4      18.573
2012   11       11    12  43    1.80   324.3   10.4      18.588
2012   11       11    12  51    1.80   324.3   10.4      18.603
2012   11       11    13   0    1.80   324.3   10.5      18.619
2012   11       11    13   9    1.80   324.2   10.5      18.635
2012   11       11    13  18    1.81   324.2   10.5      18.652
2012   11       11    13  27    1.81   324.1   10.5      18.670
2012   11       11    13  36    1.81   324.1   10.6      18.688
2012   11       11    13  45    1.82   324.1   10.6      18.708
2012   11       11    13  55    1.82   324.0   10.6      18.728
2012   11       11    14   4    1.82   324.0   10.6      18.749
2012   11       11    14  13    1.83   324.0   10.6      18.770
2012   11       11    14  22    1.83   323.9   10.7      18.792
2012   11       11    14  31    1.83   323.9   10.7      18.814
2012   11       11    14  40    1.83   323.9   10.7      18.836
2012   11       11    14  49    1.84   323.9   10.7      18.859
2012   11       11    14  58    1.84   323.9   10.7      18.882
2012   11       11    15   7    1.84   323.8   10.8      18.905
2012   11       11    15  16    1.85   323.8   10.8      18.929
2012   11       11    15  25    1.85   323.8   10.8      18.952
2012   11       11    15  34    1.85   323.8   10.8      18.976
2012   11       11    15  43    1.86   323.8   10.8      18.999
2012   11       11    15  52    1.86   323.7   10.9      19.022
2012   11       11    16   1    1.86   323.7   10.9      19.045
2012   11       11    16  10    1.87   323.7   10.9      19.068
2012   11       11    16  19    1.87   323.7   10.9      19.091
2012   11       11    16  28    1.87   323.7   11.0      19.114
2012   11       11    16  37    1.87   323.7   11.0      19.137
2012   11       11    16  46    1.88   323.6   11.0      19.160
2012   11       11    16  55    1.88   323.6   11.0      19.183
2012   11       11    17   4    1.88   323.6   11.0      19.205
2012   11       11    17  13    1.89   323.6   11.1      19.228
2012   11       11    17  22    1.89   323.6   11.1      19.252
2012   11       11    17  31    1.90   323.6   11.1      19.275
2012   11       11    17  41    1.90   323.6   11.1      19.298
2012   11       11    17  50    1.90   323.6   11.2      19.322
2012   11       11    17  59    1.91   323.6   11.2      19.347
2012   11       11    18   8    1.91   323.5   11.2      19.371
2012   11       11    18  17    1.91   323.5   11.2      19.396
2012   11       11    18  27    1.92   323.5   11.3      19.422
2012   11       11    18  36    1.92   323.5   11.3      19.448
2012   11       11    18  45    1.93   323.5   11.3      19.476
2012   11       11    18  55    1.93   323.6   11.4      19.506
2012   11       11    19   4    1.94   323.6   11.4      19.537
2012   11       11    19  14    1.94   323.6   11.4      19.570
2012   11       11    19  23    1.94   323.6   11.5      19.604
2012   11       11    19  32    1.95   323.6   11.5      19.640
2012   11       11    19  42    1.95   323.7   11.5      19.677
2012   11       11    19  51    1.96   323.7   11.6      19.716
2012   11       11    20   1    1.96   323.7   11.6      19.757
2012   11       11    20  11    1.97   323.8   11.6      19.798
2012   11       11    20  20    1.97   323.8   11.6      19.840
2012   11       11    20  30    1.98   323.9   11.7      19.882
2012   11       11    20  39    1.98   323.9   11.7      19.925
2012   11       11    20  49    1.98   324.0   11.7      19.967
2012   11       11    20  59    1.99   324.0   11.8      20.010
2012   11       11    21   8    1.99   324.1   11.8      20.052
2012   11       11    21  18    2.00   324.1   11.8      20.095
2012   11       11    21  28    2.00   324.2   11.8      20.136
2012   11       11    21  37    2.00   324.3   11.9      20.178
2012   11       11    21  47    2.01   324.3   11.9      20.219
2012   11       11    21  57    2.01   324.4   11.9      20.260
2012   11       11    22   7    2.02   324.4   11.9      20.300
2012   11       11    22  17    2.02   324.5   11.9      20.340
2012   11       11    22  26    2.02   324.6   12.0      20.380
2012   11       11    22  36    2.03   324.6   12.0      20.419
2012   11       11    22  46    2.03   324.7   12.0      20.458
2012   11       11    22  56    2.03   324.8   12.0      20.496
2012   11       11    23   6    2.04   324.9   12.1      20.534
2012   11       11    23  16    2.04   324.9   12.1      20.571
2012   11       11    23  26    2.05   325.0   12.1      20.608
2012   11       11    23  35    2.05   325.1   12.1      20.644
2012   11       11    23  45    2.05   325.1   12.1      20.680
2012   11       11    23  55    2.06   325.2   12.1      20.715
2012   11       12     0   5    2.06   325.3   12.2      20.750
2012   11       12     0  15    2.06   325.3   12.2      20.785
2012   11       12     0  25    2.07   325.4   12.2      20.819
2012   11       12     0  36    2.07   325.5   12.2      20.854
2012   11       12     0  46    2.07   325.5   12.2      20.888
2012   11       12     0  56    2.08   325.6   12.3      20.922
2012   11       12     1   6    2.08   325.7   12.3      20.956
2012   11       12     1  16    2.09   325.7   12.3      20.991
2012   11       12     1  26    2.09   325.8   12.3      21.025
2012   11       12     1  36    2.09   325.9   12.4      21.060
2012   11       12     1  47    2.10   326.0   12.4      21.096
2012   11       12     1  57    2.10   326.0   12.4      21.134
2012   11       12     2   7    2.11   326.1   12.4      21.175
2012   11       12     2  18    2.11   326.2   12.5      21.217
2012   11       12     2  28    2.12   326.3   12.5      21.262
2012   11       12     2  38    2.12   326.4   12.5      21.308
2012   11       12     2  48    2.12   326.5   12.5      21.356
2012   11       12     2  59    2.13   326.6   12.6      21.406
2012   11       12     3   9    2.13   326.8   12.6      21.456
2012   11       12     3  19    2.14   326.9   12.6      21.507
2012   11       12     3  30    2.14   327.0   12.6      21.560
2012   11       12     3  40    2.15   327.2   12.7      21.611
2012   11       12     3  50    2.15   327.3   12.7      21.663
2012   11       12     4   1    2.15   327.4   12.7      21.713
2012   11       12     4  11    2.16   327.5   12.7      21.763
2012   11       12     4  21    2.16   327.7   12.7      21.811
2012   11       12     4  32    2.16   327.8   12.7      21.858
2012   11       12     4  42    2.17   327.9   12.8      21.904
2012   11       12     4  52    2.17   328.1   12.8      21.948
2012   11       12     5   2    2.17   328.2   12.8      21.991
2012   11       12     5  13    2.18   328.3   12.8      22.034
2012   11       12     5  23    2.18   328.5   12.8      22.075
2012   11       12     5  33    2.18   328.6   12.8      22.115
2012   11       12     5  44    2.18   328.7   12.8      22.154
2012   11       12     5  54    2.19   328.9   12.8      22.192
2012   11       12     6   4    2.19   329.0   12.8      22.229
2012   11       12     6  15    2.19   329.1   12.8      22.266
2012   11       12     6  25    2.19   329.2   12.8      22.302
2012   11       12     6  35    2.20   329.4   12.8      22.337
2012   11       12     6  45    2.20   329.5   12.9      22.372
2012   11       12     6  56    2.20   329.6   12.9      22.406
2012   11       12     7   6    2.20   329.7   12.9      22.439
2012   11       12     7  16    2.20   329.9   12.9      22.473
2012   11       12     7  27    2.21   330.0   12.9      22.505
2012   11       12     7  37    2.21   330.1   12.9      22.538
2012   11       12     7  47    2.21   330.2   12.9      22.570
2012   11       12     7  57    2.21   330.4   12.9      22.601
2012   11       12     8   8    2.22   330.5   12.9      22.633
2012   11       12     8  18    2.22   330.6   12.9      22.664
2012   11       12     8  28    2.22   330.7   12.9      22.696
2012   11       12     8  39    2.22   330.9   12.9      22.727
2012   11       12     8  49    2.23   331.0   12.9      22.759
2012   11       12     8  59    2.23   331.1   12.9      22.791
2012   11       12     9  10    2.23   331.2   12.9      22.824
2012   11       12     9  20    2.23   331.4   12.9      22.858
2012   11       12     9  30    2.24   331.5   13.0      22.893
2012   11       12     9  41    2.24   331.6   13.0      22.929
2012   11       12     9  51    2.24   331.8   13.0      22.966
2012   11       12    10   1    2.25   331.9   13.0      23.005
2012   11       12    10  12    2.25   332.1   13.0      23.044
2012   11       12    10  22    2.25   332.2   13.0      23.083
2012   11       12    10  32    2.25   332.4   13.0      23.125
2012   11       12    10  43    2.26   332.5   13.0      23.168
2012   11       12    10  53    2.26   332.7   13.1      23.212
2012   11       12    11   3    2.26   332.8   13.1      23.256
2012   11       12    11  13    2.26   333.0   13.1      23.300
2012   11       12    11  24    2.27   333.2   13.1      23.344
2012   11       12    11  34    2.27   333.3   13.1      23.387
2012   11       12    11  44    2.27   333.5   13.1      23.430
2012   11       12    11  55    2.27   333.7   13.1      23.472
2012   11       12    12   5    2.27   333.9   13.1      23.514
2012   11       12    12  15    2.28   334.0   13.1      23.554
2012   11       12    12  26    2.28   334.2   13.1      23.592
2012   11       12    12  36    2.28   334.4   13.1      23.630
2012   11       12    12  46    2.28   334.5   13.1      23.666
2012   11       12    12  56    2.28   334.7   13.1      23.700
2012   11       12    13   7    2.28   334.9   13.1      23.734
2012   11       12    13  17    2.28   335.0   13.1      23.767
2012   11       12    13  27    2.29   335.2   13.1      23.798
2012   11       12    13  38    2.29   335.4   13.1      23.829
2012   11       12    13  48    2.29   335.5   13.1      23.859
2012   11       12    13  58    2.29   335.7   13.1      23.888
2012   11       12    14   8    2.29   335.9   13.1      23.917
2012   11       12    14  19    2.29   336.0   13.1      23.945
2012   11       12    14  29    2.29   336.2   13.1      23.973
2012   11       12    14  39    2.29   336.4   13.1      24.000
2012   11       12    14  50    2.30   336.5   13.1      24.026
2012   11       12    15   0    2.30   336.7   13.1      24.053
2012   11       12    15  10    2.30   336.9   13.1      24.079
2012   11       12    15  21    2.30   337.0   13.1      24.104
2012   11       12    15  31    2.30   337.2   13.0      24.129
2012   11       12    15  41    2.30   337.4   13.0      24.155
2012   11       12    15  51    2.30   337.5   13.0      24.180
2012   11       12    16   2    2.30   337.7   13.0      24.206
2012   11       12    16  12    2.30   337.8   13.0      24.232
2012   11       12    16  22    2.30   338.0   13.0      24.259
2012   11       12    16  33    2.31   338.2   13.0      24.285
2012   11       12    16  43    2.31   338.3   13.0      24.312
2012   11       12    16  53    2.31   338.5   13.0      24.339
2012   11       12    17   4    2.31   338.7   13.0      24.366
2012   11       12    17  14    2.31   338.9   13.0      24.393
2012   11       12    17  24    2.31   339.0   13.0      24.421
2012   11       12    17  35    2.31   339.2   13.0      24.449
2012   11       12    17  45    2.31   339.4   13.0      24.476
2012   11       12    17  55    2.31   339.5   13.0      24.505
2012   11       12    18   6    2.32   339.7   13.0      24.534
2012   11       12    18  16    2.32   339.9   13.0      24.564
2012   11       12    18  26    2.32   340.1   13.0      24.594
2012   11       12    18  37    2.32   340.2   13.0      24.624
2012   11       12    18  47    2.32   340.4   13.0      24.654
2012   11       12    18  57    2.32   340.6   13.0      24.683
2012   11       12    19   7    2.32   340.8   13.0      24.712
2012   11       12    19  18    2.32   341.0   13.0      24.740
2012   11       12    19  28    2.32   341.2   13.0      24.768
2012   11       12    19  38    2.32   341.4   13.0      24.794
2012   11       12    19  49    2.32   341.6   13.0      24.820
2012   11       12    19  59    2.32   341.7   12.9      24.844
2012   11       12    20   9    2.32   341.9   12.9      24.867
2012   11       12    20  19    2.32   342.1   12.9      24.889
2012   11       12    20  30    2.32   342.3   12.9      24.910
2012   11       12    20  40    2.32   342.5   12.9      24.930
2012   11       12    20  50    2.32   342.7   12.9      24.950
2012   11       12    21   1    2.32   342.9   12.9      24.968
2012   11       12    21  11    2.32   343.1   12.9      24.986
2012   11       12    21  21    2.32   343.2   12.8      25.003
2012   11       12    21  32    2.32   343.4   12.8      25.020
2012   11       12    21  42    2.32   343.6   12.8      25.036
2012   11       12    21  52    2.32   343.8   12.8      25.051
2012   11       12    22   2    2.32   344.0   12.8      25.066
2012   11       12    22  13    2.32   344.2   12.8      25.080
2012   11       12    22  23    2.32   344.3   12.8      25.094
2012   11       12    22  33    2.32   344.5   12.7      25.107
2012   11       12    22  44    2.32   344.7   12.7      25.120
2012   11       12    22  54    2.32   344.9   12.7      25.132
2012   11       12    23   4    2.32   345.1   12.7      25.145
2012   11       12    23  15    2.32   345.2   12.7      25.158
2012   11       12    23  25    2.31   345.4   12.7      25.170
2012   11       12    23  35    2.31   345.6   12.6      25.183
2012   11       12    23  45    2.31   345.8   12.6      25.196
2012   11       12    23  56    2.31   346.0   12.6      25.208
2012   11       13     0   6    2.31   346.1   12.6      25.220
2012   11       13     0  16    2.31   346.3   12.6      25.232
2012   11       13     0  27    2.31   346.5   12.6      25.243
2012   11       13     0  37    2.31   346.7   12.5      25.254
2012   11       13     0  47    2.31   346.9   12.5      25.264
2012   11       13     0  58    2.31   347.1   12.5      25.274
2012   11       13     1   8    2.31   347.3   12.5      25.283
2012   11       13     1  18    2.31   347.4   12.5      25.291
2012   11       13     1  29    2.30   347.6   12.4      25.298
2012   11       13     1  39    2.30   347.8   12.4      25.305
2012   11       13     1  49    2.30   348.0   12.4      25.311
2012   11       13     2   0    2.30   348.2   12.4      25.316
2012   11       13     2  10    2.30   348.3   12.4      25.320
2012   11       13     2  20    2.30   348.5   12.3      25.324
2012   11       13     2  30    2.30   348.7   12.3      25.327
2012   11       13     2  41    2.29   348.9   12.3      25.329
2012   11       13     2  51    2.29   349.0   12.3      25.331
2012   11       13     3   1    2.29   349.2   12.3      25.332
2012   11       13     3  12    2.29   349.4   12.2      25.333
2012   11       13     3  22    2.29   349.6   12.2      25.333
2012   11       13     3  32    2.29   349.7   12.2      25.332
2012   11       13     3  43    2.28   349.9   12.2      25.331
2012   11       13     3  53    2.28   350.1   12.1      25.329
2012   11       13     4   3    2.28   350.3   12.1      25.326
2012   11       13     4  13    2.28   350.4   12.1      25.322
2012   11       13     4  24    2.27   350.6   12.1      25.318
2012   11       13     4  34    2.27   350.8   12.0      25.313
2012   11       13     4  44    2.27   350.9   12.0      25.308
2012   11       13     4  55    2.27   351.1   12.0      25.302
2012   11       13     5   5    2.27   351.2   12.0      25.295
2012   11       13     5  15    2.26   351.4   11.9      25.288
2012   11       13     5  25    2.26   351.5   11.9      25.281
2012   11       13     5  36    2.26   351.7   11.9      25.274
2012   11       13     5  46    2.26   351.8   11.9      25.266
2012   11       13     5  56    2.25   352.0   11.8      25.258
2012   11       13     6   7    2.25   352.1   11.8      25.251
2012   11       13     6  17    2.25   352.3   11.8      25.243
2012   11       13     6  27    2.25   352.4   11.8      25.234
2012   11       13     6  38    2.25   352.6   11.7      25.225
2012   11       13     6  48    2.24   352.7   11.7      25.216
2012   11       13     6  58    2.24   352.9   11.7      25.207
2012   11       13     7   9    2.24   353.0   11.7      25.197
2012   11       13     7  19    2.24   353.2   11.6      25.186
2012   11       13     7  29    2.23   353.3   11.6      25.175
2012   11       13     7  39    2.23   353.4   11.6      25.164
2012   11       13     7  50    2.23   353.6   11.5      25.152
2012   11       13     8   0    2.22   353.7   11.5      25.140
2012   11       13     8  10    2.22   353.9   11.5      25.127
2012   11       13     8  21    2.22   354.0   11.5      25.114
2012   11       13     8  31    2.22   354.1   11.4      25.100
2012   11       13     8  41    2.21   354.3   11.4      25.086
2012   11       13     8  52    2.21   354.4   11.4      25.072
2012   11       13     9   2    2.21   354.5   11.4      25.057
2012   11       13     9  12    2.21   354.7   11.3      25.042
2012   11       13     9  23    2.20   354.8   11.3      25.026
2012   11       13     9  33    2.20   354.9   11.3      25.010
2012   11       13     9  43    2.20   355.1   11.3      24.994
2012   11       13     9  53    2.19   355.2   11.2      24.978
2012   11       13    10   4    2.19   355.3   11.2      24.962
2012   11       13    10  14    2.19   355.5   11.2      24.945
2012   11       13    10  24    2.19   355.6   11.2      24.928
2012   11       13    10  35    2.18   355.7   11.1      24.911
2012   11       13    10  45    2.18   355.8   11.1      24.893
2012   11       13    10  55    2.18   356.0   11.1      24.875
2012   11       13    11   5    2.17   356.1   11.1      24.857
2012   11       13    11  16    2.17   356.2   11.0      24.838
2012   11       13    11  26    2.17   356.3   11.0      24.819
2012   11       13    11  36    2.17   356.4   11.0      24.799
2012   11       13    11  47    2.16   356.5   11.0      24.779
2012   11       13    11  57    2.16   356.7   10.9      24.759
2012   11       13    12   7    2.16   356.8   10.9      24.738
2012   11       13    12  18    2.15   356.9   10.9      24.718
2012   11       13    12  28    2.15   357.0   10.9      24.697
2012   11       13    12  38    2.15   357.0   10.8      24.677
2012   11       13    12  48    2.14   357.1   10.8      24.658
2012   11       13    12  59    2.14   357.2   10.8      24.638
2012   11       13    13   9    2.14   357.3   10.8      24.619
2012   11       13    13  19    2.14   357.4   10.8      24.601
2012   11       13    13  30    2.13   357.5   10.7      24.583
2012   11       13    13  40    2.13   357.6   10.7      24.566
2012   11       13    13  50    2.13   357.7   10.7      24.549
2012   11       13    14   1    2.12   357.8   10.7      24.532
2012   11       13    14  11    2.12   357.9   10.7      24.516
2012   11       13    14  21    2.12   357.9   10.6      24.499
2012   11       13    14  32    2.12   358.0   10.6      24.483
2012   11       13    14  42    2.11   358.1   10.6      24.466
2012   11       13    14  52    2.11   358.2   10.6      24.450
2012   11       13    15   2    2.11   358.3   10.6      24.433
2012   11       13    15  13    2.11   358.4   10.5      24.415
2012   11       13    15  23    2.10   358.5   10.5      24.398
2012   11       13    15  33    2.10   358.5   10.5      24.380
2012   11       13    15  44    2.10   358.6   10.5      24.362
2012   11       13    15  54    2.09   358.7   10.5      24.343
2012   11       13    16   4    2.09   358.8   10.4      24.325
2012   11       13    16  15    2.09   358.9   10.4      24.306
2012   11       13    16  25    2.09   358.9   10.4      24.287
2012   11       13    16  35    2.08   359.0   10.4      24.267
2012   11       13    16  46    2.08   359.1   10.4      24.248
2012   11       13    16  56    2.08   359.2   10.3      24.228
2012   11       13    17   6    2.08   359.2   10.3      24.208
2012   11       13    17  16    2.07   359.3   10.3      24.189
2012   11       13    17  27    2.07   359.4   10.3      24.169
2012   11       13    17  37    2.07   359.4   10.3      24.149
2012   11       13    17  47    2.07   359.5   10.2      24.128
2012   11       13    17  58    2.06   359.6   10.2      24.108
2012   11       13    18   8    2.06   359.6   10.2      24.087
2012   11       13    18  18    2.06   359.7   10.2      24.067
2012   11       13    18  28    2.05   359.8   10.2      24.046
2012   11       13    18  39    2.05   359.8   10.1      24.025
2012   11       13    18  49    2.05   359.9   10.1      24.004
2012   11       13    18  59    2.05   360.0   10.1      23.983
2012   11       13    19  10    2.04   360.0   10.1      23.962
2012   11       13    19  20    2.04   360.1   10.1      23.941
2012   11       13    19  30    2.04   360.1   10.1      23.921
2012   11       13    19  40    2.04   360.2   10.0      23.900
2012   11       13    19  51    2.03   360.2   10.0      23.880
2012   11       13    20   1    2.03   360.3   10.0      23.860
2012   11       13    20  11    2.03   360.3   10.0      23.840
2012   11       13    20  22    2.03   360.4   10.0      23.821
2012   11       13    20  32    2.02   360.4   10.0      23.802
2012   11       13    20  42    2.02   360.5    9.9      23.784
2012   11       13    20  53    2.02   360.5    9.9      23.765
2012   11       13    21   3    2.02   360.5    9.9      23.748
2012   11       13    21  13    2.02   360.6    9.9      23.731
2012   11       13    21  24    2.01   360.6    9.9      23.715
2012   11       13    21  34    2.01   360.7    9.9      23.698
2012   11       13    21  44    2.01   360.7    9.9      23.683
2012   11       13    21  54    2.01   360.7    9.8      23.667
2012   11       13    22   5    2.00   360.8    9.8      23.652
2012   11       13    22  15    2.00   360.8    9.8      23.636
2012   11       13    22  25    2.00   360.8    9.8      23.621
2012   11       13    22  36    2.00   360.9    9.8      23.605
2012   11       13    22  46    2.00   360.9    9.8      23.589
2012   11       13    22  56    1.99   360.9    9.8      23.574
2012   11       13    23   7    1.99   361.0    9.7      23.558
2012   11       13    23  17    1.99   361.0    9.7      23.541
2012   11       13    23  27    1.99   361.0    9.7      23.525
2012   11       13    23  38    1.99   361.1    9.7      23.508
2012   11       13    23  48    1.98   361.1    9.7      23.492
2012   11       13    23  58    1.98   361.1    9.7      23.475
2012   11       14     0   8    1.98   361.1    9.7      23.458
2012   11       14     0  19    1.98   361.2    9.7      23.441
2012   11       14     0  29    1.98   361.2    9.6      23.424
2012   11       14     0  39    1.97   361.2    9.6      23.407
2012   11       14     0  50    1.97   361.2    9.6      23.390
2012   11       14     1   0    1.97   361.3    9.6      23.373
2012   11       14     1  10    1.97   361.3    9.6      23.356
2012   11       14     1  21    1.97   361.3    9.6      23.338
2012   11       14     1  31    1.96   361.3    9.6      23.321
2012   11       14     1  41    1.96   361.3    9.6      23.304
2012   11       14     1  51    1.96   361.4    9.5      23.287
2012   11       14     2   2    1.96   361.4    9.5      23.270
2012   11       14     2  12    1.96   361.4    9.5      23.253
2012   11       14     2  22    1.95   361.4    9.5      23.236
2012   11       14     2  33    1.95   361.4    9.5      23.219
2012   11       14     2  43    1.95   361.4    9.5      23.202
2012   11       14     2  53    1.95   361.5    9.5      23.185
2012   11       14     3   3    1.95   361.5    9.5      23.168
2012   11       14     3  14    1.94   361.5    9.5      23.151
2012   11       14     3  24    1.94   361.5    9.4      23.134
2012   11       14     3  34    1.94   361.5    9.4      23.118
2012   11       14     3  45    1.94   361.5    9.4      23.101
2012   11       14     3  55    1.94   361.5    9.4      23.085
2012   11       14     4   5    1.94   361.5    9.4      23.068
2012   11       14     4  16    1.93   361.6    9.4      23.052
2012   11       14     4  26    1.93   361.6    9.4      23.035
2012   11       14     4  36    1.93   361.6    9.4      23.019
2012   11       14     4  46    1.93   361.6    9.4      23.002
2012   11       14     4  57    1.93   361.6    9.3      22.986
2012   11       14     5   7    1.92   361.6    9.3      22.969
2012   11       14     5  17    1.92   361.6    9.3      22.953
2012   11       14     5  28    1.92   361.6    9.3      22.937
2012   11       14     5  38    1.92   361.6    9.3      22.920
2012   11       14     5  48    1.92   361.6    9.3      22.904
2012   11       14     5  59    1.92   361.6    9.3      22.888
2012   11       14     6   9    1.91   361.6    9.3      22.872
2012   11       14     6  19    1.91   361.6    9.3      22.856
2012   11       14     6  30    1.91   361.6    9.3      22.840
2012   11       14     6  40    1.91   361.6    9.2      22.825
2012   11       14     6  50    1.91   361.6    9.2      22.809
2012   11       14     7   0    1.91   361.6    9.2      22.794
2012   11       14     7  11    1.90   361.6    9.2      22.778
2012   11       14     7  21    1.90   361.5    9.2      22.763
2012   11       14     7  31    1.90   361.5    9.2      22.748
2012   11       14     7  42    1.90   361.5    9.2      22.733
2012   11       14     7  52    1.90   361.5    9.2      22.718
2012   11       14     8   2    1.90   361.5    9.2      22.704
2012   11       14     8  13    1.90   361.5    9.2      22.689
2012   11       14     8  23    1.89   361.5    9.2      22.675
2012   11       14     8  33    1.89   361.5    9.2      22.660
2012   11       14     8  43    1.89   361.5    9.1      22.646
2012   11       14     8  54    1.89   361.5    9.1      22.632
2012   11       14     9   4    1.89   361.4    9.1      22.618
2012   11       14     9  14    1.89   361.4    9.1      22.604
2012   11       14     9  25    1.89   361.4    9.1      22.590
2012   11       14     9  35    1.88   361.4    9.1      22.577
2012   11       14     9  45    1.88   361.4    9.1      22.563
2012   11       14     9  55    1.88   361.4    9.1      22.550
2012   11       14    10   6    1.88   361.4    9.1      22.537
2012   11       14    10  16    1.88   361.4    9.1      22.523
2012   11       14    10  26    1.88   361.3    9.1      22.510
2012   11       14    10  37    1.88   361.3    9.1      22.497
2012   11       14    10  47    1.87   361.3    9.1      22.484
2012   11       14    10  57    1.87   361.3    9.1      22.471
2012   11       14    11   8    1.87   361.3    9.1      22.458
2012   11       14    11  18    1.87   361.3    9.0      22.445
2012   11       14    11  28    1.87   361.2    9.0      22.432
2012   11       14    11  38    1.87   361.2    9.0      22.419
2012   11       14    11  49    1.87   361.2    9.0      22.406
2012   11       14    11  59    1.86   361.2    9.0      22.392
2012   11       14    12   9    1.86   361.2    9.0      22.379
2012   11       14    12  20    1.86   361.1    9.0      22.365
2012   11       14    12  30    1.86   361.1    9.0      22.352
2012   11       14    12  40    1.86   361.1    9.0      22.338
2012   11       14    12  51    1.86   361.1    9.0      22.324
2012   11       14    13   1    1.86   361.1    9.0      22.310
2012   11       14    13  11    1.85   361.0    9.0      22.296
2012   11       14    13  22    1.85   361.0    9.0      22.282
2012   11       14    13  32    1.85   361.0    9.0      22.268
2012   11       14    13  42    1.85   361.0    8.9      22.254
2012   11       14    13  52    1.85   360.9    8.9      22.240
2012   11       14    14   3    1.85   360.9    8.9      22.226
2012   11       14    14  13    1.85   360.9    8.9      22.212
2012   11       14    14  23    1.85   360.9    8.9      22.198
2012   11       14    14  34    1.84   360.8    8.9      22.183
2012   11       14    14  44    1.84   360.8    8.9      22.169
2012   11       14    14  54    1.84   360.8    8.9      22.155
2012   11       14    15   5    1.84   360.8    8.9      22.141
2012   11       14    15  15    1.84   360.7    8.9      22.127
2012   11       14    15  25    1.84   360.7    8.9      22.113
2012   11       14    15  35    1.84   360.7    8.9      22.099
2012   11       14    15  46    1.84   360.7    8.9      22.085
2012   11       14    15  56    1.83   360.6    8.9      22.071
2012   11       14    16   6    1.83   360.6    8.9      22.057
2012   11       14    16  17    1.83   360.6    8.8      22.043
2012   11       14    16  27    1.83   360.6    8.8      22.029
2012   11       14    16  37    1.83   360.5    8.8      22.015
2012   11       14    16  47    1.83   360.5    8.8      22.001
2012   11       14    16  58    1.83   360.5    8.8      21.987
2012   11       14    17   8    1.83   360.4    8.8      21.973
2012   11       14    17  18    1.82   360.4    8.8      21.959
2012   11       14    17  29    1.82   360.4    8.8      21.945
2012   11       14    17  39    1.82   360.3    8.8      21.932
2012   11       14    17  49    1.82   360.3    8.8      21.918
2012   11       14    17  59    1.82   360.3    8.8      21.904
2012   11       14    18  10    1.82   360.2    8.8      21.890
2012   11       14    18  20    1.82   360.2    8.8      21.876
2012   11       14    18  30    1.82   360.2    8.8      21.861
2012   11       14    18  41    1.82   360.1    8.8      21.847
2012   11       14    18  51    1.81   360.1    8.8      21.833
2012   11       14    19   1    1.81   360.1    8.8      21.819
2012   11       14    19  12    1.81   360.0    8.8      21.805
2012   11       14    19  22    1.81   360.0    8.7      21.792
2012   11       14    19  32    1.81   359.9    8.7      21.778
2012   11       14    19  43    1.81   359.9    8.7      21.764
2012   11       14    19  53    1.81   359.9    8.7      21.750
2012   11       14    20   3    1.81   359.8    8.7      21.736
2012   11       14    20  14    1.81   359.8    8.7      21.723
2012   11       14    20  24    1.80   359.7    8.7      21.709
2012   11       14    20  34    1.80   359.7    8.7      21.696
2012   11       14    20  44    1.80   359.7    8.7      21.683
2012   11       14    20  55    1.80   359.6    8.7      21.670
2012   11       14    21   5    1.80   359.6    8.7      21.657
2012   11       14    21  15    1.80   359.5    8.7      21.644
2012   11       14    21  26    1.80   359.5    8.7      21.631
2012   11       14    21  36    1.80   359.5    8.7      21.618
2012   11       14    21  46    1.80   359.4    8.7      21.605
2012   11       14    21  57    1.80   359.4    8.7      21.593
2012   11       14    22   7    1.80   359.3    8.7      21.580
2012   11       14    22  17    1.79   359.3    8.7      21.568
2012   11       14    22  27    1.79   359.3    8.7      21.555
2012   11       14    22  38    1.79   359.2    8.7      21.543
2012   11       14    22  48    1.79   359.2    8.7      21.531
2012   11       14    22  58    1.79   359.1    8.7      21.518
2012   11       14    23   9    1.79   359.1    8.6      21.506
2012   11       14    23  19    1.79   359.0    8.6      21.493
2012   11       14    23  29    1.79   359.0    8.6      21.481
2012   11       14    23  39    1.79   358.9    8.6      21.468
2012   11       14    23  50    1.79   358.9    8.6      21.456
2012   11       15     0   0    1.79   358.9    8.6      21.443
2012   11       15     0  10    1.79   358.8    8.6      21.430
2012   11       15     0  21    1.78   358.8    8.6      21.417
2012   11       15     0  31    1.78   358.7    8.6      21.405
2012   11       15     0  41    1.78   358.7    8.6      21.392
2012   11       15     0  51    1.78   358.6    8.6      21.379
2012   11       15     1   2    1.78   358.6    8.6      21.366
2012   11       15     1  12    1.78   358.5    8.6      21.353
2012   11       15     1  22    1.78   358.5    8.6      21.340
2012   11       15     1  33    1.78   358.4    8.6      21.328
2012   11       15     1  43    1.78   358.4    8.6      21.315
2012   11       15     1  53    1.78   358.3    8.6      21.302
2012   11       15     2   4    1.78   358.3    8.6      21.290
2012   11       15     2  14    1.78   358.2    8.6      21.277
2012   11       15     2  24    1.77   358.2    8.6      21.265
2012   11       15     2  35    1.77   358.1    8.6      21.253
2012   11       15     2  45    1.77   358.1    8.6      21.241
2012   11       15     2  55    1.77   358.0    8.6      21.229
2012   11       15     3   5    1.77   358.0    8.6      21.218
2012   11       15     3  16    1.77   357.9    8.6      21.207
2012   11       15     3  26    1.77   357.9    8.6      21.196
2012   11       15     3  36    1.77   357.8    8.6      21.185
2012   11       15     3  47    1.77   357.8    8.6      21.175
2012   11       15     3  57    1.77   357.7    8.6      21.165
2012   11       15     4   7    1.77   357.7    8.5      21.155
2012   11       15     4  18    1.77   357.6    8.5      21.145
2012   11       15     4  28    1.77   357.6    8.5      21.136
2012   11       15     4  38    1.77   357.5    8.5      21.127
2012   11       15     4  49    1.77   357.5    8.5      21.118
2012   11       15     4  59    1.77   357.4    8.5      21.110
2012   11       15     5   9    1.77   357.4    8.5      21.101
2012   11       15     5  19    1.77   357.3    8.5      21.093
2012   11       15     5  30    1.76   357.3    8.5      21.084
2012   11       15     5  40    1.76   357.2    8.5      21.076
2012   11       15     5  50    1.76   357.2    8.5      21.068
2012   11       15     6   1    1.76   357.1    8.5      21.060
2012   11       15     6  11    1.76   357.1    8.5      21.052
2012   11       15     6  21    1.76   357.0    8.5      21.044
2012   11       15     6  31    1.76   357.0    8.5      21.036
2012   11       15     6  42    1.76   356.9    8.5      21.028
2012   11       15     6  52    1.76   356.9    8.5      21.019
2012   11       15     7   2    1.76   356.8    8.5      21.011
2012   11       15     7  13    1.76   356.8    8.5      21.003
2012   11       15     7  23    1.76   356.7    8.5      20.994
2012   11       15     7  33    1.76   356.7    8.5      20.986
2012   11       15     7  43    1.76   356.6    8.5      20.977
2012   11       15     7  54    1.76   356.6    8.5      20.968
2012   11       15     8   4    1.76   356.5    8.5      20.959
2012   11       15     8  14    1.76   356.4    8.5      20.950
2012   11       15     8  25    1.76   356.4    8.5      20.941
2012   11       15     8  35    1.76   356.3    8.5      20.931
2012   11       15     8  45    1.76   356.3    8.5      20.922
2012   11       15     8  55    1.75   356.2    8.5      20.912
2012   11       15     9   6    1.75   356.2    8.5      20.903
2012   11       15     9  16    1.75   356.1    8.5      20.893
2012   11       15     9  26    1.75   356.0    8.5      20.883
2012   11       15     9  37    1.75   356.0    8.5      20.874
2012   11       15     9  47    1.75   355.9    8.5      20.864
2012   11       15     9  57    1.75   355.9    8.5      20.854
2012   11       15    10   8    1.75   355.8    8.5      20.844
2012   11       15    10  18    1.75   355.8    8.5      20.834
2012   11       15    10  28    1.75   355.7    8.5      20.824
2012   11       15    10  39    1.75   355.7    8.5      20.814
2012   11       15    10  49    1.75   355.6    8.5      20.804
2012   11       15    10  59    1.75   355.5    8.5      20.794
2012   11       15    11  10    1.75   355.5    8.5      20.784
2012   11       15    11  20    1.75   355.4    8.5      20.774
2012   11       15    11  30    1.75   355.4    8.5      20.764
2012   11       15    11  40    1.75   355.3    8.5      20.754
2012   11       15    11  51    1.75   355.3    8.5      20.744
2012   11       15    12   1    1.75   355.2    8.5      20.734
2012   11       15    12  11    1.75   355.2    8.5      20.725
2012   11       15    12  22    1.74   355.1    8.5      20.715
2012   11       15    12  32    1.74   355.0    8.5      20.705
2012   11       15    12  42    1.74   355.0    8.5      20.696
2012   11       15    12  53    1.74   354.9    8.5      20.686
2012   11       15    13   3    1.74   354.9    8.5      20.677
2012   11       15    13  13    1.74   354.8    8.5      20.667
2012   11       15    13  23    1.74   354.8    8.5      20.658
2012   11       15    13  34    1.74   354.7    8.5      20.648
2012   11       15    13  44    1.74   354.7    8.5      20.639
2012   11       15    13  54    1.74   354.6    8.5      20.630
2012   11       15    14   5    1.74   354.5    8.5      20.621
2012   11       15    14  15    1.74   354.5    8.5      20.611
2012   11       15    14  25    1.74   354.4    8.5      20.602
2012   11       15    14  35    1.74   354.4    8.5      20.593
2012   11       15    14  46    1.74   354.3    8.5      20.584
2012   11       15    14  56    1.74   354.3    8.5      20.574
2012   11       15    15   6    1.74   354.2    8.5      20.565
2012   11       15    15  17    1.74   354.1    8.5      20.556
2012   11       15    15  27    1.74   354.1    8.5      20.546
2012   11       15    15  37    1.74   354.0    8.5      20.537
2012   11       15    15  47    1.74   354.0    8.5      20.528
2012   11       15    15  58    1.74   353.9    8.4      20.518
2012   11       15    16   8    1.73   353.9    8.4      20.508
2012   11       15    16  18    1.73   353.8    8.4      20.499
2012   11       15    16  29    1.73   353.7    8.4      20.489
2012   11       15    16  39    1.73   353.7    8.4      20.479
2012   11       15    16  49    1.73   353.6    8.4      20.469
2012   11       15    17   0    1.73   353.6    8.4      20.459
2012   11       15    17  10    1.73   353.5    8.4      20.449
2012   11       15    17  20    1.73   353.5    8.4      20.439
2012   11       15    17  30    1.73   353.4    8.4      20.428
2012   11       15    17  41    1.73   353.3    8.4      20.418
2012   11       15    17  51    1.73   353.3    8.4      20.407
2012   11       15    18   1    1.73   353.2    8.4      20.396
2012   11       15    18  12    1.73   353.2    8.4      20.385
2012   11       15    18  22    1.73   353.1    8.4      20.375
2012   11       15    18  32    1.73   353.0    8.4      20.364
2012   11       15    18  43    1.73   353.0    8.4      20.353
2012   11       15    18  53    1.73   352.9    8.4      20.342
2012   11       15    19   3    1.73   352.9    8.4      20.330
2012   11       15    19  14    1.73   352.8    8.4      20.319
2012   11       15    19  24    1.73   352.7    8.4      20.308
2012   11       15    19  34    1.73   352.7    8.4      20.297
2012   11       15    19  44    1.73   352.6    8.4      20.286
2012   11       15    19  55    1.72   352.6    8.4      20.275
2012   11       15    20   5    1.72   352.5    8.4      20.264
2012   11       15    20  15    1.72   352.4    8.4      20.253
2012   11       15    20  26    1.72   352.4    8.4      20.242
2012   11       15    20  36    1.72   352.3    8.4      20.231
2012   11       15    20  46    1.72   352.3    8.4      20.220
2012   11       15    20  56    1.72   352.2    8.4      20.209
2012   11       15    21   7    1.72   352.2    8.4      20.198
2012   11       15    21  17    1.72   352.1    8.4      20.187
2012   11       15    21  27    1.72   352.0    8.4      20.176
2012   11       15    21  38    1.72   352.0    8.4      20.166
2012   11       15    21  48    1.72   351.9    8.4      20.155
2012   11       15    21  58    1.72   351.9    8.4      20.144
2012   11       15    22   8    1.72   351.8    8.4      20.134
2012   11       15    22  19    1.72   351.8    8.4      20.123
2012   11       15    22  29    1.72   351.7    8.4      20.112
2012   11       15    22  39    1.72   351.6    8.4      20.102
2012   11       15    22  50    1.72   351.6    8.4      20.091
2012   11       15    23   0    1.72   351.5    8.4      20.081
2012   11       15    23  10    1.72   351.5    8.4      20.070
2012   11       15    23  20    1.72   351.4    8.4      20.060
2012   11       15    23  31    1.72   351.4    8.4      20.049
2012   11       15    23  41    1.72   351.3    8.4      20.039
2012   11       15    23  51    1.72   351.3    8.4      20.029
2012   11       16     0   2    1.72   351.2    8.4      20.019
2012   11       16     0  12    1.72   351.1    8.4      20.008
2012   11       16     0  22    1.72   351.1    8.4      19.998
2012   11       16     0  33    1.72   351.0    8.4      19.988
2012   11       16     0  43    1.72   351.0    8.4      19.978
2012   11       16     0  53    1.72   350.9    8.4      19.967
2012   11       16     1   4    1.72   350.9    8.4      19.957
2012   11       16     1  14    1.72   350.8    8.4      19.947
2012   11       16     1  24    1.72   350.8    8.4      19.936
2012   11       16     1  34    1.72   350.7    8.4      19.926
2012   11       16     1  45    1.72   350.7    8.4      19.915
2012   11       16     1  55    1.72   350.6    8.4      19.904
2012   11       16     2   5    1.72   350.5    8.4      19.893
2012   11       16     2  16    1.71   350.5    8.4      19.882
2012   11       16     2  26    1.71   350.4    8.4      19.870
2012   11       16     2  36    1.71   350.4    8.4      19.859
2012   11       16     2  47    1.71   350.3    8.4      19.847
2012   11       16     2  57    1.71   350.2    8.5      19.835
2012   11       16     3   7    1.71   350.2    8.5      19.823
2012   11       16     3  17    1.71   350.1    8.5      19.811
2012   11       16     3  28    1.71   350.1    8.5      19.799
2012   11       16     3  38    1.71   350.0    8.5      19.786
2012   11       16     3  48    1.71   349.9    8.5      19.774
2012   11       16     3  59    1.71   349.9    8.5      19.761
2012   11       16     4   9    1.71   349.8    8.5      19.748
2012   11       16     4  19    1.71   349.7    8.5      19.735
2012   11       16     4  29    1.71   349.7    8.5      19.723
2012   11       16     4  40    1.71   349.6    8.5      19.710
2012   11       16     4  50    1.71   349.5    8.5      19.697
2012   11       16     5   0    1.71   349.5    8.5      19.685
2012   11       16     5  11    1.71   349.4    8.5      19.672
2012   11       16     5  21    1.71   349.3    8.5      19.660
2012   11       16     5  31    1.71   349.2    8.5      19.647
2012   11       16     5  41    1.71   349.2    8.5      19.635
2012   11       16     5  52    1.71   349.1    8.5      19.624
2012   11       16     6   2    1.71   349.0    8.5      19.612
2012   11       16     6  12    1.71   349.0    8.5      19.601
2012   11       16     6  23    1.70   348.9    8.5      19.590
2012   11       16     6  33    1.70   348.8    8.5      19.579
2012   11       16     6  43    1.70   348.8    8.5      19.569
2012   11       16     6  54    1.70   348.7    8.5      19.559
2012   11       16     7   4    1.70   348.6    8.5      19.549
2012   11       16     7  14    1.70   348.6    8.5      19.539
2012   11       16     7  24    1.70   348.5    8.5      19.530
2012   11       16     7  35    1.70   348.4    8.5      19.520
2012   11       16     7  45    1.70   348.4    8.5      19.511
2012   11       16     7  55    1.70   348.3    8.5      19.502
2012   11       16     8   6    1.70   348.2    8.5      19.493
2012   11       16     8  16    1.70   348.2    8.5      19.484
2012   11       16     8  26    1.70   348.1    8.5      19.475
2012   11       16     8  37    1.70   348.0    8.5      19.466
2012   11       16     8  47    1.70   347.9    8.5      19.457
2012   11       16     8  57    1.70   347.9    8.5      19.448
2012   11       16     9   8    1.70   347.8    8.5      19.439
2012   11       16     9  18    1.70   347.7    8.5      19.430
2012   11       16     9  28    1.70   347.7    8.5      19.421
2012   11       16     9  38    1.70   347.6    8.5      19.412
2012   11       16     9  49    1.70   347.5    8.5      19.402
2012   11       16     9  59    1.69   347.4    8.5      19.393
2012   11       16    10   9    1.69   347.4    8.5      19.383
2012   11       16    10  20    1.69   347.3    8.5      19.374
2012   11       16    10  30    1.69   347.2    8.5      19.364
2012   11       16    10  40    1.69   347.1    8.5      19.354
2012   11       16    10  50    1.69   347.1    8.5      19.344
2012   11       16    11   1    1.69   347.0    8.5      19.334
2012   11       16    11  11    1.69   346.9    8.5      19.324
2012   11       16    11  21    1.69   346.8    8.5      19.314
2012   11       16    11  32    1.69   346.8    8.5      19.303
2012   11       16    11  42    1.69   346.7    8.5      19.292
2012   11       16    11  52    1.69   346.6    8.5      19.282
2012   11       16    12   2    1.69   346.5    8.5      19.271
2012   11       16    12  13    1.69   346.5    8.5      19.260
2012   11       16    12  23    1.69   346.4    8.5      19.249
2012   11       16    12  33    1.68   346.3    8.5      19.238
2012   11       16    12  44    1.68   346.2    8.5      19.227
2012   11       16    12  54    1.68   346.1    8.5      19.216
2012   11       16    13   4    1.68   346.1    8.5      19.204
2012   11       16    13  14    1.68   346.0    8.5      19.193
2012   11       16    13  25    1.68   345.9    8.5      19.182
2012   11       16    13  35    1.68   345.8    8.5      19.170
2012   11       16    13  45    1.68   345.7    8.5      19.159
2012   11       16    13  56    1.68   345.7    8.5      19.148
2012   11       16    14   6    1.68   345.6    8.5      19.137
2012   11       16    14  16    1.68   345.5    8.5      19.125
2012   11       16    14  27    1.68   345.4    8.5      19.114
2012   11       16    14  37    1.67   345.3    8.5      19.103
2012   11       16    14  47    1.67   345.2    8.5      19.092
2012   11       16    14  58    1.67   345.2    8.5      19.080
2012   11       16    15   8    1.67   345.1    8.5      19.069
2012   11       16    15  18    1.67   345.0    8.5      19.058
2012   11       16    15  28    1.67   344.9    8.5      19.047
2012   11       16    15  39    1.67   344.8    8.5      19.036
2012   11       16    15  49    1.67   344.7    8.5      19.024
2012   11       16    15  59    1.67   344.6    8.5      19.013
2012   11       16    16  10    1.67   344.6    8.5      19.002
2012   11       16    16  20    1.67   344.5    8.5      18.990
2012   11       16    16  30    1.66   344.4    8.5      18.979
2012   11       16    16  41    1.66   344.3    8.5      18.968
2012   11       16    16  51    1.66   344.2    8.5      18.956
2012   11       16    17   1    1.66   344.1    8.5      18.944
2012   11       16    17  12    1.66   344.0    8.5      18.933
2012   11       16    17  22    1.66   343.9    8.5      18.921
2012   11       16    17  32    1.66   343.8    8.5      18.909
2012   11       16    17  42    1.66   343.7    8.5      18.897
2012   11       16    17  53    1.66   343.7    8.5      18.885
2012   11       16    18   3    1.66   343.6    8.5      18.873
2012   11       16    18  13    1.66   343.5    8.5      18.861
2012   11       16    18  24    1.65   343.4    8.5      18.849
2012   11       16    18  34    1.65   343.3    8.5      18.837
2012   11       16    18  44    1.65   343.2    8.5      18.824
2012   11       16    18  54    1.65   343.1    8.5      18.812
2012   11       16    19   5    1.65   343.0    8.5      18.799
2012   11       16    19  15    1.65   342.9    8.5      18.786
2012   11       16    19  25    1.65   342.8    8.5      18.773
2012   11       16    19  36    1.65   342.7    8.5      18.760
2012   11       16    19  46    1.65   342.6    8.5      18.747
2012   11       16    19  56    1.65   342.5    8.5      18.734
2012   11       16    20   6    1.65   342.4    8.5      18.720
2012   11       16    20  17    1.64   342.3    8.5      18.706
2012   11       16    20  27    1.64   342.2    8.5      18.693
2012   11       16    20  37    1.64   342.1    8.5      18.679
2012   11       16    20  48    1.64   342.0    8.5      18.665
2012   11       16    20  58    1.64   341.9    8.5      18.651
2012   11       16    21   8    1.64   341.8    8.5      18.636
2012   11       16    21  18    1.64   341.7    8.5      18.622
2012   11       16    21  29    1.64   341.6    8.5      18.607
2012   11       16    21  39    1.64   341.5    8.5      18.593
2012   11       16    21  49    1.64   341.4    8.5      18.578
2012   11       16    22   0    1.64   341.2    8.5      18.563
2012   11       16    22  10    1.64   341.1    8.5      18.549
2012   11       16    22  20    1.63   341.0    8.5      18.534
2012   11       16    22  31    1.63   340.9    8.5      18.519
2012   11       16    22  41    1.63   340.8    8.5      18.504
2012   11       16    22  51    1.63   340.7    8.5      18.489
2012   11       16    23   2    1.63   340.6    8.5      18.474
2012   11       16    23  12    1.63   340.5    8.5      18.460
2012   11       16    23  22    1.63   340.4    8.5      18.445
2012   11       16    23  32    1.63   340.2    8.5      18.430
2012   11       16    23  43    1.63   340.1    8.5      18.415
2012   11       16    23  53    1.63   340.0    8.5      18.401
2012   11       17     0   3    1.63   339.9    8.5      18.386
2012   11       17     0  14    1.63   339.8    8.5      18.371
2012   11       17     0  24    1.63   339.7    8.5      18.357
2012   11       17     0  34    1.62   339.5    8.5      18.342
2012   11       17     0  45    1.62   339.4    8.5      18.328
2012   11       17     0  55    1.62   339.3    8.5      18.314
2012   11       17     1   5    1.62   339.2    8.5      18.300
2012   11       17     1  15    1.62   339.1    8.5      18.286
2012   11       17     1  26    1.62   338.9    8.5      18.272
2012   11       17     1  36    1.62   338.8    8.5      18.258
2012   11       17     1  46    1.62   338.7    8.5      18.244
2012   11       17     1  57    1.62   338.6    8.5      18.230
2012   11       17     2   7    1.62   338.4    8.5      18.217
2012   11       17     2  17    1.62   338.3    8.5      18.203
2012   11       17     2  27    1.62   338.2    8.5      18.190
2012   11       17     2  38    1.62   338.0    8.5      18.177
2012   11       17     2  48    1.62   337.9    8.6      18.163
2012   11       17     2  58    1.62   337.8    8.6      18.150
2012   11       17     3   9    1.62   337.6    8.6      18.137
2012   11       17     3  19    1.62   337.5    8.6      18.125
2012   11       17     3  29    1.62   337.4    8.6      18.112
2012   11       17     3  39    1.61   337.2    8.6      18.099
2012   11       17     3  50    1.61   337.1    8.6      18.087
2012   11       17     4   0    1.61   337.0    8.6      18.074
2012   11       17     4  10    1.61   336.8    8.6      18.062
2012   11       17     4  21    1.61   336.7    8.6      18.050
2012   11       17     4  31    1.61   336.5    8.6      18.038
2012   11       17     4  41    1.61   336.4    8.6      18.026
2012   11       17     4  52    1.61   336.2    8.6      18.014
2012   11       17     5   2    1.61   336.1    8.6      18.002
2012   11       17     5  12    1.61   335.9    8.6      17.991
2012   11       17     5  22    1.61   335.8    8.6      17.979
2012   11       17     5  33    1.61   335.7    8.6      17.968
2012   11       17     5  43    1.61   335.5    8.6      17.957
2012   11       17     5  53    1.61   335.4    8.6      17.946
2012   11       17     6   4    1.61   335.2    8.6      17.935
2012   11       17     6  14    1.61   335.1    8.7      17.924
2012   11       17     6  24    1.61   334.9    8.7      17.913
2012   11       17     6  35    1.61   334.8    8.7      17.903
2012   11       17     6  45    1.61   334.6    8.7      17.892
2012   11       17     6  55    1.61   334.5    8.7      17.882
2012   11       17     7   6    1.61   334.3    8.7      17.872
2012   11       17     7  16    1.61   334.1    8.7      17.862
2012   11       17     7  26    1.61   334.0    8.7      17.852
2012   11       17     7  36    1.61   333.8    8.7      17.842
2012   11       17     7  47    1.61   333.7    8.7      17.833
2012   11       17     7  57    1.61   333.5    8.7      17.823
2012   11       17     8   7    1.61   333.4    8.7      17.814
2012   11       17     8  18    1.61   333.2    8.8      17.805
2012   11       17     8  28    1.62   333.1    8.8      17.796
2012   11       17     8  38    1.62   332.9    8.8      17.788
2012   11       17     8  48    1.62   332.8    8.8      17.779
2012   11       17     8  59    1.62   332.6    8.8      17.771
2012   11       17     9   9    1.62   332.5    8.8      17.764
2012   11       17     9  19    1.62   332.3    8.8      17.756
2012   11       17     9  30    1.62   332.1    8.8      17.749
2012   11       17     9  40    1.62   332.0    8.9      17.743
2012   11       17     9  50    1.62   331.8    8.9      17.736
2012   11       17    10   0    1.62   331.7    8.9      17.730
2012   11       17    10  11    1.62   331.5    8.9      17.725
2012   11       17    10  21    1.62   331.3    8.9      17.720
2012   11       17    10  31    1.62   331.2    8.9      17.715
2012   11       17    10  42    1.63   331.0    8.9      17.711
2012   11       17    10  52    1.63   330.8    9.0      17.707
2012   11       17    11   2    1.63   330.7    9.0      17.704
2012   11       17    11  12    1.63   330.5    9.0      17.702
2012   11       17    11  23    1.63   330.4    9.0      17.699
2012   11       17    11  33    1.63   330.2    9.0      17.698
2012   11       17    11  43    1.63   330.0    9.0      17.697
2012   11       17    11  54    1.64   329.9    9.1      17.696
2012   11       17    12   4    1.64   329.7    9.1      17.696
2012   11       17    12  14    1.64   329.5    9.1      17.697
2012   11       17    12  25    1.64   329.4    9.1      17.698
2012   11       17    12  35    1.64   329.2    9.1      17.699
2012   11       17    12  45    1.65   329.0    9.2      17.701
2012   11       17    12  55    1.65   328.9    9.2      17.704
2012   11       17    13   6    1.65   328.7    9.2      17.707
2012   11       17    13  16    1.65   328.6    9.2      17.711
2012   11       17    13  26    1.66   328.4    9.2      17.715
2012   11       17    13  37    1.66   328.2    9.3      17.719
2012   11       17    13  47    1.66   328.1    9.3      17.724
2012   11       17    13  57    1.66   327.9    9.3      17.730
2012   11       17    14   8    1.67   327.7    9.3      17.736
2012   11       17    14  18    1.67   327.6    9.4      17.743
2012   11       17    14  28    1.67   327.4    9.4      17.750
2012   11       17    14  39    1.68   327.3    9.4      17.757
2012   11       17    14  49    1.68   327.1    9.4      17.765
2012   11       17    14  59    1.68   326.9    9.5      17.774
2012   11       17    15   9    1.69   326.8    9.5      17.783
2012   11       17    15  20    1.69   326.6    9.5      17.792
2012   11       17    15  30    1.70   326.5    9.6      17.802
2012   11       17    15  40    1.70   326.3    9.6      17.812
2012   11       17    15  51    1.70   326.2    9.6      17.823
2012   11       17    16   1    1.71   326.0    9.6      17.834
2012   11       17    16  11    1.71   325.8    9.7      17.845
2012   11       17    16  21    1.72   325.7    9.7      17.857
2012   11       17    16  32    1.72   325.5    9.7      17.870
2012   11       17    16  42    1.72   325.4    9.8      17.883
2012   11       17    16  52    1.73   325.2    9.8      17.896
2012   11       17    17   3    1.73   325.1    9.8      17.910
2012   11       17    17  13    1.74   324.9    9.9      17.924
2012   11       17    17  23    1.74   324.8    9.9      17.939
2012   11       17    17  33    1.75   324.6    9.9      17.955
2012   11       17    17  44    1.75   324.4   10.0      17.971
2012   11       17    17  54    1.76   324.3   10.0      17.988
2012   11       17    18   4    1.76   324.1   10.0      18.005
2012   11       17    18  15    1.77   324.0   10.1      18.024
2012   11       17    18  25    1.77   323.8   10.1      18.043
2012   11       17    18  35    1.78   323.6   10.2      18.064
2012   11       17    18  45    1.79   323.5   10.2      18.085
2012   11       17    18  56    1.79   323.3   10.2      18.108
2012   11       17    19   6    1.80   323.2   10.3      18.133
2012   11       17    19  16    1.80   323.0   10.3      18.159
2012   11       17    19  27    1.81   322.9   10.4      18.186
2012   11       17    19  37    1.82   322.7   10.4      18.215
2012   11       17    19  47    1.83   322.5   10.5      18.246
2012   11       17    19  58    1.83   322.4   10.6      18.280
2012   11       17    20   8    1.84   322.3   10.6      18.315
2012   11       17    20  18    1.85   322.1   10.7      18.354
2012   11       17    20  29    1.86   322.0   10.8      18.394
2012   11       17    20  39    1.87   321.8   10.8      18.436
2012   11       17    20  49    1.88   321.7   10.9      18.482
2012   11       17    21   0    1.89   321.6   11.0      18.532
2012   11       17    21  10    1.90   321.5   11.1      18.587
2012   11       17    21  20    1.91   321.4   11.1      18.649
2012   11       17    21  30    1.92   321.4   11.2      18.718
2012   11       17    21  41    1.93   321.4   11.3      18.793
2012   11       17    21  51    1.94   321.3   11.4      18.872
2012   11       17    22   1    1.96   321.3   11.5      18.956
2012   11       17    22  12    1.97   321.3   11.6      19.042
2012   11       17    22  22    1.98   321.3   11.6      19.131
2012   11       17    22  32    1.99   321.3   11.7      19.222
2012   11       17    22  43    2.00   321.3   11.8      19.315
2012   11       17    22  53    2.01   321.4   11.9      19.408
2012   11       17    23   3    2.03   321.4   11.9      19.500
2012   11       17    23  13    2.04   321.4   12.0      19.590
2012   11       17    23  24    2.05   321.4   12.1      19.679
2012   11       17    23  34    2.06   321.5   12.1      19.765
2012   11       17    23  44    2.07   321.5   12.2      19.850
2012   11       17    23  55    2.08   321.5   12.3      19.933
2012   11       18     0   5    2.09   321.5   12.3      20.015
2012   11       18     0  15    2.11   321.6   12.4      20.095
2012   11       18     0  25    2.12   321.6   12.5      20.174
2012   11       18     0  36    2.13   321.6   12.5      20.253
2012   11       18     0  46    2.14   321.7   12.6      20.330
2012   11       18     0  56    2.15   321.7   12.6      20.406
2012   11       18     1   6    2.16   321.7   12.7      20.482
2012   11       18     1  17    2.18   321.7   12.8      20.557
2012   11       18     1  27    2.19   321.8   12.8      20.632
2012   11       18     1  37    2.20   321.8   12.9      20.707
2012   11       18     1  48    2.21   321.8   13.0      20.782
2012   11       18     1  58    2.22   321.8   13.0      20.857
2012   11       18     2   8    2.24   321.9   13.1      20.933
2012   11       18     2  19    2.25   321.9   13.2      21.010
2012   11       18     2  29    2.26   321.9   13.3      21.088
2012   11       18     2  39    2.28   322.0   13.4      21.168
2012   11       18     2  49    2.29   322.0   13.4      21.251
2012   11       18     3   0    2.30   322.0   13.5      21.335
2012   11       18     3  10    2.32   322.1   13.6      21.423
2012   11       18     3  20    2.33   322.1   13.7      21.515
2012   11       18     3  31    2.35   322.1   13.8      21.611
2012   11       18     3  41    2.37   322.2   13.9      21.710
2012   11       18     3  51    2.38   322.2   14.0      21.814
2012   11       18     4   2    2.40   322.3   14.2      21.925
2012   11       18     4  12    2.42   322.4   14.3      22.049
2012   11       18     4  22    2.44   322.5   14.4      22.184
2012   11       18     4  33    2.46   322.7   14.6      22.333
2012   11       18     4  43    2.48   322.9   14.7      22.493
2012   11       18     4  53    2.50   323.1   14.8      22.663
2012   11       18     5   3    2.52   323.4   15.0      22.841
2012   11       18     5  14    2.54   323.6   15.1      23.023
2012   11       18     5  24    2.56   323.9   15.3      23.210
2012   11       18     5  34    2.58   324.2   15.4      23.399
2012   11       18     5  45    2.60   324.5   15.5      23.592
2012   11       18     5  55    2.62   324.9   15.6      23.784
2012   11       18     6   5    2.64   325.2   15.7      23.972
2012   11       18     6  16    2.66   325.5   15.8      24.155
2012   11       18     6  26    2.67   325.9   15.9      24.333
2012   11       18     6  36    2.69   326.2   16.0      24.506
2012   11       18     6  46    2.71   326.6   16.1      24.674
2012   11       18     6  57    2.73   326.9   16.2      24.838
2012   11       18     7   7    2.75   327.3   16.2      24.997
2012   11       18     7  17    2.76   327.6   16.3      25.152
2012   11       18     7  28    2.78   328.0   16.4      25.303
2012   11       18     7  38    2.80   328.3   16.4      25.451
2012   11       18     7  48    2.81   328.7   16.5      25.596
2012   11       18     7  58    2.83   329.1   16.6      25.737
2012   11       18     8   9    2.85   329.4   16.6      25.876
2012   11       18     8  19    2.86   329.8   16.7      26.012
2012   11       18     8  29    2.88   330.1   16.7      26.145
2012   11       18     8  40    2.90   330.5   16.8      26.277
2012   11       18     8  50    2.91   330.9   16.8      26.406
2012   11       18     9   0    2.93   331.2   16.9      26.534
2012   11       18     9  10    2.94   331.6   16.9      26.660
2012   11       18     9  21    2.96   331.9   16.9      26.786
2012   11       18     9  31    2.98   332.3   17.0      26.910
2012   11       18     9  41    2.99   332.6   17.0      27.034
2012   11       18     9  52    3.01   333.0   17.1      27.157
2012   11       18    10   2    3.02   333.3   17.1      27.281
2012   11       18    10  12    3.04   333.6   17.2      27.404
2012   11       18    10  23    3.05   334.0   17.2      27.528
2012   11       18    10  33    3.07   334.3   17.3      27.653
2012   11       18    10  43    3.09   334.7   17.3      27.780
2012   11       18    10  53    3.10   335.0   17.4      27.907
2012   11       18    11   4    3.12   335.3   17.4      28.035
2012   11       18    11  14    3.13   335.6   17.5      28.164
2012   11       18    11  24    3.15   336.0   17.6      28.301
2012   11       18    11  35    3.17   336.3   17.6      28.445
2012   11       18    11  45    3.19   336.7   17.7      28.596
2012   11       18    11  55    3.20   337.0   17.8      28.753
2012   11       18    12   6    3.22   337.4   17.9      28.916
2012   11       18    12  16    3.24   337.8   17.9      29.084
2012   11       18    12  26    3.26   338.2   18.0      29.255
2012   11       18    12  37    3.28   338.7   18.1      29.430
2012   11       18    12  47    3.29   339.1   18.2      29.609
2012   11       18    12  57    3.31   339.6   18.2      29.792
2012   11       18    13   7    3.33   340.0   18.3      29.978
2012   11       18    13  18    3.35   340.5   18.3      30.164
2012   11       18    13  28    3.36   340.9   18.4      30.350
2012   11       18    13  38    3.38   341.4   18.5      30.538
2012   11       18    13  49    3.40   341.9   18.5      30.725
2012   11       18    13  59    3.42   342.4   18.6      30.914
2012   11       18    14   9    3.43   342.9   18.6      31.108
2012   11       18    14  19    3.45   343.4   18.7      31.308
2012   11       18    14  30    3.47   343.9   18.8      31.512
2012   11       18    14  40    3.48   344.4   18.8      31.720
2012   11       18    14  50    3.50   345.0   18.9      31.931
2012   11       18    15   1    3.52   345.6   18.9      32.142
2012   11       18    15  11    3.53   346.1   19.0      32.354
2012   11       18    15  21    3.55   346.7   19.0      32.563
2012   11       18    15  31    3.56   347.3   19.0      32.772
2012   11       18    15  42    3.58   348.0   19.1      32.979
2012   11       18    15  52    3.59   348.6   19.1      33.181
2012   11       18    16   2    3.61   349.2   19.1      33.377
2012   11       18    16  13    3.62   349.9   19.1      33.569
2012   11       18    16  23    3.63   350.5   19.2      33.756
2012   11       18    16  33    3.65   351.2   19.2      33.939
2012   11       18    16  43    3.66   351.8   19.2      34.118
2012   11       18    16  54    3.67   352.5   19.2      34.293
2012   11       18    17   4    3.68   353.2   19.2      34.465
2012   11       18    17  14    3.69   353.8   19.2      34.633
2012   11       18    17  25    3.71   354.5   19.1      34.800
2012   11       18    17  35    3.72   355.1   19.1      34.964
2012   11       18    17  45    3.73   355.8   19.1      35.127
2012   11       18    17  56    3.74   356.5   19.1      35.289
2012   11       18    18   6    3.75   357.1   19.1      35.450
2012   11       18    18  16    3.76   357.8   19.1      35.611
2012   11       18    18  27    3.77   358.4   19.0      35.771
2012   11       18    18  37    3.78   359.1   19.0      35.933
2012   11       18    18  47    3.79   359.7   19.0      36.096
2012   11       18    18  57    3.80   360.4   19.0      36.262
2012   11       18    19   8    3.81   361.0   19.0      36.429
2012   11       18    19  18    3.82   361.7   18.9      36.599
2012   11       18    19  28    3.83   362.3   18.9      36.773
2012   11       18    19  39    3.84   363.0   18.9      36.951
2012   11       18    19  49    3.84   363.6   18.9      37.132
2012   11       18    19  59    3.85   364.2   18.9      37.317
2012   11       18    20  10    3.86   364.9   18.8      37.505
2012   11       18    20  20    3.87   365.5   18.8      37.696
2012   11       18    20  30    3.88   366.2   18.8      37.888
2012   11       18    20  40    3.89   366.8   18.8      38.083
2012   11       18    20  51    3.90   367.4   18.8      38.281
2012   11       18    21   1    3.91   368.0   18.8      38.479
2012   11       18    21  11    3.91   368.7   18.8      38.675
2012   11       18    21  22    3.92   369.3   18.7      38.875
2012   11       18    21  32    3.93   369.9   18.7      39.080
2012   11       18    21  42    3.94   370.6   18.7      39.287
2012   11       18    21  52    3.95   371.2   18.7      39.495
2012   11       18    22   3    3.96   371.9   18.7      39.706
2012   11       18    22  13    3.97   372.6   18.7      39.915
2012   11       18    22  23    3.98   373.3   18.7      40.122
2012   11       18    22  34    3.98   374.0   18.7      40.325
2012   11       18    22  44    3.99   374.7   18.7      40.526
2012   11       18    22  54    4.00   375.5   18.7      40.724
2012   11       18    23   4    4.01   376.3   18.7      40.916
2012   11       18    23  15    4.01   377.1   18.7      41.100
2012   11       18    23  25    4.02   377.9   18.6      41.279
2012   11       18    23  35    4.02   378.8   18.6      41.451
2012   11       18    23  46    4.03   379.6   18.6      41.622
2012   11       18    23  56    4.03   380.5   18.5      41.789
2012   11       19     0   6    4.03   381.4   18.5      41.953
2012   11       19     0  16    4.03   382.3   18.4      42.114
2012   11       19     0  27    4.04   383.3   18.4      42.272
2012   11       19     0  37    4.04   384.2   18.3      42.426
2012   11       19     0  47    4.04   385.1   18.3      42.576
2012   11       19     0  58    4.03   386.0   18.2      42.719
2012   11       19     1   8    4.03   387.0   18.1      42.860
2012   11       19     1  18    4.03   387.9   18.0      42.990
2012   11       19     1  29    4.02   388.8   17.9      43.113
2012   11       19     1  39    4.02   389.7   17.8      43.230
2012   11       19     1  49    4.02   390.5   17.7      43.344
2012   11       19     2   0    4.01   391.4   17.6      43.456
2012   11       19     2  10    4.01   392.3   17.5      43.568
2012   11       19     2  20    4.00   393.1   17.4      43.683
2012   11       19     2  30    3.99   394.0   17.3      43.801
2012   11       19     2  41    3.99   394.9   17.2      43.923
2012   11       19     2  51    3.98   395.8   17.1      44.049
2012   11       19     3   1    3.98   396.6   17.0      44.183
2012   11       19     3  12    3.97   397.5   16.9      44.324
2012   11       19     3  22    3.96   398.4   16.8      44.468
2012   11       19     3  32    3.96   399.3   16.7      44.617
2012   11       19     3  43    3.95   400.3   16.6      44.766
2012   11       19     3  53    3.94   401.2   16.4      44.912
2012   11       19     4   3    3.93   402.1   16.3      45.053
2012   11       19     4  13    3.92   403.1   16.2      45.191
2012   11       19     4  24    3.91   404.0   16.1      45.307
2012   11       19     4  34    3.90   404.9   15.9      45.403
2012   11       19     4  44    3.89   405.8   15.8      45.483
2012   11       19     4  55    3.87   406.6   15.6      45.546
2012   11       19     5   5    3.86   407.5   15.5      45.596
2012   11       19     5  15    3.85   408.3   15.4      45.636
2012   11       19     5  25    3.83   409.1   15.2      45.669
2012   11       19     5  36    3.82   409.9   15.1      45.693
2012   11       19     5  46    3.80   410.6   15.0      45.710
2012   11       19     5  56    3.79   411.4   14.8      45.731
2012   11       19     6   7    3.77   412.2   14.7      45.753
2012   11       19     6  17    3.76   413.0   14.6      45.774
2012   11       19     6  27    3.74   413.9   14.5      45.796
2012   11       19     6  37    3.73   414.7   14.3      45.817
2012   11       19     6  48    3.71   415.6   14.2      45.838
2012   11       19     6  58    3.69   416.5   14.1      45.861
2012   11       19     7   8    3.68   417.4   14.0      45.887
2012   11       19     7  19    3.66   418.3   13.9      45.915
2012   11       19     7  29    3.64   419.3   13.8      45.944
2012   11       19     7  39    3.62   420.2   13.7      45.974
2012   11       19     7  50    3.61   421.2   13.5      46.004
2012   11       19     8   0    3.59   422.2   13.4      46.031
2012   11       19     8  10    3.57   423.2   13.3      46.054
2012   11       19     8  20    3.55   424.2   13.2      46.073
2012   11       19     8  31    3.52   425.2   13.0      46.082
2012   11       19     8  41    3.50   426.2   12.9      46.078
2012   11       19     8  51    3.48   427.2   12.7      46.064
2012   11       19     9   2    3.46   428.2   12.6      46.040
2012   11       19     9  12    3.44   429.2   12.5      46.009
2012   11       19     9  22    3.42   430.1   12.3      45.972
2012   11       19     9  33    3.39   431.0   12.2      45.932
2012   11       19     9  43    3.37   432.0   12.0      45.889
2012   11       19     9  53    3.35   432.9   11.9      45.845
2012   11       19    10   4    3.33   433.8   11.8      45.799
2012   11       19    10  14    3.31   434.8   11.6      45.754
2012   11       19    10  24    3.29   435.7   11.5      45.712
2012   11       19    10  34    3.26   436.6   11.4      45.671
2012   11       19    10  45    3.24   437.6   11.2      45.629
2012   11       19    10  55    3.22   438.6   11.1      45.588
2012   11       19    11   5    3.20   439.6   11.0      45.540
2012   11       19    11  16    3.18   440.5   10.8      45.481
2012   11       19    11  26    3.15   441.6   10.7      45.417
2012   11       19    11  36    3.13   442.7   10.6      45.331
2012   11       19    11  46    3.11   443.7   10.4      45.212
2012   11       19    11  57    3.08   444.6   10.3      45.066
2012   11       19    12   7    3.06   445.5   10.1      44.894
2012   11       19    12  17    3.03   446.4   10.0      44.700
2012   11       19    12  28    3.01   447.2    9.9      44.493
2012   11       19    12  38    2.98   448.0    9.7      44.276
2012   11       19    12  48    2.96   448.8    9.6      44.050
2012   11       19    12  58    2.93   449.5    9.5      43.814
2012   11       19    13   9    2.91   450.2    9.4      43.588
2012   11       19    13  19    2.89   451.0    9.2      43.372
2012   11       19    13  29    2.86   451.7    9.1      43.163
2012   11       19    13  40    2.84   452.4    9.0      42.961
2012   11       19    13  50    2.82   453.1    8.9      42.763
2012   11       19    14   0    2.79   453.7    8.8      42.570
2012   11       19    14  10    2.77   454.4    8.7      42.380
2012   11       19    14  21    2.75   455.1    8.6      42.194
2012   11       19    14  31    2.72   455.7    8.5      42.009
2012   11       19    14  41    2.70   456.4    8.4      41.825
2012   11       19    14  52    2.68   457.0    8.3      41.642
2012   11       19    15   2    2.66   457.6    8.2      41.460
2012   11       19    15  12    2.64   458.2    8.2      41.276
2012   11       19    15  23    2.61   458.8    8.1      41.093
2012   11       19    15  33    2.59   459.3    8.0      40.908
2012   11       19    15  43    2.57   459.9    7.9      40.722
2012   11       19    15  54    2.55   460.4    7.8      40.534
2012   11       19    16   4    2.53   460.9    7.7      40.345
2012   11       19    16  14    2.51   461.4    7.6      40.153
2012   11       19    16  24    2.49   461.9    7.6      39.959
2012   11       19    16  35    2.47   462.3    7.5      39.763
2012   11       19    16  45    2.45   462.8    7.4      39.565
2012   11       19    16  55    2.43   463.2    7.3      39.366
2012   11       19    17   6    2.41   463.5    7.3      39.166
2012   11       19    17  16    2.39   463.9    7.2      38.966
2012   11       19    17  26    2.37   464.2    7.1      38.765
2012   11       19    17  37    2.36   464.6    7.1      38.565
2012   11       19    17  47    2.34   464.9    7.0      38.367
2012   11       19    17  57    2.32   465.1    7.0      38.170
2012   11       19    18   7    2.30   465.4    6.9      37.976
2012   11       19    18  18    2.29   465.6    6.8      37.785
2012   11       19    18  28    2.27   465.8    6.8      37.598
2012   11       19    18  38    2.26   466.0    6.7      37.413
2012   11       19    18  49    2.24   466.2    6.7      37.233
2012   11       19    18  59    2.23   466.4    6.6      37.057
2012   11       19    19   9    2.21   466.5    6.6      36.885
2012   11       19    19  19    2.20   466.7    6.5      36.717
2012   11       19    19  30    2.18   466.8    6.5      36.552
2012   11       19    19  40    2.17   466.9    6.5      36.392
2012   11       19    19  50    2.15   467.0    6.4      36.235
2012   11       19    20   1    2.14   467.1    6.4      36.081
2012   11       19    20  11    2.13   467.3    6.3      35.930
2012   11       19    20  21    2.12   467.4    6.3      35.781
2012   11       19    20  31    2.10   467.5    6.3      35.634
2012   11       19    20  42    2.09   467.6    6.2      35.487
2012   11       19    20  52    2.08   467.7    6.2      35.342
2012   11       19    21   2    2.07   467.9    6.2      35.197
2012   11       19    21  13    2.06   468.0    6.1      35.052
2012   11       19    21  23    2.04   468.1    6.1      34.907
2012   11       19    21  33    2.03   468.2    6.1      34.763
2012   11       19    21  43    2.02   468.3    6.0      34.619
2012   11       19    21  54    2.01   468.4    6.0      34.475
2012   11       19    22   4    2.00   468.4    5.9      34.332
2012   11       19    22  14    1.99   468.5    5.9      34.190
2012   11       19    22  25    1.98   468.6    5.9      34.049
2012   11       19    22  35    1.97   468.6    5.8      33.910
2012   11       19    22  45    1.96   468.7    5.8      33.771
2012   11       19    22  56    1.95   468.7    5.8      33.634
2012   11       19    23   6    1.94   468.8    5.8      33.499
2012   11       19    23  16    1.93   468.8    5.7      33.366
2012   11       19    23  27    1.92   468.9    5.7      33.235
2012   11       19    23  37    1.91   468.9    5.7      33.105
2012   11       19    23  47    1.90   468.9    5.6      32.978
2012   11       19    23  57    1.89   468.9    5.6      32.852
2012   11       20     0   8    1.88   468.9    5.6      32.728
