year    month   day   hour  minute  B_enl V_enl   n_enl       T_enl
[year] [month] [day] [hour][minute] [nT]  [km/s]  [cm-3]      [kK]
2012   11        6     0   2    2.69   389.6   14.5      41.412
2012   11        6     0  11    2.68   390.2   14.4      41.393
2012   11        6     0  21    2.67   390.8   14.3      41.372
2012   11        6     0  31    2.66   391.4   14.2      41.349
2012   11        6     0  41    2.65   392.0   14.1      41.323
2012   11        6     0  51    2.64   392.6   14.0      41.296
2012   11        6     1   0    2.63   393.1   13.9      41.267
2012   11        6     1  10    2.61   393.7   13.7      41.236
2012   11        6     1  20    2.60   394.3   13.6      41.202
2012   11        6     1  30    2.59   394.9   13.5      41.165
2012   11        6     1  40    2.58   395.5   13.4      41.125
2012   11        6     1  49    2.56   396.1   13.3      41.083
2012   11        6     1  59    2.55   396.7   13.2      41.037
2012   11        6     2   9    2.54   397.2   13.1      40.987
2012   11        6     2  19    2.52   397.8   13.0      40.933
2012   11        6     2  28    2.51   398.4   12.8      40.875
2012   11        6     2  38    2.50   398.9   12.7      40.812
2012   11        6     2  48    2.48   399.5   12.6      40.743
2012   11        6     2  58    2.47   400.1   12.5      40.668
2012   11        6     3   8    2.45   400.6   12.4      40.587
2012   11        6     3  17    2.44   401.2   12.2      40.496
2012   11        6     3  27    2.43   401.7   12.1      40.399
2012   11        6     3  37    2.41   402.3   12.0      40.293
2012   11        6     3  47    2.40   402.8   11.9      40.172
2012   11        6     3  57    2.38   403.3   11.7      40.041
2012   11        6     4   6    2.36   403.9   11.6      39.898
2012   11        6     4  16    2.35   404.4   11.5      39.746
2012   11        6     4  26    2.33   404.8   11.4      39.586
2012   11        6     4  36    2.32   405.3   11.2      39.420
2012   11        6     4  46    2.30   405.8   11.1      39.248
2012   11        6     4  55    2.29   406.3   11.0      39.072
2012   11        6     5   5    2.27   406.7   10.9      38.892
2012   11        6     5  15    2.26   407.1   10.7      38.711
2012   11        6     5  25    2.24   407.6   10.6      38.530
2012   11        6     5  35    2.22   408.0   10.5      38.350
2012   11        6     5  44    2.21   408.4   10.4      38.170
2012   11        6     5  54    2.19   408.8   10.3      37.988
2012   11        6     6   4    2.18   409.2   10.2      37.805
2012   11        6     6  14    2.16   409.7   10.1      37.621
2012   11        6     6  24    2.15   410.1   10.0      37.434
2012   11        6     6  33    2.13   410.4    9.9      37.242
2012   11        6     6  43    2.12   410.8    9.8      37.047
2012   11        6     6  53    2.11   411.2    9.7      36.847
2012   11        6     7   3    2.09   411.5    9.6      36.645
2012   11        6     7  13    2.08   411.8    9.5      36.440
2012   11        6     7  22    2.06   412.2    9.4      36.234
2012   11        6     7  32    2.05   412.5    9.3      36.028
2012   11        6     7  42    2.03   412.8    9.2      35.820
2012   11        6     7  52    2.02   413.0    9.1      35.612
2012   11        6     8   2    2.01   413.3    9.0      35.404
2012   11        6     8  11    1.99   413.6    8.9      35.198
2012   11        6     8  21    1.98   413.8    8.9      34.994
2012   11        6     8  31    1.96   414.1    8.8      34.791
2012   11        6     8  41    1.95   414.3    8.7      34.588
2012   11        6     8  51    1.94   414.5    8.6      34.387
2012   11        6     9   0    1.92   414.7    8.5      34.186
2012   11        6     9  10    1.91   414.9    8.5      33.986
2012   11        6     9  20    1.90   415.1    8.4      33.786
2012   11        6     9  30    1.88   415.3    8.3      33.587
2012   11        6     9  39    1.87   415.5    8.2      33.388
2012   11        6     9  49    1.86   415.6    8.2      33.190
2012   11        6     9  59    1.84   415.8    8.1      32.992
2012   11        6    10   9    1.83   415.9    8.0      32.795
2012   11        6    10  19    1.82   416.0    8.0      32.599
2012   11        6    10  28    1.81   416.1    7.9      32.405
2012   11        6    10  38    1.80   416.2    7.9      32.211
2012   11        6    10  48    1.78   416.3    7.8      32.020
2012   11        6    10  58    1.77   416.3    7.7      31.830
2012   11        6    11   8    1.76   416.4    7.7      31.642
2012   11        6    11  17    1.75   416.4    7.6      31.456
2012   11        6    11  27    1.74   416.5    7.6      31.273
2012   11        6    11  37    1.73   416.5    7.5      31.092
2012   11        6    11  47    1.72   416.5    7.5      30.915
2012   11        6    11  57    1.71   416.5    7.4      30.740
2012   11        6    12   6    1.70   416.5    7.4      30.568
2012   11        6    12  16    1.69   416.4    7.3      30.400
2012   11        6    12  26    1.68   416.4    7.3      30.235
2012   11        6    12  36    1.67   416.4    7.3      30.073
2012   11        6    12  46    1.66   416.3    7.2      29.915
2012   11        6    12  55    1.65   416.3    7.2      29.759
2012   11        6    13   5    1.64   416.2    7.1      29.607
2012   11        6    13  15    1.63   416.2    7.1      29.457
2012   11        6    13  25    1.62   416.1    7.1      29.311
2012   11        6    13  35    1.61   416.0    7.0      29.167
2012   11        6    13  44    1.60   416.0    7.0      29.026
2012   11        6    13  54    1.60   415.9    7.0      28.888
2012   11        6    14   4    1.59   415.8    6.9      28.752
2012   11        6    14  14    1.58   415.7    6.9      28.619
2012   11        6    14  24    1.57   415.6    6.9      28.488
2012   11        6    14  33    1.57   415.5    6.8      28.360
2012   11        6    14  43    1.56   415.4    6.8      28.235
2012   11        6    14  53    1.55   415.3    6.8      28.112
2012   11        6    15   3    1.54   415.2    6.7      27.991
2012   11        6    15  13    1.54   415.1    6.7      27.873
2012   11        6    15  22    1.53   415.0    6.7      27.757
2012   11        6    15  32    1.52   414.9    6.7      27.642
2012   11        6    15  42    1.52   414.8    6.6      27.529
2012   11        6    15  52    1.51   414.7    6.6      27.418
2012   11        6    16   1    1.50   414.6    6.6      27.308
2012   11        6    16  11    1.50   414.5    6.6      27.199
2012   11        6    16  21    1.49   414.4    6.5      27.091
2012   11        6    16  31    1.49   414.3    6.5      26.983
2012   11        6    16  41    1.48   414.2    6.5      26.876
2012   11        6    16  50    1.47   414.0    6.5      26.770
2012   11        6    17   0    1.47   413.9    6.4      26.665
2012   11        6    17  10    1.46   413.7    6.4      26.560
2012   11        6    17  20    1.46   413.6    6.4      26.457
2012   11        6    17  30    1.45   413.4    6.4      26.354
2012   11        6    17  39    1.45   413.2    6.3      26.252
2012   11        6    17  49    1.44   413.1    6.3      26.151
2012   11        6    17  59    1.44   412.9    6.3      26.051
2012   11        6    18   9    1.43   412.7    6.3      25.952
2012   11        6    18  19    1.43   412.5    6.3      25.854
2012   11        6    18  28    1.42   412.3    6.3      25.756
2012   11        6    18  38    1.42   412.1    6.2      25.661
2012   11        6    18  48    1.41   412.0    6.2      25.567
2012   11        6    18  58    1.41   411.8    6.2      25.475
2012   11        6    19   8    1.41   411.6    6.2      25.385
2012   11        6    19  17    1.40   411.4    6.2      25.296
2012   11        6    19  27    1.40   411.2    6.2      25.208
2012   11        6    19  37    1.39   411.0    6.1      25.122
2012   11        6    19  47    1.39   410.8    6.1      25.038
2012   11        6    19  57    1.38   410.6    6.1      24.954
2012   11        6    20   6    1.38   410.4    6.1      24.872
2012   11        6    20  16    1.38   410.2    6.1      24.791
2012   11        6    20  26    1.37   410.0    6.1      24.711
2012   11        6    20  36    1.37   409.9    6.1      24.632
2012   11        6    20  46    1.37   409.7    6.1      24.554
2012   11        6    20  55    1.36   409.5    6.0      24.476
2012   11        6    21   5    1.36   409.3    6.0      24.399
2012   11        6    21  15    1.36   409.1    6.0      24.322
2012   11        6    21  25    1.35   408.9    6.0      24.246
2012   11        6    21  35    1.35   408.7    6.0      24.171
2012   11        6    21  44    1.34   408.5    6.0      24.097
2012   11        6    21  54    1.34   408.3    6.0      24.024
2012   11        6    22   4    1.34   408.1    6.0      23.952
2012   11        6    22  14    1.34   407.9    5.9      23.880
2012   11        6    22  24    1.33   407.7    5.9      23.810
2012   11        6    22  33    1.33   407.5    5.9      23.741
2012   11        6    22  43    1.33   407.3    5.9      23.672
2012   11        6    22  53    1.32   407.1    5.9      23.605
2012   11        6    23   3    1.32   406.8    5.9      23.539
2012   11        6    23  12    1.32   406.6    5.9      23.473
2012   11        6    23  22    1.31   406.4    5.9      23.409
2012   11        6    23  32    1.31   406.2    5.9      23.345
2012   11        6    23  42    1.31   405.9    5.9      23.282
2012   11        6    23  52    1.31   405.7    5.8      23.220
2012   11        7     0   1    1.30   405.5    5.8      23.159
2012   11        7     0  11    1.30   405.2    5.8      23.099
2012   11        7     0  21    1.30   405.0    5.8      23.039
2012   11        7     0  31    1.30   404.7    5.8      22.981
2012   11        7     0  40    1.30   404.5    5.8      22.924
2012   11        7     0  50    1.29   404.2    5.8      22.867
2012   11        7     1   0    1.29   403.9    5.8      22.810
2012   11        7     1  10    1.29   403.6    5.8      22.755
2012   11        7     1  20    1.29   403.4    5.8      22.700
2012   11        7     1  29    1.29   403.1    5.8      22.646
2012   11        7     1  39    1.28   402.8    5.8      22.592
2012   11        7     1  49    1.28   402.6    5.8      22.538
2012   11        7     1  59    1.28   402.3    5.8      22.486
2012   11        7     2   9    1.28   402.0    5.8      22.436
2012   11        7     2  19    1.28   401.7    5.8      22.387
2012   11        7     2  28    1.28   401.5    5.8      22.338
2012   11        7     2  38    1.27   401.2    5.8      22.290
2012   11        7     2  48    1.27   401.0    5.8      22.242
2012   11        7     2  58    1.27   400.7    5.8      22.196
2012   11        7     3   8    1.27   400.5    5.8      22.149
2012   11        7     3  17    1.27   400.2    5.8      22.103
2012   11        7     3  27    1.27   400.0    5.8      22.058
2012   11        7     3  37    1.26   399.7    5.8      22.013
2012   11        7     3  47    1.26   399.5    5.8      21.968
2012   11        7     3  57    1.26   399.2    5.8      21.922
2012   11        7     4   6    1.26   399.0    5.8      21.877
2012   11        7     4  16    1.26   398.7    5.8      21.831
2012   11        7     4  26    1.26   398.5    5.8      21.786
2012   11        7     4  36    1.26   398.2    5.8      21.740
2012   11        7     4  46    1.25   398.0    5.8      21.695
2012   11        7     4  55    1.25   397.7    5.8      21.650
2012   11        7     5   5    1.25   397.5    5.8      21.605
2012   11        7     5  15    1.25   397.2    5.7      21.560
2012   11        7     5  25    1.25   396.9    5.7      21.516
2012   11        7     5  34    1.25   396.7    5.7      21.472
2012   11        7     5  44    1.25   396.4    5.7      21.428
2012   11        7     5  54    1.25   396.2    5.7      21.385
2012   11        7     6   4    1.24   395.9    5.7      21.342
2012   11        7     6  14    1.24   395.7    5.7      21.300
2012   11        7     6  23    1.24   395.4    5.7      21.258
2012   11        7     6  33    1.24   395.2    5.7      21.217
2012   11        7     6  43    1.24   394.9    5.7      21.176
2012   11        7     6  53    1.24   394.6    5.7      21.136
2012   11        7     7   3    1.24   394.4    5.7      21.096
2012   11        7     7  12    1.24   394.1    5.7      21.057
2012   11        7     7  22    1.24   393.9    5.7      21.019
2012   11        7     7  32    1.24   393.6    5.7      20.981
2012   11        7     7  42    1.23   393.3    5.7      20.943
2012   11        7     7  51    1.23   393.1    5.7      20.906
2012   11        7     8   1    1.23   392.8    5.7      20.870
2012   11        7     8  11    1.23   392.5    5.7      20.833
2012   11        7     8  21    1.23   392.3    5.7      20.798
2012   11        7     8  31    1.23   392.0    5.7      20.762
2012   11        7     8  40    1.23   391.7    5.7      20.727
2012   11        7     8  50    1.23   391.5    5.7      20.691
2012   11        7     9   0    1.23   391.2    5.7      20.656
2012   11        7     9  10    1.23   390.9    5.7      20.622
2012   11        7     9  20    1.23   390.7    5.7      20.587
2012   11        7     9  29    1.23   390.4    5.7      20.553
2012   11        7     9  39    1.23   390.1    5.7      20.519
2012   11        7     9  49    1.23   389.8    5.7      20.486
2012   11        7     9  59    1.23   389.6    5.7      20.453
2012   11        7    10   9    1.23   389.3    5.8      20.420
2012   11        7    10  18    1.23   389.0    5.8      20.387
2012   11        7    10  28    1.22   388.8    5.8      20.355
2012   11        7    10  38    1.22   388.5    5.8      20.323
2012   11        7    10  48    1.22   388.2    5.8      20.292
2012   11        7    10  58    1.22   388.0    5.8      20.260
2012   11        7    11   8    1.22   387.7    5.8      20.230
2012   11        7    11  17    1.22   387.4    5.8      20.199
2012   11        7    11  27    1.22   387.1    5.8      20.168
2012   11        7    11  37    1.22   386.9    5.8      20.138
2012   11        7    11  47    1.22   386.6    5.8      20.108
2012   11        7    11  56    1.22   386.3    5.8      20.078
2012   11        7    12   6    1.22   386.1    5.8      20.048
2012   11        7    12  16    1.22   385.8    5.8      20.018
2012   11        7    12  26    1.22   385.5    5.8      19.988
2012   11        7    12  36    1.22   385.3    5.8      19.959
2012   11        7    12  45    1.22   385.0    5.8      19.929
2012   11        7    12  55    1.22   384.7    5.8      19.900
2012   11        7    13   5    1.22   384.4    5.8      19.871
2012   11        7    13  15    1.22   384.2    5.8      19.841
2012   11        7    13  25    1.22   383.9    5.8      19.812
2012   11        7    13  34    1.22   383.6    5.8      19.783
2012   11        7    13  44    1.22   383.4    5.8      19.753
2012   11        7    13  54    1.22   383.1    5.8      19.724
2012   11        7    14   4    1.22   382.8    5.8      19.695
2012   11        7    14  14    1.22   382.6    5.8      19.666
2012   11        7    14  23    1.22   382.3    5.8      19.636
2012   11        7    14  33    1.22   382.0    5.8      19.607
2012   11        7    14  43    1.22   381.7    5.8      19.578
2012   11        7    14  53    1.22   381.5    5.8      19.549
2012   11        7    15   2    1.22   381.2    5.8      19.520
2012   11        7    15  12    1.22   380.9    5.9      19.491
2012   11        7    15  22    1.22   380.6    5.9      19.463
2012   11        7    15  32    1.22   380.3    5.9      19.435
2012   11        7    15  42    1.22   380.1    5.9      19.407
2012   11        7    15  51    1.22   379.8    5.9      19.380
2012   11        7    16   1    1.22   379.5    5.9      19.353
2012   11        7    16  11    1.22   379.2    5.9      19.327
2012   11        7    16  21    1.22   378.9    5.9      19.301
2012   11        7    16  30    1.22   378.6    5.9      19.277
2012   11        7    16  40    1.22   378.4    5.9      19.253
2012   11        7    16  50    1.23   378.1    5.9      19.230
2012   11        7    17   0    1.23   377.8    5.9      19.209
2012   11        7    17  10    1.23   377.5    5.9      19.188
2012   11        7    17  19    1.23   377.2    5.9      19.169
2012   11        7    17  29    1.23   376.9    5.9      19.151
2012   11        7    17  39    1.23   376.6    6.0      19.134
2012   11        7    17  49    1.23   376.4    6.0      19.118
2012   11        7    17  58    1.23   376.1    6.0      19.104
2012   11        7    18   8    1.23   375.8    6.0      19.091
2012   11        7    18  18    1.23   375.5    6.0      19.079
2012   11        7    18  28    1.24   375.3    6.0      19.069
2012   11        7    18  38    1.24   375.0    6.0      19.059
2012   11        7    18  47    1.24   374.7    6.0      19.051
2012   11        7    18  57    1.24   374.4    6.1      19.045
2012   11        7    19   7    1.24   374.2    6.1      19.039
2012   11        7    19  17    1.24   373.9    6.1      19.034
2012   11        7    19  27    1.25   373.6    6.1      19.031
2012   11        7    19  36    1.25   373.4    6.1      19.028
2012   11        7    19  46    1.25   373.1    6.1      19.027
2012   11        7    19  56    1.25   372.8    6.2      19.026
2012   11        7    20   6    1.25   372.6    6.2      19.027
2012   11        7    20  15    1.26   372.3    6.2      19.028
2012   11        7    20  25    1.26   372.0    6.2      19.030
2012   11        7    20  35    1.26   371.8    6.2      19.033
2012   11        7    20  45    1.26   371.5    6.3      19.037
2012   11        7    20  55    1.26   371.3    6.3      19.042
2012   11        7    21   4    1.27   371.0    6.3      19.047
2012   11        7    21  14    1.27   370.8    6.3      19.053
2012   11        7    21  24    1.27   370.5    6.3      19.060
2012   11        7    21  34    1.27   370.3    6.4      19.068
2012   11        7    21  43    1.28   370.1    6.4      19.076
2012   11        7    21  53    1.28   369.8    6.4      19.085
2012   11        7    22   3    1.28   369.6    6.4      19.095
2012   11        7    22  13    1.28   369.4    6.4      19.105
2012   11        7    22  23    1.29   369.1    6.5      19.115
2012   11        7    22  32    1.29   368.9    6.5      19.127
2012   11        7    22  42    1.29   368.7    6.5      19.139
2012   11        7    22  52    1.29   368.5    6.5      19.151
2012   11        7    23   2    1.30   368.2    6.6      19.164
2012   11        7    23  11    1.30   368.0    6.6      19.178
2012   11        7    23  21    1.30   367.8    6.6      19.192
2012   11        7    23  31    1.30   367.6    6.6      19.207
2012   11        7    23  41    1.31   367.4    6.7      19.223
2012   11        7    23  51    1.31   367.2    6.7      19.239
2012   11        8     0   0    1.31   367.0    6.7      19.256
2012   11        8     0  10    1.32   366.8    6.7      19.273
2012   11        8     0  20    1.32   366.6    6.8      19.291
2012   11        8     0  30    1.32   366.4    6.8      19.310
2012   11        8     0  39    1.33   366.2    6.8      19.329
2012   11        8     0  49    1.33   366.0    6.8      19.349
2012   11        8     0  59    1.33   365.8    6.9      19.370
2012   11        8     1   9    1.34   365.6    6.9      19.391
2012   11        8     1  19    1.34   365.4    6.9      19.414
2012   11        8     1  28    1.34   365.3    6.9      19.437
2012   11        8     1  38    1.35   365.1    7.0      19.461
2012   11        8     1  48    1.35   364.9    7.0      19.487
2012   11        8     1  58    1.35   364.7    7.0      19.514
2012   11        8     2   8    1.36   364.6    7.1      19.542
2012   11        8     2  17    1.36   364.4    7.1      19.573
2012   11        8     2  27    1.37   364.3    7.1      19.605
2012   11        8     2  37    1.37   364.1    7.2      19.639
2012   11        8     2  47    1.37   364.0    7.2      19.674
2012   11        8     2  57    1.38   363.9    7.2      19.711
2012   11        8     3   6    1.38   363.7    7.2      19.749
2012   11        8     3  16    1.39   363.6    7.3      19.787
2012   11        8     3  26    1.39   363.5    7.3      19.827
2012   11        8     3  36    1.40   363.4    7.3      19.867
2012   11        8     3  45    1.40   363.2    7.4      19.907
2012   11        8     3  55    1.40   363.1    7.4      19.947
2012   11        8     4   5    1.41   363.0    7.4      19.988
2012   11        8     4  15    1.41   362.9    7.5      20.028
2012   11        8     4  25    1.42   362.8    7.5      20.068
2012   11        8     4  34    1.42   362.7    7.5      20.109
2012   11        8     4  44    1.42   362.6    7.6      20.150
2012   11        8     4  54    1.43   362.5    7.6      20.190
2012   11        8     5   4    1.43   362.4    7.6      20.232
2012   11        8     5  14    1.44   362.3    7.7      20.273
2012   11        8     5  23    1.44   362.2    7.7      20.315
2012   11        8     5  33    1.45   362.2    7.7      20.358
2012   11        8     5  43    1.45   362.1    7.8      20.401
2012   11        8     5  53    1.45   362.0    7.8      20.443
2012   11        8     6   3    1.46   361.9    7.8      20.487
2012   11        8     6  13    1.46   361.9    7.9      20.530
2012   11        8     6  22    1.47   361.8    7.9      20.573
2012   11        8     6  32    1.47   361.8    7.9      20.617
2012   11        8     6  42    1.48   361.7    7.9      20.660
2012   11        8     6  52    1.48   361.6    8.0      20.703
2012   11        8     7   2    1.48   361.6    8.0      20.745
2012   11        8     7  11    1.49   361.5    8.0      20.787
2012   11        8     7  21    1.49   361.5    8.1      20.829
2012   11        8     7  31    1.50   361.4    8.1      20.870
2012   11        8     7  41    1.50   361.4    8.1      20.911
2012   11        8     7  51    1.50   361.3    8.2      20.951
2012   11        8     8   0    1.51   361.3    8.2      20.991
2012   11        8     8  10    1.51   361.3    8.2      21.031
2012   11        8     8  20    1.52   361.2    8.2      21.070
2012   11        8     8  30    1.52   361.2    8.3      21.109
2012   11        8     8  40    1.52   361.1    8.3      21.147
2012   11        8     8  49    1.53   361.1    8.3      21.186
2012   11        8     8  59    1.53   361.1    8.4      21.224
2012   11        8     9   9    1.54   361.1    8.4      21.263
2012   11        8     9  19    1.54   361.0    8.4      21.303
2012   11        8     9  29    1.54   361.0    8.4      21.343
2012   11        8     9  38    1.55   361.0    8.5      21.385
2012   11        8     9  48    1.55   361.0    8.5      21.428
2012   11        8     9  58    1.56   361.0    8.5      21.472
2012   11        8    10   8    1.56   361.0    8.5      21.516
2012   11        8    10  18    1.56   361.0    8.6      21.561
2012   11        8    10  27    1.57   361.0    8.6      21.606
2012   11        8    10  37    1.57   361.0    8.6      21.652
2012   11        8    10  47    1.58   361.0    8.6      21.697
2012   11        8    10  57    1.58   361.0    8.7      21.742
2012   11        8    11   7    1.58   361.0    8.7      21.786
2012   11        8    11  16    1.59   361.0    8.7      21.830
2012   11        8    11  26    1.59   361.0    8.7      21.872
2012   11        8    11  36    1.59   361.0    8.8      21.913
2012   11        8    11  46    1.60   361.1    8.8      21.954
2012   11        8    11  56    1.60   361.1    8.8      21.994
2012   11        8    12   5    1.60   361.1    8.8      22.033
2012   11        8    12  15    1.61   361.1    8.8      22.072
2012   11        8    12  25    1.61   361.1    8.9      22.111
2012   11        8    12  35    1.61   361.1    8.9      22.149
2012   11        8    12  45    1.62   361.2    8.9      22.187
2012   11        8    12  54    1.62   361.2    8.9      22.224
2012   11        8    13   4    1.62   361.2    8.9      22.262
2012   11        8    13  14    1.63   361.2    9.0      22.299
2012   11        8    13  24    1.63   361.3    9.0      22.335
2012   11        8    13  34    1.63   361.3    9.0      22.372
2012   11        8    13  43    1.64   361.3    9.0      22.408
2012   11        8    13  53    1.64   361.4    9.0      22.443
2012   11        8    14   3    1.64   361.4    9.0      22.478
2012   11        8    14  13    1.64   361.4    9.1      22.513
2012   11        8    14  23    1.65   361.4    9.1      22.547
2012   11        8    14  32    1.65   361.5    9.1      22.580
2012   11        8    14  42    1.65   361.5    9.1      22.613
2012   11        8    14  52    1.66   361.5    9.1      22.645
2012   11        8    15   2    1.66   361.6    9.1      22.677
2012   11        8    15  12    1.66   361.6    9.2      22.709
2012   11        8    15  21    1.66   361.6    9.2      22.741
2012   11        8    15  31    1.67   361.7    9.2      22.772
2012   11        8    15  41    1.67   361.7    9.2      22.804
2012   11        8    15  51    1.67   361.7    9.2      22.835
2012   11        8    16   1    1.67   361.8    9.2      22.867
2012   11        8    16  10    1.68   361.8    9.2      22.898
2012   11        8    16  20    1.68   361.9    9.3      22.930
2012   11        8    16  30    1.68   361.9    9.3      22.962
2012   11        8    16  40    1.68   362.0    9.3      22.994
2012   11        8    16  50    1.69   362.0    9.3      23.028
2012   11        8    16  59    1.69   362.1    9.3      23.061
2012   11        8    17   9    1.69   362.1    9.3      23.096
2012   11        8    17  19    1.69   362.2    9.3      23.130
2012   11        8    17  29    1.70   362.2    9.3      23.165
2012   11        8    17  39    1.70   362.3    9.4      23.200
2012   11        8    17  48    1.70   362.3    9.4      23.234
2012   11        8    17  58    1.70   362.4    9.4      23.268
2012   11        8    18   8    1.70   362.5    9.4      23.302
2012   11        8    18  18    1.71   362.5    9.4      23.335
2012   11        8    18  27    1.71   362.6    9.4      23.367
2012   11        8    18  37    1.71   362.6    9.4      23.398
2012   11        8    18  47    1.71   362.7    9.4      23.428
2012   11        8    18  57    1.71   362.8    9.4      23.458
2012   11        8    19   7    1.72   362.8    9.4      23.486
2012   11        8    19  16    1.72   362.9    9.4      23.514
2012   11        8    19  26    1.72   362.9    9.5      23.542
2012   11        8    19  36    1.72   363.0    9.5      23.569
2012   11        8    19  46    1.72   363.1    9.5      23.595
2012   11        8    19  56    1.72   363.1    9.5      23.622
2012   11        8    20   5    1.73   363.2    9.5      23.648
2012   11        8    20  15    1.73   363.2    9.5      23.673
2012   11        8    20  25    1.73   363.3    9.5      23.699
2012   11        8    20  35    1.73   363.4    9.5      23.725
2012   11        8    20  45    1.73   363.4    9.5      23.750
2012   11        8    20  54    1.73   363.5    9.5      23.775
2012   11        8    21   4    1.73   363.6    9.5      23.799
2012   11        8    21  14    1.74   363.7    9.5      23.823
2012   11        8    21  24    1.74   363.7    9.5      23.846
2012   11        8    21  34    1.74   363.8    9.5      23.869
2012   11        8    21  44    1.74   363.9    9.5      23.891
2012   11        8    21  53    1.74   363.9    9.5      23.912
2012   11        8    22   3    1.74   364.0    9.5      23.932
2012   11        8    22  13    1.74   364.1    9.6      23.952
2012   11        8    22  23    1.75   364.1    9.6      23.972
2012   11        8    22  33    1.75   364.2    9.6      23.991
2012   11        8    22  42    1.75   364.3    9.6      24.009
2012   11        8    22  52    1.75   364.4    9.6      24.028
2012   11        8    23   2    1.75   364.4    9.6      24.046
2012   11        8    23  12    1.75   364.5    9.6      24.064
2012   11        8    23  22    1.75   364.6    9.6      24.083
2012   11        8    23  31    1.75   364.6    9.6      24.101
2012   11        8    23  41    1.75   364.7    9.6      24.119
2012   11        8    23  51    1.75   364.8    9.6      24.137
2012   11        9     0   1    1.76   364.8    9.6      24.156
2012   11        9     0  10    1.76   364.9    9.6      24.175
2012   11        9     0  20    1.76   365.0    9.6      24.194
2012   11        9     0  30    1.76   365.1    9.6      24.212
2012   11        9     0  40    1.76   365.1    9.6      24.231
2012   11        9     0  50    1.76   365.2    9.6      24.249
2012   11        9     0  59    1.76   365.3    9.6      24.267
2012   11        9     1   9    1.76   365.3    9.6      24.285
2012   11        9     1  19    1.76   365.4    9.6      24.303
2012   11        9     1  29    1.76   365.5    9.6      24.320
2012   11        9     1  39    1.76   365.5    9.6      24.337
2012   11        9     1  48    1.76   365.6    9.6      24.353
2012   11        9     1  58    1.76   365.7    9.6      24.369
2012   11        9     2   8    1.76   365.7    9.6      24.384
2012   11        9     2  18    1.76   365.8    9.6      24.400
2012   11        9     2  28    1.77   365.9    9.6      24.415
2012   11        9     2  37    1.77   365.9    9.6      24.430
2012   11        9     2  47    1.77   366.0    9.6      24.445
2012   11        9     2  57    1.77   366.1    9.6      24.461
2012   11        9     3   7    1.77   366.1    9.6      24.476
2012   11        9     3  17    1.77   366.2    9.6      24.493
2012   11        9     3  26    1.77   366.3    9.6      24.510
2012   11        9     3  36    1.77   366.3    9.6      24.527
2012   11        9     3  46    1.77   366.4    9.6      24.546
2012   11        9     3  56    1.77   366.5    9.6      24.566
2012   11        9     4   6    1.77   366.6    9.6      24.588
2012   11        9     4  15    1.77   366.7    9.6      24.610
2012   11        9     4  25    1.77   366.7    9.6      24.632
2012   11        9     4  35    1.77   366.8    9.6      24.655
2012   11        9     4  45    1.78   366.9    9.6      24.677
2012   11        9     4  55    1.78   367.0    9.6      24.699
2012   11        9     5   4    1.78   367.1    9.6      24.720
2012   11        9     5  14    1.78   367.2    9.6      24.741
2012   11        9     5  24    1.78   367.3    9.6      24.760
2012   11        9     5  34    1.78   367.4    9.6      24.778
2012   11        9     5  44    1.78   367.5    9.6      24.794
2012   11        9     5  53    1.78   367.6    9.6      24.810
2012   11        9     6   3    1.78   367.7    9.6      24.824
2012   11        9     6  13    1.78   367.8    9.6      24.836
2012   11        9     6  23    1.78   367.8    9.6      24.848
2012   11        9     6  33    1.78   367.9    9.6      24.859
2012   11        9     6  42    1.78   368.0    9.6      24.869
2012   11        9     6  52    1.78   368.1    9.6      24.878
2012   11        9     7   2    1.78   368.2    9.6      24.886
2012   11        9     7  12    1.78   368.3    9.6      24.894
2012   11        9     7  22    1.78   368.4    9.6      24.901
2012   11        9     7  31    1.78   368.5    9.6      24.907
2012   11        9     7  41    1.78   368.6    9.6      24.913
2012   11        9     7  51    1.77   368.6    9.6      24.918
2012   11        9     8   1    1.77   368.7    9.6      24.923
2012   11        9     8  10    1.77   368.8    9.6      24.927
2012   11        9     8  20    1.77   368.9    9.5      24.930
2012   11        9     8  30    1.77   369.0    9.5      24.934
2012   11        9     8  40    1.77   369.0    9.5      24.937
2012   11        9     8  50    1.77   369.1    9.5      24.939
2012   11        9     8  59    1.77   369.2    9.5      24.941
2012   11        9     9   9    1.77   369.3    9.5      24.943
2012   11        9     9  19    1.77   369.4    9.5      24.945
2012   11        9     9  29    1.77   369.4    9.5      24.947
2012   11        9     9  39    1.77   369.5    9.5      24.949
2012   11        9     9  48    1.77   369.6    9.5      24.951
2012   11        9     9  58    1.77   369.7    9.5      24.952
2012   11        9    10   8    1.77   369.7    9.5      24.955
2012   11        9    10  18    1.77   369.8    9.5      24.957
2012   11        9    10  28    1.77   369.9    9.5      24.959
2012   11        9    10  37    1.77   369.9    9.5      24.963
2012   11        9    10  47    1.77   370.0    9.4      24.966
2012   11        9    10  57    1.77   370.1    9.4      24.970
2012   11        9    11   7    1.76   370.1    9.4      24.976
2012   11        9    11  17    1.76   370.2    9.4      24.983
2012   11        9    11  26    1.76   370.3    9.4      24.991
2012   11        9    11  36    1.76   370.4    9.4      25.000
2012   11        9    11  46    1.76   370.4    9.4      25.009
2012   11        9    11  56    1.76   370.5    9.4      25.019
2012   11        9    12   6    1.76   370.6    9.4      25.029
2012   11        9    12  15    1.76   370.7    9.4      25.039
2012   11        9    12  25    1.76   370.8    9.4      25.048
2012   11        9    12  35    1.76   370.8    9.4      25.056
2012   11        9    12  45    1.76   370.9    9.4      25.064
2012   11        9    12  55    1.76   371.0    9.4      25.070
2012   11        9    13   4    1.76   371.1    9.4      25.075
2012   11        9    13  14    1.76   371.2    9.4      25.079
2012   11        9    13  24    1.76   371.2    9.4      25.081
2012   11        9    13  34    1.75   371.3    9.4      25.082
2012   11        9    13  44    1.75   371.4    9.3      25.082
2012   11        9    13  53    1.75   371.5    9.3      25.081
2012   11        9    14   3    1.75   371.6    9.3      25.079
2012   11        9    14  13    1.75   371.6    9.3      25.076
2012   11        9    14  23    1.75   371.7    9.3      25.073
2012   11        9    14  33    1.75   371.8    9.3      25.068
2012   11        9    14  42    1.75   371.9    9.3      25.063
2012   11        9    14  52    1.74   371.9    9.3      25.056
2012   11        9    15   2    1.74   372.0    9.2      25.050
2012   11        9    15  12    1.74   372.1    9.2      25.042
2012   11        9    15  21    1.74   372.2    9.2      25.034
2012   11        9    15  31    1.74   372.2    9.2      25.025
2012   11        9    15  41    1.74   372.3    9.2      25.016
2012   11        9    15  51    1.73   372.4    9.2      25.006
2012   11        9    16   1    1.73   372.5    9.2      24.995
2012   11        9    16  10    1.73   372.5    9.2      24.984
2012   11        9    16  20    1.73   372.6    9.1      24.973
2012   11        9    16  30    1.73   372.6    9.1      24.961
2012   11        9    16  40    1.73   372.7    9.1      24.948
2012   11        9    16  50    1.72   372.8    9.1      24.936
2012   11        9    16  59    1.72   372.8    9.1      24.923
2012   11        9    17   9    1.72   372.9    9.1      24.909
2012   11        9    17  19    1.72   372.9    9.1      24.896
2012   11        9    17  29    1.72   373.0    9.0      24.882
2012   11        9    17  39    1.72   373.1    9.0      24.867
2012   11        9    17  48    1.71   373.1    9.0      24.853
2012   11        9    17  58    1.71   373.2    9.0      24.838
2012   11        9    18   8    1.71   373.2    9.0      24.823
2012   11        9    18  18    1.71   373.3    9.0      24.808
2012   11        9    18  27    1.71   373.3    9.0      24.793
2012   11        9    18  37    1.70   373.4    8.9      24.778
2012   11        9    18  47    1.70   373.4    8.9      24.762
2012   11        9    18  57    1.70   373.4    8.9      24.747
2012   11        9    19   7    1.70   373.5    8.9      24.731
2012   11        9    19  16    1.70   373.5    8.9      24.714
2012   11        9    19  26    1.70   373.6    8.9      24.697
2012   11        9    19  36    1.69   373.6    8.9      24.680
2012   11        9    19  46    1.69   373.6    8.8      24.663
2012   11        9    19  56    1.69   373.7    8.8      24.644
2012   11        9    20   5    1.69   373.7    8.8      24.626
2012   11        9    20  15    1.69   373.7    8.8      24.606
2012   11        9    20  25    1.68   373.8    8.8      24.586
2012   11        9    20  35    1.68   373.8    8.8      24.566
2012   11        9    20  45    1.68   373.8    8.7      24.545
2012   11        9    20  54    1.68   373.9    8.7      24.523
2012   11        9    21   4    1.67   373.9    8.7      24.502
2012   11        9    21  14    1.67   373.9    8.7      24.479
2012   11        9    21  24    1.67   373.9    8.7      24.457
2012   11        9    21  34    1.67   374.0    8.7      24.434
2012   11        9    21  43    1.67   374.0    8.7      24.410
2012   11        9    21  53    1.66   374.0    8.6      24.386
2012   11        9    22   3    1.66   374.0    8.6      24.362
2012   11        9    22  13    1.66   374.0    8.6      24.338
2012   11        9    22  23    1.66   374.0    8.6      24.314
2012   11        9    22  32    1.65   374.1    8.6      24.289
2012   11        9    22  42    1.65   374.1    8.6      24.264
2012   11        9    22  52    1.65   374.1    8.6      24.238
2012   11        9    23   2    1.65   374.1    8.5      24.213
2012   11        9    23  12    1.65   374.1    8.5      24.187
2012   11        9    23  21    1.64   374.1    8.5      24.161
2012   11        9    23  31    1.64   374.1    8.5      24.136
2012   11        9    23  41    1.64   374.1    8.5      24.110
2012   11        9    23  51    1.64   374.1    8.5      24.084
2012   11       10     0   0    1.63   374.1    8.5      24.057
2012   11       10     0  10    1.63   374.1    8.4      24.031
2012   11       10     0  20    1.63   374.1    8.4      24.006
2012   11       10     0  30    1.63   374.1    8.4      23.980
2012   11       10     0  40    1.62   374.1    8.4      23.954
2012   11       10     0  49    1.62   374.0    8.4      23.928
2012   11       10     0  59    1.62   374.0    8.4      23.903
2012   11       10     1   9    1.62   374.0    8.4      23.878
2012   11       10     1  19    1.62   374.0    8.4      23.852
2012   11       10     1  29    1.61   374.0    8.3      23.827
2012   11       10     1  38    1.61   374.0    8.3      23.802
2012   11       10     1  48    1.61   373.9    8.3      23.776
2012   11       10     1  58    1.61   373.9    8.3      23.751
2012   11       10     2   8    1.61   373.9    8.3      23.724
2012   11       10     2  18    1.60   373.9    8.3      23.698
2012   11       10     2  27    1.60   373.8    8.3      23.671
2012   11       10     2  37    1.60   373.8    8.3      23.644
2012   11       10     2  47    1.60   373.8    8.2      23.616
2012   11       10     2  57    1.59   373.7    8.2      23.588
2012   11       10     3   7    1.59   373.7    8.2      23.559
2012   11       10     3  16    1.59   373.7    8.2      23.530
2012   11       10     3  26    1.59   373.6    8.2      23.501
2012   11       10     3  36    1.59   373.6    8.2      23.471
2012   11       10     3  46    1.58   373.5    8.2      23.442
2012   11       10     3  56    1.58   373.5    8.2      23.412
2012   11       10     4   5    1.58   373.5    8.2      23.382
2012   11       10     4  15    1.58   373.4    8.1      23.352
2012   11       10     4  25    1.57   373.4    8.1      23.322
2012   11       10     4  35    1.57   373.3    8.1      23.293
2012   11       10     4  44    1.57   373.3    8.1      23.263
2012   11       10     4  54    1.57   373.2    8.1      23.233
2012   11       10     5   4    1.57   373.2    8.1      23.204
2012   11       10     5  14    1.56   373.1    8.1      23.175
2012   11       10     5  24    1.56   373.0    8.1      23.146
2012   11       10     5  33    1.56   373.0    8.1      23.117
2012   11       10     5  43    1.56   372.9    8.1      23.088
2012   11       10     5  53    1.56   372.9    8.0      23.060
2012   11       10     6   3    1.55   372.8    8.0      23.031
2012   11       10     6  13    1.55   372.7    8.0      23.003
2012   11       10     6  22    1.55   372.7    8.0      22.975
2012   11       10     6  32    1.55   372.6    8.0      22.948
2012   11       10     6  42    1.55   372.6    8.0      22.921
2012   11       10     6  52    1.54   372.5    8.0      22.894
2012   11       10     7   1    1.54   372.4    8.0      22.867
2012   11       10     7  11    1.54   372.3    8.0      22.840
2012   11       10     7  21    1.54   372.3    8.0      22.814
2012   11       10     7  31    1.54   372.2    8.0      22.789
2012   11       10     7  41    1.53   372.1    8.0      22.764
2012   11       10     7  50    1.53   372.0    8.0      22.739
2012   11       10     8   0    1.53   372.0    8.0      22.714
2012   11       10     8  10    1.53   371.9    8.0      22.691
2012   11       10     8  20    1.53   371.8    8.0      22.667
2012   11       10     8  30    1.53   371.7    7.9      22.645
2012   11       10     8  39    1.52   371.7    7.9      22.622
2012   11       10     8  49    1.52   371.6    7.9      22.600
2012   11       10     8  59    1.52   371.5    7.9      22.578
2012   11       10     9   9    1.52   371.4    7.9      22.556
2012   11       10     9  19    1.52   371.3    7.9      22.533
2012   11       10     9  28    1.52   371.3    7.9      22.511
2012   11       10     9  38    1.51   371.2    7.9      22.489
2012   11       10     9  48    1.51   371.1    7.9      22.467
2012   11       10     9  58    1.51   371.0    7.9      22.444
2012   11       10    10   8    1.51   370.9    7.9      22.421
2012   11       10    10  17    1.51   370.8    7.9      22.398
2012   11       10    10  27    1.51   370.7    7.9      22.375
2012   11       10    10  37    1.50   370.6    7.9      22.352
2012   11       10    10  47    1.50   370.5    7.9      22.329
2012   11       10    10  56    1.50   370.4    7.9      22.305
2012   11       10    11   6    1.50   370.3    7.9      22.282
2012   11       10    11  16    1.50   370.2    7.9      22.259
2012   11       10    11  26    1.50   370.1    7.9      22.237
2012   11       10    11  36    1.49   370.0    7.9      22.214
2012   11       10    11  45    1.49   369.9    7.9      22.191
2012   11       10    11  55    1.49   369.8    7.9      22.169
2012   11       10    12   5    1.49   369.7    7.9      22.147
2012   11       10    12  15    1.49   369.6    7.9      22.125
2012   11       10    12  25    1.49   369.5    7.9      22.103
2012   11       10    12  34    1.48   369.4    7.9      22.082
2012   11       10    12  44    1.48   369.3    7.8      22.060
2012   11       10    12  54    1.48   369.2    7.8      22.038
2012   11       10    13   4    1.48   369.1    7.8      22.017
2012   11       10    13  14    1.48   369.0    7.8      21.996
2012   11       10    13  23    1.48   368.9    7.8      21.974
2012   11       10    13  33    1.48   368.8    7.8      21.953
2012   11       10    13  43    1.48   368.7    7.8      21.931
2012   11       10    13  53    1.47   368.6    7.8      21.910
2012   11       10    14   2    1.47   368.5    7.8      21.889
2012   11       10    14  12    1.47   368.4    7.8      21.867
2012   11       10    14  22    1.47   368.3    7.8      21.846
2012   11       10    14  32    1.47   368.2    7.8      21.824
2012   11       10    14  42    1.47   368.1    7.8      21.803
2012   11       10    14  51    1.47   368.0    7.8      21.781
2012   11       10    15   1    1.46   367.9    7.8      21.760
2012   11       10    15  11    1.46   367.8    7.8      21.739
2012   11       10    15  21    1.46   367.7    7.8      21.717
2012   11       10    15  31    1.46   367.6    7.8      21.696
2012   11       10    15  40    1.46   367.5    7.8      21.674
2012   11       10    15  50    1.46   367.4    7.8      21.653
2012   11       10    16   0    1.46   367.3    7.8      21.631
2012   11       10    16  10    1.46   367.1    7.8      21.610
2012   11       10    16  20    1.45   367.0    7.8      21.588
2012   11       10    16  29    1.45   366.9    7.8      21.567
2012   11       10    16  39    1.45   366.8    7.8      21.546
2012   11       10    16  49    1.45   366.7    7.8      21.524
2012   11       10    16  59    1.45   366.6    7.8      21.503
2012   11       10    17   8    1.45   366.5    7.8      21.482
2012   11       10    17  18    1.45   366.4    7.8      21.460
2012   11       10    17  28    1.45   366.2    7.8      21.439
2012   11       10    17  38    1.45   366.1    7.8      21.418
2012   11       10    17  48    1.44   366.0    7.8      21.397
2012   11       10    17  57    1.44   365.9    7.8      21.376
2012   11       10    18   7    1.44   365.8    7.8      21.354
2012   11       10    18  17    1.44   365.7    7.8      21.334
2012   11       10    18  27    1.44   365.5    7.8      21.313
2012   11       10    18  37    1.44   365.4    7.8      21.292
2012   11       10    18  46    1.44   365.3    7.8      21.271
2012   11       10    18  56    1.44   365.2    7.8      21.251
2012   11       10    19   6    1.44   365.1    7.8      21.231
2012   11       10    19  16    1.43   364.9    7.8      21.210
2012   11       10    19  26    1.43   364.8    7.8      21.190
2012   11       10    19  35    1.43   364.7    7.8      21.170
2012   11       10    19  45    1.43   364.6    7.8      21.150
2012   11       10    19  55    1.43   364.5    7.8      21.129
2012   11       10    20   5    1.43   364.3    7.8      21.109
2012   11       10    20  14    1.43   364.2    7.8      21.089
2012   11       10    20  24    1.43   364.1    7.8      21.068
2012   11       10    20  34    1.43   364.0    7.8      21.048
2012   11       10    20  44    1.43   363.8    7.8      21.027
2012   11       10    20  54    1.42   363.7    7.8      21.007
2012   11       10    21   3    1.42   363.6    7.8      20.987
2012   11       10    21  13    1.42   363.4    7.8      20.966
2012   11       10    21  23    1.42   363.3    7.8      20.946
2012   11       10    21  33    1.42   363.2    7.8      20.926
2012   11       10    21  43    1.42   363.0    7.8      20.906
2012   11       10    21  52    1.42   362.9    7.8      20.886
2012   11       10    22   2    1.42   362.8    7.8      20.866
2012   11       10    22  12    1.42   362.6    7.8      20.847
2012   11       10    22  22    1.42   362.5    7.8      20.827
2012   11       10    22  31    1.42   362.4    7.8      20.808
2012   11       10    22  41    1.42   362.2    7.8      20.790
2012   11       10    22  51    1.42   362.1    7.8      20.771
2012   11       10    23   1    1.41   362.0    7.8      20.753
2012   11       10    23  11    1.41   361.8    7.8      20.735
2012   11       10    23  20    1.41   361.7    7.8      20.717
2012   11       10    23  30    1.41   361.5    7.8      20.699
2012   11       10    23  40    1.41   361.4    7.8      20.682
2012   11       10    23  50    1.41   361.3    7.8      20.665
2012   11       11     0   0    1.41   361.1    7.8      20.647
2012   11       11     0   9    1.41   361.0    7.8      20.630
2012   11       11     0  19    1.41   360.9    7.8      20.613
2012   11       11     0  29    1.41   360.7    7.8      20.596
2012   11       11     0  39    1.41   360.6    7.8      20.580
2012   11       11     0  48    1.41   360.4    7.8      20.563
2012   11       11     0  58    1.41   360.3    7.8      20.546
2012   11       11     1   8    1.41   360.1    7.8      20.529
2012   11       11     1  18    1.41   360.0    7.8      20.512
2012   11       11     1  28    1.41   359.8    7.8      20.494
2012   11       11     1  37    1.41   359.7    7.8      20.477
2012   11       11     1  47    1.41   359.6    7.8      20.460
2012   11       11     1  57    1.41   359.4    7.8      20.442
2012   11       11     2   7    1.41   359.3    7.8      20.425
2012   11       11     2  17    1.41   359.1    7.8      20.407
2012   11       11     2  26    1.41   359.0    7.8      20.390
2012   11       11     2  36    1.40   358.8    7.8      20.372
2012   11       11     2  46    1.40   358.6    7.8      20.354
2012   11       11     2  56    1.40   358.5    7.8      20.337
2012   11       11     3   6    1.40   358.3    7.8      20.319
2012   11       11     3  15    1.40   358.2    7.8      20.301
2012   11       11     3  25    1.40   358.0    7.8      20.283
2012   11       11     3  35    1.40   357.9    7.8      20.265
2012   11       11     3  45    1.40   357.7    7.8      20.247
2012   11       11     3  54    1.40   357.6    7.8      20.230
2012   11       11     4   4    1.40   357.4    7.8      20.212
2012   11       11     4  14    1.40   357.2    7.9      20.194
2012   11       11     4  24    1.40   357.1    7.9      20.177
2012   11       11     4  34    1.40   356.9    7.9      20.160
2012   11       11     4  43    1.40   356.8    7.9      20.143
2012   11       11     4  53    1.40   356.6    7.9      20.127
2012   11       11     5   3    1.40   356.4    7.9      20.111
2012   11       11     5  13    1.40   356.3    7.9      20.095
2012   11       11     5  23    1.40   356.1    7.9      20.081
2012   11       11     5  32    1.40   355.9    7.9      20.066
2012   11       11     5  42    1.40   355.8    7.9      20.053
2012   11       11     5  52    1.40   355.6    7.9      20.041
2012   11       11     6   2    1.40   355.4    7.9      20.029
2012   11       11     6  11    1.41   355.3    7.9      20.018
2012   11       11     6  21    1.41   355.1    8.0      20.009
2012   11       11     6  31    1.41   354.9    8.0      20.000
2012   11       11     6  41    1.41   354.8    8.0      19.993
2012   11       11     6  51    1.41   354.6    8.0      19.987
2012   11       11     7   0    1.41   354.4    8.0      19.982
2012   11       11     7  10    1.41   354.3    8.0      19.978
2012   11       11     7  20    1.41   354.1    8.0      19.976
2012   11       11     7  30    1.41   353.9    8.1      19.975
2012   11       11     7  40    1.42   353.8    8.1      19.975
2012   11       11     7  49    1.42   353.6    8.1      19.976
2012   11       11     7  59    1.42   353.5    8.1      19.979
2012   11       11     8   9    1.42   353.3    8.2      19.983
2012   11       11     8  19    1.42   353.2    8.2      19.989
2012   11       11     8  28    1.42   353.0    8.2      19.997
2012   11       11     8  38    1.43   352.9    8.2      20.006
2012   11       11     8  48    1.43   352.7    8.3      20.017
2012   11       11     8  58    1.43   352.6    8.3      20.031
2012   11       11     9   8    1.43   352.4    8.3      20.047
2012   11       11     9  17    1.43   352.3    8.3      20.064
2012   11       11     9  27    1.44   352.2    8.4      20.082
2012   11       11     9  37    1.44   352.0    8.4      20.102
2012   11       11     9  47    1.44   351.9    8.4      20.122
2012   11       11     9  57    1.44   351.8    8.4      20.143
2012   11       11    10   6    1.44   351.6    8.4      20.165
2012   11       11    10  16    1.45   351.5    8.5      20.186
2012   11       11    10  26    1.45   351.4    8.5      20.207
2012   11       11    10  36    1.45   351.3    8.5      20.228
2012   11       11    10  45    1.45   351.1    8.5      20.248
2012   11       11    10  55    1.45   351.0    8.6      20.268
2012   11       11    11   5    1.46   350.9    8.6      20.286
2012   11       11    11  15    1.46   350.8    8.6      20.304
2012   11       11    11  25    1.46   350.7    8.6      20.322
2012   11       11    11  34    1.46   350.5    8.6      20.339
2012   11       11    11  44    1.46   350.4    8.7      20.355
2012   11       11    11  54    1.47   350.3    8.7      20.372
2012   11       11    12   4    1.47   350.2    8.7      20.387
2012   11       11    12  14    1.47   350.1    8.7      20.403
2012   11       11    12  23    1.47   350.0    8.7      20.418
2012   11       11    12  33    1.48   349.8    8.8      20.434
2012   11       11    12  43    1.48   349.7    8.8      20.449
2012   11       11    12  53    1.48   349.6    8.8      20.464
2012   11       11    13   2    1.48   349.5    8.8      20.480
2012   11       11    13  12    1.49   349.4    8.9      20.496
2012   11       11    13  22    1.49   349.3    8.9      20.512
2012   11       11    13  32    1.49   349.2    8.9      20.528
2012   11       11    13  42    1.50   349.1    8.9      20.545
2012   11       11    13  51    1.50   349.0    9.0      20.563
2012   11       11    14   1    1.50   348.9    9.0      20.582
2012   11       11    14  11    1.51   348.8    9.0      20.601
2012   11       11    14  21    1.51   348.7    9.0      20.622
2012   11       11    14  30    1.51   348.6    9.1      20.644
2012   11       11    14  40    1.52   348.5    9.1      20.667
2012   11       11    14  50    1.52   348.4    9.1      20.691
2012   11       11    15   0    1.52   348.3    9.2      20.717
2012   11       11    15  10    1.53   348.3    9.2      20.746
2012   11       11    15  19    1.53   348.2    9.3      20.776
2012   11       11    15  29    1.54   348.1    9.3      20.809
2012   11       11    15  39    1.54   348.0    9.3      20.843
2012   11       11    15  49    1.55   348.0    9.4      20.881
2012   11       11    15  59    1.55   347.9    9.4      20.922
2012   11       11    16   8    1.56   347.9    9.5      20.966
2012   11       11    16  18    1.56   347.9    9.5      21.014
2012   11       11    16  28    1.56   347.8    9.5      21.065
2012   11       11    16  38    1.57   347.8    9.6      21.118
2012   11       11    16  48    1.57   347.8    9.6      21.173
2012   11       11    16  57    1.58   347.7    9.7      21.229
2012   11       11    17   7    1.58   347.7    9.7      21.286
2012   11       11    17  17    1.59   347.7    9.7      21.343
2012   11       11    17  27    1.59   347.7    9.8      21.401
2012   11       11    17  36    1.60   347.7    9.8      21.459
2012   11       11    17  46    1.60   347.7    9.8      21.515
2012   11       11    17  56    1.60   347.7    9.9      21.571
2012   11       11    18   6    1.61   347.7    9.9      21.624
2012   11       11    18  16    1.61   347.7    9.9      21.677
2012   11       11    18  25    1.62   347.7    9.9      21.728
2012   11       11    18  35    1.62   347.7   10.0      21.777
2012   11       11    18  45    1.63   347.7   10.0      21.825
2012   11       11    18  55    1.63   347.7   10.0      21.873
2012   11       11    19   4    1.63   347.8   10.0      21.919
2012   11       11    19  14    1.64   347.8   10.1      21.964
2012   11       11    19  24    1.64   347.8   10.1      22.007
2012   11       11    19  34    1.65   347.8   10.1      22.051
2012   11       11    19  44    1.65   347.8   10.1      22.093
2012   11       11    19  53    1.65   347.9   10.2      22.134
2012   11       11    20   3    1.66   347.9   10.2      22.175
2012   11       11    20  13    1.66   347.9   10.2      22.215
2012   11       11    20  23    1.67   347.9   10.2      22.254
2012   11       11    20  33    1.67   348.0   10.3      22.293
2012   11       11    20  42    1.67   348.0   10.3      22.331
2012   11       11    20  52    1.68   348.0   10.3      22.369
2012   11       11    21   2    1.68   348.1   10.3      22.406
2012   11       11    21  12    1.69   348.1   10.3      22.443
2012   11       11    21  21    1.69   348.2   10.4      22.480
2012   11       11    21  31    1.70   348.2   10.4      22.516
2012   11       11    21  41    1.70   348.2   10.4      22.553
2012   11       11    21  51    1.70   348.3   10.4      22.589
2012   11       11    22   1    1.71   348.3   10.5      22.625
2012   11       11    22  10    1.71   348.4   10.5      22.661
2012   11       11    22  20    1.72   348.4   10.5      22.697
2012   11       11    22  30    1.72   348.4   10.5      22.734
2012   11       11    22  40    1.73   348.5   10.5      22.771
2012   11       11    22  49    1.73   348.5   10.6      22.808
2012   11       11    22  59    1.73   348.6   10.6      22.846
2012   11       11    23   9    1.74   348.6   10.6      22.885
2012   11       11    23  19    1.74   348.7   10.6      22.925
2012   11       11    23  29    1.75   348.7   10.7      22.967
2012   11       11    23  38    1.75   348.8   10.7      23.011
2012   11       11    23  48    1.76   348.9   10.7      23.056
2012   11       11    23  58    1.76   348.9   10.7      23.102
2012   11       12     0   8    1.77   349.0   10.8      23.150
2012   11       12     0  18    1.77   349.1   10.8      23.198
2012   11       12     0  27    1.77   349.2   10.8      23.246
2012   11       12     0  37    1.78   349.2   10.8      23.294
2012   11       12     0  47    1.78   349.3   10.9      23.343
2012   11       12     0  57    1.79   349.4   10.9      23.391
2012   11       12     1   6    1.79   349.5   10.9      23.439
2012   11       12     1  16    1.79   349.6   10.9      23.486
2012   11       12     1  26    1.80   349.7   10.9      23.532
2012   11       12     1  36    1.80   349.7   11.0      23.577
2012   11       12     1  46    1.80   349.8   11.0      23.621
2012   11       12     1  55    1.81   349.9   11.0      23.665
2012   11       12     2   5    1.81   350.0   11.0      23.708
2012   11       12     2  15    1.81   350.1   11.0      23.751
2012   11       12     2  25    1.82   350.2   11.0      23.793
2012   11       12     2  34    1.82   350.3   11.1      23.835
2012   11       12     2  44    1.82   350.4   11.1      23.876
2012   11       12     2  54    1.83   350.5   11.1      23.917
2012   11       12     3   4    1.83   350.6   11.1      23.957
2012   11       12     3  14    1.83   350.7   11.1      23.996
2012   11       12     3  23    1.84   350.8   11.1      24.035
2012   11       12     3  33    1.84   350.9   11.1      24.073
2012   11       12     3  43    1.84   351.1   11.1      24.111
2012   11       12     3  53    1.84   351.2   11.1      24.148
2012   11       12     4   3    1.85   351.3   11.1      24.184
2012   11       12     4  12    1.85   351.4   11.2      24.220
2012   11       12     4  22    1.85   351.5   11.2      24.256
2012   11       12     4  32    1.85   351.6   11.2      24.292
2012   11       12     4  42    1.86   351.7   11.2      24.328
2012   11       12     4  51    1.86   351.8   11.2      24.363
2012   11       12     5   1    1.86   351.9   11.2      24.399
2012   11       12     5  11    1.86   352.0   11.2      24.437
2012   11       12     5  21    1.87   352.1   11.2      24.475
2012   11       12     5  30    1.87   352.3   11.2      24.515
2012   11       12     5  40    1.87   352.4   11.2      24.556
2012   11       12     5  50    1.88   352.5   11.3      24.598
2012   11       12     6   0    1.88   352.6   11.3      24.640
2012   11       12     6  10    1.88   352.8   11.3      24.682
2012   11       12     6  19    1.88   352.9   11.3      24.724
2012   11       12     6  29    1.89   353.0   11.3      24.766
2012   11       12     6  39    1.89   353.2   11.3      24.808
2012   11       12     6  49    1.89   353.3   11.3      24.849
2012   11       12     6  59    1.89   353.4   11.3      24.888
2012   11       12     7   8    1.90   353.6   11.3      24.927
2012   11       12     7  18    1.90   353.7   11.3      24.964
2012   11       12     7  28    1.90   353.8   11.3      25.001
2012   11       12     7  38    1.90   354.0   11.3      25.036
2012   11       12     7  47    1.91   354.1   11.3      25.071
2012   11       12     7  57    1.91   354.2   11.3      25.105
2012   11       12     8   7    1.91   354.4   11.3      25.138
2012   11       12     8  17    1.91   354.5   11.3      25.172
2012   11       12     8  27    1.92   354.6   11.3      25.204
2012   11       12     8  36    1.92   354.7   11.3      25.237
2012   11       12     8  46    1.92   354.9   11.3      25.270
2012   11       12     8  56    1.92   355.0   11.3      25.303
2012   11       12     9   6    1.92   355.1   11.3      25.336
2012   11       12     9  15    1.93   355.3   11.3      25.371
2012   11       12     9  25    1.93   355.4   11.4      25.407
2012   11       12     9  35    1.93   355.5   11.4      25.444
2012   11       12     9  45    1.93   355.7   11.4      25.482
2012   11       12     9  55    1.93   355.8   11.4      25.520
2012   11       12    10   4    1.93   356.0   11.4      25.559
2012   11       12    10  14    1.94   356.1   11.4      25.598
2012   11       12    10  24    1.94   356.2   11.4      25.637
2012   11       12    10  34    1.94   356.4   11.4      25.676
2012   11       12    10  44    1.94   356.5   11.4      25.713
2012   11       12    10  53    1.94   356.7   11.4      25.750
2012   11       12    11   3    1.94   356.8   11.4      25.786
2012   11       12    11  13    1.94   357.0   11.4      25.819
2012   11       12    11  23    1.95   357.1   11.4      25.851
2012   11       12    11  32    1.95   357.3   11.3      25.881
2012   11       12    11  42    1.95   357.4   11.3      25.909
2012   11       12    11  52    1.95   357.5   11.3      25.936
2012   11       12    12   2    1.95   357.7   11.3      25.960
2012   11       12    12  12    1.95   357.8   11.3      25.982
2012   11       12    12  21    1.95   358.0   11.3      26.003
2012   11       12    12  31    1.95   358.1   11.3      26.022
2012   11       12    12  41    1.95   358.2   11.3      26.041
2012   11       12    12  51    1.95   358.4   11.3      26.060
2012   11       12    13   0    1.96   358.5   11.3      26.078
2012   11       12    13  10    1.96   358.6   11.3      26.096
2012   11       12    13  20    1.96   358.8   11.2      26.113
2012   11       12    13  30    1.96   358.9   11.2      26.130
2012   11       12    13  40    1.96   359.0   11.2      26.146
2012   11       12    13  49    1.96   359.2   11.2      26.162
2012   11       12    13  59    1.96   359.3   11.2      26.177
2012   11       12    14   9    1.96   359.4   11.2      26.192
2012   11       12    14  19    1.96   359.6   11.2      26.205
2012   11       12    14  28    1.96   359.7   11.1      26.217
2012   11       12    14  38    1.96   359.8   11.1      26.229
2012   11       12    14  48    1.96   360.0   11.1      26.239
2012   11       12    14  58    1.96   360.1   11.1      26.248
2012   11       12    15   8    1.96   360.2   11.1      26.257
2012   11       12    15  17    1.96   360.4   11.1      26.264
2012   11       12    15  27    1.96   360.5   11.0      26.272
2012   11       12    15  37    1.96   360.6   11.0      26.279
2012   11       12    15  47    1.96   360.7   11.0      26.285
2012   11       12    15  57    1.96   360.9   11.0      26.291
2012   11       12    16   6    1.96   361.0   11.0      26.297
2012   11       12    16  16    1.95   361.1   10.9      26.303
2012   11       12    16  26    1.95   361.2   10.9      26.309
2012   11       12    16  36    1.95   361.4   10.9      26.314
2012   11       12    16  45    1.95   361.5   10.9      26.320
2012   11       12    16  55    1.95   361.6   10.9      26.325
2012   11       12    17   5    1.95   361.8   10.8      26.330
2012   11       12    17  15    1.95   361.9   10.8      26.335
2012   11       12    17  25    1.95   362.1   10.8      26.339
2012   11       12    17  34    1.95   362.2   10.8      26.342
2012   11       12    17  44    1.95   362.4   10.8      26.345
2012   11       12    17  54    1.94   362.5   10.7      26.346
2012   11       12    18   4    1.94   362.7   10.7      26.345
2012   11       12    18  13    1.94   362.9   10.7      26.343
2012   11       12    18  23    1.94   363.0   10.7      26.338
2012   11       12    18  33    1.94   363.2   10.6      26.330
2012   11       12    18  43    1.94   363.3   10.6      26.319
2012   11       12    18  53    1.93   363.5   10.6      26.306
2012   11       12    19   2    1.93   363.6   10.5      26.288
2012   11       12    19  12    1.93   363.8   10.5      26.265
2012   11       12    19  22    1.93   363.9   10.5      26.240
2012   11       12    19  32    1.92   364.1   10.4      26.210
2012   11       12    19  41    1.92   364.2   10.4      26.177
2012   11       12    19  51    1.92   364.3   10.4      26.142
2012   11       12    20   1    1.92   364.4   10.3      26.105
2012   11       12    20  11    1.91   364.5   10.3      26.066
2012   11       12    20  21    1.91   364.5   10.3      26.027
2012   11       12    20  30    1.91   364.6   10.2      25.986
2012   11       12    20  40    1.91   364.7   10.2      25.944
2012   11       12    20  50    1.90   364.8   10.1      25.903
2012   11       12    21   0    1.90   364.8   10.1      25.862
2012   11       12    21   9    1.90   364.9   10.1      25.821
2012   11       12    21  19    1.89   365.0   10.1      25.781
2012   11       12    21  29    1.89   365.0   10.0      25.741
2012   11       12    21  39    1.89   365.1   10.0      25.701
2012   11       12    21  49    1.89   365.1   10.0      25.662
2012   11       12    21  58    1.88   365.2    9.9      25.622
2012   11       12    22   8    1.88   365.3    9.9      25.584
2012   11       12    22  18    1.88   365.3    9.9      25.545
2012   11       12    22  28    1.88   365.4    9.8      25.506
2012   11       12    22  38    1.87   365.4    9.8      25.468
2012   11       12    22  47    1.87   365.5    9.8      25.429
2012   11       12    22  57    1.87   365.5    9.7      25.391
2012   11       12    23   7    1.87   365.6    9.7      25.353
2012   11       12    23  17    1.86   365.7    9.7      25.315
2012   11       12    23  26    1.86   365.7    9.7      25.277
2012   11       12    23  36    1.86   365.8    9.6      25.239
2012   11       12    23  46    1.86   365.8    9.6      25.201
2012   11       12    23  56    1.85   365.9    9.6      25.163
2012   11       13     0   6    1.85   365.9    9.6      25.126
2012   11       13     0  15    1.85   366.0    9.5      25.088
2012   11       13     0  25    1.84   366.0    9.5      25.050
2012   11       13     0  35    1.84   366.1    9.5      25.012
2012   11       13     0  45    1.84   366.2    9.4      24.974
2012   11       13     0  55    1.84   366.2    9.4      24.935
2012   11       13     1   4    1.83   366.3    9.4      24.895
2012   11       13     1  14    1.83   366.3    9.4      24.855
2012   11       13     1  24    1.83   366.4    9.3      24.813
2012   11       13     1  34    1.82   366.5    9.3      24.769
2012   11       13     1  43    1.82   366.5    9.3      24.723
2012   11       13     1  53    1.82   366.6    9.2      24.676
2012   11       13     2   3    1.81   366.6    9.2      24.625
2012   11       13     2  13    1.81   366.7    9.2      24.570
2012   11       13     2  23    1.81   366.7    9.2      24.514
2012   11       13     2  32    1.80   366.7    9.1      24.455
2012   11       13     2  42    1.80   366.7    9.1      24.394
2012   11       13     2  52    1.80   366.7    9.1      24.331
2012   11       13     3   2    1.79   366.7    9.0      24.269
2012   11       13     3  11    1.79   366.7    9.0      24.206
2012   11       13     3  21    1.79   366.7    9.0      24.143
2012   11       13     3  31    1.78   366.7    9.0      24.081
2012   11       13     3  41    1.78   366.7    8.9      24.020
2012   11       13     3  51    1.78   366.6    8.9      23.962
2012   11       13     4   0    1.78   366.6    8.9      23.905
2012   11       13     4  10    1.77   366.6    8.9      23.851
2012   11       13     4  20    1.77   366.6    8.9      23.798
2012   11       13     4  30    1.77   366.5    8.8      23.748
2012   11       13     4  39    1.76   366.5    8.8      23.699
2012   11       13     4  49    1.76   366.5    8.8      23.653
2012   11       13     4  59    1.76   366.4    8.8      23.608
2012   11       13     5   9    1.76   366.4    8.8      23.565
2012   11       13     5  19    1.75   366.4    8.8      23.524
2012   11       13     5  28    1.75   366.3    8.7      23.485
2012   11       13     5  38    1.75   366.3    8.7      23.446
2012   11       13     5  48    1.75   366.3    8.7      23.409
2012   11       13     5  58    1.75   366.2    8.7      23.373
2012   11       13     6   8    1.74   366.2    8.7      23.337
2012   11       13     6  17    1.74   366.1    8.7      23.301
2012   11       13     6  27    1.74   366.1    8.7      23.267
2012   11       13     6  37    1.74   366.0    8.6      23.232
2012   11       13     6  47    1.73   366.0    8.6      23.198
2012   11       13     6  56    1.73   365.9    8.6      23.164
2012   11       13     7   6    1.73   365.9    8.6      23.129
2012   11       13     7  16    1.73   365.8    8.6      23.094
2012   11       13     7  26    1.73   365.8    8.6      23.059
2012   11       13     7  36    1.72   365.7    8.6      23.024
2012   11       13     7  45    1.72   365.7    8.5      22.989
2012   11       13     7  55    1.72   365.6    8.5      22.953
2012   11       13     8   5    1.72   365.6    8.5      22.918
2012   11       13     8  15    1.72   365.5    8.5      22.882
2012   11       13     8  24    1.71   365.5    8.5      22.845
2012   11       13     8  34    1.71   365.4    8.5      22.809
2012   11       13     8  44    1.71   365.3    8.5      22.772
2012   11       13     8  54    1.71   365.3    8.5      22.735
2012   11       13     9   4    1.71   365.2    8.5      22.697
2012   11       13     9  13    1.70   365.1    8.4      22.659
2012   11       13     9  23    1.70   365.1    8.4      22.622
2012   11       13     9  33    1.70   365.0    8.4      22.584
2012   11       13     9  43    1.70   364.9    8.4      22.546
2012   11       13     9  52    1.70   364.9    8.4      22.508
2012   11       13    10   2    1.70   364.8    8.4      22.471
2012   11       13    10  12    1.69   364.7    8.4      22.434
2012   11       13    10  22    1.69   364.7    8.4      22.398
2012   11       13    10  32    1.69   364.6    8.4      22.363
2012   11       13    10  41    1.69   364.5    8.4      22.329
2012   11       13    10  51    1.69   364.5    8.4      22.296
2012   11       13    11   1    1.69   364.4    8.4      22.264
2012   11       13    11  11    1.68   364.3    8.4      22.234
2012   11       13    11  20    1.68   364.3    8.4      22.206
2012   11       13    11  30    1.68   364.2    8.4      22.179
2012   11       13    11  40    1.68   364.1    8.4      22.154
2012   11       13    11  50    1.68   364.0    8.4      22.130
2012   11       13    12   0    1.68   364.0    8.4      22.108
2012   11       13    12   9    1.68   363.9    8.4      22.087
2012   11       13    12  19    1.68   363.8    8.4      22.068
2012   11       13    12  29    1.68   363.8    8.4      22.049
2012   11       13    12  39    1.67   363.7    8.4      22.032
2012   11       13    12  49    1.67   363.6    8.3      22.015
2012   11       13    12  58    1.67   363.5    8.3      21.999
2012   11       13    13   8    1.67   363.5    8.3      21.983
2012   11       13    13  18    1.67   363.4    8.3      21.967
2012   11       13    13  28    1.67   363.3    8.3      21.951
2012   11       13    13  37    1.67   363.2    8.3      21.936
2012   11       13    13  47    1.67   363.1    8.3      21.920
2012   11       13    13  57    1.67   363.1    8.3      21.904
2012   11       13    14   7    1.67   363.0    8.3      21.887
2012   11       13    14  17    1.67   362.9    8.3      21.871
2012   11       13    14  26    1.67   362.8    8.3      21.854
2012   11       13    14  36    1.66   362.7    8.3      21.836
2012   11       13    14  46    1.66   362.7    8.3      21.819
2012   11       13    14  56    1.66   362.6    8.3      21.801
2012   11       13    15   6    1.66   362.5    8.3      21.784
2012   11       13    15  15    1.66   362.4    8.3      21.766
2012   11       13    15  25    1.66   362.3    8.3      21.748
2012   11       13    15  35    1.66   362.3    8.3      21.731
2012   11       13    15  45    1.66   362.2    8.3      21.713
2012   11       13    15  54    1.66   362.1    8.3      21.695
2012   11       13    16   4    1.66   362.0    8.3      21.678
2012   11       13    16  14    1.66   361.9    8.3      21.660
2012   11       13    16  24    1.66   361.9    8.3      21.643
2012   11       13    16  34    1.66   361.8    8.3      21.626
2012   11       13    16  43    1.66   361.7    8.3      21.608
2012   11       13    16  53    1.66   361.6    8.3      21.591
2012   11       13    17   3    1.66   361.5    8.3      21.575
2012   11       13    17  13    1.66   361.5    8.3      21.558
2012   11       13    17  22    1.65   361.4    8.3      21.542
2012   11       13    17  32    1.65   361.3    8.3      21.526
2012   11       13    17  42    1.65   361.3    8.3      21.510
2012   11       13    17  52    1.65   361.2    8.3      21.494
2012   11       13    18   2    1.65   361.1    8.3      21.478
2012   11       13    18  11    1.65   361.0    8.3      21.463
2012   11       13    18  21    1.65   361.0    8.3      21.448
2012   11       13    18  31    1.65   360.9    8.3      21.432
2012   11       13    18  41    1.65   360.8    8.3      21.417
2012   11       13    18  50    1.65   360.8    8.3      21.402
2012   11       13    19   0    1.65   360.7    8.3      21.387
2012   11       13    19  10    1.65   360.6    8.3      21.372
2012   11       13    19  20    1.65   360.5    8.3      21.358
2012   11       13    19  30    1.65   360.5    8.3      21.343
2012   11       13    19  39    1.65   360.4    8.3      21.329
2012   11       13    19  49    1.65   360.3    8.3      21.314
2012   11       13    19  59    1.65   360.3    8.3      21.301
2012   11       13    20   9    1.65   360.2    8.3      21.287
2012   11       13    20  19    1.65   360.1    8.3      21.274
2012   11       13    20  28    1.65   360.0    8.3      21.261
2012   11       13    20  38    1.65   360.0    8.3      21.248
2012   11       13    20  48    1.65   359.9    8.3      21.236
2012   11       13    20  58    1.65   359.8    8.3      21.224
2012   11       13    21   7    1.65   359.7    8.3      21.212
2012   11       13    21  17    1.65   359.7    8.3      21.200
2012   11       13    21  27    1.65   359.6    8.3      21.188
2012   11       13    21  37    1.65   359.5    8.3      21.176
2012   11       13    21  47    1.65   359.4    8.3      21.164
2012   11       13    21  56    1.65   359.4    8.3      21.152
2012   11       13    22   6    1.64   359.3    8.3      21.140
2012   11       13    22  16    1.64   359.2    8.3      21.128
2012   11       13    22  26    1.64   359.1    8.3      21.116
2012   11       13    22  35    1.64   359.0    8.3      21.104
2012   11       13    22  45    1.64   359.0    8.3      21.092
2012   11       13    22  55    1.64   358.9    8.3      21.080
2012   11       13    23   5    1.64   358.8    8.3      21.069
2012   11       13    23  15    1.64   358.7    8.3      21.057
2012   11       13    23  24    1.64   358.6    8.3      21.046
2012   11       13    23  34    1.64   358.5    8.3      21.034
2012   11       13    23  44    1.64   358.5    8.3      21.023
2012   11       13    23  54    1.64   358.4    8.3      21.011
2012   11       14     0   3    1.64   358.3    8.3      21.000
2012   11       14     0  13    1.64   358.2    8.3      20.989
2012   11       14     0  23    1.64   358.1    8.3      20.978
2012   11       14     0  33    1.64   358.0    8.3      20.967
2012   11       14     0  43    1.64   357.9    8.3      20.955
2012   11       14     0  52    1.64   357.9    8.3      20.945
2012   11       14     1   2    1.64   357.8    8.3      20.934
2012   11       14     1  12    1.64   357.7    8.3      20.923
2012   11       14     1  22    1.64   357.6    8.3      20.912
2012   11       14     1  31    1.64   357.5    8.3      20.901
2012   11       14     1  41    1.64   357.4    8.3      20.890
2012   11       14     1  51    1.64   357.3    8.3      20.880
2012   11       14     2   1    1.64   357.2    8.3      20.869
2012   11       14     2  11    1.64   357.1    8.3      20.859
2012   11       14     2  20    1.64   357.0    8.3      20.849
2012   11       14     2  30    1.64   357.0    8.3      20.840
2012   11       14     2  40    1.64   356.9    8.3      20.831
2012   11       14     2  50    1.64   356.8    8.3      20.822
2012   11       14     3   0    1.64   356.7    8.3      20.814
2012   11       14     3   9    1.64   356.6    8.3      20.807
2012   11       14     3  19    1.64   356.5    8.3      20.800
2012   11       14     3  29    1.64   356.4    8.3      20.793
2012   11       14     3  39    1.64   356.3    8.3      20.787
2012   11       14     3  48    1.64   356.2    8.3      20.782
2012   11       14     3  58    1.64   356.2    8.3      20.777
2012   11       14     4   8    1.64   356.1    8.3      20.772
2012   11       14     4  18    1.64   356.0    8.3      20.768
2012   11       14     4  28    1.65   355.9    8.3      20.764
2012   11       14     4  37    1.65   355.8    8.3      20.760
2012   11       14     4  47    1.65   355.7    8.3      20.756
2012   11       14     4  57    1.65   355.7    8.4      20.752
2012   11       14     5   7    1.65   355.6    8.4      20.748
2012   11       14     5  17    1.65   355.5    8.4      20.744
2012   11       14     5  26    1.65   355.4    8.4      20.740
2012   11       14     5  36    1.65   355.3    8.4      20.737
2012   11       14     5  46    1.65   355.2    8.4      20.733
2012   11       14     5  56    1.65   355.1    8.4      20.729
2012   11       14     6   5    1.65   355.0    8.4      20.726
2012   11       14     6  15    1.65   355.0    8.4      20.722
2012   11       14     6  25    1.65   354.9    8.4      20.718
2012   11       14     6  35    1.65   354.8    8.4      20.714
2012   11       14     6  45    1.65   354.7    8.4      20.711
2012   11       14     6  54    1.65   354.6    8.4      20.707
2012   11       14     7   4    1.65   354.5    8.4      20.703
2012   11       14     7  14    1.65   354.4    8.4      20.700
2012   11       14     7  24    1.65   354.3    8.4      20.696
2012   11       14     7  33    1.65   354.3    8.4      20.692
2012   11       14     7  43    1.65   354.2    8.4      20.688
2012   11       14     7  53    1.65   354.1    8.4      20.684
2012   11       14     8   3    1.65   354.0    8.4      20.680
2012   11       14     8  13    1.65   353.9    8.4      20.676
2012   11       14     8  22    1.65   353.8    8.5      20.671
2012   11       14     8  32    1.66   353.7    8.5      20.667
2012   11       14     8  42    1.66   353.6    8.5      20.662
2012   11       14     8  52    1.66   353.5    8.5      20.657
2012   11       14     9   1    1.66   353.4    8.5      20.652
2012   11       14     9  11    1.66   353.4    8.5      20.647
2012   11       14     9  21    1.66   353.3    8.5      20.642
2012   11       14     9  31    1.66   353.2    8.5      20.637
2012   11       14     9  41    1.66   353.1    8.5      20.633
2012   11       14     9  50    1.66   353.0    8.5      20.628
2012   11       14    10   0    1.66   352.9    8.5      20.624
2012   11       14    10  10    1.66   352.8    8.5      20.619
2012   11       14    10  20    1.66   352.7    8.5      20.616
2012   11       14    10  29    1.66   352.6    8.5      20.612
2012   11       14    10  39    1.66   352.5    8.5      20.609
2012   11       14    10  49    1.66   352.4    8.5      20.606
2012   11       14    10  59    1.66   352.3    8.5      20.604
2012   11       14    11   9    1.67   352.2    8.5      20.602
2012   11       14    11  18    1.67   352.2    8.6      20.600
2012   11       14    11  28    1.67   352.1    8.6      20.598
2012   11       14    11  38    1.67   352.0    8.6      20.597
2012   11       14    11  48    1.67   351.9    8.6      20.597
2012   11       14    11  58    1.67   351.8    8.6      20.596
2012   11       14    12   7    1.67   351.7    8.6      20.596
2012   11       14    12  17    1.67   351.6    8.6      20.596
2012   11       14    12  27    1.67   351.6    8.6      20.597
2012   11       14    12  37    1.67   351.5    8.6      20.597
2012   11       14    12  46    1.68   351.4    8.6      20.598
2012   11       14    12  56    1.68   351.3    8.6      20.599
2012   11       14    13   6    1.68   351.2    8.6      20.600
2012   11       14    13  16    1.68   351.1    8.7      20.602
2012   11       14    13  26    1.68   351.0    8.7      20.604
2012   11       14    13  35    1.68   350.9    8.7      20.605
2012   11       14    13  45    1.68   350.9    8.7      20.607
2012   11       14    13  55    1.68   350.8    8.7      20.610
2012   11       14    14   5    1.68   350.7    8.7      20.612
2012   11       14    14  14    1.69   350.6    8.7      20.615
2012   11       14    14  24    1.69   350.5    8.7      20.618
2012   11       14    14  34    1.69   350.5    8.7      20.621
2012   11       14    14  44    1.69   350.4    8.7      20.624
2012   11       14    14  54    1.69   350.3    8.8      20.627
2012   11       14    15   3    1.69   350.2    8.8      20.631
2012   11       14    15  13    1.69   350.1    8.8      20.634
2012   11       14    15  23    1.69   350.1    8.8      20.638
2012   11       14    15  33    1.69   350.0    8.8      20.641
2012   11       14    15  42    1.70   349.9    8.8      20.644
2012   11       14    15  52    1.70   349.8    8.8      20.648
2012   11       14    16   2    1.70   349.8    8.8      20.651
2012   11       14    16  12    1.70   349.7    8.8      20.653
2012   11       14    16  22    1.70   349.6    8.8      20.656
2012   11       14    16  31    1.70   349.6    8.8      20.659
2012   11       14    16  41    1.70   349.5    8.8      20.661
2012   11       14    16  51    1.70   349.4    8.8      20.663
2012   11       14    17   1    1.70   349.3    8.9      20.665
2012   11       14    17  10    1.71   349.3    8.9      20.666
2012   11       14    17  20    1.71   349.2    8.9      20.668
2012   11       14    17  30    1.71   349.1    8.9      20.670
2012   11       14    17  40    1.71   349.1    8.9      20.671
2012   11       14    17  50    1.71   349.0    8.9      20.672
2012   11       14    17  59    1.71   348.9    8.9      20.674
2012   11       14    18   9    1.71   348.8    8.9      20.675
2012   11       14    18  19    1.71   348.8    8.9      20.676
2012   11       14    18  29    1.72   348.7    8.9      20.677
2012   11       14    18  39    1.72   348.6    8.9      20.679
2012   11       14    18  48    1.72   348.6    8.9      20.680
2012   11       14    18  58    1.72   348.5    8.9      20.682
2012   11       14    19   8    1.72   348.4    9.0      20.683
2012   11       14    19  18    1.72   348.4    9.0      20.685
2012   11       14    19  27    1.72   348.3    9.0      20.687
2012   11       14    19  37    1.72   348.2    9.0      20.689
2012   11       14    19  47    1.72   348.2    9.0      20.691
2012   11       14    19  57    1.73   348.1    9.0      20.693
2012   11       14    20   7    1.73   348.0    9.0      20.695
2012   11       14    20  16    1.73   348.0    9.0      20.698
2012   11       14    20  26    1.73   347.9    9.0      20.701
2012   11       14    20  36    1.73   347.8    9.0      20.704
2012   11       14    20  46    1.73   347.8    9.0      20.707
2012   11       14    20  55    1.73   347.7    9.1      20.710
2012   11       14    21   5    1.74   347.6    9.1      20.714
2012   11       14    21  15    1.74   347.6    9.1      20.717
2012   11       14    21  25    1.74   347.5    9.1      20.721
2012   11       14    21  35    1.74   347.5    9.1      20.725
2012   11       14    21  44    1.74   347.4    9.1      20.729
2012   11       14    21  54    1.74   347.3    9.1      20.733
2012   11       14    22   4    1.74   347.3    9.1      20.737
2012   11       14    22  14    1.74   347.2    9.1      20.742
2012   11       14    22  23    1.75   347.2    9.1      20.746
2012   11       14    22  33    1.75   347.1    9.1      20.751
2012   11       14    22  43    1.75   347.1    9.2      20.756
2012   11       14    22  53    1.75   347.0    9.2      20.761
2012   11       14    23   3    1.75   347.0    9.2      20.766
2012   11       14    23  12    1.75   346.9    9.2      20.771
2012   11       14    23  22    1.75   346.9    9.2      20.775
2012   11       14    23  32    1.75   346.8    9.2      20.780
2012   11       14    23  42    1.75   346.8    9.2      20.784
2012   11       14    23  51    1.76   346.7    9.2      20.789
2012   11       15     0   1    1.76   346.7    9.2      20.792
2012   11       15     0  11    1.76   346.6    9.2      20.796
2012   11       15     0  21    1.76   346.6    9.2      20.800
2012   11       15     0  31    1.76   346.5    9.2      20.803
2012   11       15     0  40    1.76   346.5    9.2      20.806
2012   11       15     0  50    1.76   346.4    9.2      20.809
2012   11       15     1   0    1.76   346.4    9.3      20.812
2012   11       15     1  10    1.76   346.4    9.3      20.814
2012   11       15     1  20    1.77   346.3    9.3      20.816
2012   11       15     1  29    1.77   346.3    9.3      20.819
2012   11       15     1  39    1.77   346.2    9.3      20.821
2012   11       15     1  49    1.77   346.2    9.3      20.823
2012   11       15     1  59    1.77   346.1    9.3      20.825
2012   11       15     2   8    1.77   346.1    9.3      20.827
2012   11       15     2  18    1.77   346.0    9.3      20.829
2012   11       15     2  28    1.77   346.0    9.3      20.831
2012   11       15     2  38    1.77   346.0    9.3      20.833
2012   11       15     2  48    1.77   345.9    9.3      20.835
2012   11       15     2  57    1.78   345.9    9.3      20.837
2012   11       15     3   7    1.78   345.8    9.3      20.839
2012   11       15     3  17    1.78   345.8    9.3      20.841
2012   11       15     3  27    1.78   345.7    9.3      20.843
2012   11       15     3  37    1.78   345.7    9.4      20.845
2012   11       15     3  46    1.78   345.7    9.4      20.848
2012   11       15     3  56    1.78   345.6    9.4      20.850
2012   11       15     4   6    1.78   345.6    9.4      20.853
2012   11       15     4  16    1.78   345.6    9.4      20.855
2012   11       15     4  25    1.78   345.5    9.4      20.858
2012   11       15     4  35    1.78   345.5    9.4      20.862
2012   11       15     4  45    1.79   345.4    9.4      20.865
2012   11       15     4  55    1.79   345.4    9.4      20.868
2012   11       15     5   5    1.79   345.4    9.4      20.871
2012   11       15     5  14    1.79   345.3    9.4      20.875
2012   11       15     5  24    1.79   345.3    9.4      20.878
2012   11       15     5  34    1.79   345.3    9.4      20.882
2012   11       15     5  44    1.79   345.2    9.4      20.885
2012   11       15     5  53    1.79   345.2    9.4      20.889
2012   11       15     6   3    1.79   345.2    9.4      20.892
2012   11       15     6  13    1.79   345.1    9.4      20.896
2012   11       15     6  23    1.79   345.1    9.5      20.899
2012   11       15     6  33    1.79   345.1    9.5      20.901
2012   11       15     6  42    1.79   345.0    9.5      20.904
2012   11       15     6  52    1.80   345.0    9.5      20.907
2012   11       15     7   2    1.80   345.0    9.5      20.909
2012   11       15     7  12    1.80   345.0    9.5      20.911
2012   11       15     7  21    1.80   344.9    9.5      20.913
2012   11       15     7  31    1.80   344.9    9.5      20.914
2012   11       15     7  41    1.80   344.9    9.5      20.915
2012   11       15     7  51    1.80   344.8    9.5      20.916
2012   11       15     8   1    1.80   344.8    9.5      20.917
2012   11       15     8  10    1.80   344.8    9.5      20.918
2012   11       15     8  20    1.80   344.7    9.5      20.918
2012   11       15     8  30    1.80   344.7    9.5      20.918
2012   11       15     8  40    1.80   344.7    9.5      20.919
2012   11       15     8  49    1.80   344.7    9.5      20.918
2012   11       15     8  59    1.80   344.6    9.5      20.918
2012   11       15     9   9    1.80   344.6    9.5      20.918
2012   11       15     9  19    1.80   344.6    9.5      20.917
2012   11       15     9  29    1.81   344.5    9.5      20.917
2012   11       15     9  38    1.81   344.5    9.5      20.916
2012   11       15     9  48    1.81   344.5    9.5      20.916
2012   11       15     9  58    1.81   344.4    9.5      20.915
2012   11       15    10   8    1.81   344.4    9.5      20.914
2012   11       15    10  18    1.81   344.4    9.5      20.913
2012   11       15    10  27    1.81   344.4    9.5      20.913
2012   11       15    10  37    1.81   344.3    9.5      20.912
2012   11       15    10  47    1.81   344.3    9.5      20.911
2012   11       15    10  57    1.81   344.3    9.6      20.910
2012   11       15    11   6    1.81   344.2    9.6      20.910
2012   11       15    11  16    1.81   344.2    9.6      20.910
2012   11       15    11  26    1.81   344.2    9.6      20.909
2012   11       15    11  36    1.81   344.2    9.6      20.909
2012   11       15    11  46    1.81   344.1    9.6      20.909
2012   11       15    11  55    1.81   344.1    9.6      20.910
2012   11       15    12   5    1.81   344.1    9.6      20.910
2012   11       15    12  15    1.81   344.0    9.6      20.910
2012   11       15    12  25    1.81   344.0    9.6      20.911
2012   11       15    12  34    1.82   344.0    9.6      20.911
2012   11       15    12  44    1.82   344.0    9.6      20.912
2012   11       15    12  54    1.82   343.9    9.6      20.912
2012   11       15    13   4    1.82   343.9    9.6      20.913
2012   11       15    13  14    1.82   343.9    9.6      20.913
2012   11       15    13  23    1.82   343.9    9.6      20.913
2012   11       15    13  33    1.82   343.8    9.6      20.913
2012   11       15    13  43    1.82   343.8    9.6      20.913
2012   11       15    13  53    1.82   343.8    9.6      20.913
2012   11       15    14   2    1.82   343.7    9.6      20.913
2012   11       15    14  12    1.82   343.7    9.6      20.912
2012   11       15    14  22    1.82   343.7    9.6      20.912
2012   11       15    14  32    1.82   343.7    9.6      20.911
2012   11       15    14  42    1.82   343.6    9.6      20.911
2012   11       15    14  51    1.82   343.6    9.6      20.910
2012   11       15    15   1    1.82   343.6    9.6      20.909
2012   11       15    15  11    1.82   343.6    9.6      20.908
2012   11       15    15  21    1.82   343.5    9.6      20.907
2012   11       15    15  31    1.82   343.5    9.6      20.906
2012   11       15    15  40    1.82   343.5    9.6      20.904
2012   11       15    15  50    1.82   343.4    9.6      20.903
2012   11       15    16   0    1.82   343.4    9.6      20.901
2012   11       15    16  10    1.82   343.4    9.6      20.900
2012   11       15    16  19    1.82   343.4    9.6      20.898
2012   11       15    16  29    1.82   343.3    9.6      20.897
2012   11       15    16  39    1.83   343.3    9.6      20.895
2012   11       15    16  49    1.83   343.3    9.6      20.893
2012   11       15    16  59    1.83   343.3    9.6      20.891
2012   11       15    17   8    1.83   343.2    9.6      20.889
2012   11       15    17  18    1.83   343.2    9.6      20.887
2012   11       15    17  28    1.83   343.2    9.6      20.885
2012   11       15    17  38    1.83   343.1    9.6      20.883
2012   11       15    17  47    1.83   343.1    9.6      20.881
2012   11       15    17  57    1.83   343.1    9.6      20.879
2012   11       15    18   7    1.83   343.1    9.6      20.877
2012   11       15    18  17    1.83   343.0    9.6      20.875
2012   11       15    18  27    1.83   343.0    9.6      20.873
2012   11       15    18  36    1.83   343.0    9.6      20.871
2012   11       15    18  46    1.83   342.9    9.6      20.869
2012   11       15    18  56    1.83   342.9    9.6      20.867
2012   11       15    19   6    1.83   342.9    9.6      20.865
2012   11       15    19  15    1.83   342.9    9.6      20.864
2012   11       15    19  25    1.83   342.8    9.6      20.862
2012   11       15    19  35    1.83   342.8    9.6      20.860
2012   11       15    19  45    1.83   342.8    9.6      20.858
2012   11       15    19  55    1.83   342.7    9.6      20.857
2012   11       15    20   4    1.83   342.7    9.6      20.855
2012   11       15    20  14    1.83   342.7    9.7      20.854
2012   11       15    20  24    1.83   342.7    9.7      20.852
2012   11       15    20  34    1.84   342.6    9.7      20.851
2012   11       15    20  43    1.84   342.6    9.7      20.850
2012   11       15    20  53    1.84   342.6    9.7      20.848
2012   11       15    21   3    1.84   342.6    9.7      20.847
2012   11       15    21  13    1.84   342.5    9.7      20.846
2012   11       15    21  23    1.84   342.5    9.7      20.845
2012   11       15    21  32    1.84   342.5    9.7      20.844
2012   11       15    21  42    1.84   342.4    9.7      20.843
2012   11       15    21  52    1.84   342.4    9.7      20.842
2012   11       15    22   2    1.84   342.4    9.7      20.841
2012   11       15    22  12    1.84   342.4    9.7      20.840
2012   11       15    22  21    1.84   342.3    9.7      20.839
2012   11       15    22  31    1.84   342.3    9.7      20.838
2012   11       15    22  41    1.84   342.3    9.7      20.837
2012   11       15    22  51    1.84   342.2    9.7      20.837
2012   11       15    23   0    1.84   342.2    9.7      20.836
2012   11       15    23  10    1.84   342.2    9.7      20.835
2012   11       15    23  20    1.84   342.2    9.7      20.835
2012   11       15    23  30    1.84   342.1    9.7      20.834
2012   11       15    23  40    1.84   342.1    9.7      20.834
2012   11       15    23  49    1.85   342.1    9.7      20.834
2012   11       15    23  59    1.85   342.1    9.7      20.833
2012   11       16     0   9    1.85   342.0    9.7      20.833
