year    month   day   hour  minute  B_enl V_enl   n_enl       T_enl
[year] [month] [day] [hour][minute] [nT]  [km/s]  [cm-3]      [kK]
2012   11       10     0   8    2.40   332.4   13.7      25.072
2012   11       10     0  18    2.39   332.6   13.7      25.048
2012   11       10     0  28    2.39   332.7   13.6      25.023
2012   11       10     0  38    2.38   332.9   13.6      24.997
2012   11       10     0  48    2.38   333.0   13.5      24.969
2012   11       10     0  58    2.37   333.2   13.5      24.941
2012   11       10     1   8    2.37   333.3   13.4      24.913
2012   11       10     1  18    2.36   333.4   13.4      24.885
2012   11       10     1  28    2.36   333.6   13.3      24.857
2012   11       10     1  38    2.35   333.7   13.3      24.829
2012   11       10     1  48    2.35   333.8   13.3      24.801
2012   11       10     1  58    2.35   334.0   13.2      24.773
2012   11       10     2   8    2.34   334.1   13.2      24.745
2012   11       10     2  18    2.34   334.2   13.1      24.717
2012   11       10     2  28    2.33   334.3   13.1      24.689
2012   11       10     2  38    2.33   334.4   13.0      24.662
2012   11       10     2  48    2.32   334.6   13.0      24.634
2012   11       10     2  58    2.32   334.7   13.0      24.607
2012   11       10     3   8    2.32   334.8   12.9      24.579
2012   11       10     3  19    2.31   334.9   12.9      24.551
2012   11       10     3  29    2.31   335.0   12.8      24.523
2012   11       10     3  39    2.30   335.1   12.8      24.495
2012   11       10     3  49    2.30   335.2   12.8      24.467
2012   11       10     3  59    2.29   335.3   12.7      24.439
2012   11       10     4   9    2.29   335.4   12.7      24.411
2012   11       10     4  19    2.29   335.5   12.7      24.384
2012   11       10     4  29    2.28   335.6   12.6      24.356
2012   11       10     4  39    2.28   335.7   12.6      24.328
2012   11       10     4  49    2.27   335.9   12.5      24.300
2012   11       10     4  59    2.27   336.0   12.5      24.271
2012   11       10     5   9    2.26   336.1   12.5      24.242
2012   11       10     5  19    2.26   336.2   12.4      24.213
2012   11       10     5  29    2.25   336.3   12.4      24.182
2012   11       10     5  39    2.25   336.4   12.4      24.151
2012   11       10     5  49    2.24   336.5   12.3      24.119
2012   11       10     5  59    2.24   336.6   12.3      24.085
2012   11       10     6   9    2.23   336.7   12.2      24.050
2012   11       10     6  19    2.23   336.9   12.2      24.013
2012   11       10     6  29    2.22   337.0   12.1      23.973
2012   11       10     6  39    2.22   337.1   12.1      23.930
2012   11       10     6  49    2.21   337.2   12.1      23.884
2012   11       10     6  59    2.21   337.3   12.0      23.837
2012   11       10     7   9    2.20   337.3   12.0      23.787
2012   11       10     7  19    2.20   337.4   11.9      23.734
2012   11       10     7  29    2.19   337.5   11.9      23.681
2012   11       10     7  39    2.19   337.6   11.8      23.626
2012   11       10     7  49    2.18   337.6   11.8      23.570
2012   11       10     7  59    2.17   337.7   11.7      23.513
2012   11       10     8   9    2.17   337.7   11.7      23.456
2012   11       10     8  19    2.16   337.8   11.6      23.399
2012   11       10     8  29    2.16   337.8   11.6      23.343
2012   11       10     8  39    2.16   337.8   11.6      23.288
2012   11       10     8  49    2.15   337.9   11.5      23.233
2012   11       10     8  59    2.15   337.9   11.5      23.179
2012   11       10     9   9    2.14   337.9   11.4      23.126
2012   11       10     9  19    2.14   337.9   11.4      23.074
2012   11       10     9  29    2.13   337.9   11.4      23.023
2012   11       10     9  39    2.13   338.0   11.3      22.973
2012   11       10     9  49    2.13   338.0   11.3      22.923
2012   11       10     9  59    2.12   338.0   11.3      22.875
2012   11       10    10   9    2.12   338.0   11.3      22.828
2012   11       10    10  19    2.11   338.0   11.2      22.782
2012   11       10    10  30    2.11   338.0   11.2      22.737
2012   11       10    10  40    2.11   338.0   11.2      22.693
2012   11       10    10  50    2.10   338.0   11.2      22.650
2012   11       10    11   0    2.10   338.0   11.1      22.609
2012   11       10    11  10    2.10   338.0   11.1      22.569
2012   11       10    11  20    2.09   338.0   11.1      22.530
2012   11       10    11  30    2.09   338.0   11.1      22.493
2012   11       10    11  40    2.09   338.0   11.1      22.456
2012   11       10    11  50    2.08   338.0   11.0      22.421
2012   11       10    12   0    2.08   338.0   11.0      22.387
2012   11       10    12  10    2.08   338.0   11.0      22.353
2012   11       10    12  20    2.07   338.0   11.0      22.321
2012   11       10    12  30    2.07   338.0   11.0      22.289
2012   11       10    12  40    2.07   337.9   10.9      22.257
2012   11       10    12  50    2.06   337.9   10.9      22.227
2012   11       10    13   0    2.06   337.9   10.9      22.197
2012   11       10    13  10    2.06   337.9   10.9      22.167
2012   11       10    13  20    2.05   337.9   10.9      22.138
2012   11       10    13  30    2.05   337.9   10.9      22.109
2012   11       10    13  40    2.05   337.9   10.9      22.081
2012   11       10    13  50    2.04   337.8   10.8      22.053
2012   11       10    14   0    2.04   337.8   10.8      22.025
2012   11       10    14  10    2.04   337.8   10.8      21.998
2012   11       10    14  20    2.04   337.8   10.8      21.971
2012   11       10    14  30    2.03   337.8   10.8      21.944
2012   11       10    14  40    2.03   337.7   10.8      21.917
2012   11       10    14  50    2.03   337.7   10.8      21.891
2012   11       10    15   0    2.03   337.7   10.7      21.865
2012   11       10    15  10    2.02   337.7   10.7      21.839
2012   11       10    15  20    2.02   337.6   10.7      21.813
2012   11       10    15  30    2.02   337.6   10.7      21.788
2012   11       10    15  40    2.02   337.6   10.7      21.762
2012   11       10    15  50    2.02   337.6   10.7      21.736
2012   11       10    16   0    2.01   337.5   10.7      21.709
2012   11       10    16  10    2.01   337.5   10.6      21.683
2012   11       10    16  20    2.01   337.5   10.6      21.657
2012   11       10    16  30    2.01   337.5   10.6      21.630
2012   11       10    16  40    2.01   337.4   10.6      21.604
2012   11       10    16  50    2.00   337.4   10.6      21.577
2012   11       10    17   0    2.00   337.4   10.6      21.551
2012   11       10    17  10    2.00   337.3   10.6      21.525
2012   11       10    17  20    2.00   337.3   10.6      21.499
2012   11       10    17  30    2.00   337.3   10.6      21.474
2012   11       10    17  40    2.00   337.3   10.6      21.450
2012   11       10    17  51    1.99   337.2   10.6      21.426
2012   11       10    18   1    1.99   337.2   10.6      21.403
2012   11       10    18  11    1.99   337.2   10.5      21.381
2012   11       10    18  21    1.99   337.1   10.5      21.360
2012   11       10    18  31    1.99   337.1   10.5      21.339
2012   11       10    18  41    1.99   337.1   10.5      21.320
2012   11       10    18  51    1.99   337.0   10.5      21.302
2012   11       10    19   1    1.98   337.0   10.5      21.285
2012   11       10    19  11    1.98   337.0   10.5      21.269
2012   11       10    19  21    1.98   336.9   10.5      21.254
2012   11       10    19  31    1.98   336.9   10.5      21.240
2012   11       10    19  41    1.98   336.8   10.5      21.226
2012   11       10    19  51    1.98   336.8   10.5      21.213
2012   11       10    20   1    1.98   336.8   10.5      21.201
2012   11       10    20  11    1.98   336.7   10.5      21.190
2012   11       10    20  21    1.97   336.7   10.5      21.179
2012   11       10    20  31    1.97   336.7   10.5      21.169
2012   11       10    20  41    1.97   336.6   10.5      21.159
2012   11       10    20  51    1.97   336.6   10.5      21.150
2012   11       10    21   1    1.97   336.6   10.5      21.141
2012   11       10    21  11    1.97   336.5   10.5      21.132
2012   11       10    21  21    1.97   336.5   10.5      21.124
2012   11       10    21  31    1.97   336.4   10.5      21.115
2012   11       10    21  41    1.97   336.4   10.5      21.107
2012   11       10    21  51    1.97   336.4   10.5      21.099
2012   11       10    22   1    1.97   336.3   10.5      21.092
2012   11       10    22  11    1.97   336.3   10.5      21.084
2012   11       10    22  21    1.97   336.3   10.5      21.077
2012   11       10    22  31    1.96   336.2   10.5      21.070
2012   11       10    22  41    1.96   336.2   10.5      21.062
2012   11       10    22  51    1.96   336.2   10.5      21.055
2012   11       10    23   1    1.96   336.2   10.5      21.048
2012   11       10    23  11    1.96   336.1   10.5      21.041
2012   11       10    23  21    1.96   336.1   10.5      21.034
2012   11       10    23  31    1.96   336.1   10.5      21.027
2012   11       10    23  41    1.96   336.0   10.5      21.020
2012   11       10    23  51    1.96   336.0   10.5      21.013
2012   11       11     0   1    1.96   336.0   10.5      21.006
2012   11       11     0  11    1.96   336.0   10.5      20.998
2012   11       11     0  21    1.96   336.0   10.5      20.991
2012   11       11     0  31    1.96   335.9   10.5      20.983
2012   11       11     0  41    1.96   335.9   10.5      20.976
2012   11       11     0  51    1.96   335.9   10.5      20.968
2012   11       11     1   2    1.96   335.9   10.5      20.960
2012   11       11     1  12    1.96   335.8   10.5      20.953
2012   11       11     1  22    1.96   335.8   10.5      20.945
2012   11       11     1  32    1.96   335.8   10.5      20.936
2012   11       11     1  42    1.96   335.8   10.5      20.928
2012   11       11     1  52    1.96   335.8   10.5      20.920
2012   11       11     2   2    1.96   335.7   10.5      20.912
2012   11       11     2  12    1.96   335.7   10.5      20.904
2012   11       11     2  22    1.96   335.7   10.5      20.896
2012   11       11     2  32    1.95   335.7   10.5      20.887
2012   11       11     2  42    1.95   335.6   10.5      20.879
2012   11       11     2  52    1.95   335.6   10.5      20.871
2012   11       11     3   2    1.95   335.6   10.5      20.863
2012   11       11     3  12    1.95   335.6   10.5      20.855
2012   11       11     3  22    1.95   335.6   10.5      20.847
2012   11       11     3  32    1.95   335.5   10.5      20.839
2012   11       11     3  42    1.95   335.5   10.5      20.831
2012   11       11     3  52    1.95   335.5   10.5      20.824
2012   11       11     4   2    1.95   335.5   10.5      20.816
2012   11       11     4  12    1.95   335.4   10.5      20.809
2012   11       11     4  22    1.95   335.4   10.5      20.802
2012   11       11     4  32    1.95   335.4   10.5      20.796
2012   11       11     4  42    1.95   335.4   10.5      20.789
2012   11       11     4  52    1.95   335.3   10.5      20.783
2012   11       11     5   2    1.95   335.3   10.5      20.777
2012   11       11     5  12    1.95   335.3   10.5      20.771
2012   11       11     5  22    1.95   335.3   10.5      20.766
2012   11       11     5  32    1.95   335.2   10.5      20.761
2012   11       11     5  42    1.95   335.2   10.5      20.757
2012   11       11     5  52    1.95   335.2   10.5      20.753
2012   11       11     6   2    1.95   335.2   10.5      20.750
2012   11       11     6  12    1.95   335.2   10.5      20.747
2012   11       11     6  22    1.95   335.2   10.5      20.744
2012   11       11     6  32    1.95   335.1   10.5      20.741
2012   11       11     6  42    1.95   335.1   10.5      20.739
2012   11       11     6  52    1.95   335.1   10.5      20.737
2012   11       11     7   2    1.95   335.1   10.5      20.736
2012   11       11     7  12    1.95   335.1   10.5      20.734
2012   11       11     7  22    1.95   335.1   10.5      20.732
2012   11       11     7  32    1.95   335.1   10.5      20.731
2012   11       11     7  42    1.95   335.0   10.5      20.729
2012   11       11     7  52    1.95   335.0   10.5      20.727
2012   11       11     8   2    1.95   335.0   10.5      20.725
2012   11       11     8  12    1.95   335.0   10.5      20.723
2012   11       11     8  22    1.95   335.0   10.5      20.721
2012   11       11     8  32    1.95   335.0   10.5      20.719
2012   11       11     8  42    1.95   335.0   10.5      20.717
2012   11       11     8  52    1.95   335.0   10.5      20.715
2012   11       11     9   2    1.95   335.0   10.5      20.712
2012   11       11     9  12    1.95   334.9   10.5      20.710
2012   11       11     9  22    1.95   334.9   10.5      20.707
2012   11       11     9  32    1.95   334.9   10.5      20.705
2012   11       11     9  42    1.95   334.9   10.5      20.702
2012   11       11     9  52    1.95   334.9   10.5      20.699
2012   11       11    10   2    1.95   334.9   10.5      20.697
2012   11       11    10  12    1.94   334.9   10.5      20.694
2012   11       11    10  22    1.94   334.9   10.5      20.691
2012   11       11    10  32    1.94   334.9   10.5      20.687
2012   11       11    10  42    1.94   334.9   10.5      20.684
2012   11       11    10  52    1.94   334.9   10.5      20.681
2012   11       11    11   2    1.94   334.9   10.5      20.677
2012   11       11    11  12    1.94   334.8   10.5      20.673
2012   11       11    11  22    1.94   334.8   10.5      20.669
2012   11       11    11  32    1.94   334.8   10.5      20.664
2012   11       11    11  42    1.94   334.8   10.5      20.660
2012   11       11    11  52    1.94   334.8   10.5      20.655
2012   11       11    12   2    1.94   334.8   10.5      20.650
2012   11       11    12  12    1.94   334.8   10.5      20.645
2012   11       11    12  22    1.94   334.8   10.5      20.640
2012   11       11    12  32    1.94   334.8   10.5      20.634
2012   11       11    12  42    1.94   334.8   10.5      20.629
2012   11       11    12  52    1.94   334.8   10.5      20.624
2012   11       11    13   2    1.94   334.7   10.5      20.619
2012   11       11    13  12    1.94   334.7   10.5      20.614
2012   11       11    13  22    1.94   334.7   10.5      20.609
2012   11       11    13  32    1.94   334.7   10.5      20.604
2012   11       11    13  42    1.94   334.7   10.5      20.599
2012   11       11    13  52    1.94   334.7   10.5      20.594
2012   11       11    14   2    1.94   334.7   10.5      20.590
2012   11       11    14  12    1.94   334.7   10.5      20.585
2012   11       11    14  23    1.94   334.7   10.4      20.580
2012   11       11    14  33    1.94   334.7   10.4      20.575
2012   11       11    14  43    1.94   334.7   10.4      20.571
2012   11       11    14  53    1.94   334.6   10.4      20.566
2012   11       11    15   3    1.94   334.6   10.4      20.561
2012   11       11    15  13    1.94   334.6   10.4      20.556
2012   11       11    15  23    1.93   334.6   10.4      20.551
2012   11       11    15  33    1.93   334.6   10.4      20.546
2012   11       11    15  43    1.93   334.6   10.4      20.541
2012   11       11    15  53    1.93   334.6   10.4      20.536
2012   11       11    16   3    1.93   334.6   10.4      20.531
2012   11       11    16  13    1.93   334.6   10.4      20.526
2012   11       11    16  23    1.93   334.6   10.4      20.521
2012   11       11    16  33    1.93   334.6   10.4      20.516
2012   11       11    16  43    1.93   334.6   10.4      20.511
2012   11       11    16  53    1.93   334.6   10.4      20.506
2012   11       11    17   3    1.93   334.5   10.4      20.501
2012   11       11    17  13    1.93   334.5   10.4      20.496
2012   11       11    17  23    1.93   334.5   10.4      20.491
2012   11       11    17  33    1.93   334.5   10.4      20.486
2012   11       11    17  43    1.93   334.5   10.4      20.481
2012   11       11    17  53    1.93   334.5   10.4      20.476
2012   11       11    18   3    1.93   334.5   10.4      20.471
2012   11       11    18  13    1.93   334.5   10.4      20.466
2012   11       11    18  23    1.93   334.5   10.4      20.460
2012   11       11    18  33    1.93   334.5   10.4      20.455
2012   11       11    18  43    1.93   334.5   10.4      20.449
2012   11       11    18  53    1.93   334.5   10.4      20.443
2012   11       11    19   3    1.93   334.5   10.4      20.437
2012   11       11    19  13    1.93   334.5   10.4      20.431
2012   11       11    19  23    1.93   334.5   10.4      20.425
2012   11       11    19  33    1.92   334.4   10.4      20.419
2012   11       11    19  43    1.92   334.4   10.3      20.412
2012   11       11    19  53    1.92   334.4   10.3      20.405
2012   11       11    20   3    1.92   334.4   10.3      20.399
2012   11       11    20  13    1.92   334.4   10.3      20.392
2012   11       11    20  23    1.92   334.4   10.3      20.385
2012   11       11    20  33    1.92   334.4   10.3      20.378
2012   11       11    20  43    1.92   334.4   10.3      20.370
2012   11       11    20  53    1.92   334.4   10.3      20.363
2012   11       11    21   3    1.92   334.4   10.3      20.355
2012   11       11    21  13    1.92   334.3   10.3      20.347
2012   11       11    21  23    1.92   334.3   10.3      20.339
2012   11       11    21  33    1.92   334.3   10.3      20.331
2012   11       11    21  43    1.92   334.3   10.3      20.323
2012   11       11    21  53    1.92   334.3   10.3      20.315
2012   11       11    22   3    1.92   334.3   10.3      20.306
2012   11       11    22  13    1.92   334.3   10.3      20.298
2012   11       11    22  23    1.92   334.3   10.3      20.289
2012   11       11    22  33    1.92   334.2   10.3      20.281
2012   11       11    22  43    1.92   334.2   10.3      20.272
2012   11       11    22  53    1.92   334.2   10.3      20.263
2012   11       11    23   3    1.92   334.2   10.3      20.255
2012   11       11    23  13    1.91   334.2   10.3      20.246
2012   11       11    23  23    1.91   334.2   10.2      20.238
2012   11       11    23  33    1.91   334.1   10.2      20.229
2012   11       11    23  43    1.91   334.1   10.2      20.221
2012   11       11    23  53    1.91   334.1   10.2      20.212
2012   11       12     0   3    1.91   334.1   10.2      20.204
2012   11       12     0  13    1.91   334.1   10.2      20.196
2012   11       12     0  24    1.91   334.1   10.2      20.188
2012   11       12     0  34    1.91   334.0   10.2      20.180
2012   11       12     0  44    1.91   334.0   10.2      20.172
2012   11       12     0  54    1.91   334.0   10.2      20.165
2012   11       12     1   4    1.91   334.0   10.2      20.157
2012   11       12     1  14    1.91   334.0   10.2      20.150
2012   11       12     1  24    1.91   334.0   10.2      20.142
2012   11       12     1  34    1.91   333.9   10.2      20.135
2012   11       12     1  44    1.91   333.9   10.2      20.128
2012   11       12     1  54    1.91   333.9   10.2      20.121
2012   11       12     2   4    1.91   333.9   10.2      20.114
2012   11       12     2  14    1.91   333.9   10.2      20.107
2012   11       12     2  24    1.91   333.8   10.2      20.100
2012   11       12     2  34    1.91   333.8   10.2      20.094
2012   11       12     2  44    1.91   333.8   10.2      20.087
2012   11       12     2  54    1.91   333.8   10.2      20.080
2012   11       12     3   4    1.91   333.8   10.2      20.074
2012   11       12     3  14    1.91   333.7   10.2      20.067
2012   11       12     3  24    1.91   333.7   10.2      20.061
2012   11       12     3  34    1.91   333.7   10.2      20.054
2012   11       12     3  44    1.90   333.7   10.2      20.048
2012   11       12     3  54    1.90   333.6   10.2      20.041
2012   11       12     4   4    1.90   333.6   10.2      20.035
2012   11       12     4  14    1.90   333.6   10.2      20.028
2012   11       12     4  24    1.90   333.6   10.2      20.022
2012   11       12     4  34    1.90   333.6   10.2      20.016
2012   11       12     4  44    1.90   333.5   10.2      20.009
2012   11       12     4  54    1.90   333.5   10.2      20.003
2012   11       12     5   4    1.90   333.5   10.1      19.997
2012   11       12     5  14    1.90   333.5   10.1      19.991
2012   11       12     5  24    1.90   333.4   10.1      19.985
2012   11       12     5  34    1.90   333.4   10.1      19.979
2012   11       12     5  44    1.90   333.4   10.1      19.973
2012   11       12     5  54    1.90   333.3   10.1      19.968
2012   11       12     6   4    1.90   333.3   10.1      19.962
2012   11       12     6  14    1.90   333.3   10.1      19.957
2012   11       12     6  24    1.90   333.3   10.1      19.952
2012   11       12     6  34    1.90   333.2   10.1      19.947
2012   11       12     6  44    1.90   333.2   10.1      19.942
2012   11       12     6  54    1.90   333.2   10.1      19.938
2012   11       12     7   4    1.90   333.2   10.1      19.933
2012   11       12     7  14    1.90   333.1   10.1      19.929
2012   11       12     7  24    1.90   333.1   10.1      19.925
2012   11       12     7  34    1.90   333.1   10.1      19.922
2012   11       12     7  44    1.90   333.0   10.1      19.918
2012   11       12     7  54    1.90   333.0   10.1      19.914
2012   11       12     8   4    1.90   333.0   10.1      19.911
2012   11       12     8  14    1.90   333.0   10.1      19.908
2012   11       12     8  24    1.91   332.9   10.1      19.905
2012   11       12     8  34    1.91   332.9   10.1      19.902
2012   11       12     8  44    1.91   332.9   10.1      19.899
2012   11       12     8  54    1.91   332.8   10.1      19.896
2012   11       12     9   4    1.91   332.8   10.2      19.894
2012   11       12     9  14    1.91   332.8   10.2      19.891
2012   11       12     9  24    1.91   332.8   10.2      19.889
2012   11       12     9  34    1.91   332.7   10.2      19.886
2012   11       12     9  44    1.91   332.7   10.2      19.884
2012   11       12     9  54    1.91   332.7   10.2      19.881
2012   11       12    10   4    1.91   332.6   10.2      19.879
2012   11       12    10  14    1.91   332.6   10.2      19.876
2012   11       12    10  24    1.91   332.6   10.2      19.874
2012   11       12    10  34    1.91   332.5   10.2      19.872
2012   11       12    10  44    1.91   332.5   10.2      19.870
2012   11       12    10  54    1.91   332.5   10.2      19.868
2012   11       12    11   4    1.91   332.4   10.2      19.865
2012   11       12    11  14    1.91   332.4   10.2      19.863
2012   11       12    11  25    1.91   332.4   10.2      19.862
2012   11       12    11  35    1.91   332.3   10.2      19.860
2012   11       12    11  45    1.91   332.3   10.2      19.858
2012   11       12    11  55    1.92   332.3   10.2      19.857
2012   11       12    12   5    1.92   332.2   10.2      19.856
2012   11       12    12  15    1.92   332.2   10.2      19.855
2012   11       12    12  25    1.92   332.2   10.2      19.855
2012   11       12    12  35    1.92   332.1   10.2      19.854
2012   11       12    12  45    1.92   332.1   10.2      19.854
2012   11       12    12  55    1.92   332.1   10.2      19.855
2012   11       12    13   5    1.92   332.0   10.2      19.856
2012   11       12    13  15    1.92   332.0   10.2      19.857
2012   11       12    13  25    1.92   332.0   10.2      19.859
2012   11       12    13  35    1.93   331.9   10.3      19.861
2012   11       12    13  45    1.93   331.9   10.3      19.864
2012   11       12    13  55    1.93   331.9   10.3      19.868
2012   11       12    14   5    1.93   331.8   10.3      19.872
2012   11       12    14  15    1.93   331.8   10.3      19.877
2012   11       12    14  25    1.93   331.8   10.3      19.882
2012   11       12    14  35    1.94   331.8   10.3      19.888
2012   11       12    14  45    1.94   331.7   10.3      19.895
2012   11       12    14  55    1.94   331.7   10.3      19.902
2012   11       12    15   5    1.94   331.7   10.3      19.910
2012   11       12    15  15    1.94   331.7   10.4      19.919
2012   11       12    15  25    1.95   331.7   10.4      19.929
2012   11       12    15  35    1.95   331.6   10.4      19.940
2012   11       12    15  45    1.95   331.6   10.4      19.952
2012   11       12    15  55    1.95   331.6   10.4      19.964
2012   11       12    16   5    1.95   331.6   10.4      19.977
2012   11       12    16  15    1.96   331.6   10.4      19.991
2012   11       12    16  25    1.96   331.6   10.5      20.006
2012   11       12    16  35    1.96   331.6   10.5      20.021
2012   11       12    16  45    1.96   331.6   10.5      20.036
2012   11       12    16  55    1.96   331.6   10.5      20.051
2012   11       12    17   5    1.97   331.5   10.5      20.067
2012   11       12    17  15    1.97   331.5   10.5      20.082
2012   11       12    17  25    1.97   331.5   10.5      20.097
2012   11       12    17  35    1.97   331.5   10.5      20.112
2012   11       12    17  45    1.97   331.5   10.6      20.127
2012   11       12    17  55    1.98   331.5   10.6      20.141
2012   11       12    18   5    1.98   331.5   10.6      20.156
2012   11       12    18  15    1.98   331.5   10.6      20.170
2012   11       12    18  25    1.98   331.5   10.6      20.183
2012   11       12    18  35    1.98   331.5   10.6      20.197
2012   11       12    18  45    1.99   331.5   10.6      20.210
2012   11       12    18  55    1.99   331.5   10.6      20.224
2012   11       12    19   5    1.99   331.4   10.6      20.237
2012   11       12    19  15    1.99   331.4   10.7      20.250
2012   11       12    19  25    1.99   331.4   10.7      20.264
2012   11       12    19  35    2.00   331.4   10.7      20.277
2012   11       12    19  45    2.00   331.4   10.7      20.291
2012   11       12    19  55    2.00   331.4   10.7      20.305
2012   11       12    20   5    2.00   331.4   10.7      20.320
2012   11       12    20  15    2.01   331.4   10.7      20.335
2012   11       12    20  25    2.01   331.4   10.8      20.350
2012   11       12    20  35    2.01   331.4   10.8      20.367
2012   11       12    20  45    2.02   331.4   10.8      20.384
2012   11       12    20  55    2.02   331.4   10.8      20.403
2012   11       12    21   5    2.02   331.4   10.8      20.424
2012   11       12    21  15    2.02   331.4   10.9      20.446
2012   11       12    21  25    2.03   331.5   10.9      20.469
2012   11       12    21  35    2.03   331.5   10.9      20.494
2012   11       12    21  45    2.03   331.5   10.9      20.520
2012   11       12    21  55    2.04   331.5   10.9      20.547
2012   11       12    22   5    2.04   331.6   11.0      20.576
2012   11       12    22  16    2.05   331.6   11.0      20.605
2012   11       12    22  26    2.05   331.6   11.0      20.636
2012   11       12    22  36    2.05   331.7   11.0      20.667
2012   11       12    22  46    2.06   331.7   11.0      20.698
2012   11       12    22  56    2.06   331.7   11.1      20.729
2012   11       12    23   6    2.06   331.8   11.1      20.761
2012   11       12    23  16    2.06   331.8   11.1      20.793
2012   11       12    23  26    2.07   331.9   11.1      20.824
2012   11       12    23  36    2.07   331.9   11.1      20.856
2012   11       12    23  46    2.07   332.0   11.2      20.888
2012   11       12    23  56    2.08   332.0   11.2      20.919
2012   11       13     0   6    2.08   332.1   11.2      20.950
2012   11       13     0  16    2.08   332.1   11.2      20.980
2012   11       13     0  26    2.08   332.2   11.2      21.010
2012   11       13     0  36    2.09   332.2   11.2      21.040
2012   11       13     0  46    2.09   332.2   11.3      21.069
2012   11       13     0  56    2.09   332.3   11.3      21.097
2012   11       13     1   6    2.10   332.3   11.3      21.125
2012   11       13     1  16    2.10   332.4   11.3      21.153
2012   11       13     1  26    2.10   332.4   11.3      21.180
2012   11       13     1  36    2.10   332.5   11.3      21.206
2012   11       13     1  46    2.11   332.5   11.3      21.232
2012   11       13     1  56    2.11   332.6   11.3      21.257
2012   11       13     2   6    2.11   332.6   11.4      21.282
2012   11       13     2  16    2.11   332.7   11.4      21.307
2012   11       13     2  26    2.12   332.7   11.4      21.331
2012   11       13     2  36    2.12   332.8   11.4      21.356
2012   11       13     2  46    2.12   332.8   11.4      21.380
2012   11       13     2  56    2.12   332.9   11.4      21.404
2012   11       13     3   6    2.13   332.9   11.4      21.428
2012   11       13     3  16    2.13   333.0   11.5      21.453
2012   11       13     3  26    2.13   333.0   11.5      21.478
2012   11       13     3  36    2.14   333.1   11.5      21.504
2012   11       13     3  46    2.14   333.2   11.5      21.531
2012   11       13     3  56    2.14   333.2   11.5      21.559
2012   11       13     4   6    2.14   333.3   11.5      21.588
2012   11       13     4  16    2.15   333.4   11.6      21.619
2012   11       13     4  26    2.15   333.4   11.6      21.651
2012   11       13     4  36    2.15   333.5   11.6      21.685
2012   11       13     4  46    2.16   333.6   11.6      21.719
2012   11       13     4  56    2.16   333.7   11.6      21.754
2012   11       13     5   6    2.16   333.8   11.6      21.790
2012   11       13     5  16    2.17   333.9   11.7      21.826
2012   11       13     5  26    2.17   334.0   11.7      21.862
2012   11       13     5  36    2.17   334.1   11.7      21.898
2012   11       13     5  46    2.17   334.1   11.7      21.935
2012   11       13     5  56    2.18   334.2   11.7      21.970
2012   11       13     6   6    2.18   334.3   11.7      22.006
2012   11       13     6  16    2.18   334.4   11.7      22.040
2012   11       13     6  26    2.18   334.5   11.7      22.074
2012   11       13     6  36    2.19   334.6   11.8      22.107
2012   11       13     6  46    2.19   334.7   11.8      22.138
2012   11       13     6  56    2.19   334.8   11.8      22.169
2012   11       13     7   6    2.19   334.9   11.8      22.199
2012   11       13     7  16    2.19   335.0   11.8      22.228
2012   11       13     7  26    2.20   335.1   11.8      22.257
2012   11       13     7  36    2.20   335.2   11.8      22.284
2012   11       13     7  46    2.20   335.3   11.8      22.310
2012   11       13     7  56    2.20   335.4   11.8      22.336
2012   11       13     8   6    2.20   335.5   11.8      22.360
2012   11       13     8  16    2.20   335.6   11.8      22.384
2012   11       13     8  26    2.21   335.7   11.8      22.408
2012   11       13     8  36    2.21   335.8   11.8      22.430
2012   11       13     8  46    2.21   335.9   11.8      22.452
2012   11       13     8  56    2.21   336.0   11.8      22.474
2012   11       13     9   6    2.21   336.0   11.8      22.495
2012   11       13     9  16    2.21   336.1   11.8      22.516
2012   11       13     9  26    2.22   336.2   11.8      22.536
2012   11       13     9  36    2.22   336.3   11.8      22.556
2012   11       13     9  46    2.22   336.4   11.8      22.575
2012   11       13     9  56    2.22   336.5   11.8      22.594
2012   11       13    10   6    2.22   336.6   11.8      22.613
2012   11       13    10  17    2.22   336.7   11.8      22.632
2012   11       13    10  27    2.22   336.8   11.8      22.651
2012   11       13    10  37    2.23   336.8   11.8      22.670
2012   11       13    10  47    2.23   336.9   11.9      22.689
2012   11       13    10  57    2.23   337.0   11.9      22.709
2012   11       13    11   7    2.23   337.1   11.9      22.730
2012   11       13    11  17    2.23   337.2   11.9      22.752
2012   11       13    11  27    2.23   337.3   11.9      22.774
2012   11       13    11  37    2.24   337.4   11.9      22.796
2012   11       13    11  47    2.24   337.5   11.9      22.819
2012   11       13    11  57    2.24   337.6   11.9      22.843
2012   11       13    12   7    2.24   337.7   11.9      22.867
2012   11       13    12  17    2.24   337.8   11.9      22.892
2012   11       13    12  27    2.24   337.9   11.9      22.917
2012   11       13    12  37    2.24   338.0   11.9      22.942
2012   11       13    12  47    2.25   338.1   11.9      22.969
2012   11       13    12  57    2.25   338.2   11.9      22.997
2012   11       13    13   7    2.25   338.3   11.9      23.025
2012   11       13    13  17    2.25   338.4   11.9      23.054
2012   11       13    13  27    2.25   338.5   11.9      23.083
2012   11       13    13  37    2.25   338.6   11.9      23.112
2012   11       13    13  47    2.26   338.7   11.9      23.141
2012   11       13    13  57    2.26   338.9   11.9      23.169
2012   11       13    14   7    2.26   339.0   11.9      23.198
2012   11       13    14  17    2.26   339.1   11.9      23.226
2012   11       13    14  27    2.26   339.2   11.9      23.254
2012   11       13    14  37    2.26   339.4   11.9      23.280
2012   11       13    14  47    2.26   339.5   11.9      23.305
2012   11       13    14  57    2.26   339.6   11.9      23.329
2012   11       13    15   7    2.27   339.7   11.9      23.352
2012   11       13    15  17    2.27   339.9   11.9      23.374
2012   11       13    15  27    2.27   340.0   11.9      23.395
2012   11       13    15  37    2.27   340.1   11.9      23.415
2012   11       13    15  47    2.27   340.2   11.9      23.434
2012   11       13    15  57    2.27   340.3   11.9      23.451
2012   11       13    16   7    2.27   340.5   11.9      23.468
2012   11       13    16  17    2.27   340.6   11.9      23.484
2012   11       13    16  27    2.27   340.7   11.9      23.500
2012   11       13    16  37    2.27   340.8   11.9      23.514
2012   11       13    16  47    2.27   340.9   11.9      23.528
2012   11       13    16  57    2.27   341.0   11.9      23.541
2012   11       13    17   7    2.27   341.2   11.9      23.553
2012   11       13    17  17    2.27   341.3   11.9      23.566
2012   11       13    17  27    2.27   341.4   11.9      23.577
2012   11       13    17  37    2.27   341.5   11.9      23.588
2012   11       13    17  47    2.27   341.6   11.9      23.599
2012   11       13    17  57    2.27   341.7   11.8      23.609
2012   11       13    18   7    2.27   341.8   11.8      23.619
2012   11       13    18  17    2.27   341.9   11.8      23.629
2012   11       13    18  27    2.27   342.0   11.8      23.639
2012   11       13    18  37    2.27   342.1   11.8      23.649
2012   11       13    18  47    2.27   342.2   11.8      23.658
2012   11       13    18  57    2.27   342.3   11.8      23.668
2012   11       13    19   7    2.27   342.4   11.8      23.678
2012   11       13    19  17    2.27   342.5   11.8      23.689
2012   11       13    19  27    2.27   342.6   11.8      23.700
2012   11       13    19  37    2.27   342.7   11.8      23.712
2012   11       13    19  47    2.28   342.8   11.8      23.725
2012   11       13    19  57    2.28   342.9   11.8      23.739
2012   11       13    20   7    2.28   343.0   11.8      23.755
2012   11       13    20  17    2.28   343.1   11.8      23.773
2012   11       13    20  27    2.28   343.2   11.8      23.793
2012   11       13    20  37    2.28   343.3   11.8      23.815
2012   11       13    20  47    2.28   343.4   11.8      23.837
2012   11       13    20  57    2.28   343.6   11.8      23.861
2012   11       13    21   7    2.28   343.7   11.8      23.885
2012   11       13    21  17    2.28   343.8   11.8      23.909
2012   11       13    21  27    2.28   343.9   11.8      23.934
2012   11       13    21  37    2.28   344.1   11.8      23.959
2012   11       13    21  47    2.28   344.2   11.8      23.983
2012   11       13    21  57    2.28   344.3   11.8      24.005
2012   11       13    22   7    2.28   344.5   11.8      24.027
2012   11       13    22  17    2.28   344.6   11.8      24.047
2012   11       13    22  27    2.28   344.7   11.8      24.065
2012   11       13    22  37    2.28   344.9   11.8      24.082
2012   11       13    22  47    2.28   345.0   11.8      24.098
2012   11       13    22  57    2.28   345.1   11.8      24.112
2012   11       13    23   7    2.28   345.3   11.7      24.125
2012   11       13    23  17    2.28   345.4   11.7      24.136
2012   11       13    23  28    2.28   345.5   11.7      24.146
2012   11       13    23  38    2.28   345.7   11.7      24.155
2012   11       13    23  48    2.28   345.8   11.7      24.163
2012   11       13    23  58    2.28   345.9   11.7      24.170
2012   11       14     0   8    2.28   346.0   11.7      24.175
2012   11       14     0  18    2.28   346.2   11.7      24.180
2012   11       14     0  28    2.28   346.3   11.6      24.184
2012   11       14     0  38    2.27   346.4   11.6      24.187
2012   11       14     0  48    2.27   346.5   11.6      24.190
2012   11       14     0  58    2.27   346.7   11.6      24.192
2012   11       14     1   8    2.27   346.8   11.6      24.193
2012   11       14     1  18    2.27   346.9   11.6      24.193
2012   11       14     1  28    2.27   347.0   11.5      24.193
2012   11       14     1  38    2.27   347.2   11.5      24.192
2012   11       14     1  48    2.27   347.3   11.5      24.191
2012   11       14     1  58    2.27   347.4   11.5      24.189
2012   11       14     2   8    2.26   347.5   11.5      24.187
2012   11       14     2  18    2.26   347.6   11.5      24.184
2012   11       14     2  28    2.26   347.7   11.5      24.182
2012   11       14     2  38    2.26   347.9   11.4      24.178
2012   11       14     2  48    2.26   348.0   11.4      24.175
2012   11       14     2  58    2.26   348.1   11.4      24.172
2012   11       14     3   8    2.26   348.2   11.4      24.169
2012   11       14     3  18    2.26   348.3   11.4      24.166
2012   11       14     3  28    2.26   348.4   11.4      24.163
2012   11       14     3  38    2.25   348.5   11.3      24.161
2012   11       14     3  48    2.25   348.6   11.3      24.160
2012   11       14     3  58    2.25   348.8   11.3      24.159
2012   11       14     4   8    2.25   348.9   11.3      24.159
2012   11       14     4  18    2.25   349.0   11.3      24.159
2012   11       14     4  28    2.25   349.1   11.3      24.159
2012   11       14     4  38    2.25   349.2   11.2      24.159
2012   11       14     4  48    2.24   349.3   11.2      24.159
2012   11       14     4  58    2.24   349.4   11.2      24.158
2012   11       14     5   8    2.24   349.5   11.2      24.157
2012   11       14     5  18    2.24   349.7   11.2      24.155
2012   11       14     5  28    2.24   349.8   11.2      24.153
2012   11       14     5  38    2.23   349.9   11.1      24.149
2012   11       14     5  48    2.23   350.0   11.1      24.145
2012   11       14     5  58    2.23   350.1   11.1      24.140
2012   11       14     6   8    2.23   350.2   11.1      24.133
2012   11       14     6  18    2.23   350.3   11.1      24.126
2012   11       14     6  28    2.22   350.4   11.0      24.118
2012   11       14     6  38    2.22   350.5   11.0      24.109
2012   11       14     6  48    2.22   350.6   11.0      24.099
2012   11       14     6  58    2.22   350.7   11.0      24.088
2012   11       14     7   8    2.22   350.9   11.0      24.076
2012   11       14     7  18    2.21   351.0   10.9      24.064
2012   11       14     7  28    2.21   351.1   10.9      24.051
2012   11       14     7  38    2.21   351.2   10.9      24.037
2012   11       14     7  48    2.21   351.3   10.9      24.022
2012   11       14     7  58    2.20   351.4   10.8      24.006
2012   11       14     8   8    2.20   351.5   10.8      23.990
2012   11       14     8  18    2.20   351.6   10.8      23.973
2012   11       14     8  28    2.20   351.7   10.8      23.956
2012   11       14     8  38    2.19   351.8   10.7      23.938
2012   11       14     8  48    2.19   351.9   10.7      23.919
2012   11       14     8  58    2.19   351.9   10.7      23.900
2012   11       14     9   8    2.18   352.0   10.7      23.880
2012   11       14     9  18    2.18   352.1   10.6      23.859
2012   11       14     9  28    2.18   352.2   10.6      23.838
2012   11       14     9  38    2.18   352.3   10.6      23.817
2012   11       14     9  48    2.17   352.4   10.6      23.795
2012   11       14     9  58    2.17   352.5   10.5      23.773
2012   11       14    10   8    2.17   352.6   10.5      23.750
2012   11       14    10  18    2.17   352.6   10.5      23.727
2012   11       14    10  28    2.16   352.7   10.5      23.704
2012   11       14    10  38    2.16   352.8   10.4      23.680
2012   11       14    10  48    2.16   352.9   10.4      23.656
2012   11       14    10  58    2.15   353.0   10.4      23.632
2012   11       14    11   8    2.15   353.0   10.4      23.607
2012   11       14    11  18    2.15   353.1   10.3      23.582
2012   11       14    11  28    2.15   353.2   10.3      23.557
2012   11       14    11  38    2.14   353.2   10.3      23.531
2012   11       14    11  48    2.14   353.3   10.3      23.505
2012   11       14    11  58    2.14   353.4   10.2      23.479
2012   11       14    12   8    2.13   353.4   10.2      23.453
2012   11       14    12  18    2.13   353.5   10.2      23.427
2012   11       14    12  28    2.13   353.5   10.2      23.401
2012   11       14    12  38    2.13   353.6   10.2      23.375
2012   11       14    12  48    2.12   353.7   10.1      23.350
2012   11       14    12  58    2.12   353.7   10.1      23.324
2012   11       14    13   8    2.12   353.7   10.1      23.298
2012   11       14    13  18    2.11   353.8   10.1      23.273
2012   11       14    13  29    2.11   353.8   10.1      23.247
2012   11       14    13  39    2.11   353.9   10.0      23.222
2012   11       14    13  49    2.11   353.9   10.0      23.197
2012   11       14    13  59    2.10   354.0   10.0      23.171
2012   11       14    14   9    2.10   354.0   10.0      23.146
2012   11       14    14  19    2.10   354.0   10.0      23.121
2012   11       14    14  29    2.10   354.1    9.9      23.096
2012   11       14    14  39    2.09   354.1    9.9      23.071
2012   11       14    14  49    2.09   354.1    9.9      23.046
2012   11       14    14  59    2.09   354.2    9.9      23.021
2012   11       14    15   9    2.08   354.2    9.9      22.997
2012   11       14    15  19    2.08   354.2    9.8      22.972
2012   11       14    15  29    2.08   354.3    9.8      22.948
2012   11       14    15  39    2.08   354.3    9.8      22.924
2012   11       14    15  49    2.07   354.3    9.8      22.901
2012   11       14    15  59    2.07   354.3    9.8      22.877
2012   11       14    16   9    2.07   354.4    9.8      22.854
2012   11       14    16  19    2.07   354.4    9.8      22.831
2012   11       14    16  29    2.06   354.4    9.7      22.809
2012   11       14    16  39    2.06   354.4    9.7      22.787
2012   11       14    16  49    2.06   354.5    9.7      22.765
2012   11       14    16  59    2.06   354.5    9.7      22.744
2012   11       14    17   9    2.06   354.5    9.7      22.722
2012   11       14    17  19    2.05   354.5    9.7      22.701
2012   11       14    17  29    2.05   354.5    9.7      22.679
2012   11       14    17  39    2.05   354.5    9.6      22.658
2012   11       14    17  49    2.05   354.6    9.6      22.636
2012   11       14    17  59    2.05   354.6    9.6      22.614
2012   11       14    18   9    2.04   354.6    9.6      22.592
2012   11       14    18  19    2.04   354.6    9.6      22.570
2012   11       14    18  29    2.04   354.6    9.6      22.548
2012   11       14    18  39    2.04   354.6    9.6      22.526
2012   11       14    18  49    2.04   354.6    9.5      22.504
2012   11       14    18  59    2.03   354.6    9.5      22.482
2012   11       14    19   9    2.03   354.6    9.5      22.460
2012   11       14    19  19    2.03   354.6    9.5      22.438
2012   11       14    19  29    2.03   354.6    9.5      22.417
2012   11       14    19  39    2.03   354.6    9.5      22.395
2012   11       14    19  49    2.02   354.6    9.5      22.374
2012   11       14    19  59    2.02   354.6    9.5      22.353
2012   11       14    20   9    2.02   354.6    9.5      22.332
2012   11       14    20  19    2.02   354.6    9.4      22.312
2012   11       14    20  29    2.02   354.6    9.4      22.292
2012   11       14    20  39    2.01   354.6    9.4      22.272
2012   11       14    20  49    2.01   354.6    9.4      22.252
2012   11       14    20  59    2.01   354.6    9.4      22.233
2012   11       14    21   9    2.01   354.6    9.4      22.214
2012   11       14    21  19    2.01   354.5    9.4      22.196
2012   11       14    21  29    2.01   354.5    9.4      22.177
2012   11       14    21  39    2.01   354.5    9.4      22.159
2012   11       14    21  49    2.00   354.5    9.4      22.142
2012   11       14    21  59    2.00   354.5    9.4      22.125
2012   11       14    22   9    2.00   354.5    9.4      22.109
2012   11       14    22  19    2.00   354.4    9.4      22.093
2012   11       14    22  29    2.00   354.4    9.3      22.077
2012   11       14    22  39    2.00   354.4    9.3      22.062
2012   11       14    22  49    2.00   354.4    9.3      22.048
2012   11       14    22  59    2.00   354.4    9.3      22.034
2012   11       14    23   9    1.99   354.3    9.3      22.021
2012   11       14    23  19    1.99   354.3    9.3      22.009
2012   11       14    23  29    1.99   354.3    9.3      21.997
2012   11       14    23  39    1.99   354.3    9.3      21.986
2012   11       14    23  49    1.99   354.3    9.3      21.975
2012   11       14    23  59    1.99   354.2    9.3      21.965
2012   11       15     0   9    1.99   354.2    9.3      21.956
2012   11       15     0  19    1.99   354.2    9.3      21.946
2012   11       15     0  29    1.99   354.2    9.3      21.937
2012   11       15     0  39    1.99   354.2    9.3      21.928
2012   11       15     0  49    1.98   354.1    9.3      21.919
2012   11       15     0  59    1.98   354.1    9.3      21.911
2012   11       15     1   9    1.98   354.1    9.3      21.902
2012   11       15     1  19    1.98   354.1    9.3      21.893
2012   11       15     1  29    1.98   354.0    9.3      21.884
2012   11       15     1  39    1.98   354.0    9.3      21.874
2012   11       15     1  49    1.98   354.0    9.3      21.865
2012   11       15     1  59    1.98   354.0    9.3      21.856
2012   11       15     2   9    1.98   354.0    9.3      21.846
2012   11       15     2  19    1.98   353.9    9.3      21.837
2012   11       15     2  29    1.98   353.9    9.3      21.828
2012   11       15     2  39    1.98   353.9    9.3      21.818
2012   11       15     2  49    1.98   353.9    9.3      21.809
2012   11       15     2  59    1.98   353.8    9.3      21.800
2012   11       15     3   9    1.97   353.8    9.3      21.791
2012   11       15     3  19    1.97   353.8    9.3      21.781
2012   11       15     3  29    1.97   353.7    9.3      21.772
2012   11       15     3  39    1.97   353.7    9.3      21.763
2012   11       15     3  49    1.97   353.7    9.3      21.754
2012   11       15     3  59    1.97   353.7    9.3      21.745
2012   11       15     4   9    1.97   353.6    9.3      21.736
2012   11       15     4  19    1.97   353.6    9.3      21.728
2012   11       15     4  29    1.97   353.6    9.3      21.719
2012   11       15     4  40    1.97   353.6    9.3      21.710
2012   11       15     4  50    1.97   353.5    9.2      21.701
2012   11       15     5   0    1.97   353.5    9.2      21.693
2012   11       15     5  10    1.97   353.5    9.2      21.684
2012   11       15     5  20    1.97   353.4    9.2      21.676
2012   11       15     5  30    1.97   353.4    9.2      21.668
2012   11       15     5  40    1.97   353.4    9.2      21.659
2012   11       15     5  50    1.97   353.3    9.2      21.651
2012   11       15     6   0    1.97   353.3    9.2      21.643
2012   11       15     6  10    1.97   353.3    9.2      21.636
2012   11       15     6  20    1.97   353.3    9.2      21.628
2012   11       15     6  30    1.97   353.2    9.2      21.621
2012   11       15     6  40    1.97   353.2    9.2      21.614
2012   11       15     6  50    1.96   353.2    9.2      21.607
2012   11       15     7   0    1.96   353.1    9.2      21.600
2012   11       15     7  10    1.96   353.1    9.2      21.593
2012   11       15     7  20    1.96   353.1    9.2      21.587
2012   11       15     7  30    1.96   353.0    9.2      21.581
2012   11       15     7  40    1.96   353.0    9.2      21.575
2012   11       15     7  50    1.96   353.0    9.3      21.570
2012   11       15     8   0    1.96   352.9    9.3      21.564
2012   11       15     8  10    1.96   352.9    9.3      21.559
2012   11       15     8  20    1.97   352.9    9.3      21.554
2012   11       15     8  30    1.97   352.8    9.3      21.549
2012   11       15     8  40    1.97   352.8    9.3      21.545
2012   11       15     8  50    1.97   352.7    9.3      21.540
2012   11       15     9   0    1.97   352.7    9.3      21.536
2012   11       15     9  10    1.97   352.7    9.3      21.532
2012   11       15     9  20    1.97   352.6    9.3      21.528
2012   11       15     9  30    1.97   352.6    9.3      21.525
2012   11       15     9  40    1.97   352.5    9.3      21.522
2012   11       15     9  50    1.97   352.5    9.3      21.519
2012   11       15    10   0    1.97   352.5    9.3      21.516
2012   11       15    10  10    1.97   352.4    9.3      21.514
2012   11       15    10  20    1.97   352.4    9.3      21.511
2012   11       15    10  30    1.97   352.3    9.3      21.509
2012   11       15    10  40    1.97   352.3    9.3      21.508
2012   11       15    10  50    1.97   352.3    9.3      21.506
2012   11       15    11   0    1.97   352.2    9.3      21.505
2012   11       15    11  10    1.98   352.2    9.3      21.504
2012   11       15    11  20    1.98   352.1    9.3      21.503
2012   11       15    11  30    1.98   352.1    9.3      21.503
2012   11       15    11  40    1.98   352.0    9.3      21.503
2012   11       15    11  50    1.98   352.0    9.3      21.503
2012   11       15    12   0    1.98   351.9    9.3      21.503
2012   11       15    12  10    1.98   351.9    9.4      21.503
2012   11       15    12  20    1.98   351.8    9.4      21.504
2012   11       15    12  30    1.99   351.8    9.4      21.505
2012   11       15    12  40    1.99   351.7    9.4      21.506
2012   11       15    12  50    1.99   351.7    9.4      21.507
2012   11       15    13   0    1.99   351.6    9.4      21.509
2012   11       15    13  10    1.99   351.6    9.4      21.510
2012   11       15    13  20    1.99   351.5    9.4      21.512
2012   11       15    13  30    2.00   351.5    9.4      21.514
2012   11       15    13  40    2.00   351.4    9.4      21.516
2012   11       15    13  50    2.00   351.4    9.4      21.519
2012   11       15    14   0    2.00   351.3    9.4      21.521
2012   11       15    14  10    2.00   351.3    9.5      21.524
2012   11       15    14  20    2.01   351.2    9.5      21.526
2012   11       15    14  30    2.01   351.2    9.5      21.529
2012   11       15    14  40    2.01   351.1    9.5      21.532
2012   11       15    14  50    2.01   351.0    9.5      21.536
2012   11       15    15   0    2.02   351.0    9.5      21.539
2012   11       15    15  10    2.02   350.9    9.5      21.542
2012   11       15    15  20    2.02   350.9    9.5      21.546
2012   11       15    15  30    2.02   350.8    9.5      21.549
2012   11       15    15  40    2.02   350.7    9.5      21.553
2012   11       15    15  50    2.03   350.7    9.6      21.557
2012   11       15    16   0    2.03   350.6    9.6      21.561
2012   11       15    16  10    2.03   350.5    9.6      21.566
2012   11       15    16  20    2.03   350.5    9.6      21.570
2012   11       15    16  30    2.04   350.4    9.6      21.575
2012   11       15    16  40    2.04   350.3    9.6      21.580
2012   11       15    16  50    2.04   350.2    9.6      21.586
2012   11       15    17   0    2.05   350.2    9.7      21.592
2012   11       15    17  10    2.05   350.1    9.7      21.599
2012   11       15    17  20    2.05   350.0    9.7      21.606
2012   11       15    17  30    2.06   349.9    9.7      21.615
2012   11       15    17  40    2.06   349.8    9.7      21.625
2012   11       15    17  50    2.06   349.7    9.8      21.635
2012   11       15    18   0    2.07   349.7    9.8      21.648
2012   11       15    18  10    2.07   349.6    9.8      21.661
2012   11       15    18  20    2.07   349.5    9.8      21.677
2012   11       15    18  30    2.08   349.4    9.9      21.694
2012   11       15    18  40    2.08   349.4    9.9      21.714
2012   11       15    18  50    2.09   349.3    9.9      21.736
2012   11       15    19   0    2.09   349.2   10.0      21.760
2012   11       15    19  10    2.10   349.2   10.0      21.786
2012   11       15    19  20    2.11   349.1   10.0      21.815
2012   11       15    19  30    2.11   349.1   10.1      21.848
2012   11       15    19  40    2.12   349.0   10.1      21.886
2012   11       15    19  50    2.13   349.0   10.1      21.930
2012   11       15    20   0    2.13   349.0   10.2      21.978
2012   11       15    20  10    2.14   349.0   10.2      22.030
2012   11       15    20  20    2.14   349.0   10.3      22.086
2012   11       15    20  30    2.15   349.0   10.3      22.144
2012   11       15    20  40    2.16   349.0   10.4      22.204
2012   11       15    20  50    2.16   349.0   10.4      22.265
2012   11       15    21   0    2.17   349.0   10.4      22.327
2012   11       15    21  11    2.18   349.1   10.5      22.390
2012   11       15    21  21    2.18   349.1   10.5      22.453
2012   11       15    21  31    2.19   349.1   10.5      22.514
2012   11       15    21  41    2.20   349.1   10.6      22.574
2012   11       15    21  51    2.20   349.1   10.6      22.634
2012   11       15    22   1    2.21   349.2   10.6      22.692
2012   11       15    22  11    2.22   349.2   10.7      22.749
2012   11       15    22  21    2.22   349.2   10.7      22.806
2012   11       15    22  31    2.23   349.2   10.8      22.863
2012   11       15    22  41    2.23   349.3   10.8      22.919
2012   11       15    22  51    2.24   349.3   10.8      22.975
2012   11       15    23   1    2.25   349.3   10.9      23.031
2012   11       15    23  11    2.25   349.3   10.9      23.087
2012   11       15    23  21    2.26   349.4   10.9      23.143
2012   11       15    23  31    2.27   349.4   11.0      23.200
2012   11       15    23  41    2.28   349.4   11.0      23.258
2012   11       15    23  51    2.28   349.4   11.1      23.316
2012   11       16     0   1    2.29   349.5   11.1      23.376
2012   11       16     0  11    2.30   349.5   11.1      23.438
2012   11       16     0  21    2.30   349.6   11.2      23.501
2012   11       16     0  31    2.31   349.6   11.2      23.567
2012   11       16     0  41    2.32   349.6   11.3      23.636
2012   11       16     0  51    2.33   349.7   11.3      23.707
2012   11       16     1   1    2.34   349.7   11.4      23.781
2012   11       16     1  11    2.35   349.8   11.5      23.860
2012   11       16     1  21    2.36   349.9   11.5      23.942
2012   11       16     1  31    2.36   349.9   11.6      24.027
2012   11       16     1  41    2.37   350.0   11.6      24.118
2012   11       16     1  51    2.39   350.1   11.7      24.217
2012   11       16     2   1    2.40   350.2   11.8      24.326
2012   11       16     2  11    2.41   350.4   11.9      24.442
2012   11       16     2  21    2.42   350.5   12.0      24.566
2012   11       16     2  31    2.43   350.7   12.0      24.697
2012   11       16     2  41    2.44   350.9   12.1      24.834
2012   11       16     2  51    2.46   351.1   12.2      24.975
2012   11       16     3   1    2.47   351.4   12.3      25.121
2012   11       16     3  11    2.48   351.6   12.3      25.271
2012   11       16     3  21    2.49   351.8   12.4      25.423
2012   11       16     3  31    2.51   352.1   12.5      25.573
2012   11       16     3  41    2.52   352.4   12.6      25.720
2012   11       16     3  51    2.53   352.6   12.6      25.864
2012   11       16     4   1    2.54   352.9   12.7      26.006
2012   11       16     4  11    2.55   353.1   12.7      26.145
2012   11       16     4  21    2.56   353.4   12.8      26.283
2012   11       16     4  31    2.57   353.6   12.8      26.416
2012   11       16     4  41    2.58   353.9   12.9      26.547
2012   11       16     4  51    2.59   354.2   12.9      26.676
2012   11       16     5   1    2.60   354.4   13.0      26.802
2012   11       16     5  11    2.61   354.7   13.0      26.926
2012   11       16     5  21    2.62   355.0   13.0      27.048
2012   11       16     5  31    2.63   355.2   13.1      27.168
2012   11       16     5  41    2.64   355.5   13.1      27.285
2012   11       16     5  51    2.65   355.8   13.1      27.401
2012   11       16     6   1    2.66   356.1   13.2      27.516
2012   11       16     6  11    2.67   356.3   13.2      27.628
2012   11       16     6  21    2.68   356.6   13.2      27.739
2012   11       16     6  31    2.69   356.9   13.3      27.848
2012   11       16     6  41    2.70   357.2   13.3      27.956
2012   11       16     6  51    2.71   357.5   13.3      28.062
2012   11       16     7   1    2.72   357.7   13.4      28.169
2012   11       16     7  11    2.73   358.0   13.4      28.274
2012   11       16     7  21    2.74   358.3   13.4      28.380
2012   11       16     7  31    2.75   358.6   13.4      28.486
2012   11       16     7  41    2.76   358.9   13.5      28.592
2012   11       16     7  51    2.77   359.2   13.5      28.699
2012   11       16     8   1    2.78   359.5   13.5      28.807
2012   11       16     8  11    2.79   359.8   13.6      28.915
2012   11       16     8  21    2.80   360.1   13.6      29.025
2012   11       16     8  31    2.81   360.4   13.7      29.138
2012   11       16     8  41    2.82   360.7   13.7      29.251
2012   11       16     8  51    2.83   361.0   13.7      29.365
2012   11       16     9   1    2.84   361.3   13.8      29.482
2012   11       16     9  11    2.85   361.6   13.8      29.607
2012   11       16     9  21    2.86   361.9   13.9      29.737
2012   11       16     9  31    2.87   362.3   13.9      29.874
2012   11       16     9  41    2.88   362.6   14.0      30.017
2012   11       16     9  51    2.89   363.0   14.0      30.163
2012   11       16    10   1    2.90   363.3   14.1      30.313
2012   11       16    10  11    2.91   363.7   14.1      30.465
2012   11       16    10  21    2.92   364.1   14.2      30.620
2012   11       16    10  31    2.94   364.5   14.2      30.777
2012   11       16    10  41    2.95   364.9   14.3      30.936
2012   11       16    10  51    2.96   365.2   14.3      31.094
2012   11       16    11   1    2.97   365.6   14.4      31.250
2012   11       16    11  11    2.98   366.0   14.4      31.406
2012   11       16    11  21    2.99   366.4   14.4      31.566
2012   11       16    11  31    3.00   366.8   14.5      31.729
2012   11       16    11  41    3.01   367.2   14.5      31.896
2012   11       16    11  51    3.02   367.7   14.6      32.065
2012   11       16    12   1    3.03   368.1   14.6      32.239
2012   11       16    12  11    3.04   368.6   14.6      32.415
2012   11       16    12  21    3.05   369.0   14.7      32.592
2012   11       16    12  31    3.06   369.5   14.7      32.770
2012   11       16    12  41    3.06   370.1   14.7      32.949
2012   11       16    12  51    3.07   370.6   14.7      33.128
2012   11       16    13   1    3.08   371.1   14.7      33.304
2012   11       16    13  11    3.09   371.7   14.8      33.476
2012   11       16    13  21    3.10   372.2   14.8      33.643
2012   11       16    13  32    3.11   372.8   14.8      33.805
2012   11       16    13  42    3.11   373.4   14.8      33.963
2012   11       16    13  52    3.12   373.9   14.8      34.115
2012   11       16    14   2    3.13   374.5   14.8      34.263
2012   11       16    14  12    3.13   375.0   14.8      34.406
2012   11       16    14  22    3.14   375.6   14.8      34.545
2012   11       16    14  32    3.15   376.1   14.8      34.681
2012   11       16    14  42    3.15   376.7   14.7      34.814
2012   11       16    14  52    3.16   377.2   14.7      34.944
2012   11       16    15   2    3.16   377.7   14.7      35.073
2012   11       16    15  12    3.17   378.3   14.7      35.201
2012   11       16    15  22    3.18   378.8   14.7      35.327
2012   11       16    15  32    3.18   379.3   14.7      35.453
2012   11       16    15  42    3.19   379.8   14.7      35.579
2012   11       16    15  52    3.19   380.3   14.7      35.704
2012   11       16    16   2    3.20   380.9   14.7      35.829
2012   11       16    16  12    3.20   381.4   14.6      35.953
2012   11       16    16  22    3.21   381.9   14.6      36.077
2012   11       16    16  32    3.21   382.4   14.6      36.201
2012   11       16    16  42    3.22   382.9   14.6      36.324
2012   11       16    16  52    3.23   383.5   14.6      36.446
2012   11       16    17   2    3.23   384.0   14.6      36.567
2012   11       16    17  12    3.24   384.5   14.5      36.687
2012   11       16    17  22    3.24   385.0   14.5      36.806
2012   11       16    17  32    3.25   385.5   14.5      36.924
2012   11       16    17  42    3.25   386.0   14.5      37.042
2012   11       16    17  52    3.26   386.5   14.5      37.158
2012   11       16    18   2    3.26   387.0   14.5      37.275
2012   11       16    18  12    3.27   387.5   14.4      37.391
2012   11       16    18  22    3.27   388.0   14.4      37.507
2012   11       16    18  32    3.28   388.5   14.4      37.623
2012   11       16    18  42    3.28   389.0   14.4      37.742
2012   11       16    18  52    3.29   389.5   14.4      37.864
2012   11       16    19   2    3.29   390.0   14.4      37.989
2012   11       16    19  12    3.30   390.5   14.4      38.117
2012   11       16    19  22    3.30   391.1   14.4      38.247
2012   11       16    19  32    3.31   391.6   14.4      38.379
2012   11       16    19  42    3.31   392.2   14.4      38.512
2012   11       16    19  52    3.32   392.8   14.3      38.645
2012   11       16    20   2    3.32   393.4   14.3      38.779
2012   11       16    20  12    3.32   394.0   14.3      38.913
2012   11       16    20  22    3.33   394.6   14.3      39.046
2012   11       16    20  32    3.33   395.2   14.3      39.174
2012   11       16    20  42    3.34   395.9   14.3      39.299
2012   11       16    20  52    3.34   396.5   14.2      39.419
2012   11       16    21   2    3.34   397.2   14.2      39.536
2012   11       16    21  12    3.34   397.9   14.2      39.648
2012   11       16    21  22    3.35   398.5   14.1      39.757
2012   11       16    21  32    3.35   399.2   14.1      39.863
2012   11       16    21  42    3.35   399.9   14.1      39.966
2012   11       16    21  52    3.35   400.6   14.0      40.067
2012   11       16    22   2    3.35   401.2   14.0      40.164
2012   11       16    22  12    3.35   401.9   14.0      40.259
2012   11       16    22  22    3.35   402.5   13.9      40.352
2012   11       16    22  32    3.35   403.1   13.9      40.444
2012   11       16    22  42    3.36   403.8   13.8      40.534
2012   11       16    22  52    3.36   404.4   13.8      40.624
2012   11       16    23   2    3.36   405.0   13.7      40.715
2012   11       16    23  12    3.36   405.6   13.7      40.806
2012   11       16    23  22    3.36   406.2   13.7      40.896
2012   11       16    23  32    3.36   406.8   13.6      40.989
2012   11       16    23  42    3.36   407.4   13.6      41.085
2012   11       16    23  52    3.36   408.1   13.5      41.184
2012   11       17     0   2    3.36   408.7   13.5      41.287
2012   11       17     0  12    3.36   409.3   13.5      41.395
2012   11       17     0  22    3.36   409.9   13.4      41.507
2012   11       17     0  32    3.37   410.6   13.4      41.622
2012   11       17     0  42    3.37   411.2   13.4      41.739
2012   11       17     0  52    3.37   411.8   13.3      41.855
2012   11       17     1   2    3.37   412.5   13.3      41.970
2012   11       17     1  12    3.37   413.1   13.2      42.082
2012   11       17     1  22    3.37   413.8   13.2      42.190
2012   11       17     1  32    3.37   414.5   13.2      42.295
2012   11       17     1  42    3.37   415.1   13.1      42.394
2012   11       17     1  52    3.37   415.8   13.1      42.488
2012   11       17     2   2    3.37   416.5   13.0      42.579
2012   11       17     2  12    3.37   417.2   13.0      42.667
2012   11       17     2  22    3.37   417.9   12.9      42.751
2012   11       17     2  32    3.37   418.6   12.9      42.832
2012   11       17     2  42    3.37   419.3   12.8      42.908
2012   11       17     2  52    3.37   420.1   12.8      42.978
2012   11       17     3   2    3.36   420.8   12.7      43.044
2012   11       17     3  12    3.36   421.5   12.6      43.098
2012   11       17     3  22    3.36   422.2   12.6      43.142
2012   11       17     3  32    3.35   422.9   12.5      43.177
2012   11       17     3  42    3.35   423.6   12.4      43.205
2012   11       17     3  52    3.34   424.2   12.4      43.226
2012   11       17     4   2    3.34   424.9   12.3      43.245
2012   11       17     4  12    3.33   425.6   12.2      43.260
2012   11       17     4  22    3.33   426.3   12.2      43.272
2012   11       17     4  32    3.32   426.9   12.1      43.281
2012   11       17     4  42    3.32   427.6   12.0      43.287
2012   11       17     4  52    3.31   428.3   12.0      43.294
2012   11       17     5   2    3.31   429.0   11.9      43.303
2012   11       17     5  12    3.30   429.7   11.8      43.312
2012   11       17     5  22    3.30   430.3   11.8      43.321
2012   11       17     5  32    3.29   431.0   11.7      43.331
2012   11       17     5  42    3.28   431.7   11.6      43.342
2012   11       17     5  53    3.28   432.4   11.6      43.352
2012   11       17     6   3    3.27   433.1   11.5      43.362
2012   11       17     6  13    3.27   433.8   11.4      43.372
2012   11       17     6  23    3.26   434.5   11.4      43.381
2012   11       17     6  33    3.25   435.1   11.3      43.392
2012   11       17     6  43    3.25   435.8   11.3      43.403
2012   11       17     6  53    3.24   436.4   11.2      43.416
2012   11       17     7   3    3.23   437.1   11.1      43.430
2012   11       17     7  13    3.23   437.7   11.1      43.446
2012   11       17     7  23    3.22   438.4   11.0      43.464
2012   11       17     7  33    3.22   439.0   11.0      43.484
2012   11       17     7  43    3.21   439.6   10.9      43.506
2012   11       17     7  53    3.20   440.2   10.8      43.532
2012   11       17     8   3    3.20   440.9   10.8      43.562
2012   11       17     8  13    3.19   441.5   10.7      43.597
2012   11       17     8  23    3.19   442.1   10.7      43.637
2012   11       17     8  33    3.18   442.7   10.7      43.680
2012   11       17     8  43    3.18   443.3   10.6      43.725
2012   11       17     8  53    3.17   444.0   10.6      43.771
2012   11       17     9   3    3.16   444.6   10.5      43.818
2012   11       17     9  13    3.16   445.2   10.5      43.866
2012   11       17     9  23    3.15   445.9   10.4      43.915
2012   11       17     9  33    3.15   446.5   10.4      43.963
2012   11       17     9  43    3.14   447.2   10.3      44.012
2012   11       17     9  53    3.13   447.9   10.3      44.059
2012   11       17    10   3    3.13   448.6   10.3      44.105
2012   11       17    10  13    3.12   449.3   10.2      44.149
2012   11       17    10  23    3.11   450.0   10.1      44.189
2012   11       17    10  33    3.11   450.8   10.1      44.222
2012   11       17    10  43    3.10   451.5   10.0      44.246
2012   11       17    10  53    3.09   452.2   10.0      44.259
2012   11       17    11   3    3.08   452.9    9.9      44.263
2012   11       17    11  13    3.07   453.5    9.8      44.260
2012   11       17    11  23    3.06   454.2    9.8      44.245
2012   11       17    11  33    3.05   454.8    9.7      44.220
2012   11       17    11  43    3.04   455.5    9.6      44.187
2012   11       17    11  53    3.03   456.1    9.6      44.150
2012   11       17    12   3    3.02   456.7    9.5      44.109
2012   11       17    12  13    3.01   457.4    9.5      44.068
2012   11       17    12  23    3.00   458.0    9.4      44.027
2012   11       17    12  33    3.00   458.6    9.3      43.988
2012   11       17    12  43    2.99   459.3    9.3      43.949
2012   11       17    12  53    2.98   459.9    9.2      43.913
2012   11       17    13   3    2.97   460.6    9.2      43.883
2012   11       17    13  13    2.96   461.2    9.1      43.855
2012   11       17    13  23    2.95   461.9    9.1      43.828
2012   11       17    13  33    2.94   462.5    9.0      43.801
2012   11       17    13  43    2.93   463.1    8.9      43.773
2012   11       17    13  53    2.92   463.7    8.9      43.745
2012   11       17    14   3    2.91   464.3    8.8      43.716
2012   11       17    14  13    2.91   464.9    8.8      43.687
2012   11       17    14  23    2.90   465.5    8.7      43.658
2012   11       17    14  33    2.89   466.1    8.7      43.628
2012   11       17    14  43    2.88   466.6    8.6      43.598
2012   11       17    14  53    2.87   467.2    8.6      43.572
2012   11       17    15   3    2.86   467.7    8.6      43.548
2012   11       17    15  13    2.86   468.2    8.5      43.529
2012   11       17    15  23    2.85   468.8    8.5      43.517
2012   11       17    15  33    2.84   469.3    8.4      43.510
2012   11       17    15  43    2.83   469.8    8.4      43.507
2012   11       17    15  53    2.83   470.3    8.3      43.508
2012   11       17    16   3    2.82   470.8    8.3      43.511
2012   11       17    16  13    2.81   471.3    8.3      43.517
2012   11       17    16  23    2.81   471.8    8.2      43.524
2012   11       17    16  33    2.80   472.3    8.2      43.533
2012   11       17    16  43    2.79   472.9    8.2      43.541
2012   11       17    16  53    2.78   473.4    8.1      43.550
2012   11       17    17   3    2.78   473.9    8.1      43.557
2012   11       17    17  13    2.77   474.5    8.1      43.562
2012   11       17    17  23    2.76   475.1    8.0      43.565
2012   11       17    17  33    2.75   475.6    8.0      43.563
2012   11       17    17  43    2.75   476.2    7.9      43.559
2012   11       17    17  53    2.74   476.7    7.9      43.547
2012   11       17    18   3    2.73   477.2    7.9      43.528
2012   11       17    18  13    2.72   477.6    7.8      43.503
2012   11       17    18  23    2.72   478.1    7.8      43.476
2012   11       17    18  33    2.71   478.5    7.8      43.451
2012   11       17    18  43    2.70   479.0    7.7      43.428
2012   11       17    18  53    2.69   479.4    7.7      43.406
2012   11       17    19   3    2.69   479.9    7.7      43.386
2012   11       17    19  13    2.68   480.4    7.6      43.369
2012   11       17    19  23    2.68   480.8    7.6      43.354
2012   11       17    19  33    2.67   481.3    7.6      43.340
2012   11       17    19  43    2.66   481.7    7.5      43.329
2012   11       17    19  53    2.66   482.2    7.5      43.318
2012   11       17    20   3    2.65   482.6    7.5      43.308
2012   11       17    20  13    2.65   483.1    7.4      43.299
2012   11       17    20  23    2.64   483.5    7.4      43.291
2012   11       17    20  33    2.63   484.0    7.4      43.284
2012   11       17    20  43    2.63   484.5    7.3      43.277
2012   11       17    20  53    2.62   484.9    7.3      43.268
2012   11       17    21   3    2.62   485.4    7.3      43.256
2012   11       17    21  13    2.61   485.8    7.3      43.244
2012   11       17    21  23    2.60   486.2    7.2      43.230
2012   11       17    21  33    2.60   486.6    7.2      43.214
2012   11       17    21  43    2.59   487.0    7.2      43.198
2012   11       17    21  53    2.59   487.4    7.1      43.181
2012   11       17    22   3    2.58   487.8    7.1      43.164
2012   11       17    22  13    2.58   488.1    7.1      43.150
2012   11       17    22  23    2.57   488.5    7.1      43.138
2012   11       17    22  33    2.57   488.8    7.0      43.131
2012   11       17    22  44    2.57   489.2    7.0      43.130
2012   11       17    22  54    2.56   489.5    7.0      43.134
2012   11       17    23   4    2.56   489.9    7.0      43.141
2012   11       17    23  14    2.55   490.3    7.0      43.150
2012   11       17    23  24    2.55   490.6    6.9      43.160
2012   11       17    23  34    2.54   491.0    6.9      43.169
2012   11       17    23  44    2.54   491.4    6.9      43.177
2012   11       17    23  54    2.54   491.8    6.9      43.183
2012   11       18     0   4    2.53   492.1    6.9      43.186
2012   11       18     0  14    2.53   492.6    6.8      43.187
2012   11       18     0  24    2.52   493.0    6.8      43.185
2012   11       18     0  34    2.52   493.4    6.8      43.180
2012   11       18     0  44    2.51   493.8    6.8      43.170
2012   11       18     0  54    2.51   494.2    6.7      43.158
2012   11       18     1   4    2.51   494.5    6.7      43.142
2012   11       18     1  14    2.50   494.9    6.7      43.124
2012   11       18     1  24    2.50   495.2    6.7      43.104
2012   11       18     1  34    2.49   495.5    6.7      43.086
2012   11       18     1  44    2.49   495.8    6.6      43.072
2012   11       18     1  54    2.49   496.1    6.6      43.065
2012   11       18     2   4    2.48   496.5    6.6      43.065
2012   11       18     2  14    2.48   496.8    6.6      43.070
2012   11       18     2  24    2.48   497.2    6.6      43.079
2012   11       18     2  34    2.47   497.6    6.5      43.090
2012   11       18     2  44    2.47   498.0    6.5      43.099
2012   11       18     2  54    2.46   498.4    6.5      43.107
2012   11       18     3   4    2.46   498.8    6.5      43.114
2012   11       18     3  14    2.46   499.2    6.5      43.116
2012   11       18     3  24    2.45   499.6    6.5      43.115
2012   11       18     3  34    2.45   499.9    6.4      43.112
2012   11       18     3  44    2.45   500.3    6.4      43.108
2012   11       18     3  54    2.44   500.6    6.4      43.104
2012   11       18     4   4    2.44   500.9    6.4      43.101
2012   11       18     4  14    2.43   501.3    6.4      43.099
2012   11       18     4  24    2.43   501.6    6.3      43.096
2012   11       18     4  34    2.43   501.9    6.3      43.095
2012   11       18     4  44    2.42   502.3    6.3      43.094
2012   11       18     4  54    2.42   502.6    6.3      43.093
2012   11       18     5   4    2.42   502.9    6.3      43.093
2012   11       18     5  14    2.41   503.3    6.3      43.094
2012   11       18     5  24    2.41   503.6    6.2      43.095
2012   11       18     5  34    2.41   503.9    6.2      43.095
2012   11       18     5  44    2.40   504.3    6.2      43.094
2012   11       18     5  54    2.40   504.6    6.2      43.093
2012   11       18     6   4    2.40   504.9    6.2      43.092
2012   11       18     6  14    2.39   505.2    6.2      43.091
2012   11       18     6  24    2.39   505.5    6.2      43.089
2012   11       18     6  34    2.39   505.9    6.1      43.088
2012   11       18     6  44    2.39   506.2    6.1      43.087
2012   11       18     6  54    2.38   506.5    6.1      43.086
2012   11       18     7   4    2.38   506.8    6.1      43.086
2012   11       18     7  14    2.38   507.1    6.1      43.086
2012   11       18     7  24    2.37   507.4    6.1      43.085
2012   11       18     7  34    2.37   507.7    6.0      43.085
2012   11       18     7  44    2.37   508.0    6.0      43.084
2012   11       18     7  54    2.36   508.3    6.0      43.082
2012   11       18     8   4    2.36   508.6    6.0      43.081
2012   11       18     8  14    2.36   508.9    6.0      43.078
2012   11       18     8  24    2.36   509.2    6.0      43.075
2012   11       18     8  34    2.35   509.5    6.0      43.072
2012   11       18     8  44    2.35   509.8    5.9      43.068
2012   11       18     8  54    2.35   510.1    5.9      43.065
2012   11       18     9   4    2.34   510.4    5.9      43.062
2012   11       18     9  14    2.34   510.7    5.9      43.061
2012   11       18     9  24    2.34   511.0    5.9      43.061
2012   11       18     9  34    2.34   511.3    5.9      43.062
2012   11       18     9  44    2.33   511.6    5.9      43.065
2012   11       18     9  54    2.33   511.9    5.9      43.068
2012   11       18    10   4    2.33   512.2    5.8      43.071
2012   11       18    10  14    2.32   512.5    5.8      43.075
2012   11       18    10  24    2.32   512.7    5.8      43.079
2012   11       18    10  34    2.32   513.0    5.8      43.083
2012   11       18    10  44    2.32   513.3    5.8      43.086
2012   11       18    10  54    2.31   513.6    5.8      43.089
2012   11       18    11   4    2.31   513.9    5.8      43.092
2012   11       18    11  14    2.31   514.2    5.8      43.093
2012   11       18    11  24    2.30   514.5    5.7      43.094
2012   11       18    11  34    2.30   514.8    5.7      43.094
2012   11       18    11  44    2.30   515.0    5.7      43.094
2012   11       18    11  54    2.30   515.3    5.7      43.093
2012   11       18    12   4    2.29   515.6    5.7      43.091
2012   11       18    12  14    2.29   515.9    5.7      43.088
2012   11       18    12  24    2.29   516.1    5.7      43.085
2012   11       18    12  34    2.28   516.4    5.7      43.081
2012   11       18    12  44    2.28   516.7    5.6      43.076
2012   11       18    12  54    2.28   516.9    5.6      43.071
2012   11       18    13   4    2.28   517.2    5.6      43.065
2012   11       18    13  14    2.27   517.5    5.6      43.058
2012   11       18    13  24    2.27   517.7    5.6      43.051
2012   11       18    13  34    2.27   518.0    5.6      43.043
2012   11       18    13  44    2.26   518.3    5.6      43.035
2012   11       18    13  54    2.26   518.5    5.6      43.026
2012   11       18    14   4    2.26   518.8    5.5      43.016
2012   11       18    14  14    2.26   519.0    5.5      43.007
2012   11       18    14  24    2.25   519.3    5.5      42.997
2012   11       18    14  34    2.25   519.5    5.5      42.986
2012   11       18    14  44    2.25   519.8    5.5      42.976
2012   11       18    14  54    2.25   520.0    5.5      42.966
2012   11       18    15   4    2.24   520.3    5.5      42.955
2012   11       18    15  14    2.24   520.5    5.5      42.945
2012   11       18    15  24    2.24   520.8    5.4      42.934
2012   11       18    15  34    2.23   521.0    5.4      42.924
2012   11       18    15  45    2.23   521.3    5.4      42.914
2012   11       18    15  55    2.23   521.5    5.4      42.905
2012   11       18    16   5    2.23   521.7    5.4      42.895
2012   11       18    16  15    2.22   522.0    5.4      42.886
2012   11       18    16  25    2.22   522.2    5.4      42.876
2012   11       18    16  35    2.22   522.4    5.4      42.867
2012   11       18    16  45    2.21   522.7    5.4      42.858
2012   11       18    16  55    2.21   522.9    5.3      42.849
2012   11       18    17   5    2.21   523.1    5.3      42.840
2012   11       18    17  15    2.21   523.3    5.3      42.830
2012   11       18    17  25    2.20   523.6    5.3      42.820
2012   11       18    17  35    2.20   523.8    5.3      42.809
2012   11       18    17  45    2.20   524.0    5.3      42.798
2012   11       18    17  55    2.20   524.2    5.3      42.786
2012   11       18    18   5    2.19   524.4    5.3      42.773
2012   11       18    18  15    2.19   524.6    5.3      42.759
2012   11       18    18  25    2.19   524.8    5.2      42.744
2012   11       18    18  35    2.18   525.0    5.2      42.728
2012   11       18    18  45    2.18   525.2    5.2      42.711
2012   11       18    18  55    2.18   525.5    5.2      42.693
2012   11       18    19   5    2.17   525.7    5.2      42.673
2012   11       18    19  15    2.17   525.9    5.2      42.653
2012   11       18    19  25    2.17   526.0    5.2      42.632
2012   11       18    19  35    2.17   526.2    5.2      42.610
2012   11       18    19  45    2.16   526.4    5.1      42.588
2012   11       18    19  55    2.16   526.6    5.1      42.565
2012   11       18    20   5    2.16   526.8    5.1      42.541
2012   11       18    20  15    2.15   527.0    5.1      42.517
2012   11       18    20  25    2.15   527.2    5.1      42.492
2012   11       18    20  35    2.15   527.4    5.1      42.467
2012   11       18    20  45    2.15   527.6    5.1      42.441
2012   11       18    20  55    2.14   527.7    5.1      42.415
2012   11       18    21   5    2.14   527.9    5.1      42.389
2012   11       18    21  15    2.14   528.1    5.0      42.362
2012   11       18    21  25    2.13   528.3    5.0      42.335
2012   11       18    21  35    2.13   528.5    5.0      42.308
2012   11       18    21  45    2.13   528.6    5.0      42.281
2012   11       18    21  55    2.12   528.8    5.0      42.254
2012   11       18    22   5    2.12   529.0    5.0      42.226
2012   11       18    22  15    2.12   529.1    5.0      42.198
2012   11       18    22  25    2.12   529.3    5.0      42.170
2012   11       18    22  35    2.11   529.5    5.0      42.142
2012   11       18    22  45    2.11   529.6    5.0      42.113
2012   11       18    22  55    2.11   529.8    4.9      42.085
2012   11       18    23   5    2.10   529.9    4.9      42.056
2012   11       18    23  15    2.10   530.1    4.9      42.028
2012   11       18    23  25    2.10   530.2    4.9      41.999
2012   11       18    23  35    2.09   530.4    4.9      41.970
2012   11       18    23  45    2.09   530.5    4.9      41.940
2012   11       18    23  55    2.09   530.6    4.9      41.911
2012   11       19     0   5    2.09   530.8    4.9      41.881
2012   11       19     0  15    2.08   530.9    4.9      41.851
2012   11       19     0  25    2.08   531.0    4.8      41.820
2012   11       19     0  35    2.08   531.2    4.8      41.788
2012   11       19     0  45    2.07   531.3    4.8      41.756
2012   11       19     0  55    2.07   531.4    4.8      41.723
2012   11       19     1   5    2.07   531.5    4.8      41.690
2012   11       19     1  15    2.07   531.7    4.8      41.655
2012   11       19     1  25    2.06   531.8    4.8      41.620
2012   11       19     1  35    2.06   531.9    4.8      41.583
2012   11       19     1  45    2.06   532.0    4.8      41.546
2012   11       19     1  55    2.05   532.1    4.8      41.509
2012   11       19     2   5    2.05   532.2    4.8      41.470
2012   11       19     2  15    2.05   532.3    4.7      41.431
2012   11       19     2  25    2.04   532.4    4.7      41.391
2012   11       19     2  35    2.04   532.5    4.7      41.350
2012   11       19     2  45    2.04   532.6    4.7      41.309
2012   11       19     2  55    2.04   532.7    4.7      41.268
2012   11       19     3   5    2.03   532.8    4.7      41.227
2012   11       19     3  15    2.03   532.9    4.7      41.185
2012   11       19     3  25    2.03   532.9    4.7      41.143
2012   11       19     3  35    2.02   533.0    4.7      41.100
2012   11       19     3  45    2.02   533.1    4.7      41.058
2012   11       19     3  55    2.02   533.2    4.6      41.016
2012   11       19     4   5    2.02   533.2    4.6      40.973
2012   11       19     4  15    2.01   533.3    4.6      40.931
2012   11       19     4  25    2.01   533.3    4.6      40.888
2012   11       19     4  35    2.01   533.4    4.6      40.845
2012   11       19     4  45    2.00   533.5    4.6      40.803
2012   11       19     4  55    2.00   533.5    4.6      40.760
2012   11       19     5   5    2.00   533.6    4.6      40.717
2012   11       19     5  15    2.00   533.6    4.6      40.675
2012   11       19     5  25    1.99   533.7    4.6      40.632
2012   11       19     5  35    1.99   533.7    4.6      40.589
2012   11       19     5  45    1.99   533.8    4.6      40.546
2012   11       19     5  55    1.98   533.8    4.6      40.503
2012   11       19     6   5    1.98   533.8    4.5      40.460
2012   11       19     6  15    1.98   533.9    4.5      40.418
2012   11       19     6  25    1.98   533.9    4.5      40.375
2012   11       19     6  35    1.97   533.9    4.5      40.332
2012   11       19     6  45    1.97   534.0    4.5      40.289
2012   11       19     6  55    1.97   534.0    4.5      40.246
2012   11       19     7   5    1.97   534.0    4.5      40.203
2012   11       19     7  15    1.96   534.1    4.5      40.160
2012   11       19     7  25    1.96   534.1    4.5      40.116
2012   11       19     7  35    1.96   534.1    4.5      40.072
2012   11       19     7  45    1.95   534.1    4.5      40.028
2012   11       19     7  55    1.95   534.1    4.5      39.983
2012   11       19     8   5    1.95   534.2    4.5      39.939
2012   11       19     8  15    1.95   534.2    4.5      39.893
2012   11       19     8  25    1.94   534.2    4.4      39.848
2012   11       19     8  35    1.94   534.2    4.4      39.802
2012   11       19     8  46    1.94   534.2    4.4      39.756
2012   11       19     8  55    1.94   534.2    4.4      39.710
2012   11       19     9   6    1.93   534.2    4.4      39.663
2012   11       19     9  16    1.93   534.2    4.4      39.617
2012   11       19     9  26    1.93   534.2    4.4      39.569
2012   11       19     9  36    1.93   534.2    4.4      39.522
2012   11       19     9  46    1.92   534.2    4.4      39.474
2012   11       19     9  56    1.92   534.2    4.4      39.426
2012   11       19    10   6    1.92   534.1    4.4      39.377
2012   11       19    10  16    1.91   534.1    4.4      39.329
2012   11       19    10  26    1.91   534.1    4.4      39.279
2012   11       19    10  36    1.91   534.1    4.4      39.230
2012   11       19    10  46    1.91   534.1    4.3      39.181
2012   11       19    10  56    1.90   534.0    4.3      39.131
2012   11       19    11   6    1.90   534.0    4.3      39.081
2012   11       19    11  16    1.90   534.0    4.3      39.031
2012   11       19    11  26    1.90   533.9    4.3      38.981
2012   11       19    11  36    1.89   533.9    4.3      38.931
2012   11       19    11  46    1.89   533.8    4.3      38.881
2012   11       19    11  56    1.89   533.8    4.3      38.830
2012   11       19    12   6    1.89   533.7    4.3      38.780
2012   11       19    12  16    1.88   533.7    4.3      38.730
2012   11       19    12  26    1.88   533.6    4.3      38.680
2012   11       19    12  36    1.88   533.6    4.3      38.630
2012   11       19    12  46    1.88   533.5    4.3      38.580
2012   11       19    12  56    1.87   533.5    4.3      38.530
2012   11       19    13   6    1.87   533.4    4.3      38.480
2012   11       19    13  16    1.87   533.4    4.3      38.431
2012   11       19    13  26    1.87   533.3    4.3      38.382
2012   11       19    13  36    1.87   533.2    4.3      38.333
2012   11       19    13  46    1.86   533.2    4.2      38.285
2012   11       19    13  56    1.86   533.1    4.2      38.237
2012   11       19    14   6    1.86   533.0    4.2      38.188
2012   11       19    14  16    1.86   532.9    4.2      38.140
2012   11       19    14  26    1.85   532.9    4.2      38.092
2012   11       19    14  36    1.85   532.8    4.2      38.045
2012   11       19    14  46    1.85   532.7    4.2      37.997
2012   11       19    14  56    1.85   532.7    4.2      37.949
2012   11       19    15   6    1.84   532.6    4.2      37.901
2012   11       19    15  16    1.84   532.5    4.2      37.854
2012   11       19    15  26    1.84   532.4    4.2      37.806
2012   11       19    15  36    1.84   532.3    4.2      37.758
2012   11       19    15  46    1.83   532.2    4.2      37.710
2012   11       19    15  56    1.83   532.2    4.2      37.662
2012   11       19    16   6    1.83   532.1    4.2      37.614
2012   11       19    16  16    1.83   532.0    4.2      37.565
2012   11       19    16  26    1.83   531.9    4.2      37.516
2012   11       19    16  36    1.82   531.8    4.2      37.467
2012   11       19    16  46    1.82   531.7    4.2      37.418
2012   11       19    16  56    1.82   531.6    4.2      37.369
2012   11       19    17   6    1.82   531.5    4.2      37.319
2012   11       19    17  16    1.81   531.4    4.1      37.269
2012   11       19    17  26    1.81   531.3    4.1      37.219
2012   11       19    17  36    1.81   531.2    4.1      37.168
2012   11       19    17  46    1.81   531.1    4.1      37.117
2012   11       19    17  56    1.81   531.0    4.1      37.066
2012   11       19    18   6    1.80   530.9    4.1      37.015
2012   11       19    18  16    1.80   530.7    4.1      36.963
2012   11       19    18  26    1.80   530.6    4.1      36.911
2012   11       19    18  36    1.80   530.5    4.1      36.859
2012   11       19    18  46    1.79   530.4    4.1      36.807
2012   11       19    18  56    1.79   530.3    4.1      36.755
2012   11       19    19   6    1.79   530.2    4.1      36.702
2012   11       19    19  16    1.79   530.0    4.1      36.650
2012   11       19    19  26    1.79   529.9    4.1      36.598
2012   11       19    19  36    1.78   529.8    4.1      36.545
2012   11       19    19  46    1.78   529.6    4.1      36.493
2012   11       19    19  56    1.78   529.5    4.1      36.441
2012   11       19    20   6    1.78   529.4    4.1      36.389
2012   11       19    20  16    1.77   529.2    4.1      36.337
2012   11       19    20  26    1.77   529.1    4.1      36.286
2012   11       19    20  36    1.77   529.0    4.1      36.235
2012   11       19    20  46    1.77   528.8    4.1      36.184
2012   11       19    20  56    1.77   528.7    4.1      36.134
2012   11       19    21   6    1.76   528.6    4.1      36.084
2012   11       19    21  16    1.76   528.4    4.1      36.034
2012   11       19    21  26    1.76   528.3    4.1      35.984
2012   11       19    21  36    1.76   528.1    4.1      35.936
2012   11       19    21  46    1.76   528.0    4.0      35.887
2012   11       19    21  56    1.75   527.8    4.0      35.839
2012   11       19    22   6    1.75   527.7    4.0      35.790
2012   11       19    22  16    1.75   527.5    4.0      35.743
2012   11       19    22  26    1.75   527.4    4.0      35.695
2012   11       19    22  36    1.74   527.2    4.0      35.648
2012   11       19    22  46    1.74   527.1    4.0      35.600
2012   11       19    22  56    1.74   526.9    4.0      35.553
2012   11       19    23   6    1.74   526.7    4.0      35.506
2012   11       19    23  16    1.74   526.6    4.0      35.458
2012   11       19    23  26    1.73   526.4    4.0      35.411
2012   11       19    23  36    1.73   526.3    4.0      35.363
2012   11       19    23  46    1.73   526.1    4.0      35.315
2012   11       19    23  56    1.73   525.9    4.0      35.267
2012   11       20     0   6    1.73   525.8    4.0      35.219
