year    month   day   hour  minute  B_enl V_enl   n_enl       T_enl
[year] [month] [day] [hour][minute] [nT]  [km/s]  [cm-3]      [kK]
2012   11        8     0   8    2.07   301.1   13.2      19.598
2012   11        8     0  18    2.07   301.2   13.2      19.611
2012   11        8     0  28    2.07   301.2   13.2      19.624
2012   11        8     0  37    2.07   301.2   13.2      19.637
2012   11        8     0  47    2.08   301.2   13.2      19.649
2012   11        8     0  56    2.08   301.2   13.2      19.662
2012   11        8     1   6    2.08   301.2   13.2      19.675
2012   11        8     1  15    2.08   301.3   13.2      19.687
2012   11        8     1  25    2.08   301.3   13.2      19.699
2012   11        8     1  34    2.08   301.3   13.3      19.711
2012   11        8     1  44    2.08   301.3   13.3      19.724
2012   11        8     1  53    2.08   301.3   13.3      19.736
2012   11        8     2   3    2.08   301.4   13.3      19.748
2012   11        8     2  12    2.09   301.4   13.3      19.760
2012   11        8     2  22    2.09   301.4   13.3      19.773
2012   11        8     2  31    2.09   301.4   13.3      19.785
2012   11        8     2  41    2.09   301.4   13.3      19.798
2012   11        8     2  50    2.09   301.5   13.3      19.810
2012   11        8     3   0    2.09   301.5   13.3      19.824
2012   11        8     3   9    2.09   301.5   13.3      19.837
2012   11        8     3  19    2.09   301.5   13.4      19.851
2012   11        8     3  28    2.09   301.6   13.4      19.865
2012   11        8     3  37    2.10   301.6   13.4      19.880
2012   11        8     3  47    2.10   301.6   13.4      19.895
2012   11        8     3  56    2.10   301.6   13.4      19.911
2012   11        8     4   6    2.10   301.7   13.4      19.927
2012   11        8     4  15    2.10   301.7   13.4      19.943
2012   11        8     4  25    2.10   301.8   13.4      19.960
2012   11        8     4  34    2.10   301.8   13.4      19.976
2012   11        8     4  43    2.10   301.8   13.4      19.993
2012   11        8     4  53    2.10   301.9   13.4      20.010
2012   11        8     5   2    2.10   301.9   13.4      20.026
2012   11        8     5  12    2.10   301.9   13.5      20.042
2012   11        8     5  21    2.10   302.0   13.5      20.058
2012   11        8     5  30    2.11   302.0   13.5      20.074
2012   11        8     5  40    2.11   302.1   13.5      20.090
2012   11        8     5  49    2.11   302.1   13.5      20.105
2012   11        8     5  59    2.11   302.1   13.5      20.119
2012   11        8     6   8    2.11   302.2   13.5      20.134
2012   11        8     6  18    2.11   302.2   13.5      20.148
2012   11        8     6  27    2.11   302.3   13.5      20.161
2012   11        8     6  37    2.11   302.3   13.5      20.175
2012   11        8     6  47    2.11   302.3   13.5      20.188
2012   11        8     6  56    2.11   302.4   13.5      20.201
2012   11        8     7   6    2.11   302.4   13.5      20.213
2012   11        8     7  15    2.11   302.4   13.5      20.226
2012   11        8     7  25    2.11   302.5   13.5      20.238
2012   11        8     7  34    2.11   302.5   13.5      20.250
2012   11        8     7  44    2.11   302.6   13.5      20.262
2012   11        8     7  53    2.11   302.6   13.5      20.273
2012   11        8     8   3    2.11   302.6   13.5      20.285
2012   11        8     8  12    2.11   302.7   13.5      20.296
2012   11        8     8  22    2.11   302.7   13.5      20.307
2012   11        8     8  32    2.11   302.7   13.5      20.318
2012   11        8     8  41    2.11   302.8   13.5      20.329
2012   11        8     8  51    2.11   302.8   13.5      20.340
2012   11        8     9   0    2.12   302.9   13.5      20.351
2012   11        8     9  10    2.12   302.9   13.5      20.362
2012   11        8     9  19    2.12   302.9   13.5      20.372
2012   11        8     9  29    2.12   303.0   13.5      20.383
2012   11        8     9  38    2.12   303.0   13.5      20.394
2012   11        8     9  48    2.12   303.0   13.5      20.405
2012   11        8     9  57    2.12   303.1   13.5      20.416
2012   11        8    10   7    2.12   303.1   13.5      20.427
2012   11        8    10  16    2.12   303.2   13.5      20.438
2012   11        8    10  25    2.12   303.2   13.5      20.449
2012   11        8    10  35    2.12   303.2   13.5      20.461
2012   11        8    10  44    2.12   303.3   13.5      20.473
2012   11        8    10  54    2.12   303.3   13.5      20.485
2012   11        8    11   3    2.12   303.4   13.5      20.498
2012   11        8    11  13    2.12   303.4   13.6      20.511
2012   11        8    11  22    2.12   303.5   13.6      20.525
2012   11        8    11  32    2.12   303.5   13.6      20.539
2012   11        8    11  41    2.12   303.5   13.6      20.553
2012   11        8    11  50    2.12   303.6   13.6      20.567
2012   11        8    12   0    2.12   303.6   13.6      20.582
2012   11        8    12   9    2.12   303.7   13.6      20.597
2012   11        8    12  19    2.12   303.7   13.6      20.612
2012   11        8    12  28    2.12   303.8   13.6      20.627
2012   11        8    12  37    2.12   303.8   13.6      20.643
2012   11        8    12  47    2.12   303.9   13.6      20.658
2012   11        8    12  56    2.12   303.9   13.6      20.674
2012   11        8    13   6    2.12   304.0   13.6      20.689
2012   11        8    13  15    2.12   304.1   13.6      20.704
2012   11        8    13  25    2.12   304.1   13.6      20.720
2012   11        8    13  34    2.12   304.2   13.6      20.735
2012   11        8    13  44    2.12   304.2   13.6      20.750
2012   11        8    13  53    2.12   304.3   13.6      20.765
2012   11        8    14   3    2.12   304.3   13.6      20.781
2012   11        8    14  12    2.12   304.4   13.6      20.797
2012   11        8    14  22    2.12   304.5   13.6      20.812
2012   11        8    14  32    2.12   304.5   13.6      20.828
2012   11        8    14  41    2.12   304.6   13.6      20.843
2012   11        8    14  51    2.12   304.6   13.6      20.858
2012   11        8    15   0    2.12   304.7   13.6      20.873
2012   11        8    15  10    2.12   304.8   13.6      20.888
2012   11        8    15  19    2.12   304.8   13.6      20.903
2012   11        8    15  29    2.12   304.9   13.6      20.918
2012   11        8    15  38    2.12   305.0   13.6      20.932
2012   11        8    15  48    2.12   305.0   13.6      20.946
2012   11        8    15  57    2.12   305.1   13.6      20.960
2012   11        8    16   7    2.12   305.1   13.6      20.973
2012   11        8    16  17    2.12   305.2   13.6      20.986
2012   11        8    16  26    2.12   305.3   13.6      20.999
2012   11        8    16  36    2.12   305.3   13.6      21.011
2012   11        8    16  45    2.12   305.4   13.6      21.023
2012   11        8    16  55    2.12   305.5   13.6      21.035
2012   11        8    17   4    2.11   305.5   13.6      21.046
2012   11        8    17  13    2.11   305.6   13.6      21.057
2012   11        8    17  23    2.11   305.7   13.6      21.067
2012   11        8    17  32    2.11   305.7   13.6      21.077
2012   11        8    17  42    2.11   305.8   13.6      21.087
2012   11        8    17  51    2.11   305.9   13.5      21.096
2012   11        8    18   1    2.11   305.9   13.5      21.106
2012   11        8    18  10    2.11   306.0   13.5      21.114
2012   11        8    18  20    2.11   306.1   13.5      21.123
2012   11        8    18  29    2.11   306.1   13.5      21.131
2012   11        8    18  39    2.11   306.2   13.5      21.139
2012   11        8    18  48    2.11   306.3   13.5      21.147
2012   11        8    18  57    2.10   306.3   13.5      21.155
2012   11        8    19   7    2.10   306.4   13.5      21.163
2012   11        8    19  16    2.10   306.4   13.5      21.170
2012   11        8    19  26    2.10   306.5   13.5      21.178
2012   11        8    19  35    2.10   306.6   13.5      21.185
2012   11        8    19  44    2.10   306.6   13.5      21.193
2012   11        8    19  54    2.10   306.7   13.5      21.201
2012   11        8    20   3    2.10   306.8   13.4      21.208
2012   11        8    20  13    2.10   306.9   13.4      21.216
2012   11        8    20  22    2.09   306.9   13.4      21.224
2012   11        8    20  32    2.09   307.0   13.4      21.231
2012   11        8    20  41    2.09   307.1   13.4      21.238
2012   11        8    20  51    2.09   307.1   13.4      21.245
2012   11        8    21   0    2.09   307.2   13.4      21.252
2012   11        8    21  10    2.09   307.3   13.4      21.259
2012   11        8    21  19    2.09   307.4   13.4      21.266
2012   11        8    21  29    2.09   307.4   13.4      21.272
2012   11        8    21  38    2.08   307.5   13.4      21.279
2012   11        8    21  48    2.08   307.6   13.3      21.285
2012   11        8    21  58    2.08   307.7   13.3      21.291
2012   11        8    22   7    2.08   307.7   13.3      21.296
2012   11        8    22  17    2.08   307.8   13.3      21.302
2012   11        8    22  26    2.07   307.9   13.3      21.307
2012   11        8    22  36    2.07   307.9   13.3      21.312
2012   11        8    22  45    2.07   308.0   13.3      21.316
2012   11        8    22  55    2.07   308.1   13.3      21.320
2012   11        8    23   4    2.07   308.2   13.2      21.324
2012   11        8    23  14    2.06   308.2   13.2      21.327
2012   11        8    23  23    2.06   308.3   13.2      21.330
2012   11        8    23  33    2.06   308.4   13.2      21.332
2012   11        8    23  42    2.06   308.4   13.2      21.334
2012   11        8    23  52    2.06   308.5   13.2      21.335
2012   11        9     0   1    2.05   308.6   13.2      21.336
2012   11        9     0  11    2.05   308.6   13.1      21.336
2012   11        9     0  20    2.05   308.7   13.1      21.336
2012   11        9     0  30    2.05   308.8   13.1      21.336
2012   11        9     0  39    2.04   308.8   13.1      21.335
2012   11        9     0  49    2.04   308.9   13.1      21.333
2012   11        9     0  58    2.04   309.0   13.1      21.331
2012   11        9     1   8    2.03   309.0   13.0      21.329
2012   11        9     1  17    2.03   309.1   13.0      21.326
2012   11        9     1  27    2.03   309.2   13.0      21.323
2012   11        9     1  36    2.03   309.2   13.0      21.319
2012   11        9     1  46    2.02   309.3   13.0      21.315
2012   11        9     1  55    2.02   309.4   12.9      21.311
2012   11        9     2   4    2.02   309.5   12.9      21.306
2012   11        9     2  14    2.01   309.5   12.9      21.301
2012   11        9     2  23    2.01   309.6   12.9      21.295
2012   11        9     2  33    2.01   309.7   12.9      21.289
2012   11        9     2  42    2.00   309.7   12.8      21.282
2012   11        9     2  51    2.00   309.8   12.8      21.275
2012   11        9     3   1    2.00   309.8   12.8      21.268
2012   11        9     3  10    2.00   309.9   12.8      21.260
2012   11        9     3  20    1.99   310.0   12.7      21.252
2012   11        9     3  29    1.99   310.0   12.7      21.244
2012   11        9     3  37    1.99   310.1   12.7      21.236
2012   11        9     3  46    1.98   310.2   12.7      21.227
2012   11        9     3  54    1.98   310.2   12.7      21.219
2012   11        9     4   3    1.98   310.3   12.6      21.210
2012   11        9     4  11    1.97   310.3   12.6      21.201
2012   11        9     4  19    1.97   310.4   12.6      21.191
2012   11        9     4  27    1.97   310.4   12.6      21.180
2012   11        9     4  35    1.97   310.5   12.5      21.169
2012   11        9     4  43    1.96   310.5   12.5      21.158
2012   11        9     4  51    1.96   310.6   12.5      21.146
2012   11        9     5   0    1.96   310.6   12.5      21.133
2012   11        9     5   8    1.95   310.7   12.5      21.120
2012   11        9     5  16    1.95   310.7   12.4      21.107
2012   11        9     5  24    1.95   310.8   12.4      21.093
2012   11        9     5  32    1.94   310.8   12.4      21.078
2012   11        9     5  40    1.94   310.9   12.4      21.063
2012   11        9     5  48    1.94   310.9   12.3      21.048
2012   11        9     5  56    1.93   310.9   12.3      21.032
2012   11        9     6   4    1.93   311.0   12.3      21.015
2012   11        9     6  12    1.93   311.0   12.3      20.998
2012   11        9     6  20    1.92   311.0   12.2      20.981
2012   11        9     6  28    1.92   311.1   12.2      20.963
2012   11        9     6  36    1.92   311.1   12.2      20.945
2012   11        9     6  44    1.91   311.1   12.2      20.926
2012   11        9     6  52    1.91   311.1   12.1      20.907
2012   11        9     7   0    1.91   311.2   12.1      20.888
2012   11        9     7   8    1.90   311.2   12.1      20.868
2012   11        9     7  16    1.90   311.2   12.1      20.848
2012   11        9     7  24    1.90   311.2   12.0      20.828
2012   11        9     7  32    1.89   311.3   12.0      20.807
2012   11        9     7  40    1.89   311.3   12.0      20.786
2012   11        9     7  48    1.89   311.3   12.0      20.765
2012   11        9     7  56    1.88   311.3   11.9      20.744
2012   11        9     8   4    1.88   311.4   11.9      20.722
2012   11        9     8  12    1.88   311.4   11.9      20.701
2012   11        9     8  20    1.87   311.4   11.9      20.679
2012   11        9     8  28    1.87   311.4   11.8      20.657
2012   11        9     8  36    1.87   311.4   11.8      20.635
2012   11        9     8  44    1.86   311.5   11.8      20.613
2012   11        9     8  52    1.86   311.5   11.8      20.590
2012   11        9     9   0    1.86   311.5   11.7      20.567
2012   11        9     9   8    1.85   311.5   11.7      20.544
2012   11        9     9  16    1.85   311.5   11.7      20.521
2012   11        9     9  25    1.85   311.5   11.7      20.497
2012   11        9     9  33    1.84   311.5   11.6      20.473
2012   11        9     9  41    1.84   311.6   11.6      20.448
2012   11        9     9  49    1.84   311.6   11.6      20.423
2012   11        9     9  58    1.83   311.6   11.6      20.398
2012   11        9    10   6    1.83   311.6   11.5      20.373
2012   11        9    10  15    1.83   311.6   11.5      20.347
2012   11        9    10  23    1.82   311.6   11.5      20.321
2012   11        9    10  31    1.82   311.6   11.5      20.295
2012   11        9    10  40    1.82   311.6   11.4      20.268
2012   11        9    10  48    1.81   311.6   11.4      20.242
2012   11        9    10  57    1.81   311.6   11.4      20.214
2012   11        9    11   5    1.80   311.6   11.4      20.187
2012   11        9    11  14    1.80   311.6   11.3      20.159
2012   11        9    11  22    1.80   311.6   11.3      20.131
2012   11        9    11  31    1.79   311.6   11.3      20.103
2012   11        9    11  40    1.79   311.6   11.3      20.074
2012   11        9    11  48    1.79   311.6   11.2      20.045
2012   11        9    11  57    1.78   311.6   11.2      20.015
2012   11        9    12   5    1.78   311.6   11.2      19.985
2012   11        9    12  14    1.78   311.6   11.2      19.954
2012   11        9    12  23    1.77   311.6   11.1      19.923
2012   11        9    12  32    1.77   311.6   11.1      19.891
2012   11        9    12  40    1.77   311.6   11.1      19.859
2012   11        9    12  49    1.76   311.6   11.1      19.827
2012   11        9    12  58    1.76   311.6   11.0      19.793
2012   11        9    13   7    1.76   311.5   11.0      19.758
2012   11        9    13  16    1.75   311.5   11.0      19.724
2012   11        9    13  25    1.75   311.5   11.0      19.688
2012   11        9    13  35    1.75   311.5   10.9      19.651
2012   11        9    13  44    1.74   311.4   10.9      19.614
2012   11        9    13  53    1.74   311.4   10.9      19.576
2012   11        9    14   2    1.73   311.4   10.9      19.537
2012   11        9    14  12    1.73   311.4   10.8      19.498
2012   11        9    14  21    1.73   311.3   10.8      19.459
2012   11        9    14  31    1.72   311.3   10.8      19.418
2012   11        9    14  40    1.72   311.3   10.8      19.378
2012   11        9    14  50    1.72   311.2   10.7      19.338
2012   11        9    14  59    1.71   311.2   10.7      19.298
2012   11        9    15   9    1.71   311.1   10.7      19.258
2012   11        9    15  18    1.71   311.1   10.7      19.219
2012   11        9    15  28    1.70   311.0   10.6      19.179
2012   11        9    15  38    1.70   311.0   10.6      19.140
2012   11        9    15  47    1.70   310.9   10.6      19.102
2012   11        9    15  57    1.69   310.9   10.6      19.063
2012   11        9    16   6    1.69   310.8   10.6      19.025
2012   11        9    16  16    1.69   310.8   10.5      18.988
2012   11        9    16  25    1.68   310.7   10.5      18.950
2012   11        9    16  35    1.68   310.7   10.5      18.913
2012   11        9    16  44    1.68   310.6   10.5      18.877
2012   11        9    16  54    1.68   310.6   10.5      18.841
2012   11        9    17   3    1.67   310.5   10.5      18.805
2012   11        9    17  13    1.67   310.5   10.4      18.770
2012   11        9    17  22    1.67   310.4   10.4      18.735
2012   11        9    17  32    1.66   310.3   10.4      18.701
2012   11        9    17  41    1.66   310.3   10.4      18.668
2012   11        9    17  51    1.66   310.2   10.4      18.635
2012   11        9    18   0    1.66   310.1   10.4      18.602
2012   11        9    18  10    1.65   310.1   10.4      18.570
2012   11        9    18  19    1.65   310.0   10.4      18.539
2012   11        9    18  29    1.65   309.9   10.3      18.508
2012   11        9    18  38    1.65   309.9   10.3      18.478
2012   11        9    18  48    1.64   309.8   10.3      18.448
2012   11        9    18  58    1.64   309.7   10.3      18.418
2012   11        9    19   7    1.64   309.7   10.3      18.389
2012   11        9    19  17    1.64   309.6   10.3      18.359
2012   11        9    19  26    1.63   309.5   10.3      18.330
2012   11        9    19  36    1.63   309.4   10.3      18.301
2012   11        9    19  45    1.63   309.4   10.2      18.272
2012   11        9    19  55    1.63   309.3   10.2      18.243
2012   11        9    20   5    1.63   309.2   10.2      18.214
2012   11        9    20  14    1.62   309.1   10.2      18.185
2012   11        9    20  24    1.62   309.0   10.2      18.156
2012   11        9    20  33    1.62   309.0   10.2      18.127
2012   11        9    20  43    1.62   308.9   10.2      18.098
2012   11        9    20  52    1.61   308.8   10.2      18.068
2012   11        9    21   2    1.61   308.7   10.2      18.038
2012   11        9    21  12    1.61   308.6   10.1      18.008
2012   11        9    21  21    1.61   308.5   10.1      17.979
2012   11        9    21  31    1.61   308.4   10.1      17.949
2012   11        9    21  40    1.60   308.4   10.1      17.920
2012   11        9    21  50    1.60   308.3   10.1      17.890
2012   11        9    21  59    1.60   308.2   10.1      17.861
2012   11        9    22   9    1.60   308.1   10.1      17.833
2012   11        9    22  18    1.60   308.0   10.1      17.804
2012   11        9    22  28    1.60   307.9   10.1      17.776
2012   11        9    22  37    1.59   307.8   10.1      17.749
2012   11        9    22  47    1.59   307.7   10.1      17.722
2012   11        9    22  57    1.59   307.6   10.1      17.695
2012   11        9    23   6    1.59   307.5   10.0      17.669
2012   11        9    23  16    1.59   307.4   10.0      17.643
2012   11        9    23  25    1.59   307.3   10.0      17.617
2012   11        9    23  35    1.58   307.2   10.0      17.592
2012   11        9    23  44    1.58   307.1   10.0      17.568
2012   11        9    23  54    1.58   307.0   10.0      17.544
2012   11       10     0   3    1.58   306.9   10.0      17.520
2012   11       10     0  13    1.58   306.8   10.0      17.496
2012   11       10     0  22    1.58   306.7   10.0      17.473
2012   11       10     0  32    1.58   306.6   10.0      17.451
2012   11       10     0  41    1.57   306.5   10.0      17.429
2012   11       10     0  51    1.57   306.4   10.0      17.408
2012   11       10     1   0    1.57   306.3   10.0      17.387
2012   11       10     1  10    1.57   306.2   10.0      17.366
2012   11       10     1  19    1.57   306.1   10.0      17.346
2012   11       10     1  29    1.57   306.0   10.0      17.327
2012   11       10     1  38    1.57   305.9   10.0      17.308
2012   11       10     1  48    1.57   305.8   10.0      17.289
2012   11       10     1  57    1.56   305.7   10.0      17.271
2012   11       10     2   7    1.56   305.6   10.0      17.253
2012   11       10     2  16    1.56   305.5   10.0      17.236
2012   11       10     2  26    1.56   305.4   10.0      17.219
2012   11       10     2  36    1.56   305.3   10.0      17.202
2012   11       10     2  45    1.56   305.2   10.0      17.185
2012   11       10     2  55    1.56   305.0   10.0      17.169
2012   11       10     3   4    1.56   304.9   10.0      17.153
2012   11       10     3  14    1.56   304.8   10.0      17.137
2012   11       10     3  23    1.56   304.7   10.0      17.121
2012   11       10     3  33    1.56   304.6   10.0      17.106
2012   11       10     3  43    1.56   304.5   10.0      17.090
2012   11       10     3  52    1.55   304.4   10.0      17.075
2012   11       10     4   2    1.55   304.3   10.0      17.060
2012   11       10     4  11    1.55   304.2   10.0      17.045
2012   11       10     4  21    1.55   304.1   10.0      17.030
2012   11       10     4  30    1.55   303.9   10.0      17.015
2012   11       10     4  40    1.55   303.8   10.0      17.001
2012   11       10     4  50    1.55   303.7   10.0      16.986
2012   11       10     4  59    1.55   303.6   10.1      16.972
2012   11       10     5   9    1.55   303.5   10.1      16.957
2012   11       10     5  18    1.55   303.4   10.1      16.943
2012   11       10     5  28    1.55   303.3   10.1      16.929
2012   11       10     5  37    1.55   303.2   10.1      16.916
2012   11       10     5  47    1.55   303.1   10.1      16.902
2012   11       10     5  56    1.55   303.0   10.1      16.888
2012   11       10     6   6    1.55   302.9   10.1      16.875
2012   11       10     6  15    1.55   302.8   10.1      16.862
2012   11       10     6  25    1.55   302.6   10.1      16.848
2012   11       10     6  34    1.55   302.5   10.1      16.835
2012   11       10     6  44    1.55   302.4   10.1      16.822
2012   11       10     6  53    1.55   302.3   10.1      16.809
2012   11       10     7   3    1.55   302.2   10.1      16.796
2012   11       10     7  12    1.55   302.1   10.1      16.783
2012   11       10     7  22    1.55   302.0   10.1      16.770
2012   11       10     7  31    1.55   301.9   10.1      16.758
2012   11       10     7  41    1.55   301.8   10.1      16.745
2012   11       10     7  50    1.55   301.7   10.1      16.732
2012   11       10     8   0    1.55   301.6   10.1      16.719
2012   11       10     8   9    1.55   301.4   10.1      16.706
2012   11       10     8  19    1.55   301.3   10.1      16.693
2012   11       10     8  28    1.55   301.2   10.1      16.681
2012   11       10     8  38    1.55   301.1   10.1      16.668
2012   11       10     8  47    1.55   301.0   10.1      16.656
2012   11       10     8  57    1.55   300.9   10.1      16.644
2012   11       10     9   6    1.55   300.8   10.1      16.632
2012   11       10     9  16    1.55   300.7   10.1      16.620
2012   11       10     9  26    1.55   300.6   10.2      16.608
2012   11       10     9  35    1.55   300.5   10.2      16.597
2012   11       10     9  45    1.55   300.3   10.2      16.586
2012   11       10     9  54    1.55   300.2   10.2      16.575
2012   11       10    10   4    1.55   300.1   10.2      16.565
2012   11       10    10  13    1.55   300.0   10.2      16.555
2012   11       10    10  23    1.55   299.9   10.2      16.546
2012   11       10    10  33    1.55   299.8   10.2      16.537
2012   11       10    10  42    1.55   299.7   10.2      16.529
2012   11       10    10  52    1.55   299.6   10.2      16.521
2012   11       10    11   1    1.55   299.5   10.2      16.514
2012   11       10    11  11    1.55   299.4   10.2      16.507
2012   11       10    11  20    1.55   299.3   10.2      16.501
2012   11       10    11  30    1.55   299.2   10.2      16.496
2012   11       10    11  39    1.55   299.1   10.3      16.491
2012   11       10    11  49    1.55   299.0   10.3      16.486
2012   11       10    11  59    1.55   298.9   10.3      16.482
2012   11       10    12   8    1.55   298.8   10.3      16.478
2012   11       10    12  18    1.55   298.7   10.3      16.475
2012   11       10    12  27    1.55   298.6   10.3      16.473
2012   11       10    12  37    1.55   298.5   10.3      16.472
2012   11       10    12  46    1.56   298.4   10.3      16.471
2012   11       10    12  56    1.56   298.3   10.4      16.470
2012   11       10    13   5    1.56   298.2   10.4      16.470
2012   11       10    13  15    1.56   298.1   10.4      16.470
2012   11       10    13  24    1.56   298.0   10.4      16.471
2012   11       10    13  34    1.56   298.0   10.4      16.471
2012   11       10    13  43    1.56   297.9   10.4      16.472
2012   11       10    13  53    1.56   297.8   10.4      16.473
2012   11       10    14   2    1.56   297.7   10.4      16.474
2012   11       10    14  12    1.56   297.6   10.4      16.475
2012   11       10    14  21    1.56   297.5   10.5      16.476
2012   11       10    14  31    1.56   297.4   10.5      16.476
2012   11       10    14  40    1.56   297.4   10.5      16.477
2012   11       10    14  50    1.56   297.3   10.5      16.477
2012   11       10    14  59    1.56   297.2   10.5      16.478
2012   11       10    15   9    1.56   297.1   10.5      16.478
2012   11       10    15  18    1.57   297.0   10.5      16.478
2012   11       10    15  28    1.57   296.9   10.5      16.477
2012   11       10    15  37    1.57   296.8   10.5      16.477
2012   11       10    15  47    1.57   296.8   10.6      16.477
2012   11       10    15  56    1.57   296.7   10.6      16.477
2012   11       10    16   6    1.57   296.6   10.6      16.476
2012   11       10    16  15    1.57   296.5   10.6      16.476
2012   11       10    16  25    1.57   296.4   10.6      16.476
2012   11       10    16  34    1.57   296.3   10.6      16.476
2012   11       10    16  44    1.57   296.3   10.6      16.477
2012   11       10    16  54    1.57   296.2   10.6      16.478
2012   11       10    17   3    1.57   296.1   10.6      16.479
2012   11       10    17  13    1.57   296.0   10.7      16.480
2012   11       10    17  22    1.57   295.9   10.7      16.482
2012   11       10    17  32    1.57   295.9   10.7      16.484
2012   11       10    17  41    1.58   295.8   10.7      16.486
2012   11       10    17  51    1.58   295.7   10.7      16.489
2012   11       10    18   1    1.58   295.7   10.7      16.492
2012   11       10    18  10    1.58   295.6   10.7      16.496
2012   11       10    18  20    1.58   295.5   10.7      16.499
2012   11       10    18  29    1.58   295.5   10.7      16.503
2012   11       10    18  39    1.58   295.4   10.8      16.507
2012   11       10    18  48    1.58   295.4   10.8      16.512
2012   11       10    18  58    1.58   295.3   10.8      16.516
2012   11       10    19   7    1.58   295.2   10.8      16.521
2012   11       10    19  17    1.58   295.2   10.8      16.526
2012   11       10    19  27    1.58   295.1   10.8      16.532
2012   11       10    19  36    1.59   295.1   10.8      16.537
2012   11       10    19  46    1.59   295.0   10.8      16.543
2012   11       10    19  55    1.59   295.0   10.8      16.550
2012   11       10    20   5    1.59   294.9   10.9      16.557
2012   11       10    20  14    1.59   294.9   10.9      16.563
2012   11       10    20  24    1.59   294.8   10.9      16.570
2012   11       10    20  33    1.59   294.8   10.9      16.577
2012   11       10    20  43    1.59   294.7   10.9      16.584
2012   11       10    20  52    1.59   294.7   10.9      16.591
2012   11       10    21   2    1.59   294.6   10.9      16.598
2012   11       10    21  11    1.59   294.6   10.9      16.605
2012   11       10    21  21    1.59   294.6   10.9      16.611
2012   11       10    21  30    1.59   294.5   10.9      16.618
2012   11       10    21  40    1.59   294.5   11.0      16.624
2012   11       10    21  49    1.59   294.4   11.0      16.629
2012   11       10    21  59    1.59   294.4   11.0      16.634
2012   11       10    22   8    1.60   294.3   11.0      16.639
2012   11       10    22  18    1.60   294.3   11.0      16.644
2012   11       10    22  27    1.60   294.2   11.0      16.648
2012   11       10    22  37    1.60   294.2   11.0      16.652
2012   11       10    22  46    1.60   294.1   11.0      16.656
2012   11       10    22  56    1.60   294.1   11.0      16.659
2012   11       10    23   5    1.60   294.0   11.0      16.663
2012   11       10    23  15    1.60   294.0   11.0      16.665
2012   11       10    23  24    1.60   293.9   11.0      16.668
2012   11       10    23  34    1.60   293.9   11.1      16.671
2012   11       10    23  43    1.60   293.8   11.1      16.674
2012   11       10    23  53    1.60   293.8   11.1      16.676
2012   11       11     0   2    1.60   293.7   11.1      16.679
2012   11       11     0  12    1.60   293.7   11.1      16.681
2012   11       11     0  21    1.60   293.6   11.1      16.684
2012   11       11     0  31    1.60   293.6   11.1      16.687
2012   11       11     0  41    1.60   293.6   11.1      16.689
2012   11       11     0  50    1.60   293.5   11.1      16.692
2012   11       11     1   0    1.60   293.5   11.1      16.695
2012   11       11     1   9    1.60   293.4   11.1      16.698
2012   11       11     1  19    1.60   293.4   11.1      16.700
2012   11       11     1  28    1.60   293.4   11.1      16.703
2012   11       11     1  38    1.61   293.3   11.1      16.706
2012   11       11     1  47    1.61   293.3   11.2      16.709
2012   11       11     1  57    1.61   293.2   11.2      16.711
2012   11       11     2   7    1.61   293.2   11.2      16.714
2012   11       11     2  16    1.61   293.2   11.2      16.717
2012   11       11     2  26    1.61   293.1   11.2      16.719
2012   11       11     2  35    1.61   293.1   11.2      16.722
2012   11       11     2  45    1.61   293.1   11.2      16.724
2012   11       11     2  54    1.61   293.0   11.2      16.726
2012   11       11     3   4    1.61   293.0   11.2      16.728
2012   11       11     3  13    1.61   292.9   11.2      16.730
2012   11       11     3  23    1.61   292.9   11.2      16.732
2012   11       11     3  32    1.61   292.9   11.2      16.733
2012   11       11     3  42    1.61   292.8   11.2      16.735
2012   11       11     3  51    1.61   292.8   11.2      16.736
2012   11       11     4   1    1.61   292.8   11.2      16.737
2012   11       11     4  10    1.61   292.7   11.2      16.738
2012   11       11     4  20    1.61   292.7   11.2      16.738
2012   11       11     4  29    1.61   292.6   11.2      16.738
2012   11       11     4  39    1.61   292.6   11.2      16.738
2012   11       11     4  48    1.61   292.6   11.2      16.738
2012   11       11     4  58    1.61   292.5   11.2      16.738
2012   11       11     5   7    1.61   292.5   11.2      16.737
2012   11       11     5  17    1.61   292.4   11.2      16.736
2012   11       11     5  26    1.61   292.4   11.2      16.735
2012   11       11     5  36    1.61   292.3   11.2      16.733
2012   11       11     5  45    1.61   292.3   11.2      16.731
2012   11       11     5  55    1.61   292.2   11.2      16.729
2012   11       11     6   4    1.61   292.2   11.2      16.727
2012   11       11     6  14    1.61   292.2   11.2      16.724
2012   11       11     6  23    1.61   292.1   11.2      16.721
2012   11       11     6  33    1.61   292.1   11.2      16.718
2012   11       11     6  42    1.61   292.0   11.2      16.715
2012   11       11     6  52    1.61   292.0   11.2      16.711
2012   11       11     7   1    1.61   291.9   11.2      16.707
2012   11       11     7  11    1.61   291.9   11.2      16.703
2012   11       11     7  20    1.61   291.8   11.2      16.699
2012   11       11     7  30    1.61   291.8   11.2      16.694
2012   11       11     7  39    1.61   291.7   11.2      16.690
2012   11       11     7  49    1.61   291.7   11.2      16.685
2012   11       11     7  59    1.61   291.6   11.2      16.679
2012   11       11     8   8    1.61   291.5   11.2      16.674
2012   11       11     8  18    1.61   291.5   11.2      16.668
2012   11       11     8  27    1.61   291.4   11.2      16.663
2012   11       11     8  37    1.61   291.4   11.2      16.657
2012   11       11     8  46    1.61   291.3   11.2      16.651
2012   11       11     8  56    1.61   291.3   11.2      16.645
2012   11       11     9   5    1.61   291.2   11.2      16.639
2012   11       11     9  15    1.61   291.2   11.2      16.633
2012   11       11     9  25    1.61   291.1   11.2      16.626
2012   11       11     9  34    1.61   291.0   11.2      16.620
2012   11       11     9  44    1.61   291.0   11.2      16.613
2012   11       11     9  53    1.61   290.9   11.2      16.607
2012   11       11    10   3    1.61   290.9   11.2      16.600
2012   11       11    10  12    1.61   290.8   11.2      16.594
2012   11       11    10  22    1.61   290.7   11.2      16.587
2012   11       11    10  31    1.61   290.7   11.2      16.580
2012   11       11    10  41    1.61   290.6   11.2      16.573
2012   11       11    10  50    1.61   290.6   11.2      16.566
2012   11       11    11   0    1.61   290.5   11.2      16.559
2012   11       11    11   9    1.61   290.4   11.2      16.552
2012   11       11    11  19    1.61   290.4   11.2      16.545
2012   11       11    11  28    1.61   290.3   11.2      16.537
2012   11       11    11  38    1.61   290.2   11.2      16.530
2012   11       11    11  47    1.61   290.2   11.2      16.523
2012   11       11    11  57    1.61   290.1   11.2      16.516
2012   11       11    12   6    1.61   290.0   11.2      16.509
2012   11       11    12  16    1.61   290.0   11.2      16.502
2012   11       11    12  25    1.61   289.9   11.2      16.494
2012   11       11    12  35    1.61   289.8   11.2      16.487
2012   11       11    12  44    1.62   289.8   11.2      16.481
2012   11       11    12  54    1.62   289.7   11.2      16.474
2012   11       11    13   3    1.62   289.6   11.2      16.467
2012   11       11    13  12    1.62   289.6   11.2      16.460
2012   11       11    13  22    1.62   289.5   11.2      16.454
2012   11       11    13  31    1.62   289.4   11.2      16.447
2012   11       11    13  41    1.62   289.4   11.2      16.441
2012   11       11    13  50    1.62   289.3   11.2      16.435
2012   11       11    14   0    1.62   289.2   11.2      16.429
2012   11       11    14   9    1.62   289.2   11.2      16.422
2012   11       11    14  19    1.62   289.1   11.2      16.417
2012   11       11    14  28    1.62   289.0   11.2      16.411
2012   11       11    14  38    1.62   288.9   11.2      16.405
2012   11       11    14  48    1.62   288.9   11.3      16.399
2012   11       11    14  57    1.62   288.8   11.3      16.394
2012   11       11    15   7    1.62   288.7   11.3      16.388
2012   11       11    15  16    1.62   288.7   11.3      16.383
2012   11       11    15  26    1.62   288.6   11.3      16.378
2012   11       11    15  35    1.62   288.5   11.3      16.373
2012   11       11    15  45    1.63   288.5   11.3      16.368
2012   11       11    15  55    1.63   288.4   11.3      16.363
2012   11       11    16   4    1.63   288.3   11.3      16.358
2012   11       11    16  14    1.63   288.3   11.3      16.353
2012   11       11    16  23    1.63   288.2   11.3      16.348
2012   11       11    16  33    1.63   288.1   11.3      16.343
2012   11       11    16  42    1.63   288.0   11.3      16.339
2012   11       11    16  52    1.63   288.0   11.3      16.334
2012   11       11    17   1    1.63   287.9   11.3      16.329
2012   11       11    17  11    1.63   287.8   11.3      16.325
2012   11       11    17  20    1.63   287.8   11.4      16.320
2012   11       11    17  30    1.63   287.7   11.4      16.316
2012   11       11    17  39    1.64   287.6   11.4      16.311
2012   11       11    17  49    1.64   287.5   11.4      16.307
2012   11       11    17  58    1.64   287.5   11.4      16.303
2012   11       11    18   8    1.64   287.4   11.4      16.299
2012   11       11    18  17    1.64   287.3   11.4      16.295
2012   11       11    18  27    1.64   287.2   11.4      16.291
2012   11       11    18  36    1.64   287.2   11.4      16.287
2012   11       11    18  46    1.64   287.1   11.4      16.284
2012   11       11    18  55    1.64   287.0   11.4      16.281
2012   11       11    19   5    1.64   286.9   11.4      16.278
2012   11       11    19  14    1.65   286.9   11.4      16.275
2012   11       11    19  24    1.65   286.8   11.5      16.273
2012   11       11    19  33    1.65   286.7   11.5      16.271
2012   11       11    19  43    1.65   286.6   11.5      16.269
2012   11       11    19  52    1.65   286.6   11.5      16.268
2012   11       11    20   2    1.65   286.5   11.5      16.267
2012   11       11    20  11    1.65   286.4   11.5      16.267
2012   11       11    20  20    1.66   286.3   11.5      16.267
2012   11       11    20  30    1.66   286.3   11.5      16.267
2012   11       11    20  39    1.66   286.2   11.6      16.268
2012   11       11    20  49    1.66   286.1   11.6      16.269
2012   11       11    20  58    1.66   286.1   11.6      16.270
2012   11       11    21   8    1.66   286.0   11.6      16.272
2012   11       11    21  17    1.67   285.9   11.6      16.274
2012   11       11    21  27    1.67   285.9   11.6      16.277
2012   11       11    21  36    1.67   285.8   11.6      16.280
2012   11       11    21  46    1.67   285.7   11.7      16.284
2012   11       11    21  55    1.67   285.7   11.7      16.287
2012   11       11    22   5    1.68   285.6   11.7      16.292
2012   11       11    22  15    1.68   285.5   11.7      16.296
2012   11       11    22  24    1.68   285.5   11.7      16.301
2012   11       11    22  34    1.68   285.4   11.8      16.306
2012   11       11    22  43    1.69   285.4   11.8      16.312
2012   11       11    22  53    1.69   285.3   11.8      16.317
2012   11       11    23   3    1.69   285.2   11.8      16.324
2012   11       11    23  12    1.69   285.2   11.8      16.330
2012   11       11    23  22    1.69   285.1   11.9      16.336
2012   11       11    23  31    1.70   285.1   11.9      16.343
2012   11       11    23  41    1.70   285.0   11.9      16.350
2012   11       11    23  50    1.70   284.9   11.9      16.357
2012   11       12     0   0    1.70   284.9   11.9      16.365
2012   11       12     0   9    1.71   284.8   12.0      16.373
2012   11       12     0  19    1.71   284.8   12.0      16.380
2012   11       12     0  28    1.71   284.7   12.0      16.389
2012   11       12     0  38    1.72   284.6   12.0      16.397
2012   11       12     0  47    1.72   284.6   12.1      16.405
2012   11       12     0  57    1.72   284.5   12.1      16.414
2012   11       12     1   6    1.72   284.5   12.1      16.423
2012   11       12     1  16    1.73   284.4   12.1      16.433
2012   11       12     1  25    1.73   284.3   12.2      16.442
2012   11       12     1  35    1.73   284.3   12.2      16.452
2012   11       12     1  44    1.74   284.2   12.2      16.463
2012   11       12     1  54    1.74   284.2   12.2      16.473
2012   11       12     2   3    1.74   284.1   12.3      16.484
2012   11       12     2  13    1.74   284.0   12.3      16.495
2012   11       12     2  22    1.75   284.0   12.3      16.507
2012   11       12     2  32    1.75   283.9   12.3      16.519
2012   11       12     2  41    1.75   283.9   12.4      16.532
2012   11       12     2  51    1.76   283.8   12.4      16.545
2012   11       12     3   0    1.76   283.8   12.4      16.558
2012   11       12     3  10    1.76   283.7   12.4      16.572
2012   11       12     3  19    1.77   283.7   12.5      16.586
2012   11       12     3  28    1.77   283.6   12.5      16.601
2012   11       12     3  38    1.78   283.6   12.5      16.617
2012   11       12     3  47    1.78   283.5   12.6      16.633
2012   11       12     3  57    1.78   283.5   12.6      16.649
2012   11       12     4   6    1.79   283.4   12.6      16.666
2012   11       12     4  16    1.79   283.4   12.6      16.683
2012   11       12     4  25    1.80   283.3   12.7      16.701
2012   11       12     4  35    1.80   283.3   12.7      16.719
2012   11       12     4  44    1.80   283.3   12.7      16.737
2012   11       12     4  54    1.81   283.2   12.8      16.756
2012   11       12     5   3    1.81   283.2   12.8      16.774
2012   11       12     5  13    1.82   283.2   12.8      16.793
2012   11       12     5  22    1.82   283.1   12.9      16.813
2012   11       12     5  32    1.82   283.1   12.9      16.832
2012   11       12     5  42    1.83   283.0   12.9      16.851
2012   11       12     5  51    1.83   283.0   13.0      16.871
2012   11       12     6   1    1.84   283.0   13.0      16.890
2012   11       12     6  10    1.84   282.9   13.0      16.910
2012   11       12     6  20    1.85   282.9   13.1      16.930
2012   11       12     6  29    1.85   282.9   13.1      16.950
2012   11       12     6  39    1.86   282.8   13.1      16.970
2012   11       12     6  48    1.86   282.8   13.1      16.991
2012   11       12     6  58    1.86   282.8   13.2      17.011
2012   11       12     7   8    1.87   282.7   13.2      17.032
2012   11       12     7  17    1.87   282.7   13.2      17.053
2012   11       12     7  27    1.88   282.7   13.3      17.075
2012   11       12     7  36    1.88   282.6   13.3      17.097
2012   11       12     7  46    1.89   282.6   13.4      17.119
2012   11       12     7  55    1.89   282.6   13.4      17.141
2012   11       12     8   5    1.90   282.6   13.4      17.164
2012   11       12     8  14    1.90   282.5   13.5      17.188
2012   11       12     8  24    1.91   282.5   13.5      17.212
2012   11       12     8  33    1.91   282.5   13.5      17.236
2012   11       12     8  43    1.92   282.5   13.6      17.261
2012   11       12     8  52    1.92   282.4   13.6      17.287
2012   11       12     9   2    1.93   282.4   13.7      17.313
2012   11       12     9  11    1.94   282.4   13.7      17.340
2012   11       12     9  20    1.94   282.4   13.7      17.367
2012   11       12     9  30    1.95   282.4   13.8      17.395
2012   11       12     9  39    1.95   282.4   13.8      17.424
2012   11       12     9  49    1.96   282.4   13.9      17.455
2012   11       12     9  58    1.96   282.4   13.9      17.486
2012   11       12    10   8    1.97   282.4   14.0      17.518
2012   11       12    10  17    1.98   282.4   14.0      17.551
2012   11       12    10  27    1.98   282.4   14.1      17.585
2012   11       12    10  36    1.99   282.4   14.1      17.620
2012   11       12    10  46    2.00   282.4   14.2      17.656
2012   11       12    10  55    2.00   282.4   14.2      17.693
2012   11       12    11   4    2.01   282.4   14.3      17.731
2012   11       12    11  14    2.02   282.4   14.3      17.770
2012   11       12    11  23    2.02   282.5   14.4      17.810
2012   11       12    11  33    2.03   282.5   14.4      17.852
2012   11       12    11  42    2.04   282.5   14.5      17.894
2012   11       12    11  52    2.04   282.6   14.5      17.937
2012   11       12    12   1    2.05   282.6   14.6      17.981
2012   11       12    12  11    2.05   282.6   14.6      18.025
2012   11       12    12  20    2.06   282.7   14.7      18.070
2012   11       12    12  30    2.07   282.7   14.7      18.114
2012   11       12    12  40    2.07   282.8   14.8      18.159
2012   11       12    12  49    2.08   282.8   14.8      18.204
2012   11       12    12  59    2.09   282.9   14.8      18.249
2012   11       12    13   8    2.09   282.9   14.9      18.293
2012   11       12    13  18    2.10   283.0   14.9      18.338
2012   11       12    13  27    2.10   283.0   15.0      18.381
2012   11       12    13  37    2.11   283.0   15.0      18.424
2012   11       12    13  46    2.12   283.1   15.1      18.467
2012   11       12    13  56    2.12   283.1   15.1      18.509
2012   11       12    14   6    2.13   283.2   15.1      18.551
2012   11       12    14  15    2.13   283.2   15.2      18.592
2012   11       12    14  25    2.14   283.3   15.2      18.633
2012   11       12    14  34    2.15   283.3   15.3      18.674
2012   11       12    14  44    2.15   283.4   15.3      18.715
2012   11       12    14  53    2.16   283.4   15.4      18.756
2012   11       12    15   3    2.17   283.5   15.4      18.796
2012   11       12    15  12    2.17   283.5   15.4      18.837
2012   11       12    15  22    2.18   283.6   15.5      18.877
2012   11       12    15  31    2.18   283.6   15.5      18.918
2012   11       12    15  41    2.19   283.7   15.6      18.959
2012   11       12    15  50    2.20   283.7   15.6      19.001
2012   11       12    16   0    2.20   283.8   15.7      19.042
2012   11       12    16   9    2.21   283.8   15.7      19.084
2012   11       12    16  19    2.22   283.9   15.8      19.127
2012   11       12    16  28    2.23   283.9   15.8      19.170
2012   11       12    16  37    2.23   284.0   15.9      19.214
2012   11       12    16  47    2.24   284.0   15.9      19.259
2012   11       12    16  56    2.25   284.1   16.0      19.306
2012   11       12    17   6    2.25   284.2   16.0      19.356
2012   11       12    17  15    2.26   284.3   16.1      19.408
2012   11       12    17  25    2.27   284.4   16.1      19.463
2012   11       12    17  34    2.28   284.4   16.2      19.519
2012   11       12    17  44    2.29   284.5   16.3      19.576
2012   11       12    17  53    2.29   284.6   16.3      19.634
2012   11       12    18   2    2.30   284.7   16.4      19.694
2012   11       12    18  12    2.31   284.8   16.4      19.754
2012   11       12    18  21    2.32   285.0   16.5      19.815
2012   11       12    18  31    2.32   285.1   16.5      19.877
2012   11       12    18  40    2.33   285.2   16.6      19.941
2012   11       12    18  50    2.34   285.3   16.6      20.005
2012   11       12    18  59    2.34   285.4   16.7      20.069
2012   11       12    19   9    2.35   285.6   16.7      20.132
2012   11       12    19  18    2.36   285.7   16.8      20.195
2012   11       12    19  28    2.37   285.8   16.8      20.257
2012   11       12    19  37    2.37   286.0   16.9      20.320
2012   11       12    19  47    2.38   286.1   16.9      20.381
2012   11       12    19  56    2.39   286.2   17.0      20.442
2012   11       12    20   6    2.39   286.4   17.0      20.502
2012   11       12    20  16    2.40   286.5   17.0      20.562
2012   11       12    20  25    2.40   286.6   17.1      20.621
2012   11       12    20  35    2.41   286.8   17.1      20.680
2012   11       12    20  44    2.42   286.9   17.2      20.737
2012   11       12    20  54    2.42   287.1   17.2      20.793
2012   11       12    21   3    2.43   287.2   17.2      20.849
2012   11       12    21  13    2.43   287.3   17.3      20.903
2012   11       12    21  22    2.44   287.5   17.3      20.957
2012   11       12    21  32    2.44   287.6   17.3      21.011
2012   11       12    21  41    2.45   287.7   17.4      21.063
2012   11       12    21  51    2.46   287.8   17.4      21.115
2012   11       12    22   0    2.46   288.0   17.4      21.167
2012   11       12    22  10    2.47   288.1   17.5      21.218
2012   11       12    22  19    2.47   288.2   17.5      21.268
2012   11       12    22  29    2.48   288.4   17.5      21.319
2012   11       12    22  38    2.48   288.5   17.6      21.369
2012   11       12    22  48    2.49   288.6   17.6      21.419
2012   11       12    22  57    2.50   288.7   17.6      21.470
2012   11       12    23   7    2.50   288.9   17.7      21.522
2012   11       12    23  16    2.51   289.0   17.7      21.574
2012   11       12    23  26    2.51   289.2   17.7      21.627
2012   11       12    23  35    2.52   289.3   17.8      21.681
2012   11       12    23  45    2.53   289.4   17.8      21.735
2012   11       12    23  54    2.53   289.6   17.9      21.790
2012   11       13     0   4    2.54   289.7   17.9      21.846
2012   11       13     0  13    2.55   289.9   17.9      21.903
2012   11       13     0  23    2.55   290.0   18.0      21.962
2012   11       13     0  32    2.56   290.2   18.0      22.023
2012   11       13     0  41    2.56   290.4   18.1      22.086
2012   11       13     0  51    2.57   290.5   18.1      22.149
2012   11       13     1   0    2.58   290.7   18.1      22.213
2012   11       13     1  10    2.58   290.9   18.2      22.277
2012   11       13     1  19    2.59   291.0   18.2      22.342
2012   11       13     1  28    2.60   291.2   18.2      22.407
2012   11       13     1  38    2.60   291.4   18.3      22.473
2012   11       13     1  47    2.61   291.6   18.3      22.539
2012   11       13     1  57    2.61   291.8   18.3      22.606
2012   11       13     2   6    2.62   292.0   18.4      22.672
2012   11       13     2  16    2.62   292.1   18.4      22.738
2012   11       13     2  25    2.63   292.3   18.4      22.802
2012   11       13     2  35    2.63   292.5   18.4      22.866
2012   11       13     2  44    2.64   292.7   18.4      22.929
2012   11       13     2  54    2.64   292.9   18.5      22.991
2012   11       13     3   3    2.65   293.1   18.5      23.052
2012   11       13     3  13    2.65   293.3   18.5      23.112
2012   11       13     3  23    2.66   293.5   18.5      23.170
2012   11       13     3  32    2.66   293.7   18.5      23.228
2012   11       13     3  42    2.67   293.9   18.5      23.284
2012   11       13     3  51    2.67   294.1   18.6      23.339
2012   11       13     4   1    2.67   294.3   18.6      23.393
2012   11       13     4  10    2.68   294.4   18.6      23.447
2012   11       13     4  20    2.68   294.6   18.6      23.499
2012   11       13     4  29    2.69   294.8   18.6      23.551
2012   11       13     4  39    2.69   295.0   18.6      23.601
2012   11       13     4  49    2.69   295.2   18.6      23.652
2012   11       13     4  58    2.70   295.4   18.6      23.701
2012   11       13     5   8    2.70   295.6   18.6      23.751
2012   11       13     5  17    2.70   295.7   18.7      23.799
2012   11       13     5  27    2.71   295.9   18.7      23.848
2012   11       13     5  36    2.71   296.1   18.7      23.896
2012   11       13     5  46    2.71   296.3   18.7      23.944
2012   11       13     5  55    2.72   296.5   18.7      23.992
2012   11       13     6   5    2.72   296.6   18.7      24.040
2012   11       13     6  14    2.73   296.8   18.7      24.089
2012   11       13     6  23    2.73   297.0   18.7      24.140
2012   11       13     6  33    2.73   297.2   18.7      24.191
2012   11       13     6  42    2.74   297.4   18.8      24.243
2012   11       13     6  52    2.74   297.6   18.8      24.296
2012   11       13     7   1    2.75   297.8   18.8      24.351
2012   11       13     7  11    2.75   298.0   18.8      24.408
2012   11       13     7  20    2.75   298.2   18.8      24.465
2012   11       13     7  30    2.76   298.4   18.8      24.524
2012   11       13     7  39    2.76   298.6   18.9      24.584
2012   11       13     7  48    2.77   298.8   18.9      24.645
2012   11       13     7  58    2.77   299.0   18.9      24.706
2012   11       13     8   7    2.77   299.2   18.9      24.767
2012   11       13     8  17    2.78   299.4   18.9      24.829
2012   11       13     8  26    2.78   299.7   18.9      24.890
2012   11       13     8  36    2.79   299.9   18.9      24.951
2012   11       13     8  45    2.79   300.1   19.0      25.011
2012   11       13     8  54    2.79   300.4   19.0      25.071
2012   11       13     9   4    2.80   300.6   19.0      25.129
2012   11       13     9  13    2.80   300.8   19.0      25.186
2012   11       13     9  23    2.80   301.0   19.0      25.242
2012   11       13     9  32    2.80   301.3   19.0      25.296
2012   11       13     9  42    2.81   301.5   19.0      25.349
2012   11       13     9  51    2.81   301.7   19.0      25.400
2012   11       13    10   1    2.81   302.0   19.0      25.450
2012   11       13    10  10    2.81   302.2   18.9      25.498
2012   11       13    10  20    2.81   302.4   18.9      25.544
2012   11       13    10  29    2.81   302.6   18.9      25.589
2012   11       13    10  39    2.81   302.9   18.9      25.633
2012   11       13    10  49    2.82   303.1   18.9      25.675
2012   11       13    10  58    2.82   303.3   18.9      25.716
2012   11       13    11   8    2.82   303.5   18.9      25.756
2012   11       13    11  17    2.82   303.7   18.9      25.795
2012   11       13    11  27    2.82   303.9   18.8      25.834
2012   11       13    11  36    2.82   304.2   18.8      25.871
2012   11       13    11  46    2.82   304.4   18.8      25.909
2012   11       13    11  55    2.82   304.6   18.8      25.945
2012   11       13    12   5    2.82   304.8   18.8      25.981
2012   11       13    12  14    2.82   305.0   18.8      26.017
2012   11       13    12  24    2.82   305.2   18.7      26.053
2012   11       13    12  33    2.82   305.4   18.7      26.088
2012   11       13    12  43    2.82   305.6   18.7      26.123
2012   11       13    12  52    2.83   305.8   18.7      26.158
2012   11       13    13   2    2.83   306.0   18.7      26.194
2012   11       13    13  11    2.83   306.2   18.7      26.229
2012   11       13    13  21    2.83   306.4   18.6      26.264
2012   11       13    13  30    2.83   306.6   18.6      26.301
2012   11       13    13  40    2.83   306.8   18.6      26.338
2012   11       13    13  49    2.83   307.0   18.6      26.377
2012   11       13    13  59    2.83   307.3   18.6      26.416
2012   11       13    14   8    2.83   307.5   18.6      26.455
2012   11       13    14  18    2.83   307.7   18.6      26.497
2012   11       13    14  27    2.83   307.9   18.6      26.539
2012   11       13    14  37    2.83   308.1   18.5      26.581
2012   11       13    14  46    2.83   308.4   18.5      26.624
2012   11       13    14  55    2.84   308.6   18.5      26.668
2012   11       13    15   5    2.84   308.8   18.5      26.712
2012   11       13    15  14    2.84   309.1   18.5      26.755
2012   11       13    15  24    2.84   309.3   18.5      26.797
2012   11       13    15  33    2.84   309.5   18.5      26.839
2012   11       13    15  42    2.84   309.8   18.5      26.879
2012   11       13    15  52    2.84   310.0   18.4      26.919
2012   11       13    16   1    2.84   310.2   18.4      26.959
2012   11       13    16  11    2.84   310.5   18.4      26.998
2012   11       13    16  20    2.84   310.7   18.4      27.036
2012   11       13    16  29    2.84   310.9   18.4      27.074
2012   11       13    16  39    2.84   311.2   18.3      27.111
2012   11       13    16  48    2.84   311.4   18.3      27.147
2012   11       13    16  58    2.84   311.7   18.3      27.183
2012   11       13    17   7    2.84   311.9   18.3      27.218
2012   11       13    17  17    2.84   312.1   18.2      27.252
2012   11       13    17  26    2.84   312.4   18.2      27.285
2012   11       13    17  36    2.84   312.6   18.2      27.317
2012   11       13    17  45    2.84   312.9   18.2      27.349
2012   11       13    17  55    2.83   313.1   18.1      27.379
2012   11       13    18   5    2.83   313.4   18.1      27.409
2012   11       13    18  14    2.83   313.6   18.1      27.437
2012   11       13    18  24    2.83   313.9   18.0      27.465
2012   11       13    18  33    2.83   314.1   18.0      27.491
2012   11       13    18  43    2.83   314.4   18.0      27.516
2012   11       13    18  52    2.83   314.6   17.9      27.541
2012   11       13    19   2    2.82   314.9   17.9      27.564
2012   11       13    19  11    2.82   315.1   17.9      27.587
2012   11       13    19  21    2.82   315.4   17.8      27.609
2012   11       13    19  30    2.82   315.6   17.8      27.631
2012   11       13    19  40    2.82   315.9   17.7      27.651
2012   11       13    19  49    2.82   316.1   17.7      27.670
2012   11       13    19  59    2.81   316.3   17.7      27.689
2012   11       13    20   8    2.81   316.6   17.6      27.707
2012   11       13    20  18    2.81   316.8   17.6      27.723
2012   11       13    20  27    2.81   317.1   17.5      27.739
2012   11       13    20  37    2.81   317.3   17.5      27.753
2012   11       13    20  46    2.80   317.5   17.5      27.766
2012   11       13    20  56    2.80   317.8   17.4      27.779
2012   11       13    21   5    2.80   318.0   17.4      27.791
2012   11       13    21  15    2.80   318.2   17.3      27.803
2012   11       13    21  24    2.80   318.5   17.3      27.815
2012   11       13    21  34    2.79   318.7   17.3      27.827
2012   11       13    21  43    2.79   318.9   17.2      27.840
2012   11       13    21  53    2.79   319.2   17.2      27.853
2012   11       13    22   2    2.79   319.4   17.2      27.866
2012   11       13    22  12    2.79   319.6   17.1      27.879
2012   11       13    22  21    2.78   319.9   17.1      27.893
2012   11       13    22  30    2.78   320.1   17.1      27.906
2012   11       13    22  40    2.78   320.4   17.0      27.919
2012   11       13    22  49    2.78   320.6   17.0      27.931
2012   11       13    22  59    2.78   320.9   17.0      27.942
2012   11       13    23   8    2.78   321.1   16.9      27.953
2012   11       13    23  17    2.77   321.4   16.9      27.962
2012   11       13    23  27    2.77   321.7   16.8      27.970
2012   11       13    23  36    2.77   321.9   16.8      27.976
2012   11       13    23  46    2.77   322.2   16.8      27.981
2012   11       13    23  55    2.76   322.5   16.7      27.984
2012   11       14     0   5    2.76   322.7   16.7      27.985
2012   11       14     0  14    2.76   323.0   16.6      27.984
2012   11       14     0  24    2.75   323.3   16.6      27.982
2012   11       14     0  33    2.75   323.5   16.5      27.978
2012   11       14     0  43    2.75   323.8   16.5      27.973
2012   11       14     0  52    2.74   324.0   16.4      27.965
2012   11       14     1   2    2.74   324.3   16.4      27.956
2012   11       14     1  11    2.74   324.5   16.3      27.944
2012   11       14     1  21    2.73   324.8   16.3      27.931
2012   11       14     1  30    2.73   325.0   16.2      27.916
2012   11       14     1  40    2.72   325.3   16.2      27.898
2012   11       14     1  50    2.72   325.5   16.1      27.878
2012   11       14     1  59    2.71   325.7   16.1      27.854
2012   11       14     2   9    2.71   326.0   16.0      27.829
2012   11       14     2  18    2.70   326.2   15.9      27.802
2012   11       14     2  28    2.70   326.4   15.9      27.773
2012   11       14     2  37    2.69   326.6   15.8      27.743
2012   11       14     2  47    2.69   326.9   15.8      27.713
2012   11       14     2  56    2.68   327.1   15.7      27.681
2012   11       14     3   6    2.68   327.3   15.6      27.649
2012   11       14     3  15    2.67   327.5   15.6      27.616
2012   11       14     3  25    2.67   327.7   15.5      27.583
2012   11       14     3  34    2.66   327.9   15.5      27.551
2012   11       14     3  44    2.66   328.1   15.4      27.519
2012   11       14     3  53    2.65   328.4   15.3      27.487
2012   11       14     4   3    2.64   328.6   15.3      27.456
2012   11       14     4  12    2.64   328.8   15.2      27.425
2012   11       14     4  22    2.63   329.0   15.2      27.394
2012   11       14     4  31    2.63   329.2   15.1      27.363
2012   11       14     4  41    2.62   329.4   15.1      27.331
2012   11       14     4  50    2.62   329.6   15.0      27.300
2012   11       14     5   0    2.61   329.8   15.0      27.268
2012   11       14     5   9    2.61   330.0   14.9      27.236
2012   11       14     5  18    2.60   330.2   14.9      27.205
2012   11       14     5  28    2.60   330.3   14.8      27.173
2012   11       14     5  37    2.59   330.5   14.8      27.142
2012   11       14     5  47    2.59   330.7   14.7      27.111
2012   11       14     5  56    2.58   330.9   14.7      27.080
2012   11       14     6   6    2.58   331.1   14.6      27.049
2012   11       14     6  15    2.57   331.3   14.6      27.020
2012   11       14     6  24    2.57   331.4   14.5      26.990
2012   11       14     6  34    2.56   331.6   14.5      26.962
2012   11       14     6  43    2.56   331.8   14.4      26.934
2012   11       14     6  53    2.55   332.0   14.4      26.907
2012   11       14     7   2    2.55   332.2   14.3      26.880
2012   11       14     7  11    2.54   332.4   14.3      26.853
2012   11       14     7  21    2.54   332.6   14.3      26.826
2012   11       14     7  30    2.54   332.8   14.2      26.799
2012   11       14     7  40    2.53   333.0   14.2      26.772
2012   11       14     7  49    2.53   333.2   14.1      26.744
2012   11       14     7  59    2.52   333.4   14.1      26.716
2012   11       14     8   8    2.52   333.5   14.0      26.686
2012   11       14     8  18    2.51   333.7   14.0      26.656
2012   11       14     8  28    2.51   333.9   13.9      26.624
2012   11       14     8  37    2.50   334.1   13.9      26.590
2012   11       14     8  47    2.49   334.3   13.8      26.555
2012   11       14     8  56    2.49   334.5   13.8      26.519
2012   11       14     9   6    2.48   334.6   13.7      26.479
2012   11       14     9  15    2.48   334.8   13.7      26.436
2012   11       14     9  25    2.47   335.0   13.6      26.391
2012   11       14     9  35    2.47   335.1   13.6      26.344
2012   11       14     9  44    2.46   335.3   13.5      26.295
2012   11       14     9  54    2.45   335.4   13.5      26.245
2012   11       14    10   3    2.45   335.5   13.4      26.193
2012   11       14    10  13    2.44   335.7   13.3      26.141
2012   11       14    10  22    2.44   335.8   13.3      26.089
2012   11       14    10  32    2.43   336.0   13.2      26.036
2012   11       14    10  41    2.43   336.1   13.2      25.983
2012   11       14    10  51    2.42   336.2   13.1      25.930
2012   11       14    11   0    2.42   336.4   13.1      25.879
2012   11       14    11  10    2.41   336.5   13.0      25.828
2012   11       14    11  19    2.41   336.6   13.0      25.779
2012   11       14    11  29    2.40   336.7   13.0      25.730
2012   11       14    11  38    2.40   336.9   12.9      25.682
2012   11       14    11  48    2.39   337.0   12.9      25.635
2012   11       14    11  57    2.39   337.1   12.8      25.588
2012   11       14    12   6    2.38   337.2   12.8      25.542
2012   11       14    12  16    2.38   337.3   12.7      25.498
2012   11       14    12  25    2.37   337.5   12.7      25.453
2012   11       14    12  35    2.37   337.6   12.7      25.410
2012   11       14    12  44    2.36   337.7   12.6      25.367
2012   11       14    12  54    2.36   337.8   12.6      25.325
2012   11       14    13   3    2.36   337.9   12.6      25.284
2012   11       14    13  12    2.35   338.0   12.5      25.244
2012   11       14    13  22    2.35   338.1   12.5      25.204
2012   11       14    13  31    2.34   338.2   12.5      25.165
2012   11       14    13  41    2.34   338.2   12.4      25.127
2012   11       14    13  50    2.34   338.3   12.4      25.090
2012   11       14    13  59    2.33   338.4   12.4      25.053
2012   11       14    14   9    2.33   338.5   12.3      25.017
2012   11       14    14  18    2.32   338.6   12.3      24.982
2012   11       14    14  28    2.32   338.7   12.3      24.948
2012   11       14    14  37    2.32   338.7   12.2      24.914
2012   11       14    14  47    2.31   338.8   12.2      24.881
2012   11       14    14  56    2.31   338.9   12.2      24.848
2012   11       14    15   6    2.31   338.9   12.2      24.816
2012   11       14    15  15    2.30   339.0   12.1      24.784
2012   11       14    15  25    2.30   339.1   12.1      24.753
2012   11       14    15  34    2.30   339.1   12.1      24.723
2012   11       14    15  44    2.29   339.2   12.1      24.694
2012   11       14    15  54    2.29   339.2   12.0      24.665
2012   11       14    16   3    2.29   339.3   12.0      24.636
2012   11       14    16  13    2.28   339.3   12.0      24.609
2012   11       14    16  22    2.28   339.4   12.0      24.582
2012   11       14    16  32    2.28   339.5   12.0      24.556
2012   11       14    16  41    2.28   339.5   11.9      24.531
2012   11       14    16  51    2.27   339.6   11.9      24.506
2012   11       14    17   0    2.27   339.6   11.9      24.482
2012   11       14    17  10    2.27   339.7   11.9      24.459
2012   11       14    17  19    2.26   339.8   11.9      24.436
2012   11       14    17  29    2.26   339.8   11.9      24.414
2012   11       14    17  38    2.26   339.9   11.8      24.392
2012   11       14    17  48    2.26   340.0   11.8      24.369
2012   11       14    17  57    2.25   340.0   11.8      24.347
2012   11       14    18   7    2.25   340.1   11.8      24.325
2012   11       14    18  16    2.25   340.1   11.8      24.303
2012   11       14    18  26    2.25   340.2   11.8      24.281
2012   11       14    18  35    2.24   340.3   11.7      24.259
2012   11       14    18  45    2.24   340.3   11.7      24.237
2012   11       14    18  54    2.24   340.4   11.7      24.215
2012   11       14    19   4    2.24   340.5   11.7      24.193
2012   11       14    19  13    2.24   340.5   11.7      24.171
2012   11       14    19  23    2.23   340.6   11.7      24.150
2012   11       14    19  32    2.23   340.6   11.6      24.129
2012   11       14    19  42    2.23   340.7   11.6      24.107
2012   11       14    19  51    2.23   340.7   11.6      24.087
2012   11       14    20   0    2.23   340.8   11.6      24.066
2012   11       14    20  10    2.22   340.9   11.6      24.046
2012   11       14    20  19    2.22   340.9   11.6      24.027
2012   11       14    20  29    2.22   341.0   11.6      24.008
2012   11       14    20  38    2.22   341.0   11.5      23.989
2012   11       14    20  48    2.22   341.1   11.5      23.970
2012   11       14    20  57    2.22   341.1   11.5      23.952
2012   11       14    21   6    2.21   341.2   11.5      23.935
2012   11       14    21  16    2.21   341.3   11.5      23.918
2012   11       14    21  25    2.21   341.3   11.5      23.901
2012   11       14    21  35    2.21   341.4   11.5      23.885
2012   11       14    21  44    2.21   341.4   11.5      23.869
2012   11       14    21  53    2.21   341.5   11.4      23.853
2012   11       14    22   3    2.21   341.5   11.4      23.838
2012   11       14    22  12    2.21   341.6   11.4      23.823
2012   11       14    22  22    2.20   341.6   11.4      23.808
2012   11       14    22  32    2.20   341.7   11.4      23.794
2012   11       14    22  41    2.20   341.7   11.4      23.780
2012   11       14    22  51    2.20   341.8   11.4      23.766
2012   11       14    23   0    2.20   341.8   11.4      23.754
2012   11       14    23  10    2.20   341.9   11.4      23.742
2012   11       14    23  19    2.20   341.9   11.4      23.730
2012   11       14    23  29    2.20   342.0   11.4      23.720
2012   11       14    23  38    2.20   342.0   11.3      23.710
2012   11       14    23  48    2.20   342.1   11.3      23.701
2012   11       14    23  58    2.20   342.1   11.3      23.693
2012   11       15     0   7    2.20   342.1   11.3      23.687
2012   11       15     0  17    2.20   342.2   11.3      23.681
2012   11       15     0  26    2.20   342.2   11.3      23.676
2012   11       15     0  36    2.20   342.2   11.3      23.673
2012   11       15     0  45    2.20   342.3   11.3      23.671
2012   11       15     0  55    2.20   342.3   11.3      23.669
2012   11       15     1   4    2.20   342.3   11.3      23.669
2012   11       15     1  14    2.20   342.4   11.3      23.671
2012   11       15     1  23    2.20   342.4   11.3      23.673
2012   11       15     1  33    2.20   342.4   11.3      23.676
2012   11       15     1  42    2.20   342.5   11.3      23.680
2012   11       15     1  52    2.20   342.5   11.3      23.685
2012   11       15     2   1    2.20   342.5   11.3      23.690
2012   11       15     2  11    2.20   342.6   11.3      23.696
2012   11       15     2  20    2.20   342.6   11.3      23.703
2012   11       15     2  30    2.20   342.7   11.3      23.710
2012   11       15     2  39    2.20   342.7   11.3      23.718
2012   11       15     2  48    2.20   342.7   11.3      23.726
2012   11       15     2  58    2.21   342.8   11.3      23.734
2012   11       15     3   7    2.21   342.8   11.4      23.743
2012   11       15     3  17    2.21   342.8   11.4      23.752
2012   11       15     3  26    2.21   342.9   11.4      23.762
2012   11       15     3  36    2.21   342.9   11.4      23.772
2012   11       15     3  45    2.21   342.9   11.4      23.782
2012   11       15     3  54    2.21   343.0   11.4      23.792
2012   11       15     4   4    2.22   343.0   11.4      23.803
2012   11       15     4  13    2.22   343.1   11.4      23.815
2012   11       15     4  23    2.22   343.1   11.4      23.826
2012   11       15     4  32    2.22   343.1   11.4      23.838
2012   11       15     4  41    2.22   343.2   11.4      23.851
2012   11       15     4  51    2.22   343.2   11.4      23.863
2012   11       15     5   0    2.23   343.3   11.4      23.876
2012   11       15     5  10    2.23   343.3   11.4      23.890
2012   11       15     5  19    2.23   343.4   11.5      23.904
2012   11       15     5  29    2.23   343.4   11.5      23.918
2012   11       15     5  38    2.24   343.5   11.5      23.933
2012   11       15     5  48    2.24   343.5   11.5      23.948
2012   11       15     5  57    2.24   343.5   11.5      23.963
2012   11       15     6   7    2.24   343.6   11.5      23.978
2012   11       15     6  17    2.25   343.6   11.5      23.994
2012   11       15     6  26    2.25   343.7   11.5      24.011
2012   11       15     6  36    2.25   343.7   11.5      24.027
2012   11       15     6  45    2.25   343.8   11.5      24.044
2012   11       15     6  55    2.26   343.8   11.6      24.061
2012   11       15     7   4    2.26   343.9   11.6      24.079
2012   11       15     7  14    2.26   343.9   11.6      24.097
2012   11       15     7  23    2.27   344.0   11.6      24.116
2012   11       15     7  33    2.27   344.0   11.6      24.135
2012   11       15     7  42    2.27   344.1   11.6      24.154
2012   11       15     7  52    2.27   344.1   11.6      24.174
2012   11       15     8   2    2.28   344.1   11.6      24.195
2012   11       15     8  11    2.28   344.2   11.7      24.217
2012   11       15     8  21    2.28   344.2   11.7      24.239
2012   11       15     8  30    2.29   344.3   11.7      24.263
2012   11       15     8  40    2.29   344.3   11.7      24.287
2012   11       15     8  49    2.30   344.4   11.7      24.313
2012   11       15     8  59    2.30   344.4   11.7      24.340
2012   11       15     9   8    2.30   344.5   11.8      24.368
2012   11       15     9  17    2.31   344.5   11.8      24.398
2012   11       15     9  27    2.31   344.6   11.8      24.430
2012   11       15     9  36    2.32   344.6   11.8      24.464
2012   11       15     9  46    2.32   344.7   11.9      24.500
2012   11       15     9  55    2.33   344.8   11.9      24.538
2012   11       15    10   5    2.33   344.8   11.9      24.578
2012   11       15    10  14    2.34   344.9   11.9      24.619
2012   11       15    10  24    2.35   345.0   12.0      24.663
2012   11       15    10  33    2.35   345.1   12.0      24.709
2012   11       15    10  42    2.36   345.2   12.0      24.756
2012   11       15    10  52    2.37   345.2   12.1      24.805
2012   11       15    11   1    2.37   345.3   12.1      24.855
2012   11       15    11  11    2.38   345.4   12.1      24.908
2012   11       15    11  20    2.39   345.5   12.2      24.963
2012   11       15    11  30    2.40   345.6   12.2      25.022
2012   11       15    11  39    2.40   345.7   12.2      25.083
2012   11       15    11  48    2.41   345.9   12.3      25.149
2012   11       15    11  58    2.42   346.0   12.3      25.216
2012   11       15    12   7    2.43   346.1   12.4      25.287
2012   11       15    12  17    2.44   346.3   12.4      25.359
2012   11       15    12  26    2.45   346.4   12.4      25.433
2012   11       15    12  36    2.45   346.5   12.5      25.507
2012   11       15    12  45    2.46   346.7   12.5      25.584
2012   11       15    12  55    2.47   346.8   12.5      25.662
2012   11       15    13   4    2.48   347.0   12.6      25.740
2012   11       15    13  14    2.49   347.2   12.6      25.817
2012   11       15    13  23    2.49   347.3   12.7      25.893
2012   11       15    13  33    2.50   347.5   12.7      25.969
2012   11       15    13  42    2.51   347.6   12.7      26.044
2012   11       15    13  52    2.52   347.8   12.7      26.118
2012   11       15    14   2    2.52   348.0   12.8      26.192
2012   11       15    14  11    2.53   348.1   12.8      26.265
2012   11       15    14  21    2.54   348.3   12.8      26.338
2012   11       15    14  30    2.55   348.5   12.9      26.410
2012   11       15    14  40    2.55   348.6   12.9      26.481
2012   11       15    14  49    2.56   348.8   12.9      26.552
2012   11       15    14  59    2.57   349.0   12.9      26.623
2012   11       15    15   8    2.58   349.2   13.0      26.693
2012   11       15    15  18    2.58   349.3   13.0      26.764
2012   11       15    15  27    2.59   349.5   13.0      26.834
2012   11       15    15  37    2.60   349.7   13.1      26.904
2012   11       15    15  46    2.61   349.8   13.1      26.974
2012   11       15    15  56    2.61   350.0   13.1      27.046
2012   11       15    16   5    2.62   350.2   13.2      27.118
2012   11       15    16  15    2.63   350.4   13.2      27.191
2012   11       15    16  24    2.64   350.5   13.2      27.265
2012   11       15    16  34    2.65   350.7   13.3      27.342
2012   11       15    16  43    2.65   350.9   13.3      27.421
2012   11       15    16  53    2.66   351.1   13.3      27.503
2012   11       15    17   2    2.67   351.3   13.4      27.588
2012   11       15    17  12    2.68   351.5   13.4      27.678
2012   11       15    17  21    2.69   351.7   13.5      27.771
2012   11       15    17  30    2.70   351.9   13.5      27.870
2012   11       15    17  40    2.71   352.1   13.6      27.974
2012   11       15    17  49    2.72   352.4   13.6      28.085
2012   11       15    17  59    2.73   352.6   13.7      28.202
2012   11       15    18   8    2.74   352.8   13.8      28.325
2012   11       15    18  18    2.76   353.1   13.8      28.455
2012   11       15    18  27    2.77   353.4   13.9      28.599
2012   11       15    18  36    2.78   353.7   14.0      28.754
2012   11       15    18  46    2.80   354.0   14.1      28.922
2012   11       15    18  55    2.81   354.4   14.2      29.099
2012   11       15    19   5    2.83   354.8   14.2      29.285
2012   11       15    19  14    2.84   355.2   14.3      29.473
2012   11       15    19  23    2.85   355.6   14.4      29.664
2012   11       15    19  33    2.87   356.0   14.5      29.854
2012   11       15    19  42    2.88   356.4   14.5      30.047
2012   11       15    19  52    2.89   356.8   14.6      30.237
2012   11       15    20   1    2.91   357.3   14.6      30.421
2012   11       15    20  11    2.92   357.7   14.7      30.598
2012   11       15    20  20    2.93   358.1   14.7      30.768
2012   11       15    20  30    2.94   358.6   14.8      30.929
2012   11       15    20  40    2.95   359.0   14.8      31.084
2012   11       15    20  49    2.96   359.4   14.8      31.231
2012   11       15    20  59    2.97   359.8   14.8      31.371
2012   11       15    21   8    2.98   360.2   14.9      31.504
2012   11       15    21  18    2.99   360.6   14.9      31.633
2012   11       15    21  27    3.00   361.0   14.9      31.755
2012   11       15    21  37    3.00   361.4   14.9      31.874
2012   11       15    21  46    3.01   361.8   14.9      31.987
2012   11       15    21  56    3.02   362.2   14.9      32.098
2012   11       15    22   5    3.03   362.6   14.9      32.204
2012   11       15    22  15    3.03   362.9   14.9      32.309
2012   11       15    22  25    3.04   363.3   14.9      32.411
2012   11       15    22  34    3.05   363.7   14.9      32.512
2012   11       15    22  44    3.06   364.0   14.9      32.611
2012   11       15    22  53    3.06   364.4   14.9      32.709
2012   11       15    23   3    3.07   364.8   14.9      32.806
2012   11       15    23  12    3.08   365.1   14.9      32.903
2012   11       15    23  22    3.08   365.5   14.9      33.000
2012   11       15    23  31    3.09   365.8   14.9      33.097
2012   11       15    23  40    3.10   366.2   14.9      33.195
2012   11       15    23  50    3.10   366.5   14.9      33.295
2012   11       15    23  59    3.11   366.9   14.9      33.396
2012   11       16     0   9    3.12   367.2   14.9      33.500
2012   11       16     0  18    3.12   367.6   15.0      33.606
2012   11       16     0  28    3.13   368.0   15.0      33.716
2012   11       16     0  37    3.14   368.3   15.0      33.829
2012   11       16     0  47    3.15   368.7   15.0      33.947
2012   11       16     0  56    3.15   369.1   15.0      34.071
2012   11       16     1   6    3.16   369.5   15.1      34.204
2012   11       16     1  15    3.17   369.9   15.1      34.342
2012   11       16     1  24    3.18   370.3   15.1      34.487
2012   11       16     1  34    3.19   370.7   15.2      34.642
2012   11       16     1  43    3.20   371.1   15.3      34.814
2012   11       16     1  53    3.21   371.6   15.3      34.996
2012   11       16     2   2    3.22   372.1   15.4      35.199
2012   11       16     2  11    3.23   372.6   15.5      35.419
2012   11       16     2  21    3.25   373.2   15.5      35.654
2012   11       16     2  30    3.26   373.8   15.6      35.897
2012   11       16     2  40    3.27   374.4   15.7      36.147
2012   11       16     2  49    3.28   375.0   15.8      36.399
2012   11       16     2  59    3.30   375.7   15.8      36.653
2012   11       16     3   8    3.31   376.4   15.9      36.903
2012   11       16     3  18    3.32   377.1   15.9      37.148
2012   11       16     3  27    3.33   377.8   16.0      37.380
2012   11       16     3  37    3.34   378.5   16.0      37.601
2012   11       16     3  46    3.35   379.2   16.0      37.808
2012   11       16     3  56    3.35   379.8   16.0      38.004
2012   11       16     4   5    3.36   380.5   16.0      38.189
2012   11       16     4  15    3.37   381.2   16.0      38.366
2012   11       16     4  24    3.37   381.8   16.0      38.533
2012   11       16     4  34    3.38   382.4   15.9      38.695
2012   11       16     4  44    3.38   383.0   15.9      38.850
2012   11       16     4  53    3.39   383.7   15.9      39.003
2012   11       16     5   3    3.39   384.3   15.9      39.152
2012   11       16     5  12    3.39   384.8   15.8      39.299
2012   11       16     5  22    3.40   385.4   15.8      39.445
2012   11       16     5  31    3.40   386.0   15.8      39.591
2012   11       16     5  41    3.41   386.6   15.7      39.737
2012   11       16     5  50    3.41   387.2   15.7      39.886
2012   11       16     6   0    3.41   387.8   15.7      40.037
2012   11       16     6   9    3.42   388.4   15.6      40.190
2012   11       16     6  19    3.42   389.0   15.6      40.345
2012   11       16     6  28    3.42   389.6   15.6      40.503
2012   11       16     6  38    3.43   390.2   15.5      40.662
2012   11       16     6  47    3.43   390.8   15.5      40.824
2012   11       16     6  57    3.43   391.4   15.5      40.987
2012   11       16     7   6    3.43   392.0   15.4      41.152
2012   11       16     7  16    3.44   392.6   15.4      41.318
2012   11       16     7  25    3.44   393.2   15.4      41.484
2012   11       16     7  35    3.44   393.8   15.3      41.650
2012   11       16     7  44    3.44   394.5   15.3      41.816
2012   11       16     7  54    3.45   395.1   15.3      41.980
2012   11       16     8   3    3.45   395.7   15.2      42.145
2012   11       16     8  12    3.45   396.4   15.2      42.307
2012   11       16     8  22    3.45   397.0   15.2      42.469
2012   11       16     8  31    3.46   397.7   15.1      42.628
2012   11       16     8  41    3.46   398.3   15.1      42.786
2012   11       16     8  50    3.46   399.0   15.1      42.944
2012   11       16     9   0    3.46   399.6   15.1      43.102
2012   11       16     9   9    3.46   400.3   15.1      43.253
2012   11       16     9  18    3.47   400.9   15.1      43.411
2012   11       16     9  28    3.47   401.6   15.1      43.573
2012   11       16     9  37    3.47   402.3   15.1      43.740
2012   11       16     9  46    3.47   403.0   15.1      43.908
2012   11       16     9  56    3.48   403.7   15.1      44.081
2012   11       16    10   5    3.48   404.5   15.1      44.252
2012   11       16    10  15    3.48   405.3   15.1      44.423
2012   11       16    10  24    3.49   406.1   15.1      44.590
2012   11       16    10  34    3.49   406.9   15.1      44.759
2012   11       16    10  43    3.49   407.7   15.0      44.925
2012   11       16    10  53    3.49   408.6   15.0      45.087
2012   11       16    11   2    3.49   409.4   15.0      45.242
2012   11       16    11  12    3.49   410.3   14.9      45.394
2012   11       16    11  22    3.49   411.1   14.9      45.540
2012   11       16    11  31    3.49   412.0   14.8      45.682
2012   11       16    11  41    3.49   412.8   14.8      45.820
2012   11       16    11  50    3.48   413.6   14.7      45.955
2012   11       16    12   0    3.48   414.4   14.7      46.086
2012   11       16    12   9    3.48   415.2   14.6      46.216
2012   11       16    12  19    3.47   416.0   14.5      46.341
2012   11       16    12  28    3.47   416.7   14.5      46.465
2012   11       16    12  38    3.47   417.5   14.4      46.586
2012   11       16    12  48    3.46   418.3   14.3      46.706
2012   11       16    12  57    3.46   419.0   14.2      46.823
2012   11       16    13   7    3.45   419.8   14.2      46.941
2012   11       16    13  16    3.45   420.5   14.1      47.058
2012   11       16    13  26    3.44   421.3   14.0      47.173
2012   11       16    13  35    3.43   422.0   13.9      47.287
2012   11       16    13  45    3.43   422.8   13.8      47.401
2012   11       16    13  54    3.42   423.6   13.7      47.510
2012   11       16    14   4    3.41   424.4   13.6      47.617
2012   11       16    14  13    3.41   425.1   13.5      47.720
2012   11       16    14  22    3.40   425.9   13.4      47.815
2012   11       16    14  32    3.39   426.7   13.3      47.899
2012   11       16    14  41    3.38   427.4   13.2      47.973
2012   11       16    14  51    3.37   428.2   13.1      48.037
2012   11       16    15   0    3.36   429.0   13.0      48.091
2012   11       16    15  10    3.35   429.7   12.9      48.138
2012   11       16    15  19    3.34   430.5   12.8      48.178
2012   11       16    15  29    3.33   431.2   12.7      48.212
2012   11       16    15  38    3.32   431.9   12.6      48.239
2012   11       16    15  47    3.31   432.7   12.5      48.264
2012   11       16    15  57    3.30   433.5   12.4      48.286
2012   11       16    16   6    3.28   434.2   12.4      48.307
2012   11       16    16  16    3.27   435.0   12.3      48.324
2012   11       16    16  25    3.26   435.7   12.2      48.340
2012   11       16    16  35    3.25   436.5   12.1      48.352
2012   11       16    16  44    3.24   437.3   12.0      48.361
2012   11       16    16  53    3.22   438.0   11.9      48.367
2012   11       16    17   3    3.21   438.8   11.8      48.369
2012   11       16    17  12    3.20   439.6   11.7      48.368
2012   11       16    17  22    3.19   440.4   11.6      48.364
2012   11       16    17  31    3.17   441.1   11.5      48.358
2012   11       16    17  41    3.16   441.9   11.5      48.350
2012   11       16    17  50    3.15   442.7   11.4      48.342
2012   11       16    18   0    3.13   443.5   11.3      48.335
2012   11       16    18   9    3.12   444.3   11.2      48.329
2012   11       16    18  19    3.11   445.1   11.1      48.323
2012   11       16    18  28    3.09   445.9   11.0      48.319
2012   11       16    18  38    3.08   446.7   10.9      48.315
2012   11       16    18  47    3.06   447.5   10.9      48.312
2012   11       16    18  57    3.05   448.3   10.8      48.309
2012   11       16    19   7    3.04   449.1   10.7      48.304
2012   11       16    19  16    3.02   449.9   10.6      48.298
2012   11       16    19  26    3.01   450.7   10.5      48.290
2012   11       16    19  35    2.99   451.5   10.4      48.277
2012   11       16    19  45    2.98   452.3   10.3      48.261
2012   11       16    19  54    2.96   453.0   10.2      48.240
2012   11       16    20   4    2.95   453.8   10.1      48.214
2012   11       16    20  13    2.93   454.6   10.0      48.183
2012   11       16    20  23    2.91   455.3   10.0      48.146
2012   11       16    20  32    2.90   456.1    9.9      48.102
2012   11       16    20  42    2.88   456.9    9.8      48.052
2012   11       16    20  51    2.87   457.6    9.7      47.995
2012   11       16    21   1    2.85   458.4    9.6      47.929
2012   11       16    21  10    2.84   459.2    9.5      47.854
2012   11       16    21  20    2.82   459.9    9.4      47.770
2012   11       16    21  29    2.80   460.7    9.3      47.675
2012   11       16    21  39    2.79   461.5    9.2      47.562
2012   11       16    21  48    2.77   462.2    9.1      47.433
2012   11       16    21  58    2.75   462.9    9.0      47.286
2012   11       16    22   7    2.74   463.6    8.9      47.124
2012   11       16    22  17    2.72   464.3    8.8      46.949
2012   11       16    22  26    2.70   465.0    8.7      46.766
2012   11       16    22  35    2.69   465.7    8.6      46.572
2012   11       16    22  45    2.67   466.3    8.5      46.373
2012   11       16    22  54    2.65   467.0    8.4      46.167
2012   11       16    23   4    2.64   467.6    8.3      45.965
2012   11       16    23  13    2.62   468.2    8.2      45.761
2012   11       16    23  23    2.60   468.9    8.2      45.560
2012   11       16    23  32    2.58   469.5    8.1      45.358
2012   11       16    23  41    2.57   470.1    8.0      45.159
2012   11       16    23  51    2.55   470.7    7.9      44.959
2012   11       17     0   0    2.53   471.3    7.8      44.761
2012   11       17     0  10    2.52   471.9    7.7      44.561
2012   11       17     0  19    2.50   472.4    7.7      44.363
2012   11       17     0  28    2.48   473.0    7.6      44.161
2012   11       17     0  38    2.47   473.5    7.5      43.961
2012   11       17     0  47    2.45   474.0    7.4      43.759
2012   11       17     0  57    2.43   474.5    7.4      43.557
2012   11       17     1   6    2.42   475.0    7.3      43.354
2012   11       17     1  16    2.40   475.4    7.2      43.152
2012   11       17     1  25    2.39   475.9    7.2      42.949
2012   11       17     1  35    2.37   476.3    7.1      42.748
2012   11       17     1  44    2.35   476.7    7.0      42.546
2012   11       17     1  54    2.34   477.1    7.0      42.346
2012   11       17     2   4    2.32   477.5    6.9      42.147
2012   11       17     2  13    2.31   477.8    6.8      41.951
2012   11       17     2  23    2.29   478.2    6.8      41.755
2012   11       17     2  32    2.28   478.5    6.7      41.563
2012   11       17     2  42    2.27   478.8    6.7      41.372
2012   11       17     2  51    2.25   479.1    6.6      41.185
2012   11       17     3   1    2.24   479.4    6.6      40.998
2012   11       17     3  10    2.22   479.6    6.5      40.816
2012   11       17     3  20    2.21   479.9    6.5      40.635
2012   11       17     3  29    2.20   480.1    6.4      40.458
2012   11       17     3  39    2.18   480.3    6.4      40.283
2012   11       17     3  49    2.17   480.5    6.3      40.112
2012   11       17     3  58    2.16   480.7    6.3      39.942
2012   11       17     4   7    2.15   480.9    6.3      39.776
2012   11       17     4  17    2.14   481.0    6.2      39.613
2012   11       17     4  26    2.12   481.2    6.2      39.453
2012   11       17     4  36    2.11   481.3    6.2      39.294
2012   11       17     4  45    2.10   481.4    6.1      39.140
2012   11       17     4  55    2.09   481.6    6.1      38.987
2012   11       17     5   4    2.08   481.7    6.1      38.838
2012   11       17     5  14    2.07   481.7    6.0      38.690
2012   11       17     5  23    2.06   481.8    6.0      38.546
2012   11       17     5  33    2.05   481.9    6.0      38.403
2012   11       17     5  42    2.04   481.9    5.9      38.262
2012   11       17     5  52    2.03   482.0    5.9      38.123
2012   11       17     6   1    2.02   482.0    5.9      37.987
2012   11       17     6  11    2.01   482.1    5.9      37.851
2012   11       17     6  20    2.00   482.1    5.8      37.717
2012   11       17     6  29    1.99   482.2    5.8      37.584
2012   11       17     6  39    1.98   482.2    5.8      37.452
2012   11       17     6  48    1.97   482.3    5.7      37.320
2012   11       17     6  58    1.96   482.3    5.7      37.190
2012   11       17     7   7    1.95   482.4    5.7      37.060
2012   11       17     7  16    1.94   482.5    5.7      36.931
2012   11       17     7  26    1.94   482.5    5.6      36.800
2012   11       17     7  35    1.93   482.6    5.6      36.671
2012   11       17     7  45    1.92   482.6    5.6      36.540
2012   11       17     7  54    1.91   482.7    5.6      36.412
2012   11       17     8   4    1.90   482.8    5.5      36.283
2012   11       17     8  13    1.89   482.8    5.5      36.156
2012   11       17     8  22    1.89   482.9    5.5      36.029
2012   11       17     8  32    1.88   482.9    5.4      35.905
2012   11       17     8  42    1.87   482.9    5.4      35.783
2012   11       17     8  51    1.86   483.0    5.4      35.663
2012   11       17     9   1    1.86   483.0    5.4      35.544
2012   11       17     9  10    1.85   483.0    5.3      35.428
2012   11       17     9  20    1.84   483.0    5.3      35.312
2012   11       17     9  29    1.84   483.0    5.3      35.198
2012   11       17     9  39    1.83   483.0    5.3      35.085
2012   11       17     9  48    1.82   482.9    5.3      34.974
2012   11       17     9  58    1.82   482.9    5.2      34.863
2012   11       17    10   8    1.81   482.9    5.2      34.754
2012   11       17    10  17    1.80   482.8    5.2      34.646
2012   11       17    10  27    1.80   482.8    5.2      34.541
2012   11       17    10  36    1.79   482.7    5.2      34.437
2012   11       17    10  46    1.78   482.7    5.2      34.336
2012   11       17    10  55    1.78   482.6    5.1      34.238
2012   11       17    11   5    1.77   482.6    5.1      34.143
2012   11       17    11  14    1.77   482.5    5.1      34.051
2012   11       17    11  24    1.76   482.5    5.1      33.961
2012   11       17    11  33    1.76   482.4    5.1      33.873
2012   11       17    11  43    1.75   482.4    5.1      33.787
2012   11       17    11  52    1.75   482.3    5.1      33.700
2012   11       17    12   2    1.74   482.3    5.0      33.616
2012   11       17    12  11    1.74   482.2    5.0      33.531
2012   11       17    12  21    1.73   482.2    5.0      33.447
2012   11       17    12  30    1.73   482.1    5.0      33.361
2012   11       17    12  40    1.72   482.0    5.0      33.276
2012   11       17    12  49    1.71   482.0    5.0      33.190
2012   11       17    12  58    1.71   481.9    5.0      33.104
2012   11       17    13   8    1.70   481.8    5.0      33.018
2012   11       17    13  17    1.70   481.7    4.9      32.932
2012   11       17    13  27    1.70   481.6    4.9      32.845
2012   11       17    13  36    1.69   481.5    4.9      32.760
2012   11       17    13  46    1.69   481.4    4.9      32.674
2012   11       17    13  55    1.68   481.3    4.9      32.589
2012   11       17    14   4    1.68   481.2    4.9      32.504
2012   11       17    14  14    1.67   481.1    4.9      32.420
2012   11       17    14  23    1.67   481.0    4.8      32.336
2012   11       17    14  33    1.66   480.9    4.8      32.254
2012   11       17    14  42    1.66   480.8    4.8      32.171
2012   11       17    14  51    1.65   480.7    4.8      32.090
2012   11       17    15   1    1.65   480.6    4.8      32.008
2012   11       17    15  10    1.64   480.4    4.8      31.928
2012   11       17    15  20    1.64   480.3    4.8      31.848
2012   11       17    15  29    1.64   480.2    4.8      31.768
2012   11       17    15  39    1.63   480.1    4.7      31.689
2012   11       17    15  48    1.63   480.0    4.7      31.611
2012   11       17    15  58    1.62   479.8    4.7      31.533
2012   11       17    16   7    1.62   479.7    4.7      31.456
2012   11       17    16  17    1.62   479.6    4.7      31.379
2012   11       17    16  26    1.61   479.4    4.7      31.303
2012   11       17    16  36    1.61   479.3    4.7      31.227
2012   11       17    16  46    1.61   479.1    4.7      31.151
2012   11       17    16  55    1.60   478.9    4.7      31.074
2012   11       17    17   5    1.60   478.8    4.7      30.999
2012   11       17    17  14    1.59   478.6    4.7      30.924
2012   11       17    17  24    1.59   478.4    4.6      30.850
2012   11       17    17  33    1.59   478.2    4.6      30.778
2012   11       17    17  43    1.58   478.1    4.6      30.707
2012   11       17    17  52    1.58   477.9    4.6      30.637
2012   11       17    18   2    1.58   477.7    4.6      30.571
2012   11       17    18  11    1.57   477.5    4.6      30.506
2012   11       17    18  21    1.57   477.4    4.6      30.446
2012   11       17    18  30    1.57   477.2    4.6      30.389
2012   11       17    18  40    1.56   477.0    4.6      30.334
2012   11       17    18  49    1.56   476.8    4.6      30.281
2012   11       17    18  59    1.56   476.7    4.6      30.230
2012   11       17    19   8    1.56   476.5    4.6      30.179
2012   11       17    19  18    1.55   476.3    4.6      30.130
2012   11       17    19  27    1.55   476.1    4.6      30.081
2012   11       17    19  37    1.55   476.0    4.6      30.032
2012   11       17    19  46    1.54   475.8    4.6      29.982
2012   11       17    19  56    1.54   475.6    4.6      29.932
2012   11       17    20   5    1.54   475.4    4.6      29.881
2012   11       17    20  15    1.53   475.2    4.6      29.830
2012   11       17    20  24    1.53   475.0    4.6      29.778
2012   11       17    20  33    1.53   474.9    4.6      29.727
2012   11       17    20  43    1.53   474.7    4.6      29.674
2012   11       17    20  52    1.52   474.5    4.5      29.622
2012   11       17    21   2    1.52   474.3    4.5      29.569
2012   11       17    21  11    1.52   474.1    4.5      29.517
2012   11       17    21  21    1.51   473.9    4.5      29.464
2012   11       17    21  30    1.51   473.7    4.5      29.411
2012   11       17    21  39    1.51   473.5    4.5      29.357
2012   11       17    21  49    1.51   473.3    4.5      29.304
2012   11       17    21  58    1.50   473.1    4.5      29.250
2012   11       17    22   8    1.50   472.9    4.5      29.196
2012   11       17    22  17    1.50   472.7    4.5      29.142
2012   11       17    22  26    1.50   472.5    4.5      29.087
2012   11       17    22  36    1.49   472.3    4.5      29.032
2012   11       17    22  45    1.49   472.1    4.5      28.978
2012   11       17    22  55    1.49   471.8    4.5      28.922
2012   11       17    23   4    1.49   471.6    4.5      28.867
2012   11       17    23  14    1.48   471.4    4.5      28.812
2012   11       17    23  23    1.48   471.2    4.5      28.756
2012   11       17    23  33    1.48   471.0    4.5      28.701
2012   11       17    23  43    1.48   470.8    4.5      28.646
2012   11       17    23  52    1.47   470.5    4.5      28.591
2012   11       18     0   2    1.47   470.3    4.5      28.537
