year    month   day   hour  minute  B_enl V_enl   n_enl       T_enl
[year] [month] [day] [hour][minute] [nT]  [km/s]  [cm-3]      [kK]
2012   11       12     0   2    2.63   388.3    8.0      24.401
2012   11       12     0  12    2.63   388.2    8.0      24.396
2012   11       12     0  22    2.63   388.2    8.0      24.391
2012   11       12     0  32    2.63   388.2    8.0      24.386
2012   11       12     0  42    2.63   388.1    8.0      24.381
2012   11       12     0  52    2.63   388.1    8.0      24.377
2012   11       12     1   2    2.63   388.1    8.0      24.372
2012   11       12     1  12    2.63   388.0    8.0      24.367
2012   11       12     1  22    2.63   388.0    8.0      24.363
2012   11       12     1  32    2.63   388.0    8.0      24.359
2012   11       12     1  43    2.63   387.9    8.0      24.355
2012   11       12     1  53    2.63   387.9    8.0      24.352
2012   11       12     2   3    2.63   387.9    8.0      24.349
2012   11       12     2  13    2.64   387.8    8.0      24.346
2012   11       12     2  23    2.64   387.8    8.0      24.344
2012   11       12     2  33    2.64   387.8    8.0      24.342
2012   11       12     2  43    2.64   387.7    8.0      24.341
2012   11       12     2  53    2.64   387.7    8.0      24.340
2012   11       12     3   3    2.64   387.7    8.0      24.340
2012   11       12     3  13    2.64   387.7    8.0      24.340
2012   11       12     3  23    2.64   387.6    8.0      24.341
2012   11       12     3  33    2.64   387.6    8.0      24.341
2012   11       12     3  43    2.64   387.6    8.0      24.343
2012   11       12     3  53    2.64   387.6    8.0      24.344
2012   11       12     4   3    2.65   387.5    8.0      24.345
2012   11       12     4  13    2.65   387.5    8.0      24.347
2012   11       12     4  23    2.65   387.5    8.0      24.348
2012   11       12     4  33    2.65   387.5    8.0      24.350
2012   11       12     4  43    2.65   387.4    8.0      24.351
2012   11       12     4  53    2.65   387.4    8.0      24.352
2012   11       12     5   3    2.65   387.4    8.1      24.353
2012   11       12     5  13    2.65   387.4    8.1      24.355
2012   11       12     5  23    2.65   387.4    8.1      24.356
2012   11       12     5  33    2.66   387.3    8.1      24.357
2012   11       12     5  43    2.66   387.3    8.1      24.358
2012   11       12     5  53    2.66   387.3    8.1      24.360
2012   11       12     6   3    2.66   387.3    8.1      24.361
2012   11       12     6  13    2.66   387.3    8.1      24.363
2012   11       12     6  23    2.66   387.2    8.1      24.365
2012   11       12     6  33    2.66   387.2    8.1      24.367
2012   11       12     6  43    2.66   387.2    8.1      24.369
2012   11       12     6  54    2.66   387.2    8.1      24.371
2012   11       12     7   4    2.67   387.2    8.1      24.374
2012   11       12     7  14    2.67   387.2    8.1      24.377
2012   11       12     7  24    2.67   387.1    8.1      24.380
2012   11       12     7  34    2.67   387.1    8.1      24.383
2012   11       12     7  44    2.67   387.1    8.1      24.387
2012   11       12     7  54    2.67   387.1    8.1      24.390
2012   11       12     8   4    2.67   387.1    8.1      24.395
2012   11       12     8  14    2.68   387.1    8.1      24.399
2012   11       12     8  24    2.68   387.1    8.1      24.404
2012   11       12     8  34    2.68   387.0    8.1      24.411
2012   11       12     8  44    2.68   387.0    8.1      24.418
2012   11       12     8  54    2.68   387.0    8.1      24.425
2012   11       12     9   4    2.68   387.0    8.1      24.434
2012   11       12     9  14    2.68   387.0    8.2      24.442
2012   11       12     9  24    2.69   387.0    8.2      24.451
2012   11       12     9  34    2.69   387.0    8.2      24.461
2012   11       12     9  44    2.69   387.0    8.2      24.470
2012   11       12     9  54    2.69   387.0    8.2      24.480
2012   11       12    10   4    2.69   387.0    8.2      24.490
2012   11       12    10  14    2.69   387.0    8.2      24.500
2012   11       12    10  25    2.70   387.0    8.2      24.510
2012   11       12    10  35    2.70   387.0    8.2      24.519
2012   11       12    10  45    2.70   387.0    8.2      24.529
2012   11       12    10  55    2.70   387.0    8.2      24.539
2012   11       12    11   5    2.70   387.0    8.2      24.549
2012   11       12    11  15    2.70   387.0    8.2      24.558
2012   11       12    11  25    2.70   387.0    8.2      24.567
2012   11       12    11  35    2.71   387.0    8.2      24.576
2012   11       12    11  45    2.71   387.0    8.2      24.585
2012   11       12    11  55    2.71   387.0    8.2      24.594
2012   11       12    12   5    2.71   387.0    8.2      24.602
2012   11       12    12  15    2.71   387.1    8.2      24.610
2012   11       12    12  25    2.71   387.1    8.2      24.617
2012   11       12    12  35    2.71   387.1    8.2      24.625
2012   11       12    12  45    2.72   387.1    8.2      24.632
2012   11       12    12  55    2.72   387.1    8.2      24.639
2012   11       12    13   5    2.72   387.1    8.2      24.646
2012   11       12    13  15    2.72   387.1    8.2      24.653
2012   11       12    13  25    2.72   387.1    8.2      24.660
2012   11       12    13  35    2.72   387.1    8.2      24.668
2012   11       12    13  45    2.72   387.1    8.2      24.675
2012   11       12    13  55    2.72   387.1    8.3      24.683
2012   11       12    14   5    2.73   387.1    8.3      24.691
2012   11       12    14  15    2.73   387.2    8.3      24.699
2012   11       12    14  25    2.73   387.2    8.3      24.707
2012   11       12    14  35    2.73   387.2    8.3      24.716
2012   11       12    14  45    2.73   387.2    8.3      24.725
2012   11       12    14  55    2.73   387.2    8.3      24.735
2012   11       12    15   5    2.74   387.2    8.3      24.746
2012   11       12    15  15    2.74   387.3    8.3      24.757
2012   11       12    15  25    2.74   387.3    8.3      24.768
2012   11       12    15  35    2.74   387.3    8.3      24.781
2012   11       12    15  46    2.74   387.3    8.3      24.794
2012   11       12    15  56    2.74   387.4    8.3      24.808
2012   11       12    16   6    2.74   387.4    8.3      24.823
2012   11       12    16  16    2.75   387.4    8.3      24.838
2012   11       12    16  26    2.75   387.5    8.3      24.853
2012   11       12    16  36    2.75   387.5    8.3      24.868
2012   11       12    16  46    2.75   387.5    8.3      24.882
2012   11       12    16  56    2.75   387.6    8.3      24.897
2012   11       12    17   6    2.75   387.6    8.3      24.911
2012   11       12    17  16    2.75   387.6    8.3      24.924
2012   11       12    17  26    2.75   387.7    8.3      24.937
2012   11       12    17  36    2.76   387.7    8.3      24.949
2012   11       12    17  46    2.76   387.7    8.3      24.961
2012   11       12    17  56    2.76   387.8    8.3      24.972
2012   11       12    18   6    2.76   387.8    8.3      24.982
2012   11       12    18  16    2.76   387.8    8.3      24.992
2012   11       12    18  26    2.76   387.9    8.3      25.002
2012   11       12    18  36    2.76   387.9    8.3      25.011
2012   11       12    18  46    2.76   387.9    8.3      25.020
2012   11       12    18  56    2.76   388.0    8.3      25.029
2012   11       12    19   6    2.76   388.0    8.3      25.037
2012   11       12    19  16    2.76   388.0    8.3      25.045
2012   11       12    19  26    2.77   388.1    8.3      25.053
2012   11       12    19  36    2.77   388.1    8.3      25.060
2012   11       12    19  46    2.77   388.1    8.3      25.067
2012   11       12    19  56    2.77   388.2    8.3      25.074
2012   11       12    20   6    2.77   388.2    8.3      25.081
2012   11       12    20  16    2.77   388.2    8.3      25.087
2012   11       12    20  26    2.77   388.3    8.4      25.094
2012   11       12    20  36    2.77   388.3    8.4      25.100
2012   11       12    20  47    2.77   388.3    8.4      25.106
2012   11       12    20  57    2.77   388.4    8.4      25.112
2012   11       12    21   7    2.77   388.4    8.4      25.118
2012   11       12    21  17    2.77   388.5    8.4      25.124
2012   11       12    21  27    2.78   388.5    8.4      25.130
2012   11       12    21  37    2.78   388.5    8.4      25.136
2012   11       12    21  47    2.78   388.6    8.4      25.142
2012   11       12    21  57    2.78   388.6    8.4      25.148
2012   11       12    22   7    2.78   388.6    8.4      25.155
2012   11       12    22  17    2.78   388.7    8.4      25.162
2012   11       12    22  27    2.78   388.7    8.4      25.170
2012   11       12    22  37    2.78   388.8    8.4      25.178
2012   11       12    22  47    2.78   388.8    8.4      25.186
2012   11       12    22  57    2.78   388.9    8.4      25.195
2012   11       12    23   7    2.78   388.9    8.4      25.203
2012   11       12    23  17    2.78   388.9    8.4      25.212
2012   11       12    23  27    2.78   389.0    8.4      25.221
2012   11       12    23  37    2.78   389.0    8.4      25.230
2012   11       12    23  47    2.78   389.1    8.4      25.238
2012   11       12    23  57    2.79   389.1    8.4      25.247
2012   11       13     0   7    2.79   389.2    8.4      25.255
2012   11       13     0  17    2.79   389.2    8.4      25.264
2012   11       13     0  28    2.79   389.2    8.4      25.273
2012   11       13     0  38    2.79   389.3    8.4      25.281
2012   11       13     0  48    2.79   389.3    8.4      25.290
2012   11       13     0  58    2.79   389.4    8.4      25.299
2012   11       13     1   8    2.79   389.4    8.4      25.308
2012   11       13     1  18    2.79   389.5    8.4      25.316
2012   11       13     1  28    2.79   389.5    8.4      25.324
2012   11       13     1  38    2.79   389.6    8.4      25.332
2012   11       13     1  48    2.79   389.6    8.3      25.339
2012   11       13     1  58    2.79   389.7    8.3      25.346
2012   11       13     2   8    2.79   389.7    8.3      25.352
2012   11       13     2  18    2.79   389.8    8.3      25.358
2012   11       13     2  28    2.79   389.8    8.3      25.363
2012   11       13     2  38    2.79   389.9    8.3      25.368
2012   11       13     2  48    2.79   389.9    8.3      25.372
2012   11       13     2  58    2.79   390.0    8.3      25.376
2012   11       13     3   8    2.79   390.0    8.3      25.380
2012   11       13     3  18    2.79   390.0    8.3      25.383
2012   11       13     3  28    2.79   390.1    8.3      25.386
2012   11       13     3  38    2.79   390.1    8.3      25.389
2012   11       13     3  48    2.79   390.2    8.3      25.391
2012   11       13     3  58    2.79   390.2    8.3      25.393
2012   11       13     4   8    2.79   390.3    8.3      25.395
2012   11       13     4  18    2.79   390.3    8.3      25.397
2012   11       13     4  28    2.79   390.4    8.3      25.398
2012   11       13     4  38    2.79   390.4    8.3      25.399
2012   11       13     4  48    2.79   390.5    8.3      25.400
2012   11       13     4  58    2.79   390.5    8.3      25.401
2012   11       13     5   8    2.79   390.6    8.3      25.401
2012   11       13     5  18    2.79   390.6    8.3      25.402
2012   11       13     5  28    2.79   390.6    8.3      25.402
2012   11       13     5  38    2.79   390.7    8.3      25.402
2012   11       13     5  49    2.79   390.7    8.3      25.402
2012   11       13     5  59    2.79   390.8    8.3      25.402
2012   11       13     6   9    2.79   390.8    8.3      25.402
2012   11       13     6  19    2.79   390.9    8.3      25.401
2012   11       13     6  29    2.79   390.9    8.3      25.401
2012   11       13     6  39    2.79   390.9    8.3      25.401
2012   11       13     6  49    2.79   391.0    8.3      25.401
2012   11       13     6  59    2.79   391.0    8.3      25.401
2012   11       13     7   9    2.79   391.0    8.3      25.401
2012   11       13     7  19    2.79   391.1    8.3      25.401
2012   11       13     7  29    2.79   391.1    8.2      25.401
2012   11       13     7  39    2.79   391.2    8.2      25.402
2012   11       13     7  49    2.79   391.2    8.2      25.403
2012   11       13     7  59    2.79   391.2    8.2      25.404
2012   11       13     8   9    2.79   391.3    8.2      25.405
2012   11       13     8  19    2.79   391.3    8.2      25.406
2012   11       13     8  29    2.79   391.3    8.2      25.407
2012   11       13     8  39    2.78   391.4    8.2      25.409
2012   11       13     8  49    2.78   391.4    8.2      25.410
2012   11       13     8  59    2.78   391.5    8.2      25.411
2012   11       13     9   9    2.78   391.5    8.2      25.411
2012   11       13     9  19    2.78   391.5    8.2      25.412
2012   11       13     9  29    2.78   391.6    8.2      25.412
2012   11       13     9  40    2.78   391.6    8.2      25.412
2012   11       13     9  50    2.78   391.6    8.2      25.411
2012   11       13    10   0    2.78   391.7    8.2      25.410
2012   11       13    10  10    2.78   391.7    8.2      25.409
2012   11       13    10  20    2.78   391.7    8.2      25.408
2012   11       13    10  30    2.78   391.8    8.2      25.406
2012   11       13    10  37    2.78   391.8    8.2      25.406
2012   11       13    10  45    2.78   391.8    8.2      25.407
2012   11       13    10  53    2.78   391.8    8.2      25.407
2012   11       13    11   0    2.78   391.9    8.2      25.407
2012   11       13    11   8    2.78   391.9    8.2      25.407
2012   11       13    11  15    2.77   391.9    8.2      25.407
2012   11       13    11  23    2.77   391.9    8.2      25.407
2012   11       13    11  30    2.77   391.9    8.1      25.406
2012   11       13    11  38    2.77   392.0    8.1      25.406
2012   11       13    11  45    2.77   392.0    8.1      25.405
2012   11       13    11  52    2.77   392.0    8.1      25.405
2012   11       13    12   0    2.77   392.0    8.1      25.404
2012   11       13    12   7    2.77   392.0    8.1      25.403
2012   11       13    12  14    2.77   392.1    8.1      25.401
2012   11       13    12  21    2.77   392.1    8.1      25.400
2012   11       13    12  29    2.77   392.1    8.1      25.398
2012   11       13    12  36    2.77   392.1    8.1      25.397
2012   11       13    12  43    2.77   392.1    8.1      25.395
2012   11       13    12  51    2.77   392.2    8.1      25.393
2012   11       13    12  58    2.77   392.2    8.1      25.391
2012   11       13    13   5    2.77   392.2    8.1      25.388
2012   11       13    13  13    2.76   392.2    8.1      25.386
2012   11       13    13  20    2.76   392.2    8.1      25.383
2012   11       13    13  27    2.76   392.2    8.1      25.381
2012   11       13    13  35    2.76   392.3    8.1      25.378
2012   11       13    13  42    2.76   392.3    8.1      25.375
2012   11       13    13  49    2.76   392.3    8.1      25.372
2012   11       13    13  57    2.76   392.3    8.1      25.368
2012   11       13    14   4    2.76   392.3    8.1      25.365
2012   11       13    14  11    2.76   392.3    8.1      25.362
2012   11       13    14  19    2.76   392.3    8.1      25.358
2012   11       13    14  26    2.76   392.4    8.0      25.355
2012   11       13    14  33    2.76   392.4    8.0      25.352
2012   11       13    14  41    2.76   392.4    8.0      25.348
2012   11       13    14  48    2.75   392.4    8.0      25.345
2012   11       13    14  56    2.75   392.4    8.0      25.341
2012   11       13    15   3    2.75   392.4    8.0      25.337
2012   11       13    15  10    2.75   392.4    8.0      25.334
2012   11       13    15  18    2.75   392.4    8.0      25.330
2012   11       13    15  25    2.75   392.4    8.0      25.327
2012   11       13    15  33    2.75   392.5    8.0      25.323
2012   11       13    15  40    2.75   392.5    8.0      25.319
2012   11       13    15  48    2.75   392.5    8.0      25.315
2012   11       13    15  55    2.75   392.5    8.0      25.311
2012   11       13    16   3    2.75   392.5    8.0      25.307
2012   11       13    16  10    2.75   392.5    8.0      25.303
2012   11       13    16  18    2.74   392.5    8.0      25.299
2012   11       13    16  26    2.74   392.5    8.0      25.295
2012   11       13    16  33    2.74   392.5    8.0      25.291
2012   11       13    16  41    2.74   392.5    8.0      25.287
2012   11       13    16  49    2.74   392.5    8.0      25.283
2012   11       13    16  57    2.74   392.5    8.0      25.279
2012   11       13    17   4    2.74   392.5    8.0      25.274
2012   11       13    17  12    2.74   392.5    8.0      25.270
2012   11       13    17  20    2.74   392.5    8.0      25.266
2012   11       13    17  28    2.74   392.5    7.9      25.262
2012   11       13    17  36    2.74   392.5    7.9      25.257
2012   11       13    17  43    2.73   392.5    7.9      25.253
2012   11       13    17  51    2.73   392.5    7.9      25.249
2012   11       13    17  59    2.73   392.5    7.9      25.244
2012   11       13    18   7    2.73   392.5    7.9      25.240
2012   11       13    18  15    2.73   392.5    7.9      25.235
2012   11       13    18  23    2.73   392.5    7.9      25.231
2012   11       13    18  31    2.73   392.5    7.9      25.226
2012   11       13    18  38    2.73   392.5    7.9      25.221
2012   11       13    18  46    2.73   392.5    7.9      25.217
2012   11       13    18  54    2.73   392.5    7.9      25.212
2012   11       13    19   2    2.73   392.5    7.9      25.207
2012   11       13    19  10    2.73   392.5    7.9      25.203
2012   11       13    19  18    2.72   392.5    7.9      25.198
2012   11       13    19  26    2.72   392.5    7.9      25.193
2012   11       13    19  34    2.72   392.5    7.9      25.188
2012   11       13    19  43    2.72   392.5    7.9      25.183
2012   11       13    19  51    2.72   392.5    7.9      25.179
2012   11       13    19  59    2.72   392.5    7.9      25.174
2012   11       13    20   7    2.72   392.5    7.9      25.169
2012   11       13    20  15    2.72   392.5    7.9      25.164
2012   11       13    20  23    2.72   392.5    7.9      25.159
2012   11       13    20  32    2.72   392.5    7.9      25.153
2012   11       13    20  40    2.72   392.5    7.9      25.148
2012   11       13    20  48    2.71   392.5    7.9      25.142
2012   11       13    20  57    2.71   392.5    7.9      25.137
2012   11       13    21   5    2.71   392.5    7.9      25.131
2012   11       13    21  14    2.71   392.5    7.9      25.125
2012   11       13    21  22    2.71   392.5    7.8      25.118
2012   11       13    21  31    2.71   392.5    7.8      25.112
2012   11       13    21  39    2.71   392.5    7.8      25.105
2012   11       13    21  48    2.71   392.4    7.8      25.098
2012   11       13    21  57    2.71   392.4    7.8      25.090
2012   11       13    22   5    2.70   392.4    7.8      25.083
2012   11       13    22  14    2.70   392.4    7.8      25.076
2012   11       13    22  23    2.70   392.4    7.8      25.068
2012   11       13    22  31    2.70   392.4    7.8      25.060
2012   11       13    22  40    2.70   392.4    7.8      25.052
2012   11       13    22  49    2.70   392.4    7.8      25.044
2012   11       13    22  58    2.70   392.4    7.8      25.035
2012   11       13    23   7    2.70   392.4    7.8      25.027
2012   11       13    23  16    2.70   392.4    7.8      25.018
2012   11       13    23  25    2.69   392.4    7.8      25.009
2012   11       13    23  34    2.69   392.3    7.8      25.000
2012   11       13    23  43    2.69   392.3    7.8      24.991
2012   11       13    23  52    2.69   392.3    7.8      24.982
2012   11       14     0   1    2.69   392.3    7.8      24.973
2012   11       14     0  10    2.69   392.3    7.8      24.963
2012   11       14     0  19    2.69   392.3    7.8      24.953
2012   11       14     0  29    2.69   392.3    7.8      24.944
2012   11       14     0  38    2.69   392.2    7.8      24.934
2012   11       14     0  47    2.68   392.2    7.8      24.924
2012   11       14     0  56    2.68   392.2    7.7      24.914
2012   11       14     1   6    2.68   392.2    7.7      24.904
2012   11       14     1  15    2.68   392.2    7.7      24.894
2012   11       14     1  25    2.68   392.1    7.7      24.884
2012   11       14     1  34    2.68   392.1    7.7      24.874
2012   11       14     1  43    2.68   392.1    7.7      24.864
2012   11       14     1  53    2.68   392.1    7.7      24.854
2012   11       14     2   2    2.67   392.1    7.7      24.845
2012   11       14     2  12    2.67   392.0    7.7      24.835
2012   11       14     2  21    2.67   392.0    7.7      24.826
2012   11       14     2  31    2.67   392.0    7.7      24.816
2012   11       14     2  41    2.67   392.0    7.7      24.807
2012   11       14     2  50    2.67   391.9    7.7      24.798
2012   11       14     3   0    2.67   391.9    7.7      24.789
2012   11       14     3   9    2.67   391.9    7.7      24.780
2012   11       14     3  19    2.67   391.9    7.7      24.771
2012   11       14     3  29    2.66   391.9    7.7      24.763
2012   11       14     3  38    2.66   391.8    7.7      24.754
2012   11       14     3  48    2.66   391.8    7.7      24.745
2012   11       14     3  58    2.66   391.8    7.7      24.736
2012   11       14     4   8    2.66   391.8    7.7      24.728
2012   11       14     4  17    2.66   391.8    7.7      24.719
2012   11       14     4  27    2.66   391.7    7.7      24.709
2012   11       14     4  37    2.66   391.7    7.7      24.700
2012   11       14     4  47    2.66   391.7    7.7      24.690
2012   11       14     4  57    2.65   391.7    7.7      24.680
2012   11       14     5   6    2.65   391.6    7.7      24.669
2012   11       14     5  16    2.65   391.6    7.7      24.658
2012   11       14     5  26    2.65   391.6    7.7      24.647
2012   11       14     5  36    2.65   391.6    7.7      24.636
2012   11       14     5  46    2.65   391.5    7.6      24.624
2012   11       14     5  56    2.65   391.5    7.6      24.612
2012   11       14     6   6    2.64   391.5    7.6      24.600
2012   11       14     6  16    2.64   391.4    7.6      24.588
2012   11       14     6  26    2.64   391.4    7.6      24.575
2012   11       14     6  36    2.64   391.4    7.6      24.562
2012   11       14     6  46    2.64   391.4    7.6      24.549
2012   11       14     6  56    2.64   391.3    7.6      24.536
2012   11       14     7   6    2.64   391.3    7.6      24.522
2012   11       14     7  16    2.64   391.3    7.6      24.508
2012   11       14     7  26    2.63   391.2    7.6      24.494
2012   11       14     7  36    2.63   391.2    7.6      24.480
2012   11       14     7  46    2.63   391.2    7.6      24.466
2012   11       14     7  56    2.63   391.1    7.6      24.452
2012   11       14     8   6    2.63   391.1    7.6      24.437
2012   11       14     8  16    2.63   391.0    7.6      24.423
2012   11       14     8  26    2.63   391.0    7.6      24.408
2012   11       14     8  36    2.62   391.0    7.6      24.393
2012   11       14     8  46    2.62   390.9    7.6      24.379
2012   11       14     8  56    2.62   390.9    7.6      24.364
2012   11       14     9   6    2.62   390.9    7.6      24.349
2012   11       14     9  16    2.62   390.8    7.6      24.334
2012   11       14     9  26    2.62   390.8    7.6      24.319
2012   11       14     9  36    2.62   390.7    7.5      24.304
2012   11       14     9  46    2.62   390.7    7.5      24.290
2012   11       14     9  56    2.61   390.6    7.5      24.275
2012   11       14    10   6    2.61   390.6    7.5      24.260
2012   11       14    10  16    2.61   390.5    7.5      24.245
2012   11       14    10  26    2.61   390.5    7.5      24.230
2012   11       14    10  36    2.61   390.5    7.5      24.215
2012   11       14    10  46    2.61   390.4    7.5      24.200
2012   11       14    10  56    2.61   390.4    7.5      24.185
2012   11       14    11   6    2.61   390.3    7.5      24.170
2012   11       14    11  16    2.60   390.3    7.5      24.155
2012   11       14    11  26    2.60   390.2    7.5      24.140
2012   11       14    11  36    2.60   390.2    7.5      24.125
2012   11       14    11  46    2.60   390.1    7.5      24.110
2012   11       14    11  56    2.60   390.1    7.5      24.095
2012   11       14    12   6    2.60   390.0    7.5      24.080
2012   11       14    12  16    2.60   390.0    7.5      24.065
2012   11       14    12  26    2.60   389.9    7.5      24.050
2012   11       14    12  36    2.59   389.8    7.5      24.035
2012   11       14    12  46    2.59   389.8    7.5      24.020
2012   11       14    12  56    2.59   389.7    7.5      24.005
2012   11       14    13   6    2.59   389.7    7.5      23.990
2012   11       14    13  16    2.59   389.6    7.5      23.975
2012   11       14    13  26    2.59   389.6    7.5      23.961
2012   11       14    13  36    2.59   389.5    7.5      23.946
2012   11       14    13  46    2.59   389.5    7.5      23.931
2012   11       14    13  56    2.59   389.4    7.5      23.916
2012   11       14    14   6    2.58   389.3    7.4      23.902
2012   11       14    14  16    2.58   389.3    7.4      23.887
2012   11       14    14  26    2.58   389.2    7.4      23.873
2012   11       14    14  36    2.58   389.2    7.4      23.859
2012   11       14    14  46    2.58   389.1    7.4      23.845
2012   11       14    14  56    2.58   389.1    7.4      23.831
2012   11       14    15   6    2.58   389.0    7.4      23.817
2012   11       14    15  16    2.58   388.9    7.4      23.804
2012   11       14    15  26    2.58   388.9    7.4      23.790
2012   11       14    15  36    2.58   388.8    7.4      23.777
2012   11       14    15  46    2.57   388.8    7.4      23.763
2012   11       14    15  56    2.57   388.7    7.4      23.750
2012   11       14    16   6    2.57   388.6    7.4      23.737
2012   11       14    16  16    2.57   388.6    7.4      23.724
2012   11       14    16  26    2.57   388.5    7.4      23.710
2012   11       14    16  36    2.57   388.5    7.4      23.697
2012   11       14    16  46    2.57   388.4    7.4      23.684
2012   11       14    16  56    2.57   388.3    7.4      23.670
2012   11       14    17   6    2.57   388.3    7.4      23.657
2012   11       14    17  16    2.57   388.2    7.4      23.643
2012   11       14    17  26    2.57   388.1    7.4      23.630
2012   11       14    17  36    2.57   388.1    7.4      23.616
2012   11       14    17  46    2.56   388.0    7.4      23.602
2012   11       14    17  56    2.56   387.9    7.4      23.589
2012   11       14    18   6    2.56   387.9    7.4      23.575
2012   11       14    18  16    2.56   387.8    7.4      23.561
2012   11       14    18  26    2.56   387.7    7.4      23.547
2012   11       14    18  36    2.56   387.7    7.4      23.533
2012   11       14    18  46    2.56   387.6    7.4      23.519
2012   11       14    18  56    2.56   387.5    7.4      23.505
2012   11       14    19   6    2.56   387.5    7.4      23.492
2012   11       14    19  16    2.56   387.4    7.4      23.478
2012   11       14    19  26    2.56   387.3    7.4      23.464
2012   11       14    19  36    2.56   387.2    7.4      23.450
2012   11       14    19  46    2.56   387.2    7.4      23.437
2012   11       14    19  56    2.55   387.1    7.4      23.423
2012   11       14    20   6    2.55   387.0    7.4      23.410
2012   11       14    20  16    2.55   387.0    7.4      23.397
2012   11       14    20  26    2.55   386.9    7.4      23.384
2012   11       14    20  36    2.55   386.8    7.4      23.371
2012   11       14    20  46    2.55   386.8    7.4      23.358
2012   11       14    20  56    2.55   386.7    7.4      23.345
2012   11       14    21   6    2.55   386.6    7.4      23.333
2012   11       14    21  16    2.55   386.6    7.4      23.321
2012   11       14    21  26    2.55   386.5    7.4      23.309
2012   11       14    21  36    2.55   386.4    7.4      23.297
2012   11       14    21  46    2.55   386.4    7.4      23.285
2012   11       14    21  56    2.55   386.3    7.4      23.274
2012   11       14    22   6    2.55   386.2    7.4      23.262
2012   11       14    22  16    2.55   386.1    7.4      23.251
2012   11       14    22  26    2.55   386.1    7.4      23.240
2012   11       14    22  36    2.55   386.0    7.4      23.230
2012   11       14    22  46    2.55   385.9    7.4      23.219
2012   11       14    22  56    2.55   385.9    7.4      23.209
2012   11       14    23   6    2.54   385.8    7.4      23.199
2012   11       14    23  16    2.54   385.7    7.4      23.189
2012   11       14    23  26    2.54   385.7    7.4      23.179
2012   11       14    23  36    2.54   385.6    7.4      23.169
2012   11       14    23  46    2.54   385.5    7.4      23.159
2012   11       14    23  56    2.54   385.5    7.4      23.149
2012   11       15     0   6    2.54   385.4    7.4      23.139
2012   11       15     0  16    2.54   385.3    7.4      23.129
2012   11       15     0  26    2.54   385.3    7.4      23.119
2012   11       15     0  36    2.54   385.2    7.4      23.109
2012   11       15     0  46    2.54   385.2    7.4      23.099
2012   11       15     0  56    2.54   385.1    7.4      23.090
2012   11       15     1   6    2.54   385.0    7.4      23.080
2012   11       15     1  16    2.54   384.9    7.4      23.070
2012   11       15     1  26    2.54   384.9    7.4      23.060
2012   11       15     1  36    2.54   384.8    7.4      23.050
2012   11       15     1  46    2.54   384.7    7.4      23.040
2012   11       15     1  56    2.54   384.7    7.4      23.031
2012   11       15     2   6    2.54   384.6    7.4      23.021
2012   11       15     2  16    2.54   384.5    7.4      23.011
2012   11       15     2  26    2.54   384.5    7.4      23.001
2012   11       15     2  36    2.54   384.4    7.4      22.991
2012   11       15     2  46    2.54   384.3    7.4      22.981
2012   11       15     2  56    2.54   384.3    7.4      22.971
2012   11       15     3   6    2.54   384.2    7.4      22.961
2012   11       15     3  16    2.54   384.1    7.4      22.952
2012   11       15     3  26    2.54   384.1    7.4      22.942
2012   11       15     3  36    2.54   384.0    7.4      22.932
2012   11       15     3  46    2.54   384.0    7.4      22.922
2012   11       15     3  56    2.54   383.9    7.4      22.913
2012   11       15     4   6    2.54   383.8    7.4      22.903
2012   11       15     4  16    2.53   383.8    7.4      22.894
2012   11       15     4  26    2.53   383.7    7.4      22.885
2012   11       15     4  36    2.53   383.6    7.4      22.876
2012   11       15     4  46    2.53   383.6    7.4      22.867
2012   11       15     4  56    2.53   383.5    7.4      22.857
2012   11       15     5   6    2.53   383.4    7.4      22.848
2012   11       15     5  16    2.53   383.4    7.4      22.839
2012   11       15     5  26    2.53   383.3    7.4      22.830
2012   11       15     5  36    2.53   383.2    7.4      22.821
2012   11       15     5  46    2.53   383.2    7.4      22.812
2012   11       15     5  56    2.53   383.1    7.4      22.803
2012   11       15     6   6    2.53   383.0    7.4      22.793
2012   11       15     6  16    2.53   383.0    7.4      22.784
2012   11       15     6  26    2.53   382.9    7.4      22.774
2012   11       15     6  36    2.53   382.8    7.4      22.764
2012   11       15     6  46    2.53   382.8    7.4      22.755
2012   11       15     6  56    2.53   382.7    7.4      22.745
2012   11       15     7   6    2.53   382.6    7.4      22.735
2012   11       15     7  16    2.53   382.6    7.4      22.725
2012   11       15     7  26    2.53   382.5    7.4      22.715
2012   11       15     7  36    2.53   382.4    7.4      22.705
2012   11       15     7  46    2.53   382.4    7.4      22.695
2012   11       15     7  56    2.53   382.3    7.4      22.685
2012   11       15     8   6    2.53   382.2    7.4      22.675
2012   11       15     8  16    2.53   382.2    7.4      22.665
2012   11       15     8  26    2.53   382.1    7.4      22.655
2012   11       15     8  36    2.53   382.0    7.4      22.645
2012   11       15     8  46    2.53   382.0    7.4      22.636
2012   11       15     8  56    2.53   381.9    7.4      22.626
2012   11       15     9   6    2.53   381.8    7.4      22.616
2012   11       15     9  16    2.53   381.8    7.4      22.606
2012   11       15     9  26    2.53   381.7    7.4      22.597
2012   11       15     9  36    2.53   381.6    7.4      22.588
2012   11       15     9  46    2.53   381.6    7.4      22.578
2012   11       15     9  56    2.53   381.5    7.4      22.569
2012   11       15    10   6    2.53   381.4    7.4      22.560
2012   11       15    10  16    2.53   381.4    7.4      22.552
2012   11       15    10  26    2.53   381.3    7.4      22.543
2012   11       15    10  36    2.53   381.2    7.4      22.535
2012   11       15    10  46    2.53   381.2    7.4      22.527
2012   11       15    10  56    2.53   381.1    7.4      22.519
2012   11       15    11   6    2.53   381.0    7.4      22.512
2012   11       15    11  16    2.53   381.0    7.4      22.505
2012   11       15    11  26    2.53   380.9    7.4      22.499
2012   11       15    11  36    2.53   380.8    7.4      22.493
2012   11       15    11  46    2.53   380.8    7.4      22.487
2012   11       15    11  56    2.53   380.7    7.4      22.481
2012   11       15    12   6    2.53   380.6    7.4      22.476
2012   11       15    12  16    2.53   380.6    7.4      22.471
2012   11       15    12  26    2.53   380.5    7.4      22.466
2012   11       15    12  36    2.53   380.4    7.4      22.461
2012   11       15    12  46    2.53   380.4    7.4      22.457
2012   11       15    12  56    2.53   380.3    7.4      22.452
2012   11       15    13   6    2.53   380.2    7.4      22.447
2012   11       15    13  16    2.53   380.2    7.4      22.442
2012   11       15    13  26    2.53   380.1    7.4      22.438
2012   11       15    13  36    2.53   380.0    7.4      22.433
2012   11       15    13  46    2.53   380.0    7.4      22.428
2012   11       15    13  56    2.53   379.9    7.4      22.422
2012   11       15    14   6    2.53   379.9    7.4      22.417
2012   11       15    14  16    2.53   379.8    7.4      22.412
2012   11       15    14  26    2.53   379.7    7.4      22.407
2012   11       15    14  36    2.53   379.7    7.4      22.401
2012   11       15    14  46    2.53   379.6    7.4      22.396
2012   11       15    14  56    2.53   379.5    7.4      22.390
2012   11       15    15   6    2.53   379.5    7.4      22.385
2012   11       15    15  16    2.53   379.4    7.4      22.379
2012   11       15    15  26    2.53   379.3    7.4      22.373
2012   11       15    15  36    2.53   379.3    7.4      22.367
2012   11       15    15  46    2.53   379.2    7.4      22.361
2012   11       15    15  56    2.53   379.1    7.4      22.355
2012   11       15    16   6    2.53   379.1    7.4      22.349
2012   11       15    16  16    2.53   379.0    7.4      22.343
2012   11       15    16  26    2.53   378.9    7.4      22.337
2012   11       15    16  36    2.53   378.9    7.4      22.330
2012   11       15    16  46    2.53   378.8    7.4      22.324
2012   11       15    16  56    2.53   378.7    7.4      22.318
2012   11       15    17   6    2.53   378.7    7.5      22.311
2012   11       15    17  16    2.53   378.6    7.5      22.305
2012   11       15    17  26    2.53   378.5    7.5      22.299
2012   11       15    17  36    2.53   378.5    7.5      22.293
2012   11       15    17  46    2.53   378.4    7.5      22.286
2012   11       15    17  56    2.53   378.3    7.5      22.280
2012   11       15    18   6    2.53   378.3    7.5      22.274
2012   11       15    18  16    2.53   378.2    7.5      22.268
2012   11       15    18  26    2.53   378.1    7.5      22.263
2012   11       15    18  36    2.53   378.1    7.5      22.257
2012   11       15    18  46    2.53   378.0    7.5      22.252
2012   11       15    18  56    2.53   377.9    7.5      22.246
2012   11       15    19   6    2.53   377.9    7.5      22.241
2012   11       15    19  16    2.53   377.8    7.5      22.236
2012   11       15    19  26    2.53   377.7    7.5      22.231
2012   11       15    19  36    2.53   377.7    7.5      22.227
2012   11       15    19  46    2.53   377.6    7.5      22.222
2012   11       15    19  56    2.53   377.5    7.5      22.218
2012   11       15    20   6    2.53   377.5    7.5      22.213
2012   11       15    20  16    2.53   377.4    7.5      22.209
2012   11       15    20  26    2.53   377.3    7.5      22.206
2012   11       15    20  36    2.53   377.3    7.5      22.202
2012   11       15    20  46    2.53   377.2    7.5      22.198
2012   11       15    20  56    2.53   377.1    7.5      22.195
2012   11       15    21   6    2.53   377.1    7.5      22.192
2012   11       15    21  16    2.53   377.0    7.5      22.189
2012   11       15    21  26    2.53   376.9    7.5      22.186
2012   11       15    21  36    2.53   376.9    7.5      22.183
2012   11       15    21  46    2.53   376.8    7.5      22.181
2012   11       15    21  56    2.53   376.8    7.5      22.178
2012   11       15    22   6    2.53   376.7    7.5      22.176
2012   11       15    22  16    2.53   376.6    7.5      22.174
2012   11       15    22  26    2.53   376.6    7.5      22.172
2012   11       15    22  36    2.54   376.5    7.5      22.171
2012   11       15    22  46    2.54   376.4    7.5      22.169
2012   11       15    22  56    2.54   376.4    7.5      22.167
2012   11       15    23   6    2.54   376.3    7.5      22.166
2012   11       15    23  16    2.54   376.2    7.5      22.165
2012   11       15    23  26    2.54   376.2    7.5      22.163
2012   11       15    23  36    2.54   376.1    7.5      22.162
2012   11       15    23  46    2.54   376.1    7.5      22.160
2012   11       15    23  56    2.54   376.0    7.5      22.158
2012   11       16     0   6    2.54   375.9    7.5      22.157
2012   11       16     0  16    2.54   375.9    7.5      22.155
2012   11       16     0  26    2.54   375.8    7.6      22.153
2012   11       16     0  36    2.54   375.8    7.6      22.151
2012   11       16     0  46    2.54   375.7    7.6      22.149
2012   11       16     0  56    2.54   375.6    7.6      22.146
2012   11       16     1   6    2.54   375.6    7.6      22.143
2012   11       16     1  16    2.54   375.5    7.6      22.141
2012   11       16     1  26    2.54   375.4    7.6      22.137
2012   11       16     1  36    2.54   375.4    7.6      22.134
2012   11       16     1  46    2.54   375.3    7.6      22.131
2012   11       16     1  56    2.54   375.2    7.6      22.127
2012   11       16     2   6    2.54   375.2    7.6      22.123
2012   11       16     2  16    2.54   375.1    7.6      22.119
2012   11       16     2  26    2.54   375.0    7.6      22.115
2012   11       16     2  36    2.54   375.0    7.6      22.110
2012   11       16     2  46    2.54   374.9    7.6      22.106
2012   11       16     2  56    2.54   374.8    7.6      22.101
2012   11       16     3   6    2.54   374.8    7.6      22.096
2012   11       16     3  16    2.54   374.7    7.6      22.092
2012   11       16     3  26    2.54   374.6    7.6      22.087
2012   11       16     3  36    2.53   374.6    7.6      22.082
2012   11       16     3  46    2.53   374.5    7.6      22.077
2012   11       16     3  56    2.53   374.4    7.6      22.072
2012   11       16     4   6    2.53   374.4    7.6      22.067
2012   11       16     4  16    2.53   374.3    7.6      22.062
2012   11       16     4  26    2.53   374.2    7.6      22.057
2012   11       16     4  36    2.53   374.2    7.6      22.052
2012   11       16     4  46    2.53   374.1    7.6      22.047
2012   11       16     4  56    2.53   374.0    7.6      22.042
2012   11       16     5   6    2.53   374.0    7.6      22.037
2012   11       16     5  16    2.53   373.9    7.6      22.033
2012   11       16     5  26    2.53   373.8    7.6      22.028
2012   11       16     5  36    2.53   373.8    7.6      22.024
2012   11       16     5  46    2.53   373.7    7.6      22.020
2012   11       16     5  56    2.53   373.6    7.6      22.016
2012   11       16     6   6    2.53   373.6    7.6      22.012
2012   11       16     6  16    2.53   373.5    7.6      22.008
2012   11       16     6  26    2.53   373.4    7.6      22.004
2012   11       16     6  36    2.53   373.3    7.6      22.000
2012   11       16     6  46    2.53   373.3    7.6      21.997
2012   11       16     6  56    2.53   373.2    7.6      21.993
2012   11       16     7   6    2.53   373.1    7.6      21.989
2012   11       16     7  16    2.53   373.1    7.6      21.986
2012   11       16     7  26    2.53   373.0    7.6      21.982
2012   11       16     7  36    2.53   372.9    7.6      21.979
2012   11       16     7  46    2.53   372.9    7.6      21.975
2012   11       16     7  56    2.53   372.8    7.6      21.972
2012   11       16     8   6    2.53   372.7    7.6      21.968
2012   11       16     8  16    2.53   372.6    7.6      21.965
2012   11       16     8  26    2.53   372.6    7.6      21.961
2012   11       16     8  36    2.53   372.5    7.6      21.957
2012   11       16     8  46    2.52   372.4    7.6      21.953
2012   11       16     8  56    2.52   372.3    7.6      21.948
2012   11       16     9   6    2.52   372.3    7.6      21.944
2012   11       16     9  16    2.52   372.2    7.6      21.939
2012   11       16     9  26    2.52   372.1    7.6      21.935
2012   11       16     9  36    2.52   372.0    7.6      21.930
2012   11       16     9  46    2.52   372.0    7.6      21.924
2012   11       16     9  56    2.52   371.9    7.6      21.919
2012   11       16    10   6    2.52   371.8    7.6      21.913
2012   11       16    10  16    2.52   371.7    7.6      21.907
2012   11       16    10  26    2.52   371.7    7.6      21.901
2012   11       16    10  36    2.52   371.6    7.6      21.894
2012   11       16    10  46    2.52   371.5    7.6      21.887
2012   11       16    10  56    2.51   371.4    7.6      21.880
2012   11       16    11   6    2.51   371.3    7.6      21.873
2012   11       16    11  16    2.51   371.3    7.6      21.866
2012   11       16    11  26    2.51   371.2    7.6      21.858
2012   11       16    11  36    2.51   371.1    7.6      21.850
2012   11       16    11  46    2.51   371.0    7.6      21.842
2012   11       16    11  56    2.51   370.9    7.6      21.834
2012   11       16    12   6    2.51   370.8    7.6      21.825
2012   11       16    12  16    2.51   370.8    7.6      21.816
2012   11       16    12  26    2.51   370.7    7.6      21.807
2012   11       16    12  36    2.50   370.6    7.6      21.798
2012   11       16    12  46    2.50   370.5    7.6      21.788
2012   11       16    12  56    2.50   370.4    7.6      21.778
2012   11       16    13   6    2.50   370.3    7.6      21.769
2012   11       16    13  16    2.50   370.2    7.6      21.759
2012   11       16    13  26    2.50   370.1    7.6      21.749
2012   11       16    13  36    2.50   370.1    7.6      21.738
2012   11       16    13  46    2.50   370.0    7.6      21.728
2012   11       16    13  56    2.50   369.9    7.6      21.718
2012   11       16    14   6    2.49   369.8    7.6      21.708
2012   11       16    14  16    2.49   369.7    7.6      21.697
2012   11       16    14  26    2.49   369.6    7.6      21.687
2012   11       16    14  36    2.49   369.5    7.6      21.677
2012   11       16    14  46    2.49   369.4    7.6      21.666
2012   11       16    14  56    2.49   369.3    7.6      21.656
2012   11       16    15   6    2.49   369.2    7.6      21.646
2012   11       16    15  16    2.49   369.1    7.6      21.636
2012   11       16    15  26    2.48   369.0    7.6      21.626
2012   11       16    15  36    2.48   368.9    7.6      21.616
2012   11       16    15  46    2.48   368.8    7.6      21.605
2012   11       16    15  56    2.48   368.7    7.6      21.595
2012   11       16    16   6    2.48   368.6    7.6      21.585
2012   11       16    16  16    2.48   368.5    7.7      21.575
2012   11       16    16  26    2.48   368.4    7.7      21.564
2012   11       16    16  36    2.48   368.3    7.7      21.554
2012   11       16    16  46    2.47   368.2    7.7      21.543
2012   11       16    16  56    2.47   368.1    7.7      21.532
2012   11       16    17   6    2.47   367.9    7.7      21.521
2012   11       16    17  16    2.47   367.8    7.7      21.509
2012   11       16    17  26    2.47   367.7    7.7      21.498
2012   11       16    17  36    2.47   367.6    7.7      21.486
2012   11       16    17  46    2.47   367.5    7.7      21.474
2012   11       16    17  56    2.47   367.4    7.7      21.462
2012   11       16    18   6    2.46   367.3    7.7      21.450
2012   11       16    18  16    2.46   367.2    7.7      21.437
2012   11       16    18  26    2.46   367.0    7.7      21.424
2012   11       16    18  36    2.46   366.9    7.7      21.411
2012   11       16    18  46    2.46   366.8    7.7      21.398
2012   11       16    18  56    2.46   366.7    7.7      21.385
2012   11       16    19   6    2.46   366.6    7.7      21.371
2012   11       16    19  16    2.45   366.5    7.7      21.358
2012   11       16    19  26    2.45   366.3    7.7      21.344
2012   11       16    19  36    2.45   366.2    7.7      21.329
2012   11       16    19  46    2.45   366.1    7.7      21.315
2012   11       16    19  56    2.45   366.0    7.7      21.300
2012   11       16    20   6    2.45   365.9    7.7      21.285
2012   11       16    20  16    2.44   365.7    7.7      21.270
2012   11       16    20  26    2.44   365.6    7.7      21.255
2012   11       16    20  36    2.44   365.5    7.7      21.240
2012   11       16    20  46    2.44   365.4    7.7      21.224
2012   11       16    20  56    2.44   365.2    7.7      21.208
2012   11       16    21   6    2.44   365.1    7.7      21.193
2012   11       16    21  16    2.44   365.0    7.7      21.177
2012   11       16    21  26    2.43   364.9    7.7      21.161
2012   11       16    21  36    2.43   364.7    7.7      21.145
2012   11       16    21  46    2.43   364.6    7.7      21.128
2012   11       16    21  56    2.43   364.5    7.7      21.112
2012   11       16    22   6    2.43   364.3    7.7      21.096
2012   11       16    22  16    2.43   364.2    7.7      21.079
2012   11       16    22  26    2.43   364.1    7.7      21.063
2012   11       16    22  36    2.42   363.9    7.7      21.047
2012   11       16    22  46    2.42   363.8    7.7      21.030
2012   11       16    22  56    2.42   363.7    7.7      21.014
2012   11       16    23   6    2.42   363.5    7.7      20.997
2012   11       16    23  16    2.42   363.4    7.7      20.981
2012   11       16    23  26    2.42   363.2    7.7      20.965
2012   11       16    23  36    2.42   363.1    7.7      20.948
2012   11       16    23  46    2.41   363.0    7.7      20.932
2012   11       16    23  56    2.41   362.8    7.7      20.916
2012   11       17     0   6    2.41   362.7    7.7      20.900
2012   11       17     0  16    2.41   362.5    7.7      20.883
2012   11       17     0  26    2.41   362.4    7.7      20.868
2012   11       17     0  36    2.41   362.2    7.7      20.852
2012   11       17     0  46    2.41   362.1    7.7      20.836
2012   11       17     0  56    2.41   361.9    7.7      20.820
2012   11       17     1   6    2.40   361.8    7.7      20.805
2012   11       17     1  16    2.40   361.6    7.7      20.789
2012   11       17     1  26    2.40   361.4    7.7      20.774
2012   11       17     1  36    2.40   361.3    7.7      20.759
2012   11       17     1  46    2.40   361.1    7.7      20.744
2012   11       17     1  56    2.40   361.0    7.7      20.729
2012   11       17     2   6    2.40   360.8    7.7      20.714
2012   11       17     2  16    2.40   360.7    7.7      20.699
2012   11       17     2  26    2.40   360.5    7.7      20.684
2012   11       17     2  36    2.40   360.4    7.7      20.669
2012   11       17     2  46    2.39   360.2    7.7      20.654
2012   11       17     2  56    2.39   360.0    7.7      20.639
2012   11       17     3   6    2.39   359.9    7.7      20.624
2012   11       17     3  16    2.39   359.7    7.7      20.609
2012   11       17     3  26    2.39   359.6    7.7      20.594
2012   11       17     3  36    2.39   359.4    7.7      20.578
2012   11       17     3  46    2.39   359.2    7.7      20.563
2012   11       17     3  56    2.39   359.1    7.7      20.547
2012   11       17     4   6    2.39   358.9    7.7      20.531
2012   11       17     4  16    2.39   358.8    7.7      20.515
2012   11       17     4  26    2.39   358.6    7.7      20.498
2012   11       17     4  36    2.39   358.4    7.7      20.482
2012   11       17     4  46    2.38   358.3    7.7      20.465
2012   11       17     4  56    2.38   358.1    7.7      20.448
2012   11       17     5   6    2.38   357.9    7.7      20.431
2012   11       17     5  16    2.38   357.8    7.8      20.413
2012   11       17     5  26    2.38   357.6    7.8      20.396
2012   11       17     5  36    2.38   357.4    7.8      20.378
2012   11       17     5  46    2.38   357.3    7.8      20.360
2012   11       17     5  56    2.38   357.1    7.8      20.342
2012   11       17     6   6    2.38   356.9    7.8      20.324
2012   11       17     6  15    2.38   356.7    7.8      20.306
2012   11       17     6  25    2.38   356.6    7.8      20.288
2012   11       17     6  35    2.38   356.4    7.8      20.270
2012   11       17     6  45    2.38   356.2    7.8      20.252
2012   11       17     6  55    2.38   356.0    7.8      20.234
2012   11       17     7   5    2.37   355.8    7.8      20.217
2012   11       17     7  15    2.37   355.6    7.8      20.199
2012   11       17     7  25    2.37   355.4    7.8      20.182
2012   11       17     7  35    2.37   355.3    7.8      20.165
2012   11       17     7  45    2.37   355.1    7.8      20.149
2012   11       17     7  55    2.37   354.9    7.8      20.133
2012   11       17     8   5    2.37   354.7    7.8      20.117
2012   11       17     8  15    2.37   354.5    7.8      20.101
2012   11       17     8  25    2.37   354.3    7.8      20.086
2012   11       17     8  35    2.37   354.1    7.8      20.071
2012   11       17     8  45    2.37   353.9    7.9      20.057
2012   11       17     8  55    2.37   353.7    7.9      20.043
2012   11       17     9   5    2.37   353.5    7.9      20.029
2012   11       17     9  15    2.37   353.3    7.9      20.016
2012   11       17     9  25    2.37   353.1    7.9      20.003
2012   11       17     9  36    2.37   352.9    7.9      19.990
2012   11       17     9  46    2.37   352.7    7.9      19.977
2012   11       17     9  56    2.37   352.5    7.9      19.965
2012   11       17    10   6    2.38   352.3    7.9      19.952
2012   11       17    10  16    2.38   352.1    7.9      19.940
2012   11       17    10  26    2.38   351.9    7.9      19.927
2012   11       17    10  36    2.38   351.7    8.0      19.915
2012   11       17    10  46    2.38   351.5    8.0      19.903
2012   11       17    10  56    2.38   351.3    8.0      19.891
2012   11       17    11   6    2.38   351.1    8.0      19.879
2012   11       17    11  16    2.38   350.9    8.0      19.867
2012   11       17    11  26    2.38   350.7    8.0      19.855
2012   11       17    11  36    2.38   350.4    8.0      19.843
2012   11       17    11  46    2.38   350.2    8.0      19.831
2012   11       17    11  56    2.38   350.0    8.0      19.819
2012   11       17    12   6    2.39   349.8    8.1      19.807
2012   11       17    12  16    2.39   349.6    8.1      19.795
2012   11       17    12  25    2.39   349.4    8.1      19.784
2012   11       17    12  35    2.39   349.2    8.1      19.772
2012   11       17    12  45    2.39   349.0    8.1      19.761
2012   11       17    12  55    2.39   348.8    8.1      19.749
2012   11       17    13   5    2.39   348.6    8.1      19.738
2012   11       17    13  15    2.39   348.3    8.1      19.727
2012   11       17    13  25    2.40   348.1    8.2      19.716
2012   11       17    13  35    2.40   347.9    8.2      19.705
2012   11       17    13  45    2.40   347.7    8.2      19.694
2012   11       17    13  55    2.40   347.5    8.2      19.684
2012   11       17    14   5    2.40   347.3    8.2      19.674
2012   11       17    14  15    2.40   347.1    8.2      19.663
2012   11       17    14  25    2.41   346.9    8.2      19.653
2012   11       17    14  35    2.41   346.7    8.2      19.644
2012   11       17    14  45    2.41   346.4    8.3      19.634
2012   11       17    14  55    2.41   346.2    8.3      19.625
2012   11       17    15   5    2.42   346.0    8.3      19.617
2012   11       17    15  15    2.42   345.8    8.3      19.609
2012   11       17    15  25    2.42   345.6    8.3      19.601
2012   11       17    15  35    2.42   345.4    8.3      19.593
2012   11       17    15  45    2.42   345.2    8.3      19.587
2012   11       17    15  55    2.43   345.0    8.4      19.581
2012   11       17    16   5    2.43   344.8    8.4      19.575
2012   11       17    16  15    2.43   344.6    8.4      19.570
2012   11       17    16  25    2.44   344.4    8.4      19.566
2012   11       17    16  35    2.44   344.2    8.4      19.563
2012   11       17    16  45    2.44   343.9    8.4      19.560
2012   11       17    16  55    2.45   343.7    8.5      19.559
2012   11       17    17   5    2.45   343.5    8.5      19.558
2012   11       17    17  15    2.45   343.3    8.5      19.558
2012   11       17    17  25    2.46   343.1    8.5      19.559
2012   11       17    17  35    2.46   342.9    8.5      19.562
2012   11       17    17  45    2.47   342.7    8.6      19.565
2012   11       17    17  55    2.47   342.6    8.6      19.569
2012   11       17    18   5    2.48   342.4    8.6      19.575
2012   11       17    18  15    2.48   342.2    8.6      19.582
2012   11       17    18  25    2.48   342.0    8.7      19.590
2012   11       17    18  35    2.49   341.8    8.7      19.599
2012   11       17    18  45    2.50   341.6    8.7      19.610
2012   11       17    18  55    2.50   341.5    8.7      19.622
2012   11       17    19   5    2.51   341.3    8.8      19.635
2012   11       17    19  15    2.51   341.1    8.8      19.650
2012   11       17    19  25    2.52   341.0    8.8      19.665
2012   11       17    19  35    2.52   340.8    8.8      19.681
2012   11       17    19  45    2.53   340.7    8.9      19.698
2012   11       17    19  55    2.54   340.5    8.9      19.716
2012   11       17    20   5    2.54   340.4    8.9      19.734
2012   11       17    20  15    2.55   340.2    9.0      19.753
2012   11       17    20  25    2.55   340.1    9.0      19.771
2012   11       17    20  35    2.56   339.9    9.0      19.790
2012   11       17    20  45    2.57   339.8    9.0      19.809
2012   11       17    20  55    2.57   339.6    9.1      19.828
2012   11       17    21   5    2.58   339.5    9.1      19.847
2012   11       17    21  15    2.59   339.3    9.1      19.866
2012   11       17    21  25    2.59   339.2    9.1      19.886
2012   11       17    21  35    2.60   339.1    9.2      19.905
2012   11       17    21  45    2.61   338.9    9.2      19.925
2012   11       17    21  55    2.61   338.8    9.2      19.945
2012   11       17    22   5    2.62   338.7    9.3      19.965
2012   11       17    22  15    2.63   338.6    9.3      19.986
2012   11       17    22  25    2.64   338.4    9.3      20.006
2012   11       17    22  35    2.64   338.3    9.3      20.028
2012   11       17    22  45    2.65   338.2    9.4      20.049
2012   11       17    22  55    2.66   338.1    9.4      20.071
2012   11       17    23   5    2.67   338.0    9.4      20.093
2012   11       17    23  15    2.68   337.9    9.5      20.115
2012   11       17    23  25    2.68   337.7    9.5      20.138
2012   11       17    23  35    2.69   337.6    9.5      20.161
2012   11       17    23  45    2.70   337.5    9.5      20.185
2012   11       17    23  55    2.71   337.4    9.6      20.209
2012   11       18     0   5    2.72   337.3    9.6      20.234
2012   11       18     0  15    2.73   337.2    9.6      20.259
2012   11       18     0  25    2.74   337.1    9.7      20.285
2012   11       18     0  35    2.75   337.0    9.7      20.311
2012   11       18     0  45    2.76   337.0    9.7      20.339
2012   11       18     0  55    2.77   336.9    9.8      20.367
2012   11       18     1   5    2.77   336.8    9.8      20.396
2012   11       18     1  15    2.78   336.7    9.9      20.426
2012   11       18     1  25    2.79   336.6    9.9      20.456
2012   11       18     1  35    2.81   336.5    9.9      20.488
2012   11       18     1  45    2.82   336.5   10.0      20.521
2012   11       18     1  55    2.83   336.4   10.0      20.555
2012   11       18     2   5    2.84   336.3   10.0      20.590
2012   11       18     2  15    2.85   336.3   10.1      20.627
2012   11       18     2  25    2.86   336.2   10.1      20.664
2012   11       18     2  35    2.87   336.1   10.2      20.704
2012   11       18     2  45    2.88   336.1   10.2      20.745
2012   11       18     2  55    2.89   336.0   10.3      20.787
2012   11       18     3   5    2.91   336.0   10.3      20.831
2012   11       18     3  15    2.92   335.9   10.4      20.877
2012   11       18     3  25    2.93   335.9   10.4      20.926
2012   11       18     3  35    2.95   335.9   10.5      20.979
2012   11       18     3  45    2.96   335.8   10.5      21.036
2012   11       18     3  55    2.97   335.8   10.6      21.094
2012   11       18     4   5    2.99   335.8   10.6      21.155
2012   11       18     4  15    3.00   335.8   10.7      21.218
2012   11       18     4  25    3.02   335.8   10.8      21.282
2012   11       18     4  35    3.03   335.9   10.8      21.346
2012   11       18     4  45    3.04   335.9   10.9      21.412
2012   11       18     4  55    3.06   335.9   10.9      21.478
2012   11       18     5   5    3.07   336.0   11.0      21.544
2012   11       18     5  15    3.09   336.0   11.0      21.608
2012   11       18     5  25    3.10   336.0   11.1      21.671
2012   11       18     5  35    3.11   336.1   11.2      21.733
2012   11       18     5  45    3.13   336.1   11.2      21.793
2012   11       18     5  55    3.14   336.2   11.3      21.853
2012   11       18     6   5    3.16   336.2   11.3      21.911
2012   11       18     6  15    3.17   336.3   11.4      21.968
2012   11       18     6  25    3.18   336.3   11.4      22.024
2012   11       18     6  35    3.20   336.4   11.5      22.079
2012   11       18     6  45    3.21   336.4   11.5      22.133
2012   11       18     6  55    3.23   336.5   11.6      22.186
2012   11       18     7   5    3.24   336.6   11.6      22.239
2012   11       18     7  15    3.25   336.6   11.7      22.291
2012   11       18     7  25    3.27   336.7   11.7      22.343
2012   11       18     7  35    3.28   336.7   11.8      22.394
2012   11       18     7  45    3.30   336.8   11.8      22.445
2012   11       18     7  55    3.31   336.9   11.9      22.496
2012   11       18     8   5    3.32   336.9   11.9      22.547
2012   11       18     8  15    3.34   337.0   12.0      22.598
2012   11       18     8  25    3.35   337.1   12.0      22.649
2012   11       18     8  35    3.37   337.1   12.1      22.701
2012   11       18     8  45    3.38   337.2   12.1      22.753
2012   11       18     8  55    3.40   337.3   12.2      22.807
2012   11       18     9   5    3.41   337.4   12.3      22.862
2012   11       18     9  15    3.43   337.4   12.3      22.917
2012   11       18     9  25    3.44   337.5   12.4      22.974
2012   11       18     9  35    3.46   337.6   12.4      23.034
2012   11       18     9  45    3.47   337.7   12.5      23.096
2012   11       18     9  55    3.49   337.8   12.6      23.163
2012   11       18    10   5    3.50   338.0   12.6      23.234
2012   11       18    10  15    3.52   338.1   12.7      23.311
2012   11       18    10  25    3.54   338.2   12.8      23.392
2012   11       18    10  35    3.55   338.4   12.9      23.482
2012   11       18    10  45    3.57   338.6   12.9      23.578
2012   11       18    10  55    3.59   338.8   13.0      23.682
2012   11       18    11   4    3.61   339.0   13.1      23.792
2012   11       18    11  14    3.62   339.2   13.1      23.907
2012   11       18    11  24    3.64   339.4   13.2      24.026
2012   11       18    11  34    3.66   339.7   13.3      24.148
2012   11       18    11  44    3.68   339.9   13.3      24.271
2012   11       18    11  54    3.70   340.2   13.4      24.394
2012   11       18    12   4    3.71   340.4   13.4      24.517
2012   11       18    12  14    3.73   340.7   13.5      24.640
2012   11       18    12  24    3.75   340.9   13.5      24.759
2012   11       18    12  34    3.77   341.2   13.6      24.876
2012   11       18    12  44    3.78   341.4   13.6      24.989
2012   11       18    12  54    3.80   341.7   13.7      25.100
2012   11       18    13   4    3.82   341.9   13.7      25.208
2012   11       18    13  14    3.83   342.2   13.7      25.314
2012   11       18    13  24    3.85   342.4   13.8      25.416
2012   11       18    13  34    3.86   342.7   13.8      25.517
2012   11       18    13  44    3.88   342.9   13.8      25.614
2012   11       18    13  54    3.89   343.2   13.8      25.710
2012   11       18    14   4    3.91   343.4   13.9      25.802
2012   11       18    14  14    3.92   343.6   13.9      25.893
2012   11       18    14  24    3.94   343.9   13.9      25.981
2012   11       18    14  34    3.95   344.1   13.9      26.068
2012   11       18    14  44    3.96   344.4   14.0      26.152
2012   11       18    14  54    3.98   344.6   14.0      26.234
2012   11       18    15   4    3.99   344.8   14.0      26.315
2012   11       18    15  14    4.00   345.1   14.0      26.394
2012   11       18    15  24    4.02   345.3   14.0      26.472
2012   11       18    15  35    4.03   345.6   14.1      26.548
2012   11       18    15  45    4.04   345.8   14.1      26.624
2012   11       18    15  55    4.06   346.0   14.1      26.699
2012   11       18    16   5    4.07   346.3   14.1      26.774
2012   11       18    16  15    4.08   346.5   14.1      26.849
2012   11       18    16  25    4.09   346.8   14.1      26.924
2012   11       18    16  35    4.11   347.0   14.2      26.999
2012   11       18    16  45    4.12   347.3   14.2      27.074
2012   11       18    16  55    4.13   347.5   14.2      27.151
2012   11       18    17   4    4.14   347.7   14.2      27.228
2012   11       18    17  14    4.16   348.0   14.3      27.306
2012   11       18    17  24    4.17   348.2   14.3      27.384
2012   11       18    17  34    4.18   348.5   14.3      27.465
2012   11       18    17  44    4.19   348.8   14.3      27.551
2012   11       18    17  54    4.21   349.0   14.4      27.641
2012   11       18    18   4    4.22   349.3   14.4      27.736
2012   11       18    18  14    4.23   349.6   14.5      27.837
2012   11       18    18  24    4.25   349.9   14.5      27.941
2012   11       18    18  34    4.26   350.2   14.5      28.050
2012   11       18    18  44    4.28   350.6   14.6      28.162
2012   11       18    18  54    4.29   350.9   14.6      28.279
2012   11       18    19   4    4.31   351.2   14.6      28.399
2012   11       18    19  14    4.32   351.6   14.7      28.524
2012   11       18    19  24    4.33   351.9   14.7      28.652
2012   11       18    19  34    4.35   352.2   14.8      28.781
2012   11       18    19  44    4.36   352.6   14.8      28.916
2012   11       18    19  54    4.38   353.0   14.9      29.059
2012   11       18    20   4    4.39   353.4   14.9      29.207
2012   11       18    20  14    4.41   353.8   14.9      29.360
2012   11       18    20  24    4.43   354.2   15.0      29.518
2012   11       18    20  34    4.44   354.7   15.0      29.677
2012   11       18    20  44    4.46   355.1   15.1      29.835
2012   11       18    20  54    4.47   355.6   15.1      29.991
2012   11       18    21   4    4.48   356.0   15.1      30.146
2012   11       18    21  14    4.50   356.5   15.1      30.299
2012   11       18    21  24    4.51   357.0   15.2      30.445
2012   11       18    21  34    4.52   357.5   15.2      30.585
2012   11       18    21  44    4.53   357.9   15.2      30.718
2012   11       18    21  54    4.54   358.4   15.2      30.846
2012   11       18    22   4    4.55   358.9   15.2      30.968
2012   11       18    22  14    4.56   359.4   15.2      31.086
2012   11       18    22  24    4.57   359.8   15.2      31.199
2012   11       18    22  34    4.58   360.3   15.1      31.308
2012   11       18    22  44    4.58   360.8   15.1      31.415
2012   11       18    22  54    4.59   361.2   15.1      31.519
2012   11       18    23   4    4.60   361.7   15.1      31.620
2012   11       18    23  14    4.60   362.2   15.1      31.721
2012   11       18    23  24    4.61   362.6   15.0      31.819
2012   11       18    23  34    4.62   363.1   15.0      31.918
2012   11       18    23  44    4.62   363.5   15.0      32.015
2012   11       18    23  54    4.63   364.0   15.0      32.112
2012   11       19     0   4    4.64   364.4   15.0      32.209
2012   11       19     0  14    4.64   364.9   14.9      32.307
2012   11       19     0  24    4.65   365.3   14.9      32.404
2012   11       19     0  34    4.65   365.8   14.9      32.501
2012   11       19     0  44    4.66   366.3   14.9      32.599
2012   11       19     0  54    4.66   366.7   14.8      32.696
2012   11       19     1   4    4.67   367.2   14.8      32.794
2012   11       19     1  14    4.67   367.7   14.8      32.892
2012   11       19     1  24    4.68   368.2   14.8      32.990
2012   11       19     1  34    4.68   368.6   14.8      33.089
2012   11       19     1  44    4.69   369.1   14.7      33.188
2012   11       19     1  54    4.69   369.6   14.7      33.288
2012   11       19     2   4    4.70   370.1   14.7      33.388
2012   11       19     2  14    4.70   370.5   14.7      33.489
2012   11       19     2  24    4.71   371.0   14.7      33.591
2012   11       19     2  34    4.71   371.5   14.6      33.694
2012   11       19     2  44    4.72   372.0   14.6      33.800
2012   11       19     2  54    4.72   372.4   14.6      33.905
2012   11       19     3   4    4.73   372.9   14.6      34.012
2012   11       19     3  14    4.74   373.3   14.6      34.126
2012   11       19     3  24    4.74   373.8   14.6      34.245
2012   11       19     3  34    4.75   374.3   14.6      34.371
2012   11       19     3  44    4.76   374.9   14.6      34.500
2012   11       19     3  54    4.76   375.4   14.6      34.633
2012   11       19     4   4    4.77   375.9   14.6      34.766
2012   11       19     4  14    4.77   376.5   14.6      34.899
2012   11       19     4  24    4.78   377.1   14.6      35.031
2012   11       19     4  34    4.79   377.7   14.6      35.163
2012   11       19     4  44    4.79   378.3   14.6      35.292
2012   11       19     4  54    4.79   378.9   14.6      35.415
2012   11       19     5   4    4.80   379.5   14.6      35.532
2012   11       19     5  14    4.80   380.1   14.6      35.644
2012   11       19     5  24    4.80   380.7   14.5      35.751
2012   11       19     5  34    4.80   381.4   14.5      35.854
2012   11       19     5  44    4.81   382.0   14.5      35.952
2012   11       19     5  54    4.81   382.6   14.4      36.047
2012   11       19     6   4    4.81   383.3   14.4      36.140
2012   11       19     6  14    4.81   383.9   14.3      36.231
2012   11       19     6  24    4.81   384.6   14.3      36.322
2012   11       19     6  34    4.81   385.3   14.3      36.412
2012   11       19     6  44    4.80   385.9   14.2      36.502
2012   11       19     6  54    4.80   386.6   14.2      36.592
2012   11       19     7   4    4.80   387.2   14.1      36.681
2012   11       19     7  14    4.80   387.9   14.1      36.771
2012   11       19     7  24    4.79   388.6   14.0      36.859
2012   11       19     7  34    4.79   389.2   13.9      36.947
2012   11       19     7  44    4.79   389.9   13.9      37.032
2012   11       19     7  54    4.78   390.5   13.8      37.114
2012   11       19     8   4    4.77   391.2   13.7      37.193
2012   11       19     8  14    4.77   391.9   13.7      37.268
2012   11       19     8  24    4.76   392.5   13.6      37.335
2012   11       19     8  34    4.75   393.2   13.5      37.396
2012   11       19     8  44    4.74   393.8   13.4      37.449
2012   11       19     8  54    4.73   394.5   13.3      37.496
2012   11       19     9   4    4.72   395.1   13.3      37.538
2012   11       19     9  14    4.71   395.7   13.2      37.577
2012   11       19     9  24    4.70   396.4   13.1      37.612
2012   11       19     9  34    4.69   397.0   13.0      37.646
2012   11       19     9  44    4.68   397.6   12.9      37.676
2012   11       19     9  54    4.67   398.2   12.8      37.704
2012   11       19    10   3    4.66   398.8   12.8      37.732
2012   11       19    10  14    4.65   399.5   12.7      37.761
2012   11       19    10  23    4.64   400.1   12.6      37.790
2012   11       19    10  34    4.63   400.7   12.5      37.817
2012   11       19    10  43    4.62   401.3   12.5      37.844
2012   11       19    10  54    4.60   402.0   12.4      37.870
2012   11       19    11   4    4.59   402.6   12.3      37.893
2012   11       19    11  14    4.58   403.2   12.2      37.915
2012   11       19    11  24    4.57   403.8   12.1      37.934
2012   11       19    11  34    4.55   404.4   12.1      37.951
2012   11       19    11  44    4.54   405.0   12.0      37.966
2012   11       19    11  54    4.53   405.6   11.9      37.977
2012   11       19    12   4    4.51   406.2   11.9      37.985
2012   11       19    12  14    4.50   406.7   11.8      37.991
2012   11       19    12  24    4.48   407.3   11.7      37.993
2012   11       19    12  34    4.47   407.9   11.6      37.992
2012   11       19    12  44    4.46   408.5   11.6      37.989
2012   11       19    12  54    4.44   409.1   11.5      37.982
2012   11       19    13   4    4.43   409.6   11.4      37.973
2012   11       19    13  14    4.41   410.2   11.4      37.962
2012   11       19    13  24    4.40   410.8   11.3      37.951
2012   11       19    13  34    4.38   411.4   11.2      37.938
2012   11       19    13  44    4.37   412.0   11.2      37.927
2012   11       19    13  54    4.35   412.6   11.1      37.917
2012   11       19    14   4    4.34   413.2   11.0      37.908
2012   11       19    14  14    4.32   413.8   11.0      37.900
2012   11       19    14  24    4.31   414.5   10.9      37.894
2012   11       19    14  34    4.29   415.1   10.8      37.888
2012   11       19    14  44    4.27   415.7   10.8      37.882
2012   11       19    14  54    4.25   416.4   10.7      37.875
2012   11       19    15   4    4.24   417.0   10.6      37.866
2012   11       19    15  14    4.22   417.6   10.5      37.853
2012   11       19    15  24    4.20   418.3   10.5      37.837
2012   11       19    15  34    4.18   418.9   10.4      37.816
2012   11       19    15  44    4.16   419.6   10.3      37.784
2012   11       19    15  54    4.14   420.2   10.2      37.742
2012   11       19    16   3    4.12   420.8   10.1      37.691
2012   11       19    16  13    4.10   421.4   10.0      37.630
2012   11       19    16  23    4.08   422.0    9.9      37.562
2012   11       19    16  33    4.06   422.6    9.9      37.488
2012   11       19    16  43    4.04   423.1    9.8      37.408
2012   11       19    16  53    4.02   423.7    9.7      37.325
2012   11       19    17   3    4.00   424.2    9.6      37.237
2012   11       19    17  13    3.98   424.8    9.5      37.145
2012   11       19    17  23    3.96   425.3    9.5      37.053
2012   11       19    17  33    3.93   425.8    9.4      36.961
2012   11       19    17  43    3.91   426.3    9.3      36.869
2012   11       19    17  53    3.89   426.8    9.2      36.776
2012   11       19    18   3    3.87   427.3    9.2      36.683
2012   11       19    18  13    3.85   427.8    9.1      36.587
2012   11       19    18  23    3.83   428.3    9.0      36.491
2012   11       19    18  33    3.81   428.8    8.9      36.392
2012   11       19    18  43    3.79   429.2    8.9      36.291
2012   11       19    18  53    3.77   429.7    8.8      36.188
2012   11       19    19   3    3.75   430.1    8.7      36.082
2012   11       19    19  13    3.73   430.5    8.7      35.974
2012   11       19    19  23    3.71   430.9    8.6      35.864
2012   11       19    19  33    3.69   431.3    8.5      35.752
2012   11       19    19  43    3.67   431.7    8.5      35.639
2012   11       19    19  53    3.65   432.1    8.4      35.525
2012   11       19    20   3    3.63   432.4    8.3      35.409
2012   11       19    20  13    3.61   432.8    8.3      35.293
2012   11       19    20  23    3.59   433.1    8.2      35.177
2012   11       19    20  33    3.57   433.5    8.2      35.060
2012   11       19    20  43    3.55   433.8    8.1      34.943
2012   11       19    20  53    3.53   434.1    8.0      34.827
2012   11       19    21   3    3.51   434.4    8.0      34.712
2012   11       19    21  13    3.49   434.7    7.9      34.599
2012   11       19    21  23    3.47   434.9    7.9      34.487
2012   11       19    21  33    3.45   435.2    7.8      34.376
2012   11       19    21  43    3.43   435.4    7.8      34.268
2012   11       19    21  53    3.41   435.7    7.7      34.161
2012   11       19    22   3    3.40   435.9    7.7      34.057
2012   11       19    22  13    3.38   436.1    7.6      33.955
2012   11       19    22  23    3.36   436.4    7.6      33.855
2012   11       19    22  33    3.34   436.6    7.6      33.757
2012   11       19    22  43    3.33   436.7    7.5      33.662
2012   11       19    22  53    3.31   436.9    7.5      33.568
2012   11       19    23   3    3.29   437.1    7.4      33.476
2012   11       19    23  13    3.28   437.3    7.4      33.385
2012   11       19    23  23    3.26   437.4    7.4      33.296
2012   11       19    23  33    3.25   437.6    7.3      33.208
2012   11       19    23  43    3.23   437.7    7.3      33.122
2012   11       19    23  53    3.22   437.9    7.3      33.036
2012   11       20     0   3    3.20   438.0    7.2      32.951
2012   11       20     0  13    3.19   438.1    7.2      32.867
2012   11       20     0  23    3.17   438.2    7.2      32.783
2012   11       20     0  33    3.16   438.3    7.1      32.699
2012   11       20     0  43    3.15   438.4    7.1      32.615
2012   11       20     0  53    3.13   438.5    7.1      32.532
2012   11       20     1   3    3.12   438.6    7.0      32.448
2012   11       20     1  13    3.10   438.7    7.0      32.364
2012   11       20     1  23    3.09   438.8    7.0      32.280
2012   11       20     1  33    3.08   438.9    7.0      32.196
2012   11       20     1  43    3.07   439.0    6.9      32.112
2012   11       20     1  53    3.05   439.1    6.9      32.026
2012   11       20     2   3    3.04   439.2    6.9      31.940
2012   11       20     2  13    3.03   439.3    6.8      31.852
2012   11       20     2  23    3.01   439.4    6.8      31.764
2012   11       20     2  33    3.00   439.5    6.8      31.675
2012   11       20     2  43    2.99   439.5    6.7      31.585
2012   11       20     2  53    2.98   439.6    6.7      31.495
2012   11       20     3   3    2.97   439.7    6.7      31.406
2012   11       20     3  13    2.96   439.7    6.7      31.315
2012   11       20     3  23    2.94   439.8    6.6      31.225
2012   11       20     3  33    2.93   439.8    6.6      31.135
2012   11       20     3  43    2.92   439.8    6.6      31.046
2012   11       20     3  53    2.91   439.9    6.6      30.956
2012   11       20     4   3    2.90   439.9    6.5      30.868
2012   11       20     4  13    2.89   439.9    6.5      30.780
2012   11       20     4  23    2.88   439.9    6.5      30.694
2012   11       20     4  33    2.87   439.9    6.5      30.608
2012   11       20     4  43    2.86   440.0    6.4      30.524
2012   11       20     4  53    2.85   440.0    6.4      30.442
2012   11       20     5   3    2.84   440.0    6.4      30.362
2012   11       20     5  13    2.83   440.0    6.4      30.283
2012   11       20     5  23    2.82   440.0    6.4      30.206
2012   11       20     5  33    2.81   439.9    6.3      30.129
2012   11       20     5  43    2.81   439.9    6.3      30.054
2012   11       20     5  53    2.80   439.9    6.3      29.979
2012   11       20     6   3    2.79   439.9    6.3      29.905
2012   11       20     6  13    2.78   439.9    6.3      29.832
2012   11       20     6  23    2.77   439.8    6.3      29.759
2012   11       20     6  33    2.76   439.8    6.2      29.685
2012   11       20     6  43    2.75   439.8    6.2      29.611
2012   11       20     6  53    2.75   439.7    6.2      29.537
2012   11       20     7   3    2.74   439.7    6.2      29.464
2012   11       20     7  13    2.73   439.6    6.2      29.390
2012   11       20     7  23    2.72   439.6    6.1      29.316
2012   11       20     7  33    2.71   439.6    6.1      29.242
2012   11       20     7  43    2.71   439.5    6.1      29.168
2012   11       20     7  53    2.70   439.4    6.1      29.094
2012   11       20     8   3    2.69   439.4    6.1      29.020
2012   11       20     8  13    2.68   439.3    6.1      28.947
2012   11       20     8  23    2.67   439.3    6.0      28.874
2012   11       20     8  33    2.67   439.2    6.0      28.800
2012   11       20     8  43    2.66   439.1    6.0      28.728
2012   11       20     8  53    2.65   439.1    6.0      28.656
2012   11       20     9   3    2.65   439.0    6.0      28.584
2012   11       20     9  13    2.64   438.9    6.0      28.512
2012   11       20     9  23    2.63   438.8    5.9      28.441
2012   11       20     9  33    2.62   438.8    5.9      28.370
2012   11       20     9  43    2.62   438.7    5.9      28.299
2012   11       20     9  53    2.61   438.6    5.9      28.228
2012   11       20    10   3    2.60   438.5    5.9      28.157
2012   11       20    10  13    2.60   438.4    5.9      28.085
2012   11       20    10  23    2.59   438.3    5.8      28.013
2012   11       20    10  33    2.59   438.2    5.8      27.940
2012   11       20    10  43    2.58   438.1    5.8      27.867
2012   11       20    10  53    2.57   438.0    5.8      27.794
2012   11       20    11   3    2.57   437.9    5.8      27.721
2012   11       20    11  13    2.56   437.7    5.8      27.647
2012   11       20    11  23    2.55   437.6    5.8      27.574
2012   11       20    11  33    2.55   437.5    5.7      27.502
2012   11       20    11  43    2.54   437.4    5.7      27.431
2012   11       20    11  53    2.54   437.2    5.7      27.360
2012   11       20    12   3    2.53   437.1    5.7      27.291
2012   11       20    12  13    2.52   437.0    5.7      27.224
2012   11       20    12  23    2.52   436.8    5.7      27.158
2012   11       20    12  33    2.51   436.7    5.7      27.094
2012   11       20    12  43    2.51   436.5    5.7      27.031
2012   11       20    12  53    2.50   436.4    5.7      26.969
2012   11       20    13   3    2.50   436.2    5.7      26.908
2012   11       20    13  13    2.49   436.1    5.7      26.847
2012   11       20    13  23    2.49   435.9    5.6      26.786
2012   11       20    13  33    2.48   435.8    5.6      26.726
2012   11       20    13  43    2.48   435.6    5.6      26.667
2012   11       20    13  53    2.47   435.4    5.6      26.607
2012   11       20    14   3    2.47   435.3    5.6      26.547
2012   11       20    14  13    2.46   435.1    5.6      26.486
2012   11       20    14  22    2.46   434.9    5.6      26.427
2012   11       20    14  32    2.45   434.7    5.6      26.367
2012   11       20    14  42    2.45   434.6    5.6      26.308
2012   11       20    14  52    2.44   434.4    5.6      26.249
2012   11       20    15   2    2.44   434.2    5.6      26.191
2012   11       20    15  12    2.43   434.0    5.6      26.133
2012   11       20    15  22    2.43   433.8    5.6      26.077
2012   11       20    15  32    2.42   433.6    5.6      26.022
2012   11       20    15  42    2.42   433.5    5.5      25.969
2012   11       20    15  52    2.41   433.3    5.5      25.916
2012   11       20    16   2    2.41   433.1    5.5      25.863
2012   11       20    16  12    2.41   432.9    5.5      25.811
2012   11       20    16  22    2.40   432.7    5.5      25.758
2012   11       20    16  32    2.40   432.6    5.5      25.705
2012   11       20    16  42    2.39   432.4    5.5      25.653
2012   11       20    16  52    2.39   432.2    5.5      25.598
2012   11       20    17   2    2.39   432.0    5.5      25.544
2012   11       20    17  12    2.38   431.9    5.5      25.488
2012   11       20    17  22    2.38   431.7    5.5      25.432
2012   11       20    17  33    2.37   431.5    5.5      25.375
2012   11       20    17  43    2.37   431.3    5.5      25.317
2012   11       20    17  53    2.37   431.1    5.5      25.259
2012   11       20    18   3    2.36   430.9    5.5      25.201
2012   11       20    18  13    2.36   430.8    5.5      25.141
2012   11       20    18  23    2.35   430.6    5.4      25.082
2012   11       20    18  33    2.35   430.4    5.4      25.023
2012   11       20    18  43    2.35   430.2    5.4      24.964
2012   11       20    18  53    2.34   430.0    5.4      24.904
2012   11       20    19   3    2.34   429.7    5.4      24.845
2012   11       20    19  13    2.33   429.5    5.4      24.785
2012   11       20    19  23    2.33   429.3    5.4      24.726
2012   11       20    19  33    2.33   429.1    5.4      24.668
2012   11       20    19  43    2.32   428.9    5.4      24.609
2012   11       20    19  53    2.32   428.7    5.4      24.551
2012   11       20    20   3    2.32   428.4    5.4      24.494
2012   11       20    20  13    2.31   428.2    5.4      24.437
2012   11       20    20  22    2.31   428.0    5.4      24.380
2012   11       20    20  32    2.31   427.7    5.4      24.324
2012   11       20    20  42    2.30   427.5    5.4      24.268
2012   11       20    20  52    2.30   427.3    5.3      24.212
2012   11       20    21   2    2.30   427.0    5.3      24.157
2012   11       20    21  12    2.29   426.8    5.3      24.102
2012   11       20    21  22    2.29   426.5    5.3      24.048
2012   11       20    21  32    2.29   426.3    5.3      23.994
2012   11       20    21  42    2.28   426.0    5.3      23.941
2012   11       20    21  52    2.28   425.8    5.3      23.888
2012   11       20    22   2    2.28   425.5    5.3      23.836
2012   11       20    22  12    2.27   425.3    5.3      23.785
2012   11       20    22  22    2.27   425.0    5.3      23.735
2012   11       20    22  32    2.27   424.7    5.3      23.686
2012   11       20    22  42    2.27   424.5    5.3      23.639
2012   11       20    22  52    2.26   424.2    5.3      23.593
2012   11       20    23   2    2.26   423.9    5.3      23.549
2012   11       20    23  12    2.26   423.7    5.3      23.506
2012   11       20    23  22    2.26   423.4    5.3      23.464
2012   11       20    23  32    2.25   423.2    5.3      23.422
2012   11       20    23  42    2.25   422.9    5.3      23.380
2012   11       20    23  52    2.25   422.7    5.3      23.338
2012   11       21     0   2    2.25   422.4    5.3      23.297
2012   11       21     0  12    2.24   422.2    5.3      23.254
2012   11       21     0  22    2.24   421.9    5.3      23.212
2012   11       21     0  32    2.24   421.7    5.3      23.168
2012   11       21     0  42    2.24   421.4    5.3      23.125
2012   11       21     0  52    2.23   421.2    5.3      23.082
2012   11       21     1   2    2.23   420.9    5.3      23.038
2012   11       21     1  12    2.23   420.7    5.3      22.994
2012   11       21     1  22    2.23   420.4    5.3      22.951
2012   11       21     1  32    2.22   420.2    5.3      22.907
2012   11       21     1  42    2.22   419.9    5.3      22.863
2012   11       21     1  52    2.22   419.7    5.3      22.819
2012   11       21     2   2    2.22   419.4    5.3      22.776
2012   11       21     2  12    2.22   419.1    5.3      22.732
2012   11       21     2  22    2.21   418.8    5.3      22.688
2012   11       21     2  32    2.21   418.6    5.3      22.645
2012   11       21     2  42    2.21   418.3    5.3      22.602
2012   11       21     2  52    2.21   418.0    5.3      22.559
2012   11       21     3   2    2.20   417.7    5.3      22.517
2012   11       21     3  12    2.20   417.4    5.3      22.475
2012   11       21     3  22    2.20   417.1    5.3      22.436
2012   11       21     3  32    2.20   416.8    5.3      22.397
2012   11       21     3  42    2.20   416.6    5.3      22.360
2012   11       21     3  52    2.19   416.3    5.3      22.323
2012   11       21     4   2    2.19   416.0    5.3      22.287
2012   11       21     4  12    2.19   415.7    5.3      22.251
2012   11       21     4  22    2.19   415.4    5.3      22.216
2012   11       21     4  32    2.19   415.2    5.3      22.180
2012   11       21     4  42    2.19   414.9    5.3      22.144
2012   11       21     4  52    2.18   414.6    5.3      22.106
2012   11       21     5   2    2.18   414.4    5.3      22.068
2012   11       21     5  12    2.18   414.1    5.3      22.029
2012   11       21     5  22    2.18   413.8    5.3      21.989
2012   11       21     5  32    2.18   413.5    5.3      21.947
2012   11       21     5  42    2.17   413.2    5.3      21.905
2012   11       21     5  52    2.17   413.0    5.3      21.863
2012   11       21     6   2    2.17   412.7    5.3      21.819
2012   11       21     6  12    2.17   412.4    5.3      21.775
2012   11       21     6  22    2.17   412.1    5.3      21.731
2012   11       21     6  32    2.16   411.8    5.3      21.686
2012   11       21     6  42    2.16   411.5    5.3      21.641
2012   11       21     6  52    2.16   411.2    5.3      21.596
2012   11       21     7   2    2.16   410.9    5.3      21.551
2012   11       21     7  12    2.16   410.6    5.3      21.507
2012   11       21     7  22    2.16   410.3    5.2      21.462
2012   11       21     7  32    2.15   410.0    5.2      21.418
2012   11       21     7  42    2.15   409.7    5.2      21.374
2012   11       21     7  52    2.15   409.3    5.2      21.330
2012   11       21     8   2    2.15   409.0    5.2      21.287
2012   11       21     8  12    2.15   408.7    5.2      21.244
2012   11       21     8  22    2.15   408.4    5.2      21.202
2012   11       21     8  32    2.14   408.1    5.2      21.159
2012   11       21     8  42    2.14   407.8    5.2      21.117
2012   11       21     8  52    2.14   407.5    5.2      21.076
2012   11       21     9   2    2.14   407.1    5.2      21.034
2012   11       21     9  12    2.14   406.8    5.2      20.993
2012   11       21     9  22    2.14   406.5    5.2      20.952
2012   11       21     9  32    2.14   406.1    5.2      20.911
2012   11       21     9  42    2.13   405.8    5.2      20.871
2012   11       21     9  52    2.13   405.5    5.2      20.831
2012   11       21    10   2    2.13   405.1    5.2      20.792
2012   11       21    10  12    2.13   404.8    5.3      20.753
2012   11       21    10  22    2.13   404.4    5.3      20.716
2012   11       21    10  32    2.13   404.1    5.3      20.680
2012   11       21    10  42    2.13   403.7    5.3      20.647
2012   11       21    10  52    2.13   403.4    5.3      20.616
2012   11       21    11   2    2.12   403.0    5.3      20.586
2012   11       21    11  12    2.12   402.7    5.3      20.558
2012   11       21    11  22    2.12   402.3    5.3      20.531
2012   11       21    11  32    2.12   402.0    5.3      20.505
2012   11       21    11  42    2.12   401.7    5.3      20.481
2012   11       21    11  52    2.12   401.4    5.3      20.458
2012   11       21    12   2    2.12   401.1    5.3      20.434
2012   11       21    12  12    2.12   400.7    5.3      20.411
2012   11       21    12  22    2.12   400.4    5.3      20.387
2012   11       21    12  32    2.12   400.1    5.3      20.364
2012   11       21    12  42    2.12   399.8    5.3      20.341
2012   11       21    12  51    2.12   399.5    5.3      20.317
2012   11       21    13   1    2.12   399.2    5.3      20.294
2012   11       21    13  11    2.12   398.9    5.3      20.270
2012   11       21    13  21    2.12   398.6    5.3      20.246
2012   11       21    13  31    2.12   398.2    5.3      20.223
2012   11       21    13  41    2.12   397.9    5.4      20.199
2012   11       21    13  52    2.12   397.6    5.4      20.175
2012   11       21    14   2    2.12   397.3    5.4      20.151
2012   11       21    14  12    2.12   396.9    5.4      20.127
2012   11       21    14  22    2.12   396.6    5.4      20.103
2012   11       21    14  32    2.12   396.3    5.4      20.079
2012   11       21    14  42    2.12   396.0    5.4      20.055
2012   11       21    14  52    2.12   395.6    5.4      20.031
2012   11       21    15   2    2.12   395.3    5.4      20.007
2012   11       21    15  12    2.12   395.0    5.4      19.983
2012   11       21    15  22    2.12   394.7    5.4      19.959
2012   11       21    15  32    2.12   394.3    5.4      19.935
2012   11       21    15  42    2.12   394.0    5.4      19.911
2012   11       21    15  52    2.12   393.7    5.4      19.886
2012   11       21    16   2    2.12   393.3    5.4      19.862
2012   11       21    16  12    2.12   393.0    5.4      19.837
2012   11       21    16  22    2.12   392.7    5.4      19.811
2012   11       21    16  32    2.12   392.3    5.5      19.786
2012   11       21    16  42    2.12   392.0    5.5      19.760
2012   11       21    16  52    2.12   391.6    5.5      19.734
2012   11       21    17   2    2.12   391.3    5.5      19.707
2012   11       21    17  12    2.12   391.0    5.5      19.681
2012   11       21    17  22    2.12   390.6    5.5      19.654
2012   11       21    17  32    2.12   390.3    5.5      19.627
2012   11       21    17  42    2.12   389.9    5.5      19.600
2012   11       21    17  52    2.12   389.6    5.5      19.573
2012   11       21    18   2    2.12   389.3    5.5      19.546
2012   11       21    18  12    2.13   388.9    5.5      19.520
2012   11       21    18  22    2.13   388.6    5.5      19.494
2012   11       21    18  32    2.13   388.2    5.5      19.469
2012   11       21    18  41    2.13   387.9    5.5      19.445
2012   11       21    18  51    2.13   387.6    5.5      19.421
2012   11       21    19   1    2.13   387.2    5.5      19.399
2012   11       21    19  11    2.13   386.9    5.6      19.377
2012   11       21    19  21    2.13   386.6    5.6      19.356
2012   11       21    19  31    2.14   386.3    5.6      19.337
2012   11       21    19  41    2.14   385.9    5.6      19.319
2012   11       21    19  51    2.14   385.6    5.6      19.301
2012   11       21    20   1    2.14   385.3    5.6      19.285
2012   11       21    20  11    2.14   385.0    5.6      19.270
2012   11       21    20  21    2.15   384.7    5.6      19.256
2012   11       21    20  31    2.15   384.4    5.6      19.242
2012   11       21    20  41    2.15   384.1    5.7      19.230
2012   11       21    20  51    2.15   383.7    5.7      19.219
2012   11       21    21   1    2.16   383.4    5.7      19.209
2012   11       21    21  11    2.16   383.1    5.7      19.200
2012   11       21    21  21    2.16   382.8    5.7      19.192
2012   11       21    21  31    2.16   382.5    5.7      19.185
2012   11       21    21  41    2.17   382.2    5.7      19.180
2012   11       21    21  51    2.17   381.9    5.8      19.175
2012   11       21    22   1    2.17   381.6    5.8      19.172
2012   11       21    22  11    2.17   381.3    5.8      19.169
2012   11       21    22  21    2.18   381.1    5.8      19.168
2012   11       21    22  31    2.18   380.8    5.8      19.167
2012   11       21    22  41    2.18   380.5    5.9      19.168
2012   11       21    22  51    2.19   380.2    5.9      19.169
2012   11       21    23   1    2.19   380.0    5.9      19.172
2012   11       21    23  11    2.19   379.7    5.9      19.174
2012   11       21    23  21    2.20   379.4    5.9      19.178
2012   11       21    23  31    2.20   379.2    6.0      19.182
2012   11       21    23  41    2.21   378.9    6.0      19.187
2012   11       21    23  51    2.21   378.7    6.0      19.193
2012   11       22     0   1    2.21   378.4    6.0      19.201
