year    month   day   hour  minute  B_enl V_enl   n_enl       T_enl
[year] [month] [day] [hour][minute] [nT]  [km/s]  [cm-3]      [kK]
2012   12        3     0   4    2.95   380.4   11.7      30.445
2012   12        3     0  14    2.95   380.6   11.7      30.490
2012   12        3     0  24    2.95   380.9   11.7      30.536
2012   12        3     0  34    2.96   381.2   11.7      30.582
2012   12        3     0  44    2.96   381.5   11.7      30.629
2012   12        3     0  53    2.96   381.7   11.7      30.676
2012   12        3     1   3    2.96   382.0   11.6      30.724
2012   12        3     1  13    2.96   382.2   11.6      30.773
2012   12        3     1  23    2.96   382.5   11.6      30.823
2012   12        3     1  33    2.97   382.8   11.6      30.875
2012   12        3     1  43    2.97   383.1   11.6      30.931
2012   12        3     1  53    2.97   383.3   11.6      30.990
2012   12        3     2   3    2.97   383.6   11.6      31.051
2012   12        3     2  13    2.97   383.9   11.6      31.114
2012   12        3     2  23    2.98   384.2   11.6      31.180
2012   12        3     2  33    2.98   384.6   11.6      31.245
2012   12        3     2  43    2.98   384.9   11.6      31.311
2012   12        3     2  53    2.98   385.2   11.6      31.378
2012   12        3     3   3    2.98   385.5   11.6      31.443
2012   12        3     3  13    2.98   385.8   11.6      31.508
2012   12        3     3  23    2.99   386.2   11.6      31.571
2012   12        3     3  33    2.99   386.5   11.6      31.633
2012   12        3     3  43    2.99   386.8   11.6      31.694
2012   12        3     3  53    2.99   387.1   11.6      31.754
2012   12        3     4   3    2.99   387.4   11.6      31.813
2012   12        3     4  13    2.99   387.7   11.6      31.872
2012   12        3     4  23    2.99   388.1   11.6      31.929
2012   12        3     4  33    2.99   388.4   11.5      31.985
2012   12        3     4  43    2.99   388.7   11.5      32.040
2012   12        3     4  53    2.99   389.0   11.5      32.094
2012   12        3     5   3    2.99   389.4   11.5      32.147
2012   12        3     5  13    2.99   389.7   11.5      32.198
2012   12        3     5  23    2.99   390.0   11.5      32.248
2012   12        3     5  33    2.99   390.3   11.5      32.296
2012   12        3     5  43    2.99   390.7   11.4      32.342
2012   12        3     5  53    2.99   391.0   11.4      32.387
2012   12        3     6   3    2.99   391.3   11.4      32.431
2012   12        3     6  13    2.99   391.7   11.4      32.472
2012   12        3     6  23    2.98   392.0   11.4      32.512
2012   12        3     6  32    2.98   392.3   11.3      32.550
2012   12        3     6  42    2.98   392.7   11.3      32.587
2012   12        3     6  52    2.98   393.0   11.3      32.623
2012   12        3     7   2    2.98   393.4   11.3      32.657
2012   12        3     7  12    2.98   393.7   11.3      32.690
2012   12        3     7  22    2.97   394.0   11.2      32.722
2012   12        3     7  32    2.97   394.4   11.2      32.753
2012   12        3     7  42    2.97   394.7   11.2      32.783
2012   12        3     7  52    2.97   395.1   11.2      32.812
2012   12        3     8   2    2.97   395.4   11.1      32.841
2012   12        3     8  12    2.96   395.8   11.1      32.868
2012   12        3     8  22    2.96   396.2   11.1      32.896
2012   12        3     8  32    2.96   396.5   11.1      32.923
2012   12        3     8  42    2.96   396.9   11.0      32.950
2012   12        3     8  52    2.95   397.2   11.0      32.977
2012   12        3     9   2    2.95   397.6   11.0      33.005
2012   12        3     9  12    2.95   398.0   10.9      33.033
2012   12        3     9  22    2.94   398.4   10.9      33.061
2012   12        3     9  32    2.94   398.8   10.9      33.087
2012   12        3     9  42    2.94   399.2   10.9      33.111
2012   12        3     9  52    2.93   399.5   10.8      33.132
2012   12        3    10   2    2.93   399.9   10.8      33.151
2012   12        3    10  12    2.92   400.3   10.8      33.168
2012   12        3    10  22    2.92   400.6   10.7      33.183
2012   12        3    10  32    2.92   401.0   10.7      33.196
2012   12        3    10  42    2.91   401.3   10.6      33.208
2012   12        3    10  52    2.91   401.7   10.6      33.218
2012   12        3    11   2    2.90   402.0   10.6      33.229
2012   12        3    11  12    2.90   402.3   10.5      33.240
2012   12        3    11  22    2.89   402.6   10.5      33.252
2012   12        3    11  32    2.89   403.0   10.5      33.264
2012   12        3    11  42    2.88   403.3   10.4      33.277
2012   12        3    11  52    2.88   403.6   10.4      33.289
2012   12        3    12   2    2.87   403.9   10.4      33.302
2012   12        3    12  11    2.87   404.3   10.3      33.315
2012   12        3    12  21    2.86   404.6   10.3      33.327
2012   12        3    12  31    2.86   404.9   10.3      33.340
2012   12        3    12  41    2.85   405.3   10.2      33.352
2012   12        3    12  51    2.85   405.6   10.2      33.364
2012   12        3    13   1    2.84   405.9   10.2      33.375
2012   12        3    13  11    2.83   406.3   10.1      33.385
2012   12        3    13  21    2.83   406.6   10.1      33.395
2012   12        3    13  31    2.82   407.0   10.1      33.403
2012   12        3    13  41    2.82   407.3   10.0      33.409
2012   12        3    13  51    2.81   407.7   10.0      33.413
2012   12        3    14   1    2.80   408.0   10.0      33.415
2012   12        3    14  11    2.80   408.3    9.9      33.412
2012   12        3    14  21    2.79   408.7    9.9      33.406
2012   12        3    14  31    2.78   409.0    9.8      33.396
2012   12        3    14  41    2.78   409.4    9.8      33.381
2012   12        3    14  51    2.77   409.7    9.8      33.363
2012   12        3    15   1    2.76   410.0    9.7      33.342
2012   12        3    15  11    2.75   410.3    9.7      33.318
2012   12        3    15  21    2.75   410.6    9.6      33.293
2012   12        3    15  31    2.74   411.0    9.6      33.267
2012   12        3    15  41    2.73   411.3    9.5      33.242
2012   12        3    15  51    2.72   411.6    9.5      33.216
2012   12        3    16   1    2.72   411.9    9.5      33.192
2012   12        3    16  11    2.71   412.2    9.4      33.167
2012   12        3    16  21    2.70   412.6    9.4      33.142
2012   12        3    16  31    2.69   412.9    9.3      33.117
2012   12        3    16  41    2.68   413.2    9.3      33.091
2012   12        3    16  51    2.68   413.5    9.3      33.062
2012   12        3    17   1    2.67   413.8    9.2      33.030
2012   12        3    17  11    2.66   414.1    9.2      32.997
2012   12        3    17  21    2.65   414.4    9.1      32.962
2012   12        3    17  30    2.64   414.7    9.1      32.926
2012   12        3    17  40    2.63   415.0    9.0      32.889
2012   12        3    17  50    2.63   415.3    9.0      32.852
2012   12        3    18   0    2.62   415.5    9.0      32.815
2012   12        3    18  10    2.61   415.8    8.9      32.778
2012   12        3    18  20    2.60   416.1    8.9      32.742
2012   12        3    18  30    2.59   416.3    8.8      32.707
2012   12        3    18  40    2.58   416.6    8.8      32.673
2012   12        3    18  50    2.58   416.8    8.8      32.639
2012   12        3    19   0    2.57   417.1    8.7      32.606
2012   12        3    19  10    2.56   417.3    8.7      32.573
2012   12        3    19  20    2.55   417.5    8.7      32.540
2012   12        3    19  30    2.54   417.8    8.6      32.507
2012   12        3    19  40    2.54   418.0    8.6      32.474
2012   12        3    19  50    2.53   418.2    8.6      32.441
2012   12        3    20   0    2.52   418.5    8.5      32.408
2012   12        3    20  10    2.51   418.7    8.5      32.374
2012   12        3    20  20    2.51   419.0    8.5      32.341
2012   12        3    20  30    2.50   419.2    8.4      32.307
2012   12        3    20  40    2.49   419.4    8.4      32.273
2012   12        3    20  50    2.48   419.7    8.4      32.238
2012   12        3    21   0    2.47   419.9    8.3      32.201
2012   12        3    21  10    2.46   420.2    8.3      32.163
2012   12        3    21  20    2.46   420.4    8.3      32.122
2012   12        3    21  30    2.45   420.7    8.2      32.078
2012   12        3    21  40    2.44   420.9    8.2      32.031
2012   12        3    21  49    2.43   421.2    8.1      31.979
2012   12        3    21  59    2.42   421.4    8.1      31.923
2012   12        3    22   9    2.41   421.6    8.1      31.864
2012   12        3    22  19    2.40   421.8    8.0      31.803
2012   12        3    22  29    2.40   422.0    8.0      31.741
2012   12        3    22  39    2.39   422.1    7.9      31.677
2012   12        3    22  49    2.38   422.3    7.9      31.613
2012   12        3    22  59    2.37   422.5    7.9      31.551
2012   12        3    23   9    2.36   422.6    7.8      31.489
2012   12        3    23  19    2.36   422.8    7.8      31.429
2012   12        3    23  29    2.35   422.9    7.8      31.371
2012   12        3    23  39    2.34   423.1    7.7      31.315
2012   12        3    23  49    2.33   423.2    7.7      31.261
2012   12        3    23  59    2.32   423.4    7.7      31.208
2012   12        4     0   9    2.32   423.5    7.7      31.155
2012   12        4     0  19    2.31   423.7    7.6      31.104
2012   12        4     0  29    2.30   423.8    7.6      31.053
2012   12        4     0  39    2.30   424.0    7.6      31.002
2012   12        4     0  49    2.29   424.1    7.5      30.952
2012   12        4     0  59    2.28   424.3    7.5      30.901
2012   12        4     1   9    2.27   424.4    7.5      30.850
2012   12        4     1  19    2.27   424.6    7.5      30.799
2012   12        4     1  29    2.26   424.7    7.4      30.747
2012   12        4     1  39    2.25   424.9    7.4      30.694
2012   12        4     1  49    2.25   425.0    7.4      30.640
2012   12        4     1  59    2.24   425.1    7.3      30.587
2012   12        4     2   9    2.23   425.2    7.3      30.532
2012   12        4     2  19    2.22   425.4    7.3      30.478
2012   12        4     2  29    2.22   425.5    7.3      30.423
2012   12        4     2  39    2.21   425.6    7.2      30.369
2012   12        4     2  49    2.20   425.7    7.2      30.315
2012   12        4     2  59    2.20   425.7    7.2      30.261
2012   12        4     3   9    2.19   425.8    7.2      30.208
2012   12        4     3  19    2.18   425.9    7.1      30.155
2012   12        4     3  29    2.18   426.0    7.1      30.103
2012   12        4     3  39    2.17   426.0    7.1      30.051
2012   12        4     3  49    2.16   426.1    7.1      30.000
2012   12        4     3  58    2.16   426.2    7.0      29.949
2012   12        4     4   8    2.15   426.3    7.0      29.898
2012   12        4     4  18    2.14   426.4    7.0      29.846
2012   12        4     4  28    2.14   426.4    7.0      29.794
2012   12        4     4  38    2.13   426.5    7.0      29.741
2012   12        4     4  48    2.13   426.6    6.9      29.688
2012   12        4     4  58    2.12   426.7    6.9      29.635
2012   12        4     5   8    2.11   426.7    6.9      29.581
2012   12        4     5  18    2.11   426.8    6.9      29.526
2012   12        4     5  28    2.10   426.9    6.8      29.472
2012   12        4     5  38    2.09   426.9    6.8      29.417
2012   12        4     5  48    2.09   427.0    6.8      29.362
2012   12        4     5  58    2.08   427.0    6.8      29.307
2012   12        4     6   8    2.08   427.0    6.8      29.253
2012   12        4     6  18    2.07   427.1    6.7      29.198
2012   12        4     6  28    2.06   427.1    6.7      29.144
2012   12        4     6  38    2.06   427.1    6.7      29.090
2012   12        4     6  48    2.05   427.2    6.7      29.037
2012   12        4     6  58    2.05   427.2    6.7      28.985
2012   12        4     7   8    2.04   427.3    6.6      28.933
2012   12        4     7  18    2.04   427.3    6.6      28.883
2012   12        4     7  28    2.03   427.4    6.6      28.834
2012   12        4     7  38    2.02   427.4    6.6      28.784
2012   12        4     7  48    2.02   427.5    6.6      28.736
2012   12        4     7  58    2.01   427.5    6.5      28.687
2012   12        4     8   8    2.01   427.6    6.5      28.638
2012   12        4     8  18    2.00   427.6    6.5      28.590
2012   12        4     8  28    2.00   427.7    6.5      28.541
2012   12        4     8  38    1.99   427.7    6.5      28.493
2012   12        4     8  48    1.99   427.8    6.5      28.444
2012   12        4     8  58    1.98   427.8    6.4      28.394
2012   12        4     9   8    1.98   427.8    6.4      28.345
2012   12        4     9  18    1.97   427.8    6.4      28.297
2012   12        4     9  28    1.96   427.9    6.4      28.248
2012   12        4     9  38    1.96   427.9    6.4      28.199
2012   12        4     9  47    1.95   427.9    6.3      28.149
2012   12        4     9  57    1.95   427.9    6.3      28.100
2012   12        4    10   7    1.94   427.9    6.3      28.050
2012   12        4    10  17    1.94   427.9    6.3      28.000
2012   12        4    10  27    1.93   427.9    6.3      27.949
2012   12        4    10  37    1.93   427.9    6.3      27.898
2012   12        4    10  47    1.92   427.9    6.2      27.847
2012   12        4    10  57    1.92   427.9    6.2      27.795
2012   12        4    11   7    1.91   427.9    6.2      27.743
2012   12        4    11  17    1.91   427.9    6.2      27.690
2012   12        4    11  27    1.90   427.9    6.2      27.637
2012   12        4    11  37    1.90   427.9    6.2      27.584
2012   12        4    11  47    1.89   427.9    6.1      27.531
2012   12        4    11  57    1.89   427.8    6.1      27.477
2012   12        4    12   7    1.88   427.8    6.1      27.423
2012   12        4    12  17    1.88   427.8    6.1      27.369
2012   12        4    12  27    1.87   427.8    6.1      27.314
2012   12        4    12  37    1.87   427.7    6.1      27.260
2012   12        4    12  47    1.86   427.7    6.0      27.205
2012   12        4    12  57    1.86   427.7    6.0      27.149
2012   12        4    13   7    1.85   427.6    6.0      27.094
2012   12        4    13  17    1.85   427.6    6.0      27.038
2012   12        4    13  27    1.84   427.6    6.0      26.983
2012   12        4    13  37    1.84   427.5    6.0      26.927
2012   12        4    13  47    1.83   427.5    6.0      26.871
2012   12        4    13  57    1.83   427.4    5.9      26.815
2012   12        4    14   7    1.82   427.4    5.9      26.758
2012   12        4    14  17    1.82   427.3    5.9      26.702
2012   12        4    14  27    1.81   427.3    5.9      26.646
2012   12        4    14  37    1.81   427.2    5.9      26.590
2012   12        4    14  47    1.80   427.2    5.9      26.534
2012   12        4    14  57    1.80   427.1    5.8      26.478
2012   12        4    15   6    1.79   427.1    5.8      26.423
2012   12        4    15  16    1.79   427.0    5.8      26.368
2012   12        4    15  26    1.79   426.9    5.8      26.314
2012   12        4    15  36    1.78   426.9    5.8      26.260
2012   12        4    15  46    1.78   426.8    5.8      26.207
2012   12        4    15  56    1.77   426.7    5.8      26.154
2012   12        4    16   6    1.77   426.7    5.7      26.102
2012   12        4    16  16    1.76   426.6    5.7      26.051
2012   12        4    16  26    1.76   426.5    5.7      26.001
2012   12        4    16  36    1.75   426.4    5.7      25.951
2012   12        4    16  46    1.75   426.4    5.7      25.902
2012   12        4    16  56    1.75   426.3    5.7      25.853
2012   12        4    17   6    1.74   426.2    5.7      25.805
2012   12        4    17  16    1.74   426.1    5.7      25.756
2012   12        4    17  26    1.73   426.0    5.6      25.708
2012   12        4    17  36    1.73   425.9    5.6      25.659
2012   12        4    17  46    1.72   425.9    5.6      25.611
2012   12        4    17  56    1.72   425.8    5.6      25.562
2012   12        4    18   6    1.72   425.7    5.6      25.513
2012   12        4    18  16    1.71   425.6    5.6      25.464
2012   12        4    18  26    1.71   425.5    5.6      25.414
2012   12        4    18  36    1.70   425.4    5.6      25.365
2012   12        4    18  46    1.70   425.3    5.6      25.315
2012   12        4    18  56    1.69   425.2    5.5      25.265
2012   12        4    19   6    1.69   425.1    5.5      25.215
2012   12        4    19  16    1.69   425.0    5.5      25.164
2012   12        4    19  26    1.68   424.9    5.5      25.113
2012   12        4    19  36    1.68   424.8    5.5      25.062
2012   12        4    19  45    1.67   424.6    5.5      25.011
2012   12        4    19  55    1.67   424.5    5.5      24.959
2012   12        4    20   5    1.66   424.4    5.5      24.907
2012   12        4    20  15    1.66   424.3    5.5      24.855
2012   12        4    20  25    1.66   424.2    5.4      24.802
2012   12        4    20  35    1.65   424.1    5.4      24.749
2012   12        4    20  45    1.65   423.9    5.4      24.696
2012   12        4    20  55    1.64   423.8    5.4      24.642
2012   12        4    21   5    1.64   423.7    5.4      24.588
2012   12        4    21  15    1.64   423.6    5.4      24.534
2012   12        4    21  25    1.63   423.4    5.4      24.480
2012   12        4    21  35    1.63   423.3    5.4      24.426
2012   12        4    21  45    1.62   423.2    5.4      24.371
2012   12        4    21  55    1.62   423.0    5.4      24.316
2012   12        4    22   5    1.62   422.9    5.3      24.261
2012   12        4    22  15    1.61   422.8    5.3      24.206
2012   12        4    22  25    1.61   422.6    5.3      24.151
2012   12        4    22  35    1.60   422.5    5.3      24.096
2012   12        4    22  44    1.60   422.3    5.3      24.041
2012   12        4    22  54    1.60   422.2    5.3      23.986
2012   12        4    23   4    1.59   422.0    5.3      23.931
2012   12        4    23  14    1.59   421.9    5.3      23.876
2012   12        4    23  24    1.59   421.7    5.3      23.822
2012   12        4    23  34    1.58   421.6    5.2      23.768
2012   12        4    23  44    1.58   421.4    5.2      23.714
2012   12        4    23  54    1.57   421.3    5.2      23.660
2012   12        5     0   4    1.57   421.1    5.2      23.607
2012   12        5     0  14    1.57   420.9    5.2      23.553
2012   12        5     0  24    1.56   420.8    5.2      23.501
2012   12        5     0  34    1.56   420.6    5.2      23.448
2012   12        5     0  44    1.56   420.4    5.2      23.396
2012   12        5     0  53    1.55   420.3    5.2      23.344
2012   12        5     1   3    1.55   420.1    5.2      23.292
2012   12        5     1  13    1.54   419.9    5.2      23.241
2012   12        5     1  23    1.54   419.8    5.1      23.190
2012   12        5     1  33    1.54   419.6    5.1      23.139
2012   12        5     1  43    1.53   419.4    5.1      23.088
2012   12        5     1  53    1.53   419.3    5.1      23.037
2012   12        5     2   3    1.53   419.1    5.1      22.986
2012   12        5     2  13    1.52   418.9    5.1      22.936
2012   12        5     2  23    1.52   418.7    5.1      22.885
2012   12        5     2  33    1.52   418.5    5.1      22.835
2012   12        5     2  43    1.51   418.4    5.1      22.784
2012   12        5     2  53    1.51   418.2    5.1      22.734
2012   12        5     3   3    1.51   418.0    5.1      22.683
2012   12        5     3  13    1.50   417.8    5.1      22.633
2012   12        5     3  23    1.50   417.6    5.0      22.583
2012   12        5     3  33    1.49   417.4    5.0      22.532
2012   12        5     3  42    1.49   417.2    5.0      22.482
2012   12        5     3  52    1.49   417.0    5.0      22.431
2012   12        5     4   2    1.48   416.8    5.0      22.381
2012   12        5     4  12    1.48   416.6    5.0      22.330
2012   12        5     4  22    1.48   416.4    5.0      22.280
2012   12        5     4  32    1.47   416.2    5.0      22.229
2012   12        5     4  42    1.47   416.0    5.0      22.179
2012   12        5     4  52    1.47   415.8    5.0      22.129
2012   12        5     5   2    1.46   415.6    5.0      22.078
2012   12        5     5  12    1.46   415.4    5.0      22.028
2012   12        5     5  22    1.46   415.2    5.0      21.978
2012   12        5     5  32    1.46   414.9    5.0      21.927
2012   12        5     5  42    1.45   414.7    4.9      21.877
2012   12        5     5  52    1.45   414.5    4.9      21.826
2012   12        5     6   2    1.45   414.3    4.9      21.776
2012   12        5     6  12    1.44   414.1    4.9      21.725
2012   12        5     6  22    1.44   413.9    4.9      21.675
2012   12        5     6  31    1.44   413.6    4.9      21.624
2012   12        5     6  41    1.43   413.4    4.9      21.574
2012   12        5     6  51    1.43   413.2    4.9      21.523
2012   12        5     7   1    1.43   413.0    4.9      21.472
2012   12        5     7  11    1.42   412.7    4.9      21.421
2012   12        5     7  21    1.42   412.5    4.9      21.370
2012   12        5     7  31    1.42   412.3    4.9      21.319
2012   12        5     7  41    1.42   412.0    4.9      21.268
2012   12        5     7  51    1.41   411.8    4.9      21.216
2012   12        5     8   1    1.41   411.6    4.9      21.165
2012   12        5     8  11    1.41   411.3    4.8      21.113
2012   12        5     8  21    1.40   411.1    4.8      21.062
2012   12        5     8  31    1.40   410.9    4.8      21.010
2012   12        5     8  41    1.40   410.6    4.8      20.958
2012   12        5     8  51    1.39   410.4    4.8      20.906
2012   12        5     9   0    1.39   410.1    4.8      20.854
2012   12        5     9  10    1.39   409.9    4.8      20.802
2012   12        5     9  20    1.39   409.7    4.8      20.750
2012   12        5     9  30    1.38   409.4    4.8      20.698
2012   12        5     9  40    1.38   409.2    4.8      20.647
2012   12        5     9  50    1.38   408.9    4.8      20.595
2012   12        5    10   0    1.38   408.7    4.8      20.543
2012   12        5    10  10    1.37   408.4    4.8      20.491
2012   12        5    10  20    1.37   408.2    4.8      20.440
2012   12        5    10  30    1.37   407.9    4.8      20.389
2012   12        5    10  40    1.36   407.6    4.8      20.338
2012   12        5    10  50    1.36   407.4    4.8      20.287
2012   12        5    11   0    1.36   407.1    4.8      20.236
2012   12        5    11  10    1.36   406.8    4.8      20.186
2012   12        5    11  20    1.35   406.6    4.7      20.136
2012   12        5    11  30    1.35   406.3    4.7      20.086
2012   12        5    11  40    1.35   406.0    4.7      20.037
2012   12        5    11  50    1.35   405.8    4.7      19.988
2012   12        5    12   0    1.34   405.5    4.7      19.939
2012   12        5    12  10    1.34   405.2    4.7      19.891
2012   12        5    12  20    1.34   405.0    4.7      19.843
2012   12        5    12  29    1.34   404.7    4.7      19.796
2012   12        5    12  39    1.33   404.4    4.7      19.749
2012   12        5    12  49    1.33   404.1    4.7      19.702
2012   12        5    12  59    1.33   403.8    4.7      19.656
2012   12        5    13   9    1.33   403.6    4.7      19.610
2012   12        5    13  19    1.32   403.3    4.7      19.564
2012   12        5    13  29    1.32   403.0    4.7      19.519
2012   12        5    13  39    1.32   402.7    4.7      19.474
2012   12        5    13  49    1.32   402.4    4.7      19.429
2012   12        5    13  59    1.31   402.1    4.7      19.385
2012   12        5    14   9    1.31   401.9    4.7      19.340
2012   12        5    14  19    1.31   401.6    4.7      19.296
2012   12        5    14  29    1.31   401.3    4.7      19.252
2012   12        5    14  38    1.30   401.0    4.7      19.208
2012   12        5    14  48    1.30   400.7    4.7      19.163
2012   12        5    14  58    1.30   400.4    4.7      19.119
2012   12        5    15   8    1.30   400.1    4.7      19.075
2012   12        5    15  18    1.30   399.8    4.7      19.030
2012   12        5    15  28    1.29   399.5    4.7      18.985
2012   12        5    15  38    1.29   399.3    4.7      18.941
2012   12        5    15  48    1.29   399.0    4.7      18.895
2012   12        5    15  58    1.29   398.7    4.7      18.850
2012   12        5    16   8    1.28   398.4    4.6      18.805
2012   12        5    16  18    1.28   398.1    4.6      18.759
2012   12        5    16  28    1.28   397.8    4.6      18.714
2012   12        5    16  38    1.28   397.5    4.6      18.668
2012   12        5    16  48    1.28   397.2    4.6      18.622
2012   12        5    16  58    1.27   396.9    4.6      18.576
2012   12        5    17   8    1.27   396.6    4.6      18.530
2012   12        5    17  18    1.27   396.3    4.6      18.483
2012   12        5    17  28    1.27   396.0    4.6      18.437
2012   12        5    17  37    1.27   395.7    4.6      18.391
2012   12        5    17  47    1.26   395.4    4.6      18.344
2012   12        5    17  57    1.26   395.1    4.6      18.298
2012   12        5    18   7    1.26   394.8    4.6      18.252
2012   12        5    18  17    1.26   394.5    4.6      18.206
2012   12        5    18  27    1.26   394.2    4.6      18.159
2012   12        5    18  37    1.25   393.9    4.6      18.113
2012   12        5    18  47    1.25   393.6    4.6      18.067
2012   12        5    18  57    1.25   393.3    4.6      18.022
2012   12        5    19   7    1.25   393.0    4.6      17.976
2012   12        5    19  17    1.25   392.7    4.6      17.931
2012   12        5    19  27    1.24   392.4    4.6      17.886
2012   12        5    19  37    1.24   392.1    4.6      17.841
2012   12        5    19  47    1.24   391.8    4.6      17.796
2012   12        5    19  57    1.24   391.5    4.6      17.752
2012   12        5    20   7    1.24   391.1    4.6      17.708
2012   12        5    20  17    1.23   390.8    4.6      17.664
2012   12        5    20  27    1.23   390.5    4.6      17.621
2012   12        5    20  36    1.23   390.2    4.6      17.578
2012   12        5    20  46    1.23   389.9    4.6      17.535
2012   12        5    20  56    1.23   389.6    4.6      17.492
2012   12        5    21   6    1.23   389.3    4.6      17.450
2012   12        5    21  16    1.22   389.0    4.6      17.408
2012   12        5    21  26    1.22   388.6    4.6      17.366
2012   12        5    21  36    1.22   388.3    4.6      17.324
2012   12        5    21  46    1.22   388.0    4.6      17.283
2012   12        5    21  56    1.22   387.7    4.6      17.241
2012   12        5    22   6    1.21   387.4    4.6      17.200
2012   12        5    22  16    1.21   387.0    4.6      17.159
2012   12        5    22  26    1.21   386.7    4.6      17.119
2012   12        5    22  36    1.21   386.4    4.6      17.078
2012   12        5    22  46    1.21   386.1    4.6      17.038
2012   12        5    22  55    1.21   385.7    4.6      16.997
2012   12        5    23   5    1.20   385.4    4.6      16.957
2012   12        5    23  15    1.20   385.1    4.6      16.918
2012   12        5    23  25    1.20   384.8    4.6      16.878
2012   12        5    23  35    1.20   384.4    4.6      16.838
2012   12        5    23  45    1.20   384.1    4.6      16.799
2012   12        5    23  55    1.20   383.8    4.6      16.760
2012   12        6     0   5    1.20   383.5    4.6      16.721
2012   12        6     0  15    1.19   383.1    4.6      16.683
2012   12        6     0  25    1.19   382.8    4.6      16.644
2012   12        6     0  35    1.19   382.5    4.6      16.606
2012   12        6     0  45    1.19   382.1    4.6      16.568
2012   12        6     0  55    1.19   381.8    4.6      16.530
2012   12        6     1   5    1.19   381.5    4.6      16.492
2012   12        6     1  15    1.19   381.1    4.6      16.454
2012   12        6     1  25    1.18   380.8    4.6      16.416
2012   12        6     1  35    1.18   380.5    4.6      16.379
2012   12        6     1  45    1.18   380.1    4.6      16.342
2012   12        6     1  55    1.18   379.8    4.6      16.304
2012   12        6     2   5    1.18   379.5    4.6      16.267
2012   12        6     2  14    1.18   379.1    4.6      16.230
2012   12        6     2  24    1.18   378.8    4.6      16.193
2012   12        6     2  34    1.17   378.5    4.6      16.156
2012   12        6     2  44    1.17   378.1    4.6      16.119
2012   12        6     2  54    1.17   377.8    4.6      16.082
2012   12        6     3   4    1.17   377.5    4.6      16.045
2012   12        6     3  14    1.17   377.1    4.6      16.009
2012   12        6     3  24    1.17   376.8    4.6      15.972
2012   12        6     3  34    1.17   376.5    4.6      15.935
2012   12        6     3  44    1.17   376.1    4.6      15.898
2012   12        6     3  54    1.16   375.8    4.6      15.862
2012   12        6     4   4    1.16   375.5    4.6      15.825
2012   12        6     4  14    1.16   375.1    4.5      15.788
2012   12        6     4  24    1.16   374.8    4.5      15.751
2012   12        6     4  33    1.16   374.4    4.5      15.714
2012   12        6     4  43    1.16   374.1    4.5      15.678
2012   12        6     4  53    1.16   373.8    4.5      15.641
2012   12        6     5   3    1.16   373.4    4.5      15.604
2012   12        6     5  13    1.15   373.1    4.5      15.568
2012   12        6     5  23    1.15   372.8    4.5      15.532
2012   12        6     5  33    1.15   372.4    4.5      15.495
2012   12        6     5  43    1.15   372.1    4.5      15.460
2012   12        6     5  53    1.15   371.7    4.5      15.424
2012   12        6     6   3    1.15   371.4    4.5      15.388
2012   12        6     6  13    1.15   371.1    4.5      15.353
2012   12        6     6  23    1.15   370.7    4.5      15.318
2012   12        6     6  33    1.15   370.4    4.5      15.284
2012   12        6     6  43    1.14   370.1    4.5      15.250
2012   12        6     6  53    1.14   369.7    4.5      15.216
2012   12        6     7   3    1.14   369.4    4.5      15.182
2012   12        6     7  12    1.14   369.1    4.5      15.149
2012   12        6     7  22    1.14   368.7    4.6      15.116
2012   12        6     7  32    1.14   368.4    4.6      15.083
2012   12        6     7  42    1.14   368.1    4.6      15.050
2012   12        6     7  52    1.14   367.7    4.6      15.018
2012   12        6     8   2    1.14   367.4    4.6      14.985
2012   12        6     8  12    1.14   367.0    4.6      14.953
2012   12        6     8  22    1.13   366.7    4.6      14.922
2012   12        6     8  32    1.13   366.4    4.6      14.890
2012   12        6     8  42    1.13   366.0    4.6      14.858
2012   12        6     8  52    1.13   365.7    4.6      14.827
2012   12        6     9   2    1.13   365.3    4.6      14.795
2012   12        6     9  12    1.13   365.0    4.6      14.764
2012   12        6     9  22    1.13   364.6    4.6      14.733
2012   12        6     9  32    1.13   364.3    4.6      14.702
2012   12        6     9  42    1.13   363.9    4.6      14.671
2012   12        6     9  52    1.13   363.6    4.6      14.641
2012   12        6    10   2    1.12   363.2    4.6      14.610
2012   12        6    10  12    1.12   362.9    4.6      14.580
2012   12        6    10  22    1.12   362.5    4.6      14.550
2012   12        6    10  31    1.12   362.2    4.6      14.520
2012   12        6    10  41    1.12   361.9    4.6      14.491
2012   12        6    10  51    1.12   361.5    4.6      14.461
2012   12        6    11   1    1.12   361.2    4.6      14.432
2012   12        6    11  11    1.12   360.8    4.6      14.404
2012   12        6    11  21    1.12   360.5    4.6      14.375
2012   12        6    11  31    1.12   360.1    4.6      14.347
2012   12        6    11  41    1.12   359.8    4.6      14.318
2012   12        6    11  51    1.12   359.4    4.6      14.291
2012   12        6    12   1    1.12   359.1    4.6      14.263
2012   12        6    12  11    1.12   358.7    4.6      14.236
2012   12        6    12  21    1.11   358.4    4.6      14.208
2012   12        6    12  31    1.11   358.0    4.6      14.181
2012   12        6    12  40    1.11   357.7    4.6      14.154
2012   12        6    12  50    1.11   357.4    4.6      14.127
2012   12        6    13   0    1.11   357.0    4.6      14.101
2012   12        6    13  10    1.11   356.7    4.6      14.074
2012   12        6    13  20    1.11   356.3    4.6      14.047
2012   12        6    13  30    1.11   356.0    4.6      14.021
2012   12        6    13  40    1.11   355.6    4.6      13.994
2012   12        6    13  50    1.11   355.3    4.6      13.968
2012   12        6    14   0    1.11   355.0    4.6      13.942
2012   12        6    14  10    1.11   354.6    4.6      13.915
2012   12        6    14  20    1.11   354.3    4.6      13.889
2012   12        6    14  30    1.11   353.9    4.6      13.863
2012   12        6    14  40    1.11   353.6    4.6      13.837
2012   12        6    14  50    1.11   353.2    4.6      13.810
2012   12        6    15   0    1.11   352.9    4.6      13.784
2012   12        6    15  10    1.10   352.5    4.6      13.758
2012   12        6    15  20    1.10   352.2    4.6      13.732
2012   12        6    15  29    1.10   351.9    4.6      13.706
2012   12        6    15  39    1.10   351.5    4.7      13.680
2012   12        6    15  49    1.10   351.2    4.7      13.655
2012   12        6    15  59    1.10   350.8    4.7      13.629
2012   12        6    16   9    1.10   350.5    4.7      13.603
2012   12        6    16  19    1.10   350.1    4.7      13.577
2012   12        6    16  29    1.10   349.8    4.7      13.551
2012   12        6    16  39    1.10   349.4    4.7      13.526
2012   12        6    16  49    1.10   349.1    4.7      13.500
2012   12        6    16  59    1.10   348.7    4.7      13.475
2012   12        6    17   9    1.10   348.4    4.7      13.449
2012   12        6    17  19    1.10   348.0    4.7      13.424
2012   12        6    17  29    1.10   347.7    4.7      13.399
2012   12        6    17  39    1.10   347.3    4.7      13.375
2012   12        6    17  49    1.10   347.0    4.7      13.350
2012   12        6    17  59    1.10   346.6    4.7      13.326
2012   12        6    18   9    1.10   346.3    4.7      13.302
2012   12        6    18  19    1.10   345.9    4.7      13.279
2012   12        6    18  28    1.10   345.6    4.7      13.255
2012   12        6    18  38    1.10   345.3    4.7      13.232
2012   12        6    18  48    1.10   344.9    4.7      13.210
2012   12        6    18  58    1.10   344.6    4.7      13.187
2012   12        6    19   8    1.10   344.2    4.7      13.165
2012   12        6    19  18    1.10   343.9    4.7      13.143
2012   12        6    19  28    1.10   343.5    4.7      13.121
2012   12        6    19  38    1.10   343.2    4.7      13.100
2012   12        6    19  48    1.10   342.8    4.7      13.078
2012   12        6    19  58    1.10   342.5    4.8      13.057
2012   12        6    20   8    1.10   342.1    4.8      13.036
2012   12        6    20  18    1.10   341.8    4.8      13.015
2012   12        6    20  28    1.10   341.5    4.8      12.994
2012   12        6    20  37    1.10   341.1    4.8      12.973
2012   12        6    20  47    1.10   340.8    4.8      12.952
2012   12        6    20  57    1.10   340.4    4.8      12.932
2012   12        6    21   7    1.10   340.1    4.8      12.911
2012   12        6    21  17    1.10   339.7    4.8      12.890
2012   12        6    21  27    1.10   339.3    4.8      12.870
2012   12        6    21  37    1.10   339.0    4.8      12.849
2012   12        6    21  47    1.10   338.6    4.8      12.829
2012   12        6    21  57    1.10   338.3    4.8      12.809
2012   12        6    22   7    1.10   337.9    4.8      12.789
2012   12        6    22  17    1.10   337.6    4.8      12.769
2012   12        6    22  27    1.10   337.2    4.8      12.749
2012   12        6    22  37    1.10   336.9    4.8      12.730
2012   12        6    22  47    1.10   336.5    4.8      12.710
2012   12        6    22  57    1.10   336.2    4.9      12.691
2012   12        6    23   7    1.10   335.8    4.9      12.672
2012   12        6    23  17    1.10   335.4    4.9      12.654
2012   12        6    23  27    1.10   335.1    4.9      12.635
2012   12        6    23  37    1.10   334.7    4.9      12.617
2012   12        6    23  47    1.10   334.4    4.9      12.599
2012   12        6    23  56    1.10   334.0    4.9      12.581
2012   12        7     0   6    1.10   333.7    4.9      12.564
2012   12        7     0  16    1.10   333.3    4.9      12.547
2012   12        7     0  26    1.10   333.0    4.9      12.530
2012   12        7     0  36    1.10   332.6    4.9      12.514
2012   12        7     0  46    1.10   332.3    4.9      12.498
2012   12        7     0  56    1.10   331.9    5.0      12.482
2012   12        7     1   6    1.11   331.6    5.0      12.466
2012   12        7     1  16    1.11   331.2    5.0      12.451
2012   12        7     1  26    1.11   330.9    5.0      12.436
2012   12        7     1  36    1.11   330.5    5.0      12.421
2012   12        7     1  46    1.11   330.2    5.0      12.407
2012   12        7     1  56    1.11   329.8    5.0      12.393
2012   12        7     2   6    1.11   329.5    5.0      12.379
2012   12        7     2  16    1.11   329.1    5.0      12.366
2012   12        7     2  25    1.11   328.8    5.0      12.352
2012   12        7     2  35    1.11   328.4    5.1      12.339
2012   12        7     2  45    1.12   328.1    5.1      12.326
2012   12        7     2  55    1.12   327.7    5.1      12.314
2012   12        7     3   5    1.12   327.4    5.1      12.301
2012   12        7     3  15    1.12   327.0    5.1      12.289
2012   12        7     3  25    1.12   326.7    5.1      12.277
2012   12        7     3  35    1.12   326.3    5.1      12.265
2012   12        7     3  45    1.12   326.0    5.1      12.253
2012   12        7     3  55    1.12   325.6    5.2      12.242
2012   12        7     4   5    1.13   325.3    5.2      12.231
2012   12        7     4  15    1.13   324.9    5.2      12.219
2012   12        7     4  25    1.13   324.5    5.2      12.208
2012   12        7     4  35    1.13   324.2    5.2      12.198
2012   12        7     4  44    1.13   323.8    5.2      12.187
2012   12        7     4  54    1.13   323.5    5.2      12.176
2012   12        7     5   4    1.13   323.1    5.3      12.166
2012   12        7     5  14    1.14   322.8    5.3      12.156
2012   12        7     5  24    1.14   322.4    5.3      12.146
2012   12        7     5  34    1.14   322.1    5.3      12.136
2012   12        7     5  44    1.14   321.7    5.3      12.127
2012   12        7     5  54    1.14   321.4    5.3      12.118
2012   12        7     6   4    1.15   321.0    5.3      12.108
2012   12        7     6  14    1.15   320.7    5.4      12.100
2012   12        7     6  24    1.15   320.3    5.4      12.091
2012   12        7     6  34    1.15   320.0    5.4      12.083
2012   12        7     6  44    1.15   319.6    5.4      12.074
2012   12        7     6  54    1.16   319.3    5.4      12.066
2012   12        7     7   4    1.16   318.9    5.4      12.059
2012   12        7     7  14    1.16   318.6    5.5      12.052
2012   12        7     7  24    1.16   318.2    5.5      12.045
2012   12        7     7  34    1.16   317.9    5.5      12.038
2012   12        7     7  44    1.17   317.6    5.5      12.032
2012   12        7     7  54    1.17   317.2    5.5      12.026
2012   12        7     8   3    1.17   316.9    5.5      12.020
2012   12        7     8  13    1.17   316.5    5.6      12.015
2012   12        7     8  23    1.18   316.2    5.6      12.010
2012   12        7     8  33    1.18   315.9    5.6      12.006
2012   12        7     8  43    1.18   315.5    5.6      12.002
2012   12        7     8  53    1.18   315.2    5.6      11.998
2012   12        7     9   3    1.19   314.9    5.7      11.995
2012   12        7     9  13    1.19   314.5    5.7      11.993
2012   12        7     9  23    1.19   314.2    5.7      11.991
2012   12        7     9  33    1.20   313.9    5.7      11.989
2012   12        7     9  43    1.20   313.6    5.7      11.989
2012   12        7     9  53    1.20   313.2    5.8      11.988
2012   12        7    10   3    1.20   312.9    5.8      11.988
2012   12        7    10  12    1.21   312.6    5.8      11.989
2012   12        7    10  22    1.21   312.3    5.8      11.990
2012   12        7    10  32    1.21   311.9    5.9      11.992
2012   12        7    10  42    1.22   311.6    5.9      11.994
2012   12        7    10  52    1.22   311.3    5.9      11.997
2012   12        7    11   2    1.23   311.0    5.9      12.001
2012   12        7    11  12    1.23   310.7    6.0      12.005
2012   12        7    11  22    1.23   310.4    6.0      12.009
2012   12        7    11  32    1.24   310.1    6.0      12.014
2012   12        7    11  42    1.24   309.7    6.1      12.019
2012   12        7    11  52    1.24   309.4    6.1      12.025
2012   12        7    12   2    1.25   309.1    6.1      12.032
2012   12        7    12  12    1.25   308.8    6.1      12.038
2012   12        7    12  22    1.26   308.5    6.2      12.046
2012   12        7    12  32    1.26   308.2    6.2      12.053
2012   12        7    12  42    1.26   307.9    6.2      12.061
2012   12        7    12  52    1.27   307.6    6.3      12.069
2012   12        7    13   1    1.27   307.3    6.3      12.078
2012   12        7    13  11    1.28   307.0    6.3      12.087
2012   12        7    13  21    1.28   306.7    6.4      12.097
2012   12        7    13  31    1.29   306.4    6.4      12.106
2012   12        7    13  41    1.29   306.1    6.4      12.116
2012   12        7    13  51    1.30   305.8    6.5      12.127
2012   12        7    14   1    1.30   305.5    6.5      12.137
2012   12        7    14  11    1.31   305.2    6.5      12.148
2012   12        7    14  21    1.31   304.9    6.6      12.160
2012   12        7    14  31    1.32   304.6    6.6      12.171
2012   12        7    14  41    1.32   304.3    6.6      12.183
2012   12        7    14  51    1.33   304.0    6.7      12.196
2012   12        7    15   1    1.33   303.7    6.7      12.208
2012   12        7    15  11    1.34   303.5    6.8      12.221
2012   12        7    15  21    1.34   303.2    6.8      12.235
2012   12        7    15  31    1.35   302.9    6.8      12.249
2012   12        7    15  41    1.36   302.6    6.9      12.263
2012   12        7    15  51    1.36   302.3    6.9      12.278
2012   12        7    16   1    1.37   302.0    6.9      12.293
2012   12        7    16  10    1.38   301.7    7.0      12.309
2012   12        7    16  20    1.38   301.4    7.0      12.325
2012   12        7    16  30    1.39   301.2    7.1      12.342
2012   12        7    16  40    1.39   300.9    7.1      12.360
2012   12        7    16  50    1.40   300.6    7.2      12.378
2012   12        7    17   0    1.41   300.3    7.2      12.396
2012   12        7    17  10    1.42   300.0    7.2      12.415
2012   12        7    17  20    1.42   299.8    7.3      12.435
2012   12        7    17  30    1.43   299.5    7.3      12.455
2012   12        7    17  40    1.44   299.2    7.4      12.476
2012   12        7    17  50    1.45   298.9    7.4      12.497
2012   12        7    18   0    1.45   298.7    7.5      12.519
2012   12        7    18  10    1.46   298.4    7.5      12.542
2012   12        7    18  19    1.47   298.1    7.6      12.565
2012   12        7    18  29    1.48   297.9    7.6      12.588
2012   12        7    18  39    1.49   297.6    7.7      12.612
2012   12        7    18  49    1.50   297.4    7.7      12.637
2012   12        7    18  59    1.51   297.1    7.8      12.662
2012   12        7    19   9    1.52   296.8    7.8      12.687
2012   12        7    19  19    1.52   296.6    7.9      12.713
2012   12        7    19  29    1.53   296.3    7.9      12.739
2012   12        7    19  39    1.54   296.0    8.0      12.766
2012   12        7    19  49    1.55   295.7    8.0      12.793
2012   12        7    19  59    1.56   295.5    8.1      12.821
2012   12        7    20   9    1.57   295.2    8.1      12.849
2012   12        7    20  19    1.58   294.9    8.2      12.878
2012   12        7    20  29    1.60   294.7    8.3      12.908
2012   12        7    20  39    1.61   294.4    8.3      12.939
2012   12        7    20  49    1.62   294.1    8.4      12.971
2012   12        7    20  59    1.63   293.9    8.5      13.004
2012   12        7    21   9    1.64   293.6    8.5      13.039
2012   12        7    21  18    1.65   293.4    8.6      13.074
2012   12        7    21  28    1.66   293.1    8.7      13.112
2012   12        7    21  38    1.68   292.9    8.8      13.151
2012   12        7    21  48    1.69   292.6    8.8      13.192
2012   12        7    21  58    1.70   292.4    8.9      13.235
2012   12        7    22   8    1.72   292.1    9.0      13.280
2012   12        7    22  18    1.73   291.9    9.1      13.328
2012   12        7    22  28    1.75   291.7    9.2      13.378
2012   12        7    22  38    1.76   291.5    9.3      13.431
2012   12        7    22  48    1.78   291.3    9.4      13.487
2012   12        7    22  58    1.79   291.1    9.5      13.546
2012   12        7    23   8    1.81   290.9    9.6      13.609
2012   12        7    23  18    1.83   290.7    9.7      13.674
2012   12        7    23  28    1.84   290.6    9.8      13.742
2012   12        7    23  38    1.86   290.4    9.9      13.814
2012   12        7    23  48    1.88   290.3   10.1      13.891
2012   12        7    23  57    1.90   290.2   10.2      13.972
2012   12        8     0   7    1.92   290.0   10.3      14.062
2012   12        8     0  17    1.94   290.0   10.5      14.160
2012   12        8     0  27    1.96   289.9   10.6      14.264
2012   12        8     0  37    1.98   289.8   10.8      14.374
2012   12        8     0  47    2.00   289.8   10.9      14.492
2012   12        8     0  57    2.02   289.8   11.1      14.615
2012   12        8     1   7    2.04   289.7   11.2      14.744
2012   12        8     1  17    2.07   289.7   11.4      14.877
2012   12        8     1  27    2.09   289.7   11.5      15.015
2012   12        8     1  37    2.11   289.8   11.7      15.155
2012   12        8     1  47    2.13   289.8   11.8      15.298
2012   12        8     1  57    2.15   289.8   12.0      15.442
2012   12        8     2   6    2.18   289.8   12.1      15.588
2012   12        8     2  16    2.20   289.8   12.3      15.734
2012   12        8     2  26    2.22   289.8   12.4      15.879
2012   12        8     2  36    2.25   289.8   12.6      16.025
2012   12        8     2  46    2.27   289.9   12.7      16.170
2012   12        8     2  56    2.29   289.9   12.9      16.316
2012   12        8     3   6    2.32   289.9   13.1      16.463
2012   12        8     3  16    2.34   290.0   13.2      16.611
2012   12        8     3  26    2.36   290.1   13.4      16.762
2012   12        8     3  36    2.39   290.2   13.6      16.915
2012   12        8     3  46    2.41   290.3   13.7      17.072
2012   12        8     3  56    2.44   290.4   13.9      17.232
2012   12        8     4   6    2.46   290.5   14.1      17.395
2012   12        8     4  16    2.48   290.6   14.3      17.562
2012   12        8     4  26    2.51   290.7   14.4      17.732
2012   12        8     4  36    2.53   290.8   14.6      17.904
2012   12        8     4  46    2.56   291.0   14.8      18.078
2012   12        8     4  56    2.59   291.1   15.0      18.255
2012   12        8     5   6    2.61   291.3   15.2      18.434
2012   12        8     5  16    2.64   291.5   15.4      18.618
2012   12        8     5  26    2.67   291.7   15.6      18.811
2012   12        8     5  35    2.70   292.0   15.8      19.013
2012   12        8     5  45    2.72   292.2   16.0      19.223
2012   12        8     5  55    2.75   292.5   16.2      19.436
2012   12        8     6   5    2.78   292.7   16.4      19.653
2012   12        8     6  15    2.81   293.0   16.6      19.869
2012   12        8     6  25    2.84   293.2   16.9      20.081
2012   12        8     6  35    2.87   293.5   17.1      20.287
2012   12        8     6  45    2.90   293.7   17.3      20.488
2012   12        8     6  55    2.93   293.9   17.5      20.685
2012   12        8     7   5    2.96   294.2   17.7      20.880
2012   12        8     7  15    2.99   294.4   17.9      21.074
2012   12        8     7  25    3.02   294.7   18.1      21.268
2012   12        8     7  35    3.05   295.1   18.3      21.468
2012   12        8     7  44    3.08   295.4   18.6      21.677
2012   12        8     7  54    3.11   295.8   18.8      21.893
2012   12        8     8   4    3.14   296.1   19.0      22.116
2012   12        8     8  14    3.17   296.5   19.1      22.342
2012   12        8     8  24    3.20   296.8   19.3      22.571
2012   12        8     8  34    3.23   297.2   19.5      22.799
2012   12        8     8  44    3.26   297.5   19.7      23.024
2012   12        8     8  54    3.28   297.8   19.9      23.245
2012   12        8     9   4    3.31   298.2   20.0      23.462
2012   12        8     9  14    3.34   298.5   20.2      23.674
2012   12        8     9  24    3.36   298.9   20.4      23.884
2012   12        8     9  34    3.39   299.2   20.5      24.088
2012   12        8     9  44    3.42   299.5   20.7      24.291
2012   12        8     9  54    3.44   299.9   20.8      24.490
2012   12        8    10   3    3.47   300.2   21.0      24.688
2012   12        8    10  13    3.49   300.5   21.1      24.884
2012   12        8    10  23    3.52   300.9   21.3      25.080
2012   12        8    10  33    3.54   301.2   21.4      25.276
2012   12        8    10  43    3.57   301.6   21.6      25.474
2012   12        8    10  53    3.59   302.0   21.7      25.673
2012   12        8    11   3    3.61   302.3   21.9      25.874
2012   12        8    11  13    3.64   302.7   22.0      26.076
2012   12        8    11  23    3.66   303.1   22.2      26.281
2012   12        8    11  33    3.68   303.5   22.3      26.487
2012   12        8    11  43    3.71   303.9   22.5      26.698
2012   12        8    11  53    3.73   304.3   22.6      26.913
2012   12        8    12   3    3.75   304.7   22.8      27.133
2012   12        8    12  13    3.78   305.1   22.9      27.357
2012   12        8    12  23    3.80   305.5   23.1      27.585
2012   12        8    12  33    3.83   306.0   23.2      27.819
2012   12        8    12  43    3.85   306.4   23.4      28.061
2012   12        8    12  53    3.88   306.9   23.6      28.309
2012   12        8    13   3    3.90   307.4   23.7      28.562
2012   12        8    13  13    3.93   308.0   23.8      28.817
2012   12        8    13  22    3.95   308.5   24.0      29.073
2012   12        8    13  32    3.97   309.0   24.1      29.325
2012   12        8    13  42    3.99   309.5   24.2      29.572
2012   12        8    13  52    4.02   310.0   24.3      29.812
2012   12        8    14   2    4.04   310.5   24.4      30.051
2012   12        8    14  12    4.06   311.0   24.5      30.287
2012   12        8    14  22    4.08   311.6   24.6      30.524
2012   12        8    14  32    4.10   312.1   24.7      30.761
2012   12        8    14  42    4.12   312.6   24.8      30.999
2012   12        8    14  52    4.14   313.1   24.9      31.238
2012   12        8    15   2    4.15   313.6   25.0      31.482
2012   12        8    15  12    4.17   314.2   25.1      31.728
2012   12        8    15  21    4.19   314.7   25.1      31.977
2012   12        8    15  31    4.21   315.3   25.2      32.229
2012   12        8    15  41    4.22   315.9   25.2      32.483
2012   12        8    15  51    4.24   316.5   25.3      32.737
2012   12        8    16   1    4.26   317.0   25.3      32.991
2012   12        8    16  11    4.27   317.6   25.3      33.242
2012   12        8    16  21    4.28   318.2   25.4      33.493
2012   12        8    16  31    4.30   318.8   25.4      33.742
2012   12        8    16  41    4.31   319.4   25.4      33.991
2012   12        8    16  51    4.32   320.0   25.4      34.237
2012   12        8    17   1    4.33   320.6   25.4      34.483
2012   12        8    17  11    4.34   321.2   25.4      34.727
2012   12        8    17  21    4.36   321.8   25.4      34.969
2012   12        8    17  31    4.37   322.4   25.4      35.209
2012   12        8    17  41    4.37   323.0   25.4      35.447
2012   12        8    17  51    4.38   323.5   25.4      35.684
2012   12        8    18   0    4.39   324.1   25.3      35.919
2012   12        8    18  10    4.40   324.7   25.3      36.152
2012   12        8    18  20    4.41   325.4   25.3      36.384
2012   12        8    18  30    4.42   325.9   25.3      36.613
2012   12        8    18  40    4.43   326.5   25.3      36.843
2012   12        8    18  50    4.44   327.2   25.3      37.072
2012   12        8    19   0    4.44   327.8   25.2      37.304
2012   12        8    19  10    4.45   328.4   25.2      37.535
2012   12        8    19  20    4.46   329.1   25.2      37.767
2012   12        8    19  30    4.47   329.8   25.2      37.999
2012   12        8    19  40    4.48   330.5   25.2      38.230
2012   12        8    19  50    4.48   331.2   25.1      38.458
2012   12        8    20   0    4.49   331.9   25.1      38.685
2012   12        8    20  10    4.50   332.6   25.1      38.910
2012   12        8    20  20    4.50   333.3   25.0      39.135
2012   12        8    20  30    4.51   334.1   25.0      39.358
2012   12        8    20  40    4.51   334.8   24.9      39.577
2012   12        8    20  50    4.52   335.6   24.9      39.794
2012   12        8    21   0    4.52   336.3   24.8      40.006
2012   12        8    21   9    4.52   337.0   24.8      40.214
2012   12        8    21  19    4.52   337.7   24.7      40.419
2012   12        8    21  29    4.52   338.4   24.6      40.620
2012   12        8    21  39    4.52   339.1   24.5      40.817
2012   12        8    21  49    4.52   339.8   24.4      41.009
2012   12        8    21  59    4.52   340.5   24.3      41.197
2012   12        8    22   9    4.51   341.2   24.2      41.379
2012   12        8    22  19    4.51   341.9   24.1      41.554
2012   12        8    22  29    4.50   342.7   24.0      41.721
2012   12        8    22  39    4.50   343.4   23.9      41.885
2012   12        8    22  49    4.49   344.1   23.8      42.040
2012   12        8    22  59    4.49   344.8   23.7      42.187
2012   12        8    23   8    4.48   345.5   23.5      42.324
2012   12        8    23  18    4.47   346.2   23.4      42.454
2012   12        8    23  28    4.47   346.9   23.2      42.576
2012   12        8    23  38    4.46   347.6   23.1      42.694
2012   12        8    23  48    4.45   348.4   22.9      42.811
2012   12        8    23  58    4.44   349.1   22.8      42.930
2012   12        9     0   8    4.43   349.8   22.6      43.044
2012   12        9     0  18    4.42   350.5   22.5      43.159
2012   12        9     0  28    4.41   351.2   22.3      43.274
2012   12        9     0  38    4.40   351.9   22.2      43.388
2012   12        9     0  48    4.39   352.7   22.0      43.500
2012   12        9     0  58    4.38   353.4   21.9      43.609
2012   12        9     1   8    4.37   354.1   21.7      43.713
2012   12        9     1  18    4.35   354.8   21.5      43.814
2012   12        9     1  28    4.34   355.6   21.4      43.909
2012   12        9     1  38    4.32   356.3   21.2      43.996
2012   12        9     1  48    4.31   357.0   21.0      44.077
2012   12        9     1  57    4.29   357.7   20.8      44.152
2012   12        9     2   7    4.28   358.5   20.6      44.221
2012   12        9     2  17    4.26   359.2   20.4      44.279
2012   12        9     2  27    4.24   359.9   20.3      44.324
2012   12        9     2  37    4.22   360.6   20.1      44.360
2012   12        9     2  47    4.20   361.3   19.9      44.386
2012   12        9     2  57    4.18   362.0   19.7      44.404
2012   12        9     3   7    4.16   362.7   19.5      44.417
2012   12        9     3  17    4.14   363.4   19.3      44.432
2012   12        9     3  27    4.12   364.1   19.1      44.451
2012   12        9     3  37    4.10   364.8   19.0      44.474
2012   12        9     3  47    4.08   365.5   18.8      44.499
2012   12        9     3  57    4.06   366.3   18.6      44.526
2012   12        9     4   7    4.04   367.0   18.4      44.555
2012   12        9     4  17    4.02   367.7   18.2      44.584
2012   12        9     4  27    4.00   368.5   18.1      44.611
2012   12        9     4  37    3.97   369.2   17.9      44.634
2012   12        9     4  46    3.95   369.9   17.7      44.652
2012   12        9     4  56    3.93   370.7   17.5      44.663
2012   12        9     5   6    3.91   371.4   17.3      44.667
2012   12        9     5  16    3.88   372.1   17.2      44.662
2012   12        9     5  26    3.86   372.8   17.0      44.647
2012   12        9     5  36    3.83   373.5   16.8      44.619
2012   12        9     5  46    3.81   374.2   16.6      44.579
2012   12        9     5  56    3.78   374.9   16.4      44.530
2012   12        9     6   6    3.76   375.6   16.2      44.467
2012   12        9     6  16    3.73   376.3   16.0      44.385
2012   12        9     6  26    3.70   377.0   15.8      44.286
2012   12        9     6  36    3.68   377.6   15.6      44.173
2012   12        9     6  45    3.65   378.3   15.4      44.047
2012   12        9     6  55    3.63   378.9   15.2      43.910
2012   12        9     7   5    3.60   379.5   15.1      43.773
2012   12        9     7  15    3.57   380.2   14.9      43.639
2012   12        9     7  25    3.55   380.8   14.7      43.508
2012   12        9     7  35    3.52   381.5   14.5      43.378
2012   12        9     7  45    3.50   382.2   14.4      43.249
2012   12        9     7  55    3.47   382.8   14.2      43.117
2012   12        9     8   5    3.44   383.5   14.0      42.983
2012   12        9     8  15    3.42   384.2   13.8      42.843
2012   12        9     8  25    3.39   384.9   13.7      42.698
2012   12        9     8  35    3.36   385.5   13.5      42.544
2012   12        9     8  45    3.33   386.2   13.3      42.383
2012   12        9     8  55    3.31   386.9   13.1      42.208
2012   12        9     9   5    3.28   387.5   12.9      42.021
2012   12        9     9  15    3.25   388.2   12.7      41.820
2012   12        9     9  25    3.22   388.9   12.6      41.609
2012   12        9     9  35    3.19   389.6   12.4      41.378
2012   12        9     9  44    3.16   390.2   12.2      41.123
2012   12        9     9  54    3.13   390.8   12.0      40.849
2012   12        9    10   4    3.10   391.4   11.8      40.561
2012   12        9    10  14    3.07   391.9   11.6      40.255
2012   12        9    10  24    3.04   392.4   11.5      39.939
2012   12        9    10  34    3.01   392.8   11.3      39.625
2012   12        9    10  44    2.99   393.3   11.1      39.314
2012   12        9    10  54    2.96   393.8   11.0      39.004
2012   12        9    11   4    2.93   394.2   10.8      38.696
2012   12        9    11  14    2.90   394.7   10.7      38.387
2012   12        9    11  24    2.88   395.1   10.5      38.081
2012   12        9    11  34    2.85   395.5   10.4      37.775
2012   12        9    11  44    2.82   395.9   10.3      37.472
2012   12        9    11  54    2.80   396.2   10.1      37.168
2012   12        9    12   4    2.77   396.6   10.0      36.866
2012   12        9    12  14    2.75   396.9    9.9      36.562
2012   12        9    12  23    2.72   397.3    9.8      36.260
2012   12        9    12  33    2.70   397.6    9.6      35.956
2012   12        9    12  43    2.67   397.9    9.5      35.654
2012   12        9    12  53    2.65   398.2    9.4      35.351
2012   12        9    13   3    2.62   398.4    9.3      35.049
2012   12        9    13  13    2.60   398.7    9.2      34.747
2012   12        9    13  23    2.58   398.9    9.1      34.446
2012   12        9    13  33    2.55   399.1    9.0      34.147
2012   12        9    13  43    2.53   399.2    8.9      33.850
2012   12        9    13  53    2.51   399.4    8.8      33.555
2012   12        9    14   3    2.49   399.5    8.7      33.264
2012   12        9    14  13    2.47   399.7    8.6      32.974
2012   12        9    14  22    2.45   399.8    8.6      32.689
2012   12        9    14  32    2.42   399.9    8.5      32.407
2012   12        9    14  42    2.40   399.9    8.4      32.129
2012   12        9    14  52    2.38   400.0    8.3      31.854
2012   12        9    15   2    2.36   400.0    8.3      31.583
2012   12        9    15  12    2.35   400.0    8.2      31.316
2012   12        9    15  22    2.33   400.1    8.1      31.054
2012   12        9    15  32    2.31   400.1    8.1      30.795
2012   12        9    15  42    2.29   400.1    8.0      30.542
2012   12        9    15  52    2.27   400.0    7.9      30.292
2012   12        9    16   2    2.26   400.0    7.9      30.047
2012   12        9    16  12    2.24   400.0    7.8      29.805
2012   12        9    16  22    2.22   400.0    7.7      29.568
2012   12        9    16  32    2.21   399.9    7.7      29.335
2012   12        9    16  42    2.19   399.8    7.6      29.106
2012   12        9    16  52    2.17   399.8    7.6      28.881
2012   12        9    17   2    2.16   399.7    7.5      28.661
2012   12        9    17  12    2.15   399.6    7.5      28.444
2012   12        9    17  22    2.13   399.5    7.4      28.233
2012   12        9    17  32    2.12   399.4    7.4      28.026
2012   12        9    17  41    2.10   399.3    7.4      27.825
2012   12        9    17  51    2.09   399.2    7.3      27.627
2012   12        9    18   1    2.08   399.0    7.3      27.435
2012   12        9    18  11    2.06   398.9    7.2      27.247
2012   12        9    18  21    2.05   398.7    7.2      27.064
2012   12        9    18  31    2.04   398.6    7.1      26.885
2012   12        9    18  41    2.03   398.4    7.1      26.711
2012   12        9    18  51    2.01   398.3    7.1      26.541
2012   12        9    19   1    2.00   398.1    7.0      26.376
2012   12        9    19  11    1.99   398.0    7.0      26.215
2012   12        9    19  21    1.98   397.8    7.0      26.058
2012   12        9    19  31    1.97   397.7    6.9      25.905
2012   12        9    19  41    1.96   397.5    6.9      25.756
2012   12        9    19  51    1.95   397.3    6.9      25.610
2012   12        9    20   0    1.94   397.2    6.8      25.467
2012   12        9    20  10    1.93   397.0    6.8      25.325
2012   12        9    20  20    1.92   396.8    6.8      25.186
2012   12        9    20  30    1.91   396.6    6.8      25.048
2012   12        9    20  40    1.90   396.4    6.7      24.910
2012   12        9    20  50    1.89   396.2    6.7      24.774
2012   12        9    21   0    1.88   396.0    6.7      24.640
2012   12        9    21  10    1.87   395.8    6.6      24.507
2012   12        9    21  20    1.86   395.6    6.6      24.375
2012   12        9    21  30    1.85   395.3    6.6      24.246
2012   12        9    21  40    1.85   395.1    6.6      24.120
2012   12        9    21  50    1.84   394.9    6.6      23.997
2012   12        9    22   0    1.83   394.7    6.5      23.878
2012   12        9    22   9    1.82   394.5    6.5      23.761
2012   12        9    22  19    1.81   394.3    6.5      23.648
2012   12        9    22  29    1.81   394.1    6.5      23.537
2012   12        9    22  39    1.80   393.9    6.5      23.428
2012   12        9    22  49    1.79   393.7    6.4      23.320
2012   12        9    22  59    1.79   393.4    6.4      23.213
2012   12        9    23   9    1.78   393.2    6.4      23.108
2012   12        9    23  19    1.77   392.9    6.4      23.004
2012   12        9    23  29    1.76   392.7    6.4      22.900
2012   12        9    23  39    1.76   392.4    6.3      22.798
2012   12        9    23  49    1.75   392.2    6.3      22.697
2012   12        9    23  59    1.75   391.9    6.3      22.598
2012   12       10     0   9    1.74   391.7    6.3      22.500
2012   12       10     0  19    1.73   391.4    6.3      22.404
2012   12       10     0  29    1.73   391.2    6.3      22.311
2012   12       10     0  39    1.72   390.9    6.2      22.221
2012   12       10     0  49    1.72   390.7    6.2      22.133
2012   12       10     0  59    1.71   390.4    6.2      22.048
2012   12       10     1   9    1.71   390.2    6.2      21.965
2012   12       10     1  19    1.70   389.9    6.2      21.883
2012   12       10     1  28    1.70   389.7    6.2      21.803
2012   12       10     1  38    1.69   389.5    6.2      21.723
2012   12       10     1  48    1.68   389.2    6.2      21.644
2012   12       10     1  58    1.68   389.0    6.1      21.567
2012   12       10     2   8    1.67   388.7    6.1      21.491
2012   12       10     2  18    1.67   388.5    6.1      21.416
2012   12       10     2  28    1.67   388.3    6.1      21.342
2012   12       10     2  38    1.66   388.0    6.1      21.269
2012   12       10     2  48    1.66   387.8    6.1      21.197
2012   12       10     2  58    1.65   387.5    6.1      21.126
2012   12       10     3   8    1.65   387.3    6.1      21.057
2012   12       10     3  18    1.64   387.0    6.0      20.988
2012   12       10     3  28    1.64   386.7    6.0      20.921
2012   12       10     3  37    1.63   386.4    6.0      20.854
2012   12       10     3  47    1.63   386.2    6.0      20.788
2012   12       10     3  57    1.63   385.9    6.0      20.722
2012   12       10     4   7    1.62   385.6    6.0      20.656
2012   12       10     4  17    1.62   385.3    6.0      20.591
2012   12       10     4  27    1.62   385.0    6.0      20.526
2012   12       10     4  37    1.61   384.7    6.0      20.462
2012   12       10     4  47    1.61   384.4    6.0      20.398
2012   12       10     4  57    1.60   384.1    6.0      20.336
2012   12       10     5   7    1.60   383.8    6.0      20.277
2012   12       10     5  17    1.60   383.5    6.0      20.221
2012   12       10     5  27    1.60   383.2    6.0      20.167
2012   12       10     5  37    1.59   382.9    6.0      20.114
2012   12       10     5  47    1.59   382.6    6.0      20.063
2012   12       10     5  56    1.59   382.3    5.9      20.014
2012   12       10     6   6    1.58   382.0    5.9      19.963
2012   12       10     6  16    1.58   381.7    5.9      19.913
2012   12       10     6  26    1.58   381.4    5.9      19.863
2012   12       10     6  36    1.57   381.1    5.9      19.812
2012   12       10     6  46    1.57   380.8    5.9      19.761
2012   12       10     6  56    1.57   380.5    5.9      19.710
2012   12       10     7   6    1.57   380.2    5.9      19.658
2012   12       10     7  16    1.56   379.9    5.9      19.607
2012   12       10     7  26    1.56   379.5    5.9      19.556
2012   12       10     7  36    1.56   379.2    5.9      19.506
2012   12       10     7  46    1.56   378.9    5.9      19.458
2012   12       10     7  56    1.55   378.6    5.9      19.411
2012   12       10     8   6    1.55   378.3    5.9      19.365
2012   12       10     8  16    1.55   378.0    5.9      19.320
2012   12       10     8  26    1.55   377.7    5.9      19.276
2012   12       10     8  36    1.54   377.4    5.9      19.233
2012   12       10     8  46    1.54   377.1    5.9      19.190
2012   12       10     8  56    1.54   376.9    5.9      19.146
2012   12       10     9   6    1.54   376.6    5.9      19.101
2012   12       10     9  15    1.54   376.3    5.9      19.057
2012   12       10     9  25    1.53   376.0    5.9      19.012
2012   12       10     9  35    1.53   375.7    5.9      18.968
2012   12       10     9  45    1.53   375.4    5.9      18.923
2012   12       10     9  55    1.53   375.1    5.9      18.879
2012   12       10    10   5    1.52   374.8    5.9      18.834
2012   12       10    10  15    1.52   374.5    5.9      18.790
2012   12       10    10  25    1.52   374.3    5.9      18.746
2012   12       10    10  35    1.52   374.0    5.9      18.702
2012   12       10    10  45    1.52   373.7    5.9      18.658
2012   12       10    10  55    1.51   373.4    5.9      18.615
2012   12       10    11   5    1.51   373.1    5.9      18.572
2012   12       10    11  14    1.51   372.8    5.9      18.529
2012   12       10    11  24    1.51   372.5    5.9      18.487
2012   12       10    11  34    1.51   372.2    5.9      18.445
2012   12       10    11  44    1.51   371.9    5.9      18.403
2012   12       10    11  54    1.50   371.6    5.9      18.361
2012   12       10    12   4    1.50   371.3    5.9      18.320
2012   12       10    12  14    1.50   371.0    5.9      18.280
2012   12       10    12  24    1.50   370.7    5.9      18.239
2012   12       10    12  34    1.50   370.5    5.9      18.199
2012   12       10    12  44    1.50   370.2    5.9      18.159
2012   12       10    12  54    1.49   369.9    5.9      18.119
2012   12       10    13   4    1.49   369.6    5.9      18.079
2012   12       10    13  14    1.49   369.3    5.9      18.040
2012   12       10    13  24    1.49   369.0    5.9      18.001
2012   12       10    13  34    1.49   368.7    5.9      17.962
2012   12       10    13  43    1.49   368.4    5.9      17.923
2012   12       10    13  53    1.48   368.1    5.9      17.885
2012   12       10    14   3    1.48   367.8    5.9      17.846
2012   12       10    14  13    1.48   367.5    5.9      17.809
2012   12       10    14  23    1.48   367.2    5.9      17.771
2012   12       10    14  33    1.48   366.9    5.9      17.735
2012   12       10    14  43    1.48   366.6    5.9      17.698
2012   12       10    14  53    1.48   366.3    5.9      17.662
2012   12       10    15   3    1.47   366.0    5.9      17.626
2012   12       10    15  13    1.47   365.7    5.9      17.590
2012   12       10    15  23    1.47   365.4    5.9      17.554
2012   12       10    15  33    1.47   365.1    5.9      17.518
2012   12       10    15  43    1.47   364.8    5.9      17.483
2012   12       10    15  53    1.47   364.5    5.9      17.447
2012   12       10    16   3    1.47   364.2    5.9      17.412
2012   12       10    16  13    1.47   363.9    5.9      17.377
2012   12       10    16  23    1.46   363.6    5.9      17.341
2012   12       10    16  33    1.46   363.3    5.9      17.306
2012   12       10    16  43    1.46   363.0    5.9      17.271
2012   12       10    16  52    1.46   362.7    5.9      17.237
2012   12       10    17   2    1.46   362.4    5.9      17.202
2012   12       10    17  12    1.46   362.1    5.9      17.167
2012   12       10    17  22    1.46   361.8    5.9      17.133
2012   12       10    17  32    1.46   361.5    5.9      17.099
2012   12       10    17  42    1.46   361.2    5.9      17.065
2012   12       10    17  52    1.45   360.9    5.9      17.031
2012   12       10    18   2    1.45   360.6    5.9      16.997
2012   12       10    18  12    1.45   360.3    5.9      16.964
2012   12       10    18  22    1.45   360.0    5.9      16.930
2012   12       10    18  32    1.45   359.7    5.9      16.897
2012   12       10    18  42    1.45   359.4    5.9      16.864
2012   12       10    18  51    1.45   359.1    5.9      16.832
2012   12       10    19   1    1.45   358.8    5.9      16.799
2012   12       10    19  11    1.45   358.5    5.9      16.766
2012   12       10    19  21    1.45   358.2    5.9      16.734
2012   12       10    19  31    1.44   357.9    5.9      16.702
2012   12       10    19  41    1.44   357.6    5.9      16.670
2012   12       10    19  51    1.44   357.3    5.9      16.638
2012   12       10    20   1    1.44   357.0    5.9      16.606
2012   12       10    20  11    1.44   356.7    5.9      16.574
2012   12       10    20  21    1.44   356.4    5.9      16.542
2012   12       10    20  31    1.44   356.1    5.9      16.510
2012   12       10    20  41    1.44   355.8    5.9      16.479
2012   12       10    20  51    1.44   355.4    5.9      16.447
2012   12       10    21   1    1.44   355.1    5.9      16.415
2012   12       10    21  11    1.44   354.8    5.9      16.384
2012   12       10    21  21    1.43   354.5    5.9      16.352
2012   12       10    21  31    1.43   354.2    5.9      16.321
2012   12       10    21  40    1.43   353.9    5.9      16.290
2012   12       10    21  50    1.43   353.6    5.9      16.259
2012   12       10    22   0    1.43   353.3    5.9      16.229
2012   12       10    22  10    1.43   353.0    5.9      16.199
2012   12       10    22  20    1.43   352.7    5.9      16.169
2012   12       10    22  30    1.43   352.3    5.9      16.139
2012   12       10    22  40    1.43   352.0    5.9      16.110
2012   12       10    22  50    1.43   351.7    6.0      16.081
2012   12       10    23   0    1.43   351.4    6.0      16.052
2012   12       10    23  10    1.43   351.1    6.0      16.024
2012   12       10    23  20    1.43   350.8    6.0      15.995
2012   12       10    23  30    1.43   350.5    6.0      15.968
2012   12       10    23  40    1.43   350.1    6.0      15.940
2012   12       10    23  50    1.43   349.8    6.0      15.913
2012   12       11     0   0    1.43   349.5    6.0      15.886
2012   12       11     0  10    1.43   349.2    6.0      15.860
2012   12       11     0  20    1.43   348.9    6.0      15.834
2012   12       11     0  29    1.43   348.5    6.0      15.808
2012   12       11     0  39    1.42   348.2    6.0      15.783
2012   12       11     0  49    1.42   347.9    6.0      15.758
2012   12       11     0  59    1.42   347.6    6.0      15.734
2012   12       11     1   9    1.42   347.2    6.0      15.710
2012   12       11     1  19    1.42   346.9    6.0      15.686
2012   12       11     1  29    1.42   346.6    6.0      15.663
2012   12       11     1  39    1.42   346.3    6.1      15.641
2012   12       11     1  49    1.42   345.9    6.1      15.619
2012   12       11     1  59    1.42   345.6    6.1      15.597
2012   12       11     2   9    1.42   345.3    6.1      15.576
2012   12       11     2  19    1.42   345.0    6.1      15.556
2012   12       11     2  28    1.42   344.6    6.1      15.536
2012   12       11     2  38    1.42   344.3    6.1      15.517
2012   12       11     2  48    1.43   344.0    6.1      15.498
2012   12       11     2  58    1.43   343.6    6.1      15.479
2012   12       11     3   8    1.43   343.3    6.1      15.461
2012   12       11     3  18    1.43   343.0    6.1      15.443
2012   12       11     3  28    1.43   342.7    6.2      15.426
2012   12       11     3  38    1.43   342.3    6.2      15.409
2012   12       11     3  48    1.43   342.0    6.2      15.392
2012   12       11     3  58    1.43   341.7    6.2      15.376
2012   12       11     4   8    1.43   341.4    6.2      15.359
2012   12       11     4  18    1.43   341.0    6.2      15.343
2012   12       11     4  28    1.43   340.7    6.2      15.327
2012   12       11     4  38    1.43   340.4    6.2      15.311
2012   12       11     4  48    1.43   340.1    6.3      15.296
2012   12       11     4  58    1.43   339.7    6.3      15.280
2012   12       11     5   8    1.43   339.4    6.3      15.265
2012   12       11     5  18    1.44   339.1    6.3      15.250
2012   12       11     5  28    1.44   338.8    6.3      15.235
2012   12       11     5  37    1.44   338.5    6.3      15.221
2012   12       11     5  47    1.44   338.1    6.3      15.206
2012   12       11     5  57    1.44   337.8    6.4      15.192
2012   12       11     6   7    1.44   337.5    6.4      15.178
2012   12       11     6  17    1.44   337.2    6.4      15.165
2012   12       11     6  27    1.44   336.9    6.4      15.151
2012   12       11     6  37    1.44   336.5    6.4      15.138
2012   12       11     6  47    1.45   336.2    6.4      15.125
2012   12       11     6  57    1.45   335.9    6.5      15.112
2012   12       11     7   7    1.45   335.6    6.5      15.100
2012   12       11     7  17    1.45   335.3    6.5      15.087
2012   12       11     7  27    1.45   335.0    6.5      15.075
2012   12       11     7  37    1.45   334.6    6.5      15.063
2012   12       11     7  47    1.45   334.3    6.5      15.052
2012   12       11     7  57    1.46   334.0    6.6      15.041
2012   12       11     8   6    1.46   333.7    6.6      15.030
2012   12       11     8  16    1.46   333.4    6.6      15.020
2012   12       11     8  26    1.46   333.1    6.6      15.010
2012   12       11     8  36    1.46   332.8    6.6      15.000
2012   12       11     8  46    1.46   332.5    6.6      14.991
2012   12       11     8  56    1.47   332.2    6.7      14.982
2012   12       11     9   6    1.47   331.9    6.7      14.973
2012   12       11     9  16    1.47   331.6    6.7      14.965
2012   12       11     9  26    1.47   331.3    6.7      14.958
2012   12       11     9  36    1.47   331.0    6.7      14.950
2012   12       11     9  46    1.48   330.7    6.8      14.943
2012   12       11     9  56    1.48   330.4    6.8      14.937
2012   12       11    10   6    1.48   330.1    6.8      14.931
2012   12       11    10  15    1.48   329.8    6.8      14.925
2012   12       11    10  25    1.49   329.5    6.8      14.920
2012   12       11    10  35    1.49   329.2    6.9      14.915
2012   12       11    10  45    1.49   328.9    6.9      14.911
2012   12       11    10  55    1.49   328.6    6.9      14.907
2012   12       11    11   5    1.50   328.4    6.9      14.903
2012   12       11    11  15    1.50   328.1    7.0      14.899
2012   12       11    11  25    1.50   327.8    7.0      14.896
2012   12       11    11  35    1.50   327.5    7.0      14.893
2012   12       11    11  45    1.51   327.2    7.0      14.891
2012   12       11    11  55    1.51   326.9    7.0      14.889
2012   12       11    12   5    1.51   326.7    7.1      14.887
2012   12       11    12  15    1.51   326.4    7.1      14.885
2012   12       11    12  25    1.52   326.1    7.1      14.883
2012   12       11    12  35    1.52   325.8    7.1      14.882
2012   12       11    12  45    1.52   325.6    7.2      14.881
2012   12       11    12  55    1.53   325.3    7.2      14.880
2012   12       11    13   5    1.53   325.0    7.2      14.880
2012   12       11    13  15    1.53   324.8    7.2      14.879
2012   12       11    13  24    1.54   324.5    7.3      14.879
2012   12       11    13  34    1.54   324.3    7.3      14.880
2012   12       11    13  44    1.54   324.0    7.3      14.880
2012   12       11    13  54    1.54   323.7    7.3      14.881
2012   12       11    14   4    1.55   323.5    7.4      14.881
2012   12       11    14  14    1.55   323.2    7.4      14.882
2012   12       11    14  24    1.55   323.0    7.4      14.884
2012   12       11    14  34    1.56   322.7    7.4      14.885
2012   12       11    14  44    1.56   322.5    7.5      14.887
2012   12       11    14  54    1.56   322.2    7.5      14.889
2012   12       11    15   4    1.57   322.0    7.5      14.891
2012   12       11    15  14    1.57   321.7    7.5      14.894
2012   12       11    15  24    1.57   321.5    7.6      14.896
2012   12       11    15  34    1.58   321.3    7.6      14.899
2012   12       11    15  43    1.58   321.0    7.6      14.902
2012   12       11    15  53    1.59   320.8    7.7      14.906
2012   12       11    16   3    1.59   320.6    7.7      14.909
2012   12       11    16  13    1.59   320.3    7.7      14.913
2012   12       11    16  23    1.60   320.1    7.7      14.917
2012   12       11    16  33    1.60   319.9    7.8      14.921
2012   12       11    16  43    1.60   319.6    7.8      14.926
2012   12       11    16  53    1.61   319.4    7.8      14.930
2012   12       11    17   3    1.61   319.2    7.8      14.935
2012   12       11    17  13    1.62   319.0    7.9      14.940
2012   12       11    17  23    1.62   318.8    7.9      14.945
2012   12       11    17  33    1.62   318.5    7.9      14.950
2012   12       11    17  43    1.63   318.3    8.0      14.956
2012   12       11    17  52    1.63   318.1    8.0      14.961
2012   12       11    18   2    1.63   317.9    8.0      14.966
2012   12       11    18  12    1.64   317.7    8.0      14.972
2012   12       11    18  22    1.64   317.5    8.1      14.978
2012   12       11    18  32    1.65   317.3    8.1      14.984
2012   12       11    18  42    1.65   317.1    8.1      14.990
2012   12       11    18  52    1.65   316.8    8.2      14.996
2012   12       11    19   2    1.66   316.6    8.2      15.002
2012   12       11    19  12    1.66   316.4    8.2      15.009
2012   12       11    19  22    1.67   316.2    8.2      15.015
2012   12       11    19  32    1.67   316.0    8.3      15.022
2012   12       11    19  42    1.67   315.8    8.3      15.029
2012   12       11    19  52    1.68   315.6    8.3      15.036
2012   12       11    20   2    1.68   315.4    8.4      15.043
2012   12       11    20  12    1.69   315.2    8.4      15.051
2012   12       11    20  22    1.69   315.0    8.4      15.058
2012   12       11    20  32    1.70   314.8    8.4      15.066
2012   12       11    20  42    1.70   314.6    8.5      15.074
2012   12       11    20  52    1.70   314.4    8.5      15.082
2012   12       11    21   2    1.71   314.2    8.5      15.091
2012   12       11    21  11    1.71   314.0    8.6      15.100
2012   12       11    21  21    1.72   313.9    8.6      15.109
2012   12       11    21  31    1.72   313.7    8.6      15.118
2012   12       11    21  41    1.73   313.5    8.6      15.127
2012   12       11    21  51    1.73   313.3    8.7      15.137
2012   12       11    22   1    1.73   313.1    8.7      15.147
2012   12       11    22  11    1.74   312.9    8.7      15.157
2012   12       11    22  21    1.74   312.7    8.8      15.167
2012   12       11    22  31    1.75   312.6    8.8      15.178
2012   12       11    22  41    1.75   312.4    8.8      15.189
2012   12       11    22  51    1.76   312.2    8.9      15.201
2012   12       11    23   1    1.76   312.0    8.9      15.212
2012   12       11    23  11    1.77   311.9    8.9      15.225
2012   12       11    23  20    1.77   311.7    9.0      15.237
2012   12       11    23  30    1.77   311.5    9.0      15.250
2012   12       11    23  40    1.78   311.3    9.0      15.263
2012   12       11    23  50    1.78   311.2    9.0      15.277
2012   12       12     0   0    1.79   311.0    9.1      15.291
2012   12       12     0  10    1.79   310.8    9.1      15.305
2012   12       12     0  20    1.80   310.7    9.1      15.320
2012   12       12     0  30    1.80   310.5    9.2      15.335
2012   12       12     0  40    1.81   310.4    9.2      15.350
2012   12       12     0  50    1.81   310.2    9.2      15.366
2012   12       12     1   0    1.82   310.0    9.3      15.382
2012   12       12     1  10    1.82   309.9    9.3      15.399
2012   12       12     1  20    1.83   309.7    9.3      15.416
2012   12       12     1  30    1.83   309.6    9.4      15.433
2012   12       12     1  39    1.84   309.4    9.4      15.451
2012   12       12     1  49    1.84   309.3    9.5      15.469
2012   12       12     1  59    1.85   309.1    9.5      15.489
2012   12       12     2   9    1.85   309.0    9.5      15.509
2012   12       12     2  19    1.86   308.9    9.6      15.529
2012   12       12     2  29    1.87   308.7    9.6      15.552
2012   12       12     2  39    1.87   308.6    9.6      15.575
2012   12       12     2  49    1.88   308.5    9.7      15.599
2012   12       12     2  59    1.88   308.3    9.7      15.623
2012   12       12     3   9    1.89   308.2    9.7      15.648
2012   12       12     3  19    1.89   308.1    9.8      15.673
2012   12       12     3  29    1.90   307.9    9.8      15.698
2012   12       12     3  39    1.90   307.8    9.8      15.723
2012   12       12     3  49    1.91   307.7    9.9      15.748
2012   12       12     3  59    1.91   307.6    9.9      15.772
2012   12       12     4   9    1.92   307.5   10.0      15.796
2012   12       12     4  19    1.92   307.3   10.0      15.821
2012   12       12     4  29    1.93   307.2   10.0      15.845
2012   12       12     4  39    1.93   307.1   10.1      15.869
2012   12       12     4  48    1.94   307.0   10.1      15.893
2012   12       12     4  58    1.94   306.8   10.1      15.917
2012   12       12     5   8    1.95   306.7   10.2      15.941
2012   12       12     5  18    1.95   306.6   10.2      15.965
2012   12       12     5  28    1.96   306.5   10.2      15.990
2012   12       12     5  38    1.96   306.4   10.3      16.014
2012   12       12     5  48    1.97   306.3   10.3      16.039
2012   12       12     5  58    1.97   306.2   10.3      16.064
2012   12       12     6   8    1.98   306.1   10.4      16.088
2012   12       12     6  18    1.98   306.0   10.4      16.112
2012   12       12     6  28    1.99   305.9   10.4      16.136
2012   12       12     6  38    2.00   305.8   10.5      16.160
2012   12       12     6  47    2.00   305.7   10.5      16.183
2012   12       12     6  57    2.01   305.6   10.5      16.207
2012   12       12     7   7    2.01   305.5   10.6      16.230
2012   12       12     7  17    2.02   305.4   10.6      16.253
2012   12       12     7  27    2.02   305.3   10.6      16.276
2012   12       12     7  37    2.03   305.2   10.7      16.300
2012   12       12     7  47    2.03   305.1   10.7      16.323
2012   12       12     7  57    2.04   305.0   10.7      16.347
2012   12       12     8   7    2.04   304.9   10.8      16.371
2012   12       12     8  17    2.05   304.8   10.8      16.395
2012   12       12     8  27    2.06   304.7   10.8      16.420
2012   12       12     8  37    2.06   304.6   10.9      16.445
2012   12       12     8  47    2.07   304.5   10.9      16.471
2012   12       12     8  57    2.07   304.5   11.0      16.499
2012   12       12     9   7    2.08   304.4   11.0      16.528
2012   12       12     9  16    2.09   304.3   11.0      16.560
2012   12       12     9  26    2.09   304.3   11.1      16.592
2012   12       12     9  36    2.10   304.2   11.1      16.626
2012   12       12     9  46    2.10   304.2   11.2      16.661
2012   12       12     9  56    2.11   304.1   11.2      16.697
2012   12       12    10   6    2.12   304.1   11.2      16.734
2012   12       12    10  16    2.12   304.0   11.3      16.770
2012   12       12    10  26    2.13   304.0   11.3      16.807
2012   12       12    10  36    2.13   304.0   11.3      16.843
2012   12       12    10  46    2.14   303.9   11.4      16.880
2012   12       12    10  56    2.14   303.9   11.4      16.916
2012   12       12    11   6    2.15   303.8   11.4      16.952
2012   12       12    11  16    2.15   303.8   11.5      16.987
2012   12       12    11  26    2.16   303.8   11.5      17.023
2012   12       12    11  36    2.16   303.7   11.5      17.058
2012   12       12    11  46    2.17   303.7   11.6      17.093
2012   12       12    11  56    2.17   303.7   11.6      17.128
2012   12       12    12   6    2.18   303.6   11.6      17.163
2012   12       12    12  16    2.18   303.6   11.7      17.197
2012   12       12    12  25    2.19   303.6   11.7      17.231
2012   12       12    12  35    2.19   303.5   11.7      17.265
2012   12       12    12  45    2.20   303.5   11.8      17.299
2012   12       12    12  55    2.20   303.5   11.8      17.332
2012   12       12    13   5    2.21   303.5   11.8      17.365
2012   12       12    13  15    2.21   303.4   11.8      17.398
2012   12       12    13  25    2.22   303.4   11.9      17.430
2012   12       12    13  35    2.22   303.4   11.9      17.462
2012   12       12    13  45    2.23   303.4   11.9      17.493
2012   12       12    13  55    2.23   303.3   12.0      17.523
2012   12       12    14   5    2.24   303.3   12.0      17.553
2012   12       12    14  15    2.24   303.3   12.0      17.583
2012   12       12    14  24    2.25   303.3   12.1      17.612
2012   12       12    14  34    2.25   303.2   12.1      17.641
2012   12       12    14  44    2.26   303.2   12.1      17.670
2012   12       12    14  54    2.26   303.2   12.1      17.699
2012   12       12    15   4    2.27   303.2   12.2      17.727
2012   12       12    15  14    2.27   303.2   12.2      17.757
2012   12       12    15  24    2.28   303.1   12.2      17.787
2012   12       12    15  34    2.28   303.1   12.3      17.817
2012   12       12    15  44    2.29   303.1   12.3      17.849
2012   12       12    15  54    2.29   303.1   12.3      17.882
2012   12       12    16   4    2.30   303.1   12.4      17.915
2012   12       12    16  14    2.30   303.2   12.4      17.949
2012   12       12    16  24    2.31   303.2   12.4      17.983
2012   12       12    16  34    2.31   303.2   12.5      18.019
2012   12       12    16  44    2.32   303.2   12.5      18.054
2012   12       12    16  54    2.32   303.2   12.5      18.090
2012   12       12    17   3    2.33   303.3   12.5      18.126
2012   12       12    17  13    2.33   303.3   12.6      18.162
2012   12       12    17  23    2.33   303.3   12.6      18.197
2012   12       12    17  33    2.34   303.3   12.6      18.231
2012   12       12    17  43    2.34   303.4   12.6      18.265
2012   12       12    17  53    2.35   303.4   12.7      18.298
2012   12       12    18   3    2.35   303.4   12.7      18.330
2012   12       12    18  13    2.35   303.4   12.7      18.362
2012   12       12    18  23    2.36   303.5   12.7      18.394
2012   12       12    18  33    2.36   303.5   12.8      18.425
2012   12       12    18  43    2.37   303.5   12.8      18.456
2012   12       12    18  53    2.37   303.6   12.8      18.487
2012   12       12    19   3    2.37   303.6   12.8      18.517
2012   12       12    19  13    2.38   303.6   12.8      18.547
2012   12       12    19  23    2.38   303.7   12.8      18.577
2012   12       12    19  33    2.38   303.7   12.9      18.606
2012   12       12    19  43    2.39   303.7   12.9      18.635
2012   12       12    19  53    2.39   303.7   12.9      18.664
2012   12       12    20   2    2.39   303.8   12.9      18.692
2012   12       12    20  12    2.40   303.8   12.9      18.719
2012   12       12    20  22    2.40   303.8   12.9      18.746
2012   12       12    20  32    2.40   303.9   13.0      18.773
2012   12       12    20  42    2.40   303.9   13.0      18.799
2012   12       12    20  52    2.41   303.9   13.0      18.825
2012   12       12    21   2    2.41   303.9   13.0      18.851
2012   12       12    21  12    2.41   304.0   13.0      18.876
2012   12       12    21  22    2.42   304.0   13.0      18.901
2012   12       12    21  32    2.42   304.0   13.1      18.926
2012   12       12    21  42    2.42   304.1   13.1      18.951
2012   12       12    21  52    2.43   304.1   13.1      18.976
2012   12       12    22   1    2.43   304.1   13.1      19.000
2012   12       12    22  11    2.43   304.1   13.1      19.025
2012   12       12    22  21    2.44   304.2   13.1      19.049
2012   12       12    22  31    2.44   304.2   13.2      19.075
2012   12       12    22  41    2.44   304.2   13.2      19.101
2012   12       12    22  51    2.45   304.3   13.2      19.128
2012   12       12    23   1    2.45   304.3   13.2      19.156
2012   12       12    23  11    2.45   304.4   13.2      19.185
2012   12       12    23  21    2.46   304.4   13.3      19.214
2012   12       12    23  31    2.46   304.5   13.3      19.242
2012   12       12    23  41    2.46   304.5   13.3      19.271
2012   12       12    23  51    2.47   304.6   13.3      19.300
2012   12       13     0   1    2.47   304.7   13.3      19.329
