year    month   day   hour  minute  B_enl V_enl   n_enl       T_enl
[year] [month] [day] [hour][minute] [nT]  [km/s]  [cm-3]      [kK]
2013   12        5     0   6    2.49   356.5   10.9      25.554
2013   12        5     0  15    2.49   356.6   10.9      25.579
2013   12        5     0  25    2.49   356.7   10.9      25.603
2013   12        5     0  34    2.49   356.9   10.9      25.627
2013   12        5     0  44    2.49   357.0   10.9      25.650
2013   12        5     0  53    2.49   357.1   10.9      25.673
2013   12        5     1   3    2.49   357.2   10.9      25.695
2013   12        5     1  12    2.49   357.3   10.9      25.718
2013   12        5     1  22    2.49   357.5   10.9      25.739
2013   12        5     1  31    2.49   357.6   10.9      25.760
2013   12        5     1  41    2.49   357.7   10.9      25.781
2013   12        5     1  50    2.49   357.8   10.9      25.801
2013   12        5     2   0    2.49   358.0   10.9      25.821
2013   12        5     2   9    2.49   358.1   10.9      25.841
2013   12        5     2  19    2.49   358.2   10.9      25.861
2013   12        5     2  28    2.49   358.4   10.9      25.880
2013   12        5     2  38    2.49   358.5   10.9      25.899
2013   12        5     2  47    2.49   358.6   10.9      25.917
2013   12        5     2  56    2.49   358.8   10.9      25.935
2013   12        5     3   6    2.49   358.9   10.9      25.952
2013   12        5     3  15    2.49   359.0   10.8      25.969
2013   12        5     3  25    2.49   359.2   10.8      25.985
2013   12        5     3  34    2.49   359.3   10.8      26.001
2013   12        5     3  44    2.49   359.4   10.8      26.016
2013   12        5     3  53    2.49   359.5   10.8      26.031
2013   12        5     4   3    2.49   359.7   10.8      26.045
2013   12        5     4  12    2.49   359.8   10.8      26.060
2013   12        5     4  22    2.49   359.9   10.8      26.075
2013   12        5     4  31    2.48   360.1   10.8      26.090
2013   12        5     4  41    2.48   360.2   10.8      26.106
2013   12        5     4  50    2.48   360.3   10.8      26.121
2013   12        5     5   0    2.48   360.5   10.8      26.137
2013   12        5     5   9    2.48   360.6   10.8      26.153
2013   12        5     5  19    2.48   360.7   10.8      26.169
2013   12        5     5  29    2.48   360.9   10.7      26.185
2013   12        5     5  38    2.48   361.0   10.7      26.200
2013   12        5     5  48    2.48   361.2   10.7      26.216
2013   12        5     5  58    2.47   361.3   10.7      26.231
2013   12        5     6   7    2.47   361.4   10.7      26.246
2013   12        5     6  17    2.47   361.6   10.7      26.260
2013   12        5     6  26    2.47   361.7   10.7      26.274
2013   12        5     6  36    2.47   361.9   10.7      26.287
2013   12        5     6  45    2.46   362.0   10.7      26.300
2013   12        5     6  55    2.46   362.1   10.7      26.312
2013   12        5     7   5    2.46   362.3   10.6      26.324
2013   12        5     7  14    2.46   362.4   10.6      26.335
2013   12        5     7  24    2.46   362.6   10.6      26.346
2013   12        5     7  33    2.45   362.7   10.6      26.357
2013   12        5     7  43    2.45   362.9   10.6      26.367
2013   12        5     7  52    2.45   363.0   10.6      26.377
2013   12        5     8   2    2.45   363.1   10.6      26.387
2013   12        5     8  11    2.45   363.3   10.6      26.396
2013   12        5     8  21    2.44   363.4   10.5      26.405
2013   12        5     8  30    2.44   363.6   10.5      26.413
2013   12        5     8  40    2.44   363.7   10.5      26.421
2013   12        5     8  49    2.44   363.9   10.5      26.428
2013   12        5     8  59    2.43   364.1   10.5      26.434
2013   12        5     9   8    2.43   364.2   10.5      26.440
2013   12        5     9  18    2.43   364.4   10.4      26.444
2013   12        5     9  27    2.43   364.5   10.4      26.447
2013   12        5     9  37    2.42   364.7   10.4      26.449
2013   12        5     9  46    2.42   364.8   10.4      26.449
2013   12        5     9  55    2.42   365.0   10.4      26.448
2013   12        5    10   5    2.41   365.1   10.3      26.445
2013   12        5    10  14    2.41   365.3   10.3      26.440
2013   12        5    10  24    2.41   365.4   10.3      26.434
2013   12        5    10  33    2.40   365.5   10.3      26.427
2013   12        5    10  43    2.40   365.7   10.3      26.419
2013   12        5    10  52    2.40   365.8   10.2      26.409
2013   12        5    11   2    2.39   365.9   10.2      26.398
2013   12        5    11  11    2.39   366.0   10.2      26.386
2013   12        5    11  21    2.39   366.2   10.2      26.374
2013   12        5    11  30    2.38   366.3   10.1      26.361
2013   12        5    11  40    2.38   366.4   10.1      26.347
2013   12        5    11  49    2.37   366.5   10.1      26.333
2013   12        5    11  59    2.37   366.6   10.1      26.318
2013   12        5    12   8    2.37   366.7   10.0      26.303
2013   12        5    12  18    2.36   366.8   10.0      26.287
2013   12        5    12  27    2.36   367.0   10.0      26.270
2013   12        5    12  37    2.35   367.1   10.0      26.253
2013   12        5    12  47    2.35   367.2    9.9      26.236
2013   12        5    12  56    2.34   367.3    9.9      26.219
2013   12        5    13   6    2.34   367.4    9.9      26.201
2013   12        5    13  15    2.34   367.5    9.9      26.182
2013   12        5    13  25    2.33   367.6    9.9      26.164
2013   12        5    13  35    2.33   367.7    9.8      26.145
2013   12        5    13  44    2.32   367.8    9.8      26.125
2013   12        5    13  54    2.32   367.9    9.8      26.105
2013   12        5    14   3    2.31   368.0    9.8      26.085
2013   12        5    14  13    2.31   368.2    9.7      26.064
2013   12        5    14  22    2.30   368.3    9.7      26.043
2013   12        5    14  32    2.30   368.4    9.7      26.020
2013   12        5    14  42    2.30   368.5    9.7      25.997
2013   12        5    14  51    2.29   368.6    9.6      25.973
2013   12        5    15   1    2.29   368.7    9.6      25.947
2013   12        5    15  10    2.28   368.8    9.6      25.921
2013   12        5    15  20    2.28   368.9    9.5      25.894
2013   12        5    15  29    2.27   369.0    9.5      25.867
2013   12        5    15  39    2.27   369.0    9.5      25.839
2013   12        5    15  48    2.26   369.1    9.5      25.810
2013   12        5    15  58    2.26   369.2    9.4      25.781
2013   12        5    16   7    2.25   369.3    9.4      25.750
2013   12        5    16  17    2.25   369.4    9.4      25.720
2013   12        5    16  26    2.24   369.5    9.4      25.689
2013   12        5    16  35    2.24   369.6    9.3      25.657
2013   12        5    16  45    2.23   369.7    9.3      25.624
2013   12        5    16  54    2.23   369.7    9.3      25.589
2013   12        5    17   4    2.22   369.8    9.3      25.553
2013   12        5    17  13    2.22   369.9    9.2      25.516
2013   12        5    17  23    2.22   369.9    9.2      25.478
2013   12        5    17  32    2.21   370.0    9.2      25.440
2013   12        5    17  42    2.21   370.0    9.1      25.400
2013   12        5    17  51    2.20   370.1    9.1      25.360
2013   12        5    18   0    2.20   370.1    9.1      25.318
2013   12        5    18  10    2.19   370.1    9.1      25.276
2013   12        5    18  19    2.19   370.1    9.0      25.233
2013   12        5    18  29    2.18   370.2    9.0      25.190
2013   12        5    18  38    2.18   370.2    9.0      25.147
2013   12        5    18  48    2.17   370.2    9.0      25.103
2013   12        5    18  57    2.17   370.2    8.9      25.058
2013   12        5    19   7    2.16   370.2    8.9      25.014
2013   12        5    19  17    2.16   370.2    8.9      24.968
2013   12        5    19  26    2.16   370.2    8.9      24.923
2013   12        5    19  36    2.15   370.2    8.8      24.877
2013   12        5    19  45    2.15   370.2    8.8      24.832
2013   12        5    19  55    2.14   370.2    8.8      24.787
2013   12        5    20   4    2.14   370.2    8.8      24.743
2013   12        5    20  14    2.13   370.2    8.8      24.699
2013   12        5    20  24    2.13   370.2    8.7      24.656
2013   12        5    20  33    2.13   370.2    8.7      24.612
2013   12        5    20  43    2.12   370.2    8.7      24.570
2013   12        5    20  52    2.12   370.2    8.7      24.527
2013   12        5    21   2    2.12   370.2    8.7      24.485
2013   12        5    21  12    2.11   370.2    8.6      24.442
2013   12        5    21  21    2.11   370.2    8.6      24.399
2013   12        5    21  31    2.10   370.2    8.6      24.357
2013   12        5    21  40    2.10   370.1    8.6      24.314
2013   12        5    21  50    2.10   370.1    8.6      24.270
2013   12        5    21  59    2.09   370.1    8.6      24.225
2013   12        5    22   9    2.09   370.1    8.5      24.179
2013   12        5    22  18    2.09   370.0    8.5      24.133
2013   12        5    22  28    2.08   370.0    8.5      24.087
2013   12        5    22  37    2.08   370.0    8.5      24.040
2013   12        5    22  47    2.07   369.9    8.5      23.993
2013   12        5    22  56    2.07   369.9    8.5      23.947
2013   12        5    23   6    2.07   369.8    8.4      23.901
2013   12        5    23  15    2.06   369.7    8.4      23.856
2013   12        5    23  25    2.06   369.7    8.4      23.811
2013   12        5    23  34    2.06   369.6    8.4      23.767
2013   12        5    23  44    2.06   369.6    8.4      23.724
2013   12        5    23  53    2.05   369.5    8.4      23.683
2013   12        6     0   3    2.05   369.4    8.4      23.643
2013   12        6     0  12    2.05   369.4    8.4      23.604
2013   12        6     0  22    2.04   369.3    8.3      23.566
2013   12        6     0  31    2.04   369.2    8.3      23.530
2013   12        6     0  41    2.04   369.1    8.3      23.495
2013   12        6     0  50    2.04   369.1    8.3      23.461
2013   12        6     0  59    2.03   369.0    8.3      23.428
2013   12        6     1   7    2.03   368.9    8.3      23.399
2013   12        6     1  16    2.03   368.9    8.3      23.372
2013   12        6     1  24    2.03   368.8    8.3      23.344
2013   12        6     1  32    2.03   368.7    8.3      23.317
2013   12        6     1  40    2.02   368.6    8.3      23.291
2013   12        6     1  47    2.02   368.6    8.3      23.264
2013   12        6     1  55    2.02   368.5    8.3      23.237
2013   12        6     2   3    2.02   368.4    8.2      23.211
2013   12        6     2  11    2.02   368.3    8.2      23.184
2013   12        6     2  19    2.02   368.3    8.2      23.157
2013   12        6     2  26    2.01   368.2    8.2      23.131
2013   12        6     2  34    2.01   368.1    8.2      23.104
2013   12        6     2  42    2.01   368.0    8.2      23.077
2013   12        6     2  50    2.01   367.9    8.2      23.051
2013   12        6     2  58    2.01   367.9    8.2      23.024
2013   12        6     3   5    2.01   367.8    8.2      22.998
2013   12        6     3  13    2.01   367.7    8.2      22.973
2013   12        6     3  21    2.01   367.6    8.2      22.948
2013   12        6     3  29    2.00   367.5    8.2      22.924
2013   12        6     3  37    2.00   367.5    8.2      22.900
2013   12        6     3  44    2.00   367.4    8.2      22.877
2013   12        6     3  52    2.00   367.3    8.2      22.854
2013   12        6     4   0    2.00   367.2    8.2      22.831
2013   12        6     4   8    2.00   367.1    8.2      22.808
2013   12        6     4  15    2.00   367.1    8.2      22.786
2013   12        6     4  23    2.00   367.0    8.2      22.763
2013   12        6     4  31    2.00   366.9    8.2      22.741
2013   12        6     4  39    2.00   366.8    8.2      22.718
2013   12        6     4  47    1.99   366.7    8.2      22.696
2013   12        6     4  54    1.99   366.6    8.2      22.674
2013   12        6     5   2    1.99   366.5    8.2      22.651
2013   12        6     5  10    1.99   366.5    8.2      22.629
2013   12        6     5  18    1.99   366.4    8.2      22.606
2013   12        6     5  25    1.99   366.3    8.2      22.584
2013   12        6     5  33    1.99   366.2    8.1      22.561
2013   12        6     5  41    1.99   366.1    8.1      22.539
2013   12        6     5  49    1.99   366.0    8.1      22.517
2013   12        6     5  57    1.99   365.9    8.1      22.495
2013   12        6     6   4    1.99   365.8    8.1      22.474
2013   12        6     6  12    1.99   365.7    8.1      22.453
2013   12        6     6  20    1.99   365.6    8.1      22.433
2013   12        6     6  28    1.99   365.5    8.1      22.414
2013   12        6     6  35    1.99   365.4    8.1      22.395
2013   12        6     6  43    1.99   365.3    8.1      22.377
2013   12        6     6  51    1.98   365.2    8.1      22.360
2013   12        6     6  58    1.98   365.1    8.1      22.343
2013   12        6     7   6    1.98   365.0    8.2      22.327
2013   12        6     7  14    1.98   364.9    8.2      22.312
2013   12        6     7  22    1.98   364.7    8.2      22.298
2013   12        6     7  30    1.98   364.6    8.2      22.285
2013   12        6     7  37    1.99   364.5    8.2      22.272
2013   12        6     7  45    1.99   364.4    8.2      22.261
2013   12        6     7  53    1.99   364.3    8.2      22.250
2013   12        6     8   1    1.99   364.2    8.2      22.240
2013   12        6     8   9    1.99   364.1    8.2      22.231
2013   12        6     8  16    1.99   364.0    8.2      22.221
2013   12        6     8  24    1.99   363.9    8.2      22.213
2013   12        6     8  32    1.99   363.8    8.2      22.204
2013   12        6     8  40    1.99   363.7    8.2      22.196
2013   12        6     8  48    1.99   363.5    8.2      22.189
2013   12        6     8  56    1.99   363.4    8.2      22.181
2013   12        6     9   4    1.99   363.3    8.2      22.175
2013   12        6     9  12    1.99   363.2    8.2      22.168
2013   12        6     9  20    2.00   363.1    8.2      22.161
2013   12        6     9  27    2.00   363.0    8.2      22.154
2013   12        6     9  35    2.00   362.9    8.3      22.148
2013   12        6     9  43    2.00   362.8    8.3      22.142
2013   12        6     9  51    2.00   362.6    8.3      22.136
2013   12        6     9  59    2.00   362.5    8.3      22.130
2013   12        6    10   7    2.01   362.4    8.3      22.124
2013   12        6    10  15    2.01   362.3    8.3      22.118
2013   12        6    10  23    2.01   362.2    8.3      22.113
2013   12        6    10  31    2.01   362.1    8.3      22.108
2013   12        6    10  39    2.01   361.9    8.3      22.103
2013   12        6    10  47    2.02   361.8    8.3      22.098
2013   12        6    10  55    2.02   361.7    8.3      22.093
2013   12        6    11   3    2.02   361.6    8.3      22.088
2013   12        6    11  11    2.02   361.4    8.4      22.083
2013   12        6    11  19    2.03   361.3    8.4      22.079
2013   12        6    11  27    2.03   361.2    8.4      22.074
2013   12        6    11  35    2.03   361.0    8.4      22.070
2013   12        6    11  43    2.03   360.9    8.4      22.066
2013   12        6    11  51    2.04   360.8    8.4      22.062
2013   12        6    11  59    2.04   360.6    8.4      22.058
2013   12        6    12   7    2.04   360.5    8.4      22.055
2013   12        6    12  15    2.04   360.4    8.4      22.052
2013   12        6    12  24    2.05   360.2    8.5      22.049
2013   12        6    12  32    2.05   360.1    8.5      22.047
2013   12        6    12  40    2.05   359.9    8.5      22.046
2013   12        6    12  48    2.06   359.8    8.5      22.045
2013   12        6    12  56    2.06   359.7    8.5      22.045
2013   12        6    13   5    2.06   359.5    8.5      22.046
2013   12        6    13  13    2.07   359.4    8.5      22.048
2013   12        6    13  21    2.07   359.3    8.5      22.050
2013   12        6    13  29    2.07   359.1    8.6      22.054
2013   12        6    13  38    2.08   359.0    8.6      22.058
2013   12        6    13  46    2.08   358.9    8.6      22.064
2013   12        6    13  54    2.09   358.7    8.6      22.071
2013   12        6    14   3    2.09   358.6    8.6      22.079
2013   12        6    14  11    2.10   358.5    8.7      22.088
2013   12        6    14  19    2.10   358.3    8.7      22.098
2013   12        6    14  28    2.11   358.2    8.7      22.110
2013   12        6    14  36    2.11   358.1    8.7      22.123
2013   12        6    14  44    2.12   358.0    8.8      22.138
2013   12        6    14  53    2.12   357.8    8.8      22.154
2013   12        6    15   1    2.13   357.7    8.8      22.172
2013   12        6    15  10    2.13   357.6    8.8      22.191
2013   12        6    15  18    2.14   357.5    8.9      22.213
2013   12        6    15  27    2.15   357.4    8.9      22.236
2013   12        6    15  35    2.15   357.2    8.9      22.262
2013   12        6    15  43    2.16   357.1    9.0      22.289
2013   12        6    15  52    2.17   357.0    9.0      22.319
2013   12        6    16   0    2.18   356.9    9.0      22.351
2013   12        6    16   9    2.18   356.8    9.1      22.386
2013   12        6    16  17    2.19   356.7    9.1      22.425
2013   12        6    16  26    2.20   356.6    9.1      22.468
2013   12        6    16  34    2.21   356.6    9.2      22.516
2013   12        6    16  43    2.22   356.5    9.2      22.569
2013   12        6    16  52    2.23   356.4    9.3      22.626
2013   12        6    17   0    2.23   356.4    9.3      22.686
2013   12        6    17   9    2.24   356.3    9.4      22.750
2013   12        6    17  17    2.25   356.3    9.4      22.816
2013   12        6    17  26    2.26   356.3    9.5      22.884
2013   12        6    17  35    2.27   356.3    9.5      22.954
2013   12        6    17  43    2.28   356.3    9.5      23.027
2013   12        6    17  52    2.29   356.2    9.6      23.100
2013   12        6    18   0    2.30   356.2    9.6      23.174
2013   12        6    18   9    2.31   356.2    9.7      23.248
2013   12        6    18  18    2.32   356.2    9.7      23.322
2013   12        6    18  26    2.33   356.2    9.8      23.397
2013   12        6    18  35    2.34   356.2    9.8      23.472
2013   12        6    18  44    2.35   356.2    9.9      23.548
2013   12        6    18  53    2.36   356.3    9.9      23.625
2013   12        6    19   1    2.37   356.3   10.0      23.703
2013   12        6    19  10    2.38   356.3   10.0      23.782
2013   12        6    19  19    2.39   356.3   10.1      23.862
2013   12        6    19  28    2.40   356.3   10.1      23.943
2013   12        6    19  36    2.41   356.4   10.2      24.025
2013   12        6    19  45    2.42   356.4   10.2      24.108
2013   12        6    19  54    2.43   356.4   10.2      24.192
2013   12        6    20   3    2.44   356.5   10.3      24.276
2013   12        6    20  12    2.45   356.5   10.3      24.361
2013   12        6    20  20    2.46   356.5   10.4      24.447
2013   12        6    20  29    2.47   356.6   10.4      24.533
2013   12        6    20  38    2.48   356.6   10.5      24.620
2013   12        6    20  47    2.49   356.7   10.5      24.708
2013   12        6    20  56    2.50   356.7   10.6      24.797
2013   12        6    21   5    2.51   356.8   10.6      24.888
2013   12        6    21  14    2.52   356.8   10.7      24.980
2013   12        6    21  23    2.53   356.9   10.7      25.075
2013   12        6    21  32    2.54   356.9   10.8      25.171
2013   12        6    21  41    2.56   357.0   10.9      25.271
2013   12        6    21  50    2.57   357.1   10.9      25.374
2013   12        6    21  59    2.58   357.2   11.0      25.484
2013   12        6    22   8    2.59   357.3   11.1      25.601
2013   12        6    22  17    2.61   357.4   11.1      25.724
2013   12        6    22  26    2.62   357.5   11.2      25.852
2013   12        6    22  35    2.63   357.7   11.3      25.985
2013   12        6    22  44    2.65   357.8   11.3      26.122
2013   12        6    22  53    2.66   357.9   11.4      26.260
2013   12        6    23   2    2.68   358.1   11.5      26.401
2013   12        6    23  11    2.69   358.3   11.6      26.545
2013   12        6    23  20    2.71   358.4   11.6      26.689
2013   12        6    23  29    2.72   358.6   11.7      26.834
2013   12        6    23  38    2.73   358.8   11.8      26.981
2013   12        6    23  47    2.75   359.0   11.9      27.131
2013   12        6    23  57    2.76   359.2   11.9      27.284
2013   12        7     0   6    2.78   359.4   12.0      27.442
2013   12        7     0  15    2.79   359.6   12.1      27.601
2013   12        7     0  24    2.81   359.8   12.2      27.763
2013   12        7     0  33    2.82   360.0   12.2      27.926
2013   12        7     0  42    2.84   360.3   12.3      28.090
2013   12        7     0  52    2.85   360.5   12.4      28.255
2013   12        7     1   1    2.87   360.8   12.4      28.420
2013   12        7     1  10    2.88   361.0   12.5      28.584
2013   12        7     1  19    2.89   361.3   12.6      28.747
2013   12        7     1  28    2.91   361.5   12.6      28.907
2013   12        7     1  38    2.92   361.8   12.7      29.064
2013   12        7     1  47    2.93   362.0   12.7      29.218
2013   12        7     1  56    2.94   362.3   12.8      29.372
2013   12        7     2   6    2.96   362.6   12.8      29.523
2013   12        7     2  15    2.97   362.9   12.9      29.674
2013   12        7     2  24    2.98   363.1   13.0      29.823
2013   12        7     2  33    2.99   363.4   13.0      29.971
2013   12        7     2  43    3.00   363.7   13.1      30.119
2013   12        7     2  52    3.02   364.0   13.1      30.266
2013   12        7     3   1    3.03   364.3   13.1      30.413
2013   12        7     3  11    3.04   364.6   13.2      30.559
2013   12        7     3  20    3.05   364.8   13.2      30.705
2013   12        7     3  30    3.06   365.1   13.3      30.850
2013   12        7     3  39    3.07   365.4   13.3      30.996
2013   12        7     3  48    3.08   365.7   13.4      31.141
2013   12        7     3  58    3.09   366.0   13.4      31.286
2013   12        7     4   7    3.11   366.4   13.5      31.432
2013   12        7     4  17    3.12   366.7   13.5      31.579
2013   12        7     4  26    3.13   367.0   13.6      31.728
2013   12        7     4  35    3.14   367.3   13.6      31.878
2013   12        7     4  45    3.15   367.6   13.7      32.034
2013   12        7     4  54    3.16   368.0   13.7      32.197
2013   12        7     5   4    3.18   368.4   13.8      32.369
2013   12        7     5  13    3.19   368.8   13.9      32.550
2013   12        7     5  23    3.20   369.3   13.9      32.741
2013   12        7     5  32    3.21   369.7   14.0      32.936
2013   12        7     5  42    3.23   370.2   14.0      33.138
2013   12        7     5  51    3.24   370.7   14.1      33.343
2013   12        7     6   1    3.25   371.2   14.1      33.551
2013   12        7     6  10    3.26   371.6   14.2      33.757
2013   12        7     6  19    3.28   372.1   14.3      33.963
2013   12        7     6  29    3.29   372.6   14.3      34.167
2013   12        7     6  38    3.30   373.0   14.3      34.373
2013   12        7     6  48    3.31   373.5   14.4      34.577
2013   12        7     6  57    3.32   373.9   14.4      34.783
2013   12        7     7   6    3.33   374.4   14.5      34.989
2013   12        7     7  16    3.34   374.8   14.5      35.198
2013   12        7     7  25    3.35   375.3   14.6      35.407
2013   12        7     7  35    3.36   375.7   14.6      35.619
2013   12        7     7  44    3.37   376.1   14.6      35.831
2013   12        7     7  54    3.38   376.6   14.6      36.042
2013   12        7     8   3    3.39   377.1   14.7      36.251
2013   12        7     8  13    3.40   377.5   14.7      36.458
2013   12        7     8  23    3.41   378.0   14.7      36.662
2013   12        7     8  32    3.42   378.5   14.7      36.863
2013   12        7     8  42    3.42   378.9   14.7      37.058
2013   12        7     8  51    3.43   379.4   14.7      37.250
2013   12        7     9   1    3.44   379.9   14.7      37.435
2013   12        7     9  11    3.44   380.4   14.7      37.615
2013   12        7     9  20    3.45   380.9   14.7      37.790
2013   12        7     9  30    3.46   381.3   14.7      37.960
2013   12        7     9  39    3.46   381.8   14.7      38.124
2013   12        7     9  49    3.47   382.3   14.7      38.285
2013   12        7     9  58    3.47   382.8   14.7      38.440
2013   12        7    10   8    3.48   383.3   14.7      38.592
2013   12        7    10  18    3.48   383.8   14.7      38.740
2013   12        7    10  27    3.49   384.3   14.7      38.885
2013   12        7    10  37    3.49   384.8   14.7      39.025
2013   12        7    10  46    3.50   385.3   14.7      39.164
2013   12        7    10  56    3.50   385.9   14.6      39.299
2013   12        7    11   5    3.50   386.4   14.6      39.433
2013   12        7    11  15    3.51   386.9   14.6      39.565
2013   12        7    11  24    3.51   387.5   14.6      39.697
2013   12        7    11  34    3.52   388.0   14.6      39.829
2013   12        7    11  43    3.52   388.6   14.6      39.961
2013   12        7    11  53    3.52   389.2   14.6      40.092
2013   12        7    12   2    3.53   389.8   14.5      40.226
2013   12        7    12  12    3.53   390.4   14.5      40.360
2013   12        7    12  21    3.53   391.1   14.5      40.495
2013   12        7    12  31    3.53   391.7   14.5      40.631
2013   12        7    12  40    3.53   392.3   14.5      40.771
2013   12        7    12  49    3.54   392.9   14.5      40.911
2013   12        7    12  59    3.54   393.6   14.5      41.052
2013   12        7    13   8    3.54   394.2   14.5      41.195
2013   12        7    13  18    3.54   394.8   14.4      41.344
2013   12        7    13  27    3.54   395.4   14.4      41.490
2013   12        7    13  37    3.54   396.0   14.4      41.641
2013   12        7    13  46    3.55   396.6   14.4      41.798
2013   12        7    13  56    3.55   397.1   14.4      41.966
2013   12        7    14   5    3.55   397.7   14.4      42.142
2013   12        7    14  14    3.55   398.3   14.4      42.328
2013   12        7    14  24    3.56   398.9   14.4      42.528
2013   12        7    14  33    3.56   399.5   14.3      42.740
2013   12        7    14  43    3.56   400.1   14.3      42.960
2013   12        7    14  52    3.56   400.7   14.3      43.187
2013   12        7    15   2    3.56   401.4   14.3      43.416
2013   12        7    15  11    3.56   402.0   14.3      43.646
2013   12        7    15  21    3.57   402.6   14.3      43.873
2013   12        7    15  30    3.57   403.3   14.2      44.097
2013   12        7    15  40    3.57   403.9   14.2      44.316
2013   12        7    15  50    3.57   404.6   14.2      44.531
2013   12        7    15  59    3.57   405.3   14.1      44.735
2013   12        7    16   9    3.57   405.9   14.1      44.931
2013   12        7    16  18    3.57   406.6   14.1      45.118
2013   12        7    16  28    3.57   407.3   14.0      45.298
2013   12        7    16  37    3.56   408.0   14.0      45.470
2013   12        7    16  47    3.56   408.7   13.9      45.638
2013   12        7    16  57    3.56   409.5   13.9      45.800
2013   12        7    17   6    3.56   410.3   13.9      45.958
2013   12        7    17  16    3.56   411.1   13.8      46.110
2013   12        7    17  25    3.56   411.9   13.7      46.254
2013   12        7    17  35    3.55   412.7   13.7      46.385
2013   12        7    17  44    3.55   413.5   13.6      46.507
2013   12        7    17  54    3.54   414.3   13.6      46.614
2013   12        7    18   4    3.54   415.1   13.5      46.696
2013   12        7    18  13    3.53   415.9   13.4      46.757
2013   12        7    18  23    3.52   416.6   13.3      46.800
2013   12        7    18  32    3.51   417.3   13.2      46.828
2013   12        7    18  42    3.50   418.0   13.1      46.845
2013   12        7    18  51    3.49   418.7   13.1      46.856
2013   12        7    19   1    3.48   419.5   13.0      46.863
2013   12        7    19  10    3.47   420.2   12.9      46.871
2013   12        7    19  20    3.46   420.9   12.8      46.871
2013   12        7    19  29    3.45   421.6   12.7      46.873
2013   12        7    19  38    3.44   422.3   12.6      46.877
2013   12        7    19  48    3.43   423.1   12.5      46.884
2013   12        7    19  57    3.42   423.8   12.5      46.893
2013   12        7    20   7    3.41   424.5   12.4      46.904
2013   12        7    20  16    3.40   425.2   12.3      46.915
2013   12        7    20  26    3.39   425.8   12.2      46.930
2013   12        7    20  35    3.38   426.5   12.2      46.949
2013   12        7    20  44    3.37   427.1   12.1      46.969
2013   12        7    20  54    3.36   427.7   12.1      46.997
2013   12        7    21   3    3.35   428.4   12.0      47.033
2013   12        7    21  13    3.34   429.0   11.9      47.079
2013   12        7    21  22    3.33   429.6   11.9      47.134
2013   12        7    21  32    3.33   430.3   11.8      47.198
2013   12        7    21  41    3.32   430.9   11.8      47.276
2013   12        7    21  51    3.31   431.6   11.7      47.363
2013   12        7    22   0    3.30   432.3   11.7      47.454
2013   12        7    22  10    3.29   433.0   11.6      47.546
2013   12        7    22  19    3.28   433.7   11.5      47.640
2013   12        7    22  29    3.27   434.3   11.5      47.732
2013   12        7    22  38    3.26   434.9   11.4      47.821
2013   12        7    22  48    3.25   435.6   11.3      47.908
2013   12        7    22  57    3.24   436.2   11.3      47.992
2013   12        7    23   7    3.23   436.8   11.2      48.072
2013   12        7    23  16    3.22   437.4   11.1      48.143
2013   12        7    23  26    3.21   438.0   11.1      48.208
2013   12        7    23  36    3.20   438.7   11.0      48.269
2013   12        7    23  45    3.19   439.3   10.9      48.326
2013   12        7    23  55    3.18   440.0   10.9      48.380
2013   12        8     0   4    3.16   440.7   10.8      48.435
2013   12        8     0  14    3.15   441.5   10.7      48.491
2013   12        8     0  24    3.14   442.2   10.7      48.545
2013   12        8     0  33    3.13   443.1   10.6      48.594
2013   12        8     0  43    3.11   443.9   10.5      48.635
2013   12        8     0  52    3.10   444.8   10.4      48.662
2013   12        8     1   2    3.09   445.7   10.4      48.675
2013   12        8     1  11    3.07   446.6   10.3      48.665
2013   12        8     1  21    3.05   447.5   10.2      48.618
2013   12        8     1  30    3.03   448.3   10.1      48.538
2013   12        8     1  40    3.02   449.1   10.0      48.430
2013   12        8     1  49    3.00   449.8    9.9      48.294
2013   12        8     1  59    2.98   450.5    9.8      48.140
2013   12        8     2   8    2.96   451.1    9.6      47.978
2013   12        8     2  18    2.94   451.8    9.5      47.811
2013   12        8     2  27    2.92   452.4    9.5      47.643
2013   12        8     2  37    2.91   453.0    9.4      47.469
2013   12        8     2  46    2.89   453.6    9.3      47.300
2013   12        8     2  56    2.87   454.1    9.2      47.139
2013   12        8     3   5    2.85   454.8    9.1      46.987
2013   12        8     3  15    2.84   455.4    9.0      46.844
2013   12        8     3  24    2.82   456.0    8.9      46.716
2013   12        8     3  34    2.80   456.7    8.9      46.606
2013   12        8     3  43    2.79   457.5    8.8      46.518
2013   12        8     3  52    2.77   458.2    8.7      46.454
2013   12        8     4   2    2.76   459.0    8.6      46.421
2013   12        8     4  11    2.74   459.9    8.6      46.412
2013   12        8     4  21    2.73   460.7    8.5      46.438
2013   12        8     4  30    2.71   461.6    8.4      46.508
2013   12        8     4  39    2.70   462.5    8.4      46.651
2013   12        8     4  49    2.69   463.6    8.3      46.908
2013   12        8     4  58    2.68   464.6    8.3      47.329
2013   12        8     5   8    2.67   465.9    8.3      48.031
2013   12        8     5  17    2.66   467.2    8.3      49.184
2013   12        8     5  27    2.66   468.9    8.4      51.065
2013   12        8     5  36    2.66   471.3    8.5      53.991
2013   12        8     5  46    2.67   474.6    8.6      58.375
2013   12        8     5  55    2.70   479.0    8.9      64.668
2013   12        8     6   5    2.73   484.7    9.3      73.187
2013   12        8     6  15    2.79   491.4    9.9      84.481
2013   12        8     6  24    2.87   499.8   10.6      97.553
2013   12        8     6  34    2.97   508.7   11.4     110.938
2013   12        8     6  43    3.07   517.7   12.3     123.494
2013   12        8     6  53    3.20   525.0   13.3     134.979
2013   12        8     7   3    3.34   532.8   14.4     146.574
2013   12        8     7  12    3.49   540.4   15.5     157.161
2013   12        8     7  22    3.65   548.4   16.5     166.561
2013   12        8     7  31    3.78   555.2   17.5     173.428
2013   12        8     7  41    3.91   561.0   18.3     178.404
2013   12        8     7  50    4.02   566.3   19.0     182.087
2013   12        8     8   0    4.13   570.6   19.7     184.722
2013   12        8     8   9    4.23   574.5   20.4     186.727
2013   12        8     8  19    4.32   577.8   20.9     188.072
2013   12        8     8  29    4.39   580.6   21.4     188.855
2013   12        8     8  38    4.45   582.9   21.7     189.011
2013   12        8     8  48    4.50   584.9   22.0     188.596
2013   12        8     8  57    4.53   586.6   22.2     187.670
2013   12        8     9   7    4.55   588.1   22.2     186.274
2013   12        8     9  16    4.55   589.4   22.2     184.470
2013   12        8     9  26    4.54   590.5   22.1     182.314
2013   12        8     9  35    4.53   591.5   22.0     179.809
2013   12        8     9  45    4.50   592.2   21.8     176.985
2013   12        8     9  54    4.46   592.8   21.6     173.864
2013   12        8    10   3    4.41   593.2   21.3     170.533
2013   12        8    10  13    4.34   593.5   21.0     166.964
2013   12        8    10  22    4.28   593.6   20.6     163.213
2013   12        8    10  32    4.20   593.6   20.2     159.148
2013   12        8    10  41    4.12   593.6   19.8     154.857
2013   12        8    10  51    4.02   593.5   19.4     150.454
2013   12        8    11   0    3.93   593.3   18.9     146.107
2013   12        8    11  10    3.83   592.9   18.4     141.918
2013   12        8    11  19    3.73   592.3   17.9     137.836
2013   12        8    11  28    3.63   591.6   17.4     133.732
2013   12        8    11  38    3.53   591.0   16.9     129.714
2013   12        8    11  47    3.43   590.2   16.4     125.753
2013   12        8    11  57    3.33   589.4   15.9     121.959
2013   12        8    12   6    3.24   588.6   15.5     118.358
2013   12        8    12  16    3.15   587.8   15.0     115.053
2013   12        8    12  25    3.05   586.9   14.5     111.980
2013   12        8    12  35    2.96   586.0   14.1     109.158
2013   12        8    12  44    2.88   585.2   13.6     106.501
2013   12        8    12  54    2.79   584.3   13.2     104.030
2013   12        8    13   3    2.71   583.5   12.8     101.690
2013   12        8    13  13    2.62   582.7   12.4      99.488
2013   12        8    13  22    2.54   581.9   12.1      97.378
2013   12        8    13  32    2.46   581.2   11.7      95.374
2013   12        8    13  41    2.39   580.5   11.3      93.431
2013   12        8    13  51    2.31   579.8   11.0      91.566
2013   12        8    14   1    2.23   579.1   10.6      89.745
2013   12        8    14  10    2.16   578.5   10.3      87.983
2013   12        8    14  20    2.09   577.8   10.0      86.251
2013   12        8    14  29    2.02   577.2    9.6      84.565
2013   12        8    14  39    1.95   576.6    9.3      82.898
2013   12        8    14  48    1.88   576.0    9.0      81.270
2013   12        8    14  58    1.81   575.4    8.7      79.655
2013   12        8    15   8    1.75   574.8    8.4      78.075
2013   12        8    15  17    1.69   574.3    8.1      76.506
2013   12        8    15  27    1.63   573.7    7.9      74.970
2013   12        8    15  36    1.57   573.2    7.6      73.446
2013   12        8    15  46    1.52   572.7    7.3      71.955
2013   12        8    15  55    1.47   572.2    7.1      70.477
2013   12        8    16   5    1.42   571.7    6.8      69.034
2013   12        8    16  14    1.37   571.2    6.6      67.605
2013   12        8    16  24    1.33   570.7    6.3      66.213
2013   12        8    16  33    1.29   570.3    6.1      64.836
2013   12        8    16  43    1.25   569.8    5.9      63.497
2013   12        8    16  52    1.21   569.3    5.6      62.174
2013   12        8    17   2    1.18   568.8    5.4      60.887
2013   12        8    17  11    1.15   568.3    5.2      59.618
2013   12        8    17  21    1.13   567.7    5.1      58.385
2013   12        8    17  30    1.10   567.2    4.9      57.170
2013   12        8    17  40    1.08   566.6    4.7      55.990
2013   12        8    17  49    1.06   566.0    4.5      54.828
2013   12        8    17  59    1.05   565.4    4.4      53.701
2013   12        8    18   8    1.04   564.8    4.2      52.591
2013   12        8    18  17    1.03   564.1    4.1      51.516
2013   12        8    18  27    1.02   563.5    3.9      50.459
2013   12        8    18  36    1.01   562.8    3.8      49.434
2013   12        8    18  46    1.01   562.1    3.7      48.425
2013   12        8    18  55    1.00   561.4    3.6      47.446
2013   12        8    19   5    1.00   560.7    3.5      46.480
2013   12        8    19  14    1.00   560.1    3.3      45.540
2013   12        8    19  23    1.00   559.4    3.2      44.610
2013   12        8    19  33    1.01   558.7    3.1      43.704
2013   12        8    19  42    1.01   558.0    3.0      42.806
2013   12        8    19  52    1.01   557.3    3.0      41.929
2013   12        8    20   1    1.02   556.6    2.9      41.060
2013   12        8    20  11    1.02   555.9    2.8      40.209
2013   12        8    20  20    1.03   555.2    2.7      39.365
2013   12        8    20  30    1.03   554.5    2.6      38.540
2013   12        8    20  39    1.04   553.8    2.5      37.722
2013   12        8    20  49    1.05   553.1    2.5      36.922
2013   12        8    20  59    1.05   552.4    2.4      36.130
2013   12        8    21   8    1.06   551.7    2.3      35.358
2013   12        8    21  18    1.07   550.9    2.3      34.598
2013   12        8    21  27    1.07   550.2    2.2      33.860
2013   12        8    21  37    1.08   549.4    2.1      33.135
2013   12        8    21  47    1.09   548.6    2.1      32.435
2013   12        8    21  56    1.09   547.8    2.0      31.750
2013   12        8    22   6    1.10   547.0    2.0      31.091
2013   12        8    22  15    1.10   546.1    1.9      30.450
2013   12        8    22  25    1.11   545.2    1.9      29.836
2013   12        8    22  34    1.12   544.3    1.8      29.240
2013   12        8    22  44    1.12   543.4    1.8      28.671
2013   12        8    22  54    1.13   542.4    1.8      28.121
2013   12        8    23   3    1.13   541.5    1.7      27.597
2013   12        8    23  13    1.14   540.5    1.7      27.091
2013   12        8    23  22    1.14   539.5    1.6      26.611
2013   12        8    23  32    1.15   538.4    1.6      26.148
2013   12        8    23  41    1.15   537.4    1.6      25.708
2013   12        8    23  51    1.16   536.3    1.6      25.285
2013   12        9     0   0    1.16   535.2    1.5      24.884
2013   12        9     0  10    1.16   534.2    1.5      24.508
2013   12        9     0  19    1.17   533.1    1.5      24.151
2013   12        9     0  29    1.17   532.0    1.5      23.805
2013   12        9     0  38    1.18   531.0    1.4      23.474
2013   12        9     0  47    1.18   529.9    1.4      23.153
2013   12        9     0  57    1.18   528.8    1.4      22.846
2013   12        9     1   6    1.19   527.8    1.4      22.545
2013   12        9     1  16    1.19   526.8    1.4      22.255
2013   12        9     1  25    1.19   525.7    1.3      21.971
2013   12        9     1  35    1.19   524.8    1.3      21.695
2013   12        9     1  44    1.20   523.8    1.3      21.423
2013   12        9     1  53    1.20   522.8    1.3      21.158
2013   12        9     2   3    1.20   521.9    1.3      20.896
2013   12        9     2  12    1.20   521.0    1.3      20.641
2013   12        9     2  22    1.21   520.1    1.3      20.387
2013   12        9     2  31    1.21   519.3    1.2      20.139
2013   12        9     2  41    1.21   518.4    1.2      19.892
2013   12        9     2  50    1.21   517.5    1.2      19.650
2013   12        9     3   0    1.21   516.7    1.2      19.410
2013   12        9     3   9    1.22   515.9    1.2      19.176
2013   12        9     3  19    1.22   515.0    1.2      18.943
2013   12        9     3  28    1.22   514.2    1.2      18.715
2013   12        9     3  38    1.22   513.4    1.2      18.490
2013   12        9     3  47    1.22   512.6    1.1      18.270
2013   12        9     3  57    1.22   511.8    1.1      18.052
2013   12        9     4   6    1.23   511.0    1.1      17.841
2013   12        9     4  16    1.23   510.2    1.1      17.631
2013   12        9     4  25    1.23   509.4    1.1      17.428
2013   12        9     4  35    1.23   508.6    1.1      17.228
2013   12        9     4  45    1.23   507.8    1.1      17.034
2013   12        9     4  54    1.23   507.1    1.1      16.843
2013   12        9     5   4    1.23   506.3    1.1      16.659
2013   12        9     5  13    1.23   505.6    1.1      16.477
2013   12        9     5  23    1.23   504.8    1.0      16.301
2013   12        9     5  33    1.23   504.1    1.0      16.128
2013   12        9     5  42    1.24   503.4    1.0      15.960
2013   12        9     5  52    1.24   502.7    1.0      15.795
2013   12        9     6   1    1.24   502.0    1.0      15.634
2013   12        9     6  11    1.24   501.3    1.0      15.477
2013   12        9     6  20    1.24   500.6    1.0      15.324
2013   12        9     6  30    1.24   499.9    1.0      15.174
2013   12        9     6  39    1.24   499.2    1.0      15.029
2013   12        9     6  49    1.24   498.5    1.0      14.888
2013   12        9     6  58    1.24   497.9    1.0      14.752
2013   12        9     7   8    1.24   497.2    1.0      14.620
2013   12        9     7  17    1.24   496.6    1.0      14.494
2013   12        9     7  27    1.24   496.0    1.0      14.373
2013   12        9     7  36    1.24   495.4    1.0      14.258
2013   12        9     7  46    1.24   494.7    1.0      14.147
2013   12        9     7  55    1.24   494.1    1.0      14.043
2013   12        9     8   5    1.24   493.5    1.0      13.943
2013   12        9     8  14    1.23   492.9    1.0      13.849
2013   12        9     8  24    1.23   492.4    1.0      13.759
2013   12        9     8  33    1.23   491.8    1.0      13.674
2013   12        9     8  42    1.23   491.2    1.0      13.593
2013   12        9     8  52    1.23   490.6    1.0      13.516
2013   12        9     9   1    1.23   490.0    1.0      13.442
2013   12        9     9  11    1.23   489.4    1.0      13.373
2013   12        9     9  20    1.23   488.8    1.0      13.308
2013   12        9     9  29    1.23   488.3    1.0      13.247
2013   12        9     9  39    1.23   487.7    1.0      13.189
2013   12        9     9  48    1.22   487.2    1.0      13.135
2013   12        9     9  58    1.22   486.7    1.0      13.084
2013   12        9    10   7    1.22   486.2    1.0      13.037
2013   12        9    10  17    1.22   485.7    1.0      12.993
2013   12        9    10  26    1.22   485.1    1.0      12.952
2013   12        9    10  36    1.21   484.6    1.0      12.914
2013   12        9    10  45    1.21   484.1    1.0      12.879
2013   12        9    10  55    1.21   483.6    1.0      12.847
2013   12        9    11   4    1.21   483.1    1.0      12.817
2013   12        9    11  14    1.21   482.5    1.0      12.789
2013   12        9    11  23    1.20   482.0    1.1      12.763
2013   12        9    11  33    1.20   481.5    1.1      12.738
2013   12        9    11  43    1.20   481.0    1.1      12.716
2013   12        9    11  52    1.20   480.5    1.1      12.695
2013   12        9    12   2    1.19   480.0    1.1      12.676
2013   12        9    12  11    1.19   479.4    1.1      12.659
2013   12        9    12  21    1.19   478.9    1.1      12.644
2013   12        9    12  31    1.19   478.4    1.1      12.631
2013   12        9    12  40    1.18   477.9    1.1      12.621
2013   12        9    12  50    1.18   477.4    1.1      12.614
2013   12        9    12  59    1.18   476.9    1.1      12.609
2013   12        9    13   9    1.18   476.3    1.2      12.606
2013   12        9    13  18    1.17   475.8    1.2      12.606
2013   12        9    13  28    1.17   475.3    1.2      12.608
2013   12        9    13  37    1.17   474.7    1.2      12.613
2013   12        9    13  47    1.17   474.2    1.2      12.620
2013   12        9    13  56    1.16   473.6    1.2      12.628
2013   12        9    14   6    1.16   473.1    1.2      12.638
2013   12        9    14  15    1.16   472.5    1.2      12.649
2013   12        9    14  25    1.16   471.9    1.2      12.661
2013   12        9    14  34    1.15   471.4    1.3      12.673
2013   12        9    14  44    1.15   470.8    1.3      12.684
2013   12        9    14  53    1.15   470.2    1.3      12.696
2013   12        9    15   3    1.15   469.6    1.3      12.707
2013   12        9    15  12    1.14   469.1    1.3      12.719
2013   12        9    15  22    1.14   468.5    1.3      12.731
2013   12        9    15  31    1.14   467.9    1.3      12.743
2013   12        9    15  41    1.14   467.3    1.4      12.755
2013   12        9    15  50    1.13   466.7    1.4      12.767
2013   12        9    16   0    1.13   466.2    1.4      12.780
2013   12        9    16   9    1.13   465.6    1.4      12.793
2013   12        9    16  18    1.13   465.0    1.4      12.806
2013   12        9    16  28    1.12   464.4    1.4      12.820
2013   12        9    16  37    1.12   463.8    1.4      12.834
2013   12        9    16  47    1.12   463.2    1.5      12.848
2013   12        9    16  56    1.12   462.7    1.5      12.863
2013   12        9    17   6    1.12   462.1    1.5      12.877
2013   12        9    17  15    1.11   461.5    1.5      12.893
2013   12        9    17  24    1.11   460.9    1.5      12.908
2013   12        9    17  34    1.11   460.3    1.5      12.924
2013   12        9    17  43    1.11   459.7    1.6      12.940
2013   12        9    17  53    1.11   459.1    1.6      12.956
2013   12        9    18   2    1.11   458.5    1.6      12.972
2013   12        9    18  12    1.10   457.9    1.6      12.989
2013   12        9    18  22    1.10   457.3    1.6      13.006
2013   12        9    18  31    1.10   456.7    1.6      13.023
2013   12        9    18  41    1.10   456.1    1.7      13.040
2013   12        9    18  50    1.10   455.5    1.7      13.057
2013   12        9    19   0    1.10   454.9    1.7      13.075
2013   12        9    19  10    1.09   454.3    1.7      13.092
2013   12        9    19  19    1.09   453.7    1.7      13.110
2013   12        9    19  29    1.09   453.1    1.8      13.128
2013   12        9    19  38    1.09   452.5    1.8      13.146
2013   12        9    19  48    1.09   451.9    1.8      13.164
2013   12        9    19  57    1.09   451.3    1.8      13.182
2013   12        9    20   7    1.09   450.7    1.8      13.200
2013   12        9    20  16    1.09   450.1    1.8      13.219
2013   12        9    20  26    1.08   449.5    1.9      13.238
2013   12        9    20  36    1.08   448.9    1.9      13.256
2013   12        9    20  45    1.08   448.2    1.9      13.276
2013   12        9    20  55    1.08   447.6    1.9      13.295
2013   12        9    21   4    1.08   447.0    1.9      13.315
2013   12        9    21  14    1.08   446.4    1.9      13.335
2013   12        9    21  23    1.08   445.8    2.0      13.355
2013   12        9    21  33    1.08   445.2    2.0      13.376
2013   12        9    21  42    1.08   444.6    2.0      13.397
2013   12        9    21  52    1.07   444.0    2.0      13.418
2013   12        9    22   1    1.07   443.4    2.0      13.439
2013   12        9    22  11    1.07   442.8    2.0      13.460
2013   12        9    22  20    1.07   442.2    2.1      13.482
2013   12        9    22  30    1.07   441.6    2.1      13.504
2013   12        9    22  39    1.07   441.0    2.1      13.526
2013   12        9    22  48    1.07   440.4    2.1      13.548
2013   12        9    22  58    1.07   439.8    2.1      13.571
2013   12        9    23   7    1.07   439.2    2.1      13.593
2013   12        9    23  17    1.07   438.6    2.2      13.616
2013   12        9    23  26    1.07   438.0    2.2      13.638
2013   12        9    23  36    1.07   437.5    2.2      13.660
2013   12        9    23  45    1.07   436.9    2.2      13.682
2013   12        9    23  54    1.07   436.3    2.2      13.704
2013   12       10     0   4    1.06   435.7    2.2      13.725
2013   12       10     0  13    1.06   435.2    2.3      13.747
2013   12       10     0  23    1.06   434.6    2.3      13.768
2013   12       10     0  32    1.06   434.0    2.3      13.788
2013   12       10     0  42    1.06   433.4    2.3      13.809
2013   12       10     0  51    1.06   432.8    2.3      13.829
2013   12       10     1   1    1.06   432.3    2.3      13.849
2013   12       10     1  10    1.06   431.7    2.3      13.869
2013   12       10     1  20    1.06   431.1    2.4      13.888
2013   12       10     1  29    1.06   430.6    2.4      13.907
2013   12       10     1  39    1.06   430.0    2.4      13.925
2013   12       10     1  48    1.06   429.4    2.4      13.944
2013   12       10     1  58    1.06   428.9    2.4      13.962
2013   12       10     2   8    1.06   428.3    2.4      13.979
2013   12       10     2  17    1.06   427.7    2.5      13.996
2013   12       10     2  27    1.06   427.2    2.5      14.013
2013   12       10     2  36    1.06   426.6    2.5      14.029
2013   12       10     2  46    1.06   426.1    2.5      14.045
2013   12       10     2  55    1.06   425.5    2.5      14.060
2013   12       10     3   5    1.05   424.9    2.5      14.076
2013   12       10     3  15    1.05   424.4    2.5      14.090
2013   12       10     3  24    1.05   423.8    2.6      14.105
2013   12       10     3  34    1.05   423.3    2.6      14.119
2013   12       10     3  43    1.05   422.7    2.6      14.133
2013   12       10     3  53    1.05   422.2    2.6      14.147
2013   12       10     4   2    1.05   421.7    2.6      14.160
2013   12       10     4  12    1.05   421.1    2.6      14.173
2013   12       10     4  21    1.05   420.6    2.6      14.187
2013   12       10     4  31    1.05   420.0    2.6      14.200
2013   12       10     4  40    1.05   419.5    2.7      14.213
2013   12       10     4  50    1.05   419.0    2.7      14.225
2013   12       10     4  59    1.05   418.4    2.7      14.238
2013   12       10     5   9    1.05   417.9    2.7      14.250
2013   12       10     5  18    1.05   417.4    2.7      14.263
2013   12       10     5  28    1.05   416.8    2.7      14.275
2013   12       10     5  37    1.05   416.3    2.7      14.287
2013   12       10     5  47    1.05   415.8    2.8      14.299
2013   12       10     5  56    1.05   415.2    2.8      14.310
2013   12       10     6   6    1.05   414.7    2.8      14.322
2013   12       10     6  15    1.05   414.2    2.8      14.333
2013   12       10     6  24    1.05   413.7    2.8      14.344
2013   12       10     6  34    1.05   413.2    2.8      14.356
2013   12       10     6  43    1.05   412.6    2.8      14.366
2013   12       10     6  53    1.05   412.1    2.8      14.377
2013   12       10     7   2    1.05   411.6    2.9      14.387
2013   12       10     7  12    1.05   411.1    2.9      14.398
2013   12       10     7  21    1.05   410.6    2.9      14.408
2013   12       10     7  30    1.04   410.1    2.9      14.417
2013   12       10     7  40    1.04   409.6    2.9      14.427
2013   12       10     7  49    1.04   409.0    2.9      14.436
2013   12       10     7  59    1.04   408.5    2.9      14.446
2013   12       10     8   8    1.04   408.0    3.0      14.455
2013   12       10     8  18    1.04   407.5    3.0      14.463
2013   12       10     8  27    1.04   407.0    3.0      14.472
2013   12       10     8  37    1.04   406.5    3.0      14.480
2013   12       10     8  46    1.04   406.0    3.0      14.489
2013   12       10     8  56    1.04   405.5    3.0      14.497
2013   12       10     9   5    1.04   405.0    3.0      14.505
2013   12       10     9  15    1.04   404.5    3.1      14.512
2013   12       10     9  25    1.04   404.0    3.1      14.520
2013   12       10     9  34    1.04   403.5    3.1      14.527
2013   12       10     9  44    1.04   403.0    3.1      14.535
2013   12       10     9  53    1.04   402.5    3.1      14.542
2013   12       10    10   3    1.04   402.0    3.1      14.549
2013   12       10    10  13    1.04   401.5    3.1      14.555
2013   12       10    10  22    1.04   401.0    3.2      14.562
2013   12       10    10  32    1.04   400.5    3.2      14.569
2013   12       10    10  41    1.04   400.0    3.2      14.575
2013   12       10    10  51    1.04   399.5    3.2      14.581
2013   12       10    11   0    1.04   399.0    3.2      14.587
2013   12       10    11  10    1.04   398.5    3.2      14.593
2013   12       10    11  19    1.04   398.1    3.2      14.599
2013   12       10    11  29    1.04   397.6    3.3      14.604
2013   12       10    11  39    1.04   397.1    3.3      14.610
2013   12       10    11  48    1.04   396.6    3.3      14.615
2013   12       10    11  58    1.04   396.1    3.3      14.619
2013   12       10    12   7    1.04   395.7    3.3      14.624
2013   12       10    12  17    1.04   395.2    3.3      14.628
2013   12       10    12  26    1.04   394.7    3.3      14.633
2013   12       10    12  35    1.04   394.3    3.4      14.636
2013   12       10    12  45    1.05   393.8    3.4      14.640
2013   12       10    12  54    1.05   393.3    3.4      14.643
2013   12       10    13   4    1.05   392.9    3.4      14.647
2013   12       10    13  13    1.05   392.4    3.4      14.649
2013   12       10    13  23    1.05   392.0    3.4      14.652
2013   12       10    13  32    1.05   391.5    3.4      14.654
2013   12       10    13  42    1.05   391.0    3.5      14.656
2013   12       10    13  51    1.05   390.6    3.5      14.658
2013   12       10    14   0    1.05   390.1    3.5      14.660
2013   12       10    14  10    1.05   389.7    3.5      14.661
2013   12       10    14  19    1.05   389.2    3.5      14.663
2013   12       10    14  29    1.05   388.8    3.5      14.664
2013   12       10    14  38    1.05   388.3    3.5      14.665
2013   12       10    14  48    1.05   387.9    3.6      14.665
2013   12       10    14  57    1.05   387.4    3.6      14.666
2013   12       10    15   6    1.05   387.0    3.6      14.666
2013   12       10    15  16    1.05   386.5    3.6      14.666
2013   12       10    15  25    1.05   386.1    3.6      14.666
2013   12       10    15  35    1.05   385.7    3.6      14.666
2013   12       10    15  44    1.05   385.2    3.6      14.666
2013   12       10    15  54    1.05   384.8    3.7      14.666
2013   12       10    16   3    1.05   384.3    3.7      14.666
2013   12       10    16  13    1.05   383.9    3.7      14.666
2013   12       10    16  23    1.05   383.4    3.7      14.665
2013   12       10    16  32    1.05   383.0    3.7      14.665
2013   12       10    16  42    1.05   382.6    3.7      14.665
2013   12       10    16  51    1.05   382.1    3.7      14.665
2013   12       10    17   1    1.05   381.7    3.8      14.665
2013   12       10    17  11    1.05   381.2    3.8      14.666
2013   12       10    17  20    1.05   380.8    3.8      14.666
2013   12       10    17  30    1.05   380.4    3.8      14.667
2013   12       10    17  39    1.06   379.9    3.8      14.667
2013   12       10    17  49    1.06   379.5    3.8      14.668
2013   12       10    17  58    1.06   379.1    3.9      14.670
2013   12       10    18   8    1.06   378.7    3.9      14.671
2013   12       10    18  18    1.06   378.3    3.9      14.673
2013   12       10    18  27    1.06   377.8    3.9      14.675
2013   12       10    18  37    1.06   377.4    3.9      14.677
2013   12       10    18  46    1.06   377.0    3.9      14.680
2013   12       10    18  56    1.06   376.6    4.0      14.682
2013   12       10    19   5    1.06   376.2    4.0      14.685
2013   12       10    19  15    1.06   375.8    4.0      14.688
2013   12       10    19  24    1.06   375.4    4.0      14.691
2013   12       10    19  34    1.06   375.0    4.0      14.694
2013   12       10    19  43    1.06   374.6    4.0      14.697
2013   12       10    19  53    1.07   374.2    4.1      14.700
2013   12       10    20   2    1.07   373.8    4.1      14.703
2013   12       10    20  12    1.07   373.4    4.1      14.706
2013   12       10    20  21    1.07   373.0    4.1      14.709
2013   12       10    20  30    1.07   372.6    4.1      14.712
2013   12       10    20  40    1.07   372.2    4.1      14.715
2013   12       10    20  49    1.07   371.8    4.2      14.717
2013   12       10    20  59    1.07   371.4    4.2      14.720
2013   12       10    21   8    1.07   371.0    4.2      14.722
2013   12       10    21  18    1.07   370.6    4.2      14.724
2013   12       10    21  27    1.07   370.2    4.2      14.726
2013   12       10    21  36    1.07   369.8    4.2      14.728
2013   12       10    21  46    1.08   369.4    4.3      14.730
2013   12       10    21  55    1.08   369.0    4.3      14.732
2013   12       10    22   5    1.08   368.6    4.3      14.734
2013   12       10    22  14    1.08   368.2    4.3      14.735
2013   12       10    22  24    1.08   367.8    4.3      14.737
2013   12       10    22  33    1.08   367.4    4.3      14.738
2013   12       10    22  43    1.08   367.0    4.4      14.740
2013   12       10    22  52    1.08   366.6    4.4      14.742
2013   12       10    23   2    1.08   366.2    4.4      14.744
2013   12       10    23  11    1.09   365.9    4.4      14.747
2013   12       10    23  21    1.09   365.5    4.4      14.749
2013   12       10    23  30    1.09   365.1    4.5      14.752
2013   12       10    23  40    1.09   364.7    4.5      14.756
2013   12       10    23  49    1.09   364.3    4.5      14.760
2013   12       10    23  59    1.09   363.9    4.5      14.764
2013   12       11     0   9    1.09   363.5    4.5      14.769
2013   12       11     0  18    1.10   363.1    4.6      14.774
2013   12       11     0  28    1.10   362.7    4.6      14.780
2013   12       11     0  37    1.10   362.3    4.6      14.786
2013   12       11     0  47    1.10   361.9    4.6      14.794
2013   12       11     0  56    1.10   361.5    4.7      14.801
2013   12       11     1   6    1.11   361.1    4.7      14.810
2013   12       11     1  16    1.11   360.8    4.7      14.819
2013   12       11     1  25    1.11   360.4    4.7      14.828
2013   12       11     1  35    1.11   360.0    4.8      14.838
2013   12       11     1  44    1.12   359.6    4.8      14.849
2013   12       11     1  54    1.12   359.3    4.8      14.861
2013   12       11     2   3    1.12   358.9    4.8      14.873
2013   12       11     2  13    1.12   358.5    4.9      14.886
2013   12       11     2  22    1.13   358.2    4.9      14.899
2013   12       11     2  32    1.13   357.8    4.9      14.913
2013   12       11     2  41    1.13   357.4    4.9      14.927
2013   12       11     2  51    1.13   357.1    5.0      14.942
2013   12       11     3   0    1.14   356.7    5.0      14.957
2013   12       11     3  10    1.14   356.4    5.0      14.973
2013   12       11     3  19    1.14   356.0    5.1      14.989
2013   12       11     3  29    1.15   355.7    5.1      15.006
2013   12       11     3  38    1.15   355.3    5.1      15.023
2013   12       11     3  48    1.15   355.0    5.1      15.041
2013   12       11     3  57    1.16   354.6    5.2      15.058
2013   12       11     4   6    1.16   354.3    5.2      15.077
2013   12       11     4  16    1.16   354.0    5.2      15.095
2013   12       11     4  25    1.17   353.6    5.3      15.114
2013   12       11     4  35    1.17   353.3    5.3      15.134
2013   12       11     4  44    1.18   353.0    5.3      15.153
2013   12       11     4  53    1.18   352.6    5.4      15.173
2013   12       11     5   3    1.18   352.3    5.4      15.194
2013   12       11     5  12    1.19   352.0    5.4      15.215
2013   12       11     5  22    1.19   351.7    5.5      15.236
2013   12       11     5  31    1.20   351.3    5.5      15.257
2013   12       11     5  41    1.20   351.0    5.5      15.280
2013   12       11     5  50    1.21   350.7    5.6      15.302
2013   12       11     6   0    1.21   350.4    5.6      15.325
2013   12       11     6   9    1.21   350.1    5.6      15.348
2013   12       11     6  19    1.22   349.7    5.7      15.372
2013   12       11     6  28    1.22   349.4    5.7      15.396
2013   12       11     6  38    1.23   349.1    5.8      15.421
2013   12       11     6  47    1.23   348.8    5.8      15.446
2013   12       11     6  57    1.24   348.5    5.8      15.472
2013   12       11     7   6    1.24   348.2    5.9      15.498
2013   12       11     7  16    1.25   347.9    5.9      15.525
2013   12       11     7  25    1.25   347.6    5.9      15.553
2013   12       11     7  35    1.26   347.3    6.0      15.581
2013   12       11     7  45    1.26   346.9    6.0      15.610
2013   12       11     7  54    1.27   346.6    6.1      15.640
2013   12       11     8   4    1.28   346.3    6.1      15.670
2013   12       11     8  13    1.28   346.0    6.1      15.701
2013   12       11     8  23    1.29   345.7    6.2      15.733
2013   12       11     8  33    1.29   345.5    6.2      15.765
2013   12       11     8  42    1.30   345.2    6.3      15.799
2013   12       11     8  52    1.30   344.9    6.3      15.833
2013   12       11     9   1    1.31   344.6    6.4      15.869
2013   12       11     9  11    1.32   344.3    6.4      15.905
2013   12       11     9  20    1.32   344.0    6.5      15.942
2013   12       11     9  30    1.33   343.8    6.5      15.981
2013   12       11     9  39    1.34   343.5    6.5      16.020
2013   12       11     9  49    1.34   343.2    6.6      16.060
2013   12       11     9  58    1.35   343.0    6.6      16.101
2013   12       11    10   8    1.36   342.7    6.7      16.144
2013   12       11    10  17    1.36   342.5    6.7      16.188
2013   12       11    10  27    1.37   342.2    6.8      16.233
2013   12       11    10  36    1.38   342.0    6.8      16.278
2013   12       11    10  46    1.38   341.8    6.9      16.325
2013   12       11    10  55    1.39   341.5    6.9      16.372
2013   12       11    11   5    1.40   341.3    7.0      16.420
2013   12       11    11  14    1.40   341.1    7.0      16.468
2013   12       11    11  24    1.41   340.9    7.1      16.517
2013   12       11    11  33    1.42   340.7    7.1      16.566
2013   12       11    11  42    1.43   340.5    7.2      16.616
2013   12       11    11  52    1.43   340.3    7.2      16.665
2013   12       11    12   1    1.44   340.1    7.3      16.715
2013   12       11    12  11    1.45   339.9    7.3      16.764
2013   12       11    12  20    1.45   339.7    7.4      16.813
2013   12       11    12  29    1.46   339.5    7.4      16.863
2013   12       11    12  39    1.47   339.3    7.5      16.912
2013   12       11    12  48    1.48   339.1    7.5      16.962
2013   12       11    12  58    1.48   338.9    7.6      17.012
2013   12       11    13   7    1.49   338.7    7.6      17.061
2013   12       11    13  17    1.50   338.6    7.7      17.112
2013   12       11    13  26    1.51   338.4    7.7      17.162
2013   12       11    13  36    1.52   338.2    7.8      17.213
2013   12       11    13  45    1.52   338.0    7.8      17.264
2013   12       11    13  55    1.53   337.8    7.9      17.317
2013   12       11    14   4    1.54   337.7    7.9      17.371
2013   12       11    14  14    1.55   337.5    8.0      17.428
2013   12       11    14  23    1.56   337.4    8.0      17.486
2013   12       11    14  33    1.56   337.2    8.1      17.547
2013   12       11    14  43    1.57   337.1    8.1      17.610
2013   12       11    14  52    1.58   336.9    8.2      17.675
2013   12       11    15   2    1.59   336.8    8.3      17.740
2013   12       11    15  11    1.60   336.6    8.3      17.807
2013   12       11    15  21    1.61   336.5    8.4      17.874
2013   12       11    15  31    1.62   336.4    8.4      17.941
2013   12       11    15  40    1.62   336.2    8.5      18.006
2013   12       11    15  50    1.63   336.1    8.5      18.072
2013   12       11    15  59    1.64   336.0    8.6      18.136
2013   12       11    16   9    1.65   335.9    8.6      18.201
2013   12       11    16  18    1.66   335.8    8.7      18.265
2013   12       11    16  28    1.67   335.7    8.7      18.330
2013   12       11    16  37    1.68   335.6    8.8      18.394
2013   12       11    16  47    1.69   335.5    8.8      18.458
2013   12       11    16  56    1.70   335.5    8.9      18.524
2013   12       11    17   6    1.70   335.4    9.0      18.590
2013   12       11    17  15    1.71   335.3    9.0      18.655
2013   12       11    17  25    1.72   335.3    9.1      18.721
2013   12       11    17  34    1.73   335.2    9.1      18.786
2013   12       11    17  44    1.74   335.2    9.2      18.851
2013   12       11    17  53    1.75   335.1    9.2      18.914
2013   12       11    18   3    1.76   335.0    9.2      18.977
2013   12       11    18  12    1.76   335.0    9.3      19.038
2013   12       11    18  22    1.77   334.9    9.3      19.098
2013   12       11    18  31    1.78   334.9    9.4      19.157
2013   12       11    18  41    1.79   334.8    9.4      19.215
2013   12       11    18  50    1.80   334.8    9.5      19.271
2013   12       11    19   0    1.80   334.7    9.5      19.327
2013   12       11    19   9    1.81   334.7    9.6      19.381
2013   12       11    19  18    1.82   334.6    9.6      19.435
2013   12       11    19  28    1.83   334.6    9.7      19.487
2013   12       11    19  37    1.84   334.5    9.7      19.539
2013   12       11    19  47    1.85   334.5    9.7      19.590
2013   12       11    19  56    1.85   334.5    9.8      19.642
2013   12       11    20   6    1.86   334.5    9.8      19.694
2013   12       11    20  15    1.87   334.5    9.9      19.746
2013   12       11    20  24    1.88   334.4    9.9      19.799
2013   12       11    20  34    1.89   334.4   10.0      19.853
2013   12       11    20  43    1.89   334.4   10.0      19.907
2013   12       11    20  53    1.90   334.4   10.0      19.962
2013   12       11    21   2    1.91   334.4   10.1      20.017
2013   12       11    21  12    1.92   334.4   10.1      20.072
2013   12       11    21  22    1.93   334.4   10.2      20.127
2013   12       11    21  31    1.94   334.4   10.2      20.183
2013   12       11    21  41    1.94   334.5   10.3      20.240
2013   12       11    21  50    1.95   334.5   10.3      20.299
2013   12       11    22   0    1.96   334.5   10.3      20.359
2013   12       11    22  10    1.97   334.5   10.4      20.420
2013   12       11    22  19    1.97   334.6   10.4      20.482
2013   12       11    22  29    1.98   334.6   10.5      20.544
2013   12       11    22  38    1.99   334.6   10.5      20.607
2013   12       11    22  48    2.00   334.7   10.5      20.670
2013   12       11    22  57    2.00   334.7   10.6      20.733
2013   12       11    23   7    2.01   334.8   10.6      20.796
2013   12       11    23  16    2.02   334.8   10.6      20.857
2013   12       11    23  26    2.03   334.8   10.7      20.918
2013   12       11    23  36    2.03   334.9   10.7      20.978
2013   12       11    23  45    2.04   334.9   10.7      21.037
2013   12       11    23  55    2.05   334.9   10.8      21.096
2013   12       12     0   4    2.05   335.0   10.8      21.154
2013   12       12     0  14    2.06   335.0   10.9      21.212
2013   12       12     0  23    2.07   335.1   10.9      21.270
2013   12       12     0  33    2.08   335.1   10.9      21.327
2013   12       12     0  42    2.08   335.2   11.0      21.385
2013   12       12     0  52    2.09   335.2   11.0      21.443
2013   12       12     1   1    2.10   335.2   11.0      21.502
2013   12       12     1  11    2.11   335.3   11.1      21.562
2013   12       12     1  20    2.11   335.4   11.1      21.623
2013   12       12     1  30    2.12   335.4   11.1      21.687
2013   12       12     1  39    2.13   335.5   11.2      21.752
2013   12       12     1  48    2.14   335.6   11.2      21.819
2013   12       12     1  58    2.14   335.7   11.2      21.886
2013   12       12     2   7    2.15   335.7   11.3      21.951
2013   12       12     2  17    2.16   335.8   11.3      22.017
2013   12       12     2  26    2.16   335.9   11.3      22.080
2013   12       12     2  36    2.17   336.0   11.4      22.143
2013   12       12     2  45    2.18   336.1   11.4      22.203
2013   12       12     2  54    2.18   336.2   11.4      22.263
2013   12       12     3   4    2.19   336.2   11.5      22.322
2013   12       12     3  13    2.20   336.3   11.5      22.381
2013   12       12     3  23    2.20   336.4   11.5      22.439
2013   12       12     3  32    2.21   336.5   11.5      22.497
2013   12       12     3  42    2.22   336.6   11.6      22.556
2013   12       12     3  51    2.22   336.8   11.6      22.614
2013   12       12     4   1    2.23   336.9   11.6      22.673
2013   12       12     4  10    2.24   337.0   11.6      22.731
2013   12       12     4  20    2.24   337.1   11.6      22.788
2013   12       12     4  29    2.25   337.2   11.7      22.845
2013   12       12     4  39    2.25   337.3   11.7      22.900
2013   12       12     4  48    2.26   337.4   11.7      22.955
2013   12       12     4  58    2.26   337.5   11.7      23.009
2013   12       12     5   8    2.27   337.6   11.7      23.062
2013   12       12     5  17    2.28   337.7   11.8      23.114
2013   12       12     5  27    2.28   337.9   11.8      23.165
2013   12       12     5  36    2.29   338.0   11.8      23.215
2013   12       12     5  46    2.29   338.1   11.8      23.264
2013   12       12     5  55    2.30   338.2   11.8      23.313
2013   12       12     6   5    2.30   338.3   11.8      23.360
2013   12       12     6  15    2.31   338.4   11.9      23.407
2013   12       12     6  24    2.31   338.5   11.9      23.454
2013   12       12     6  34    2.32   338.6   11.9      23.499
2013   12       12     6  43    2.32   338.7   11.9      23.544
2013   12       12     6  53    2.33   338.9   11.9      23.589
2013   12       12     7   2    2.33   339.0   11.9      23.633
2013   12       12     7  12    2.34   339.1   11.9      23.676
2013   12       12     7  21    2.34   339.2   12.0      23.720
2013   12       12     7  31    2.35   339.3   12.0      23.763
2013   12       12     7  40    2.35   339.4   12.0      23.806
2013   12       12     7  50    2.36   339.5   12.0      23.848
2013   12       12     7  59    2.36   339.6   12.0      23.892
2013   12       12     8   9    2.36   339.7   12.0      23.935
2013   12       12     8  18    2.37   339.8   12.1      23.979
2013   12       12     8  28    2.37   339.9   12.1      24.023
2013   12       12     8  37    2.38   340.0   12.1      24.068
2013   12       12     8  47    2.38   340.2   12.1      24.112
2013   12       12     8  56    2.39   340.3   12.1      24.158
2013   12       12     9   6    2.39   340.4   12.1      24.206
2013   12       12     9  15    2.40   340.5   12.2      24.256
2013   12       12     9  24    2.40   340.7   12.2      24.308
2013   12       12     9  34    2.41   340.8   12.2      24.361
2013   12       12     9  43    2.41   341.0   12.2      24.415
2013   12       12     9  53    2.42   341.1   12.2      24.468
2013   12       12    10   2    2.42   341.2   12.2      24.519
2013   12       12    10  12    2.43   341.4   12.3      24.570
2013   12       12    10  21    2.43   341.5   12.3      24.620
2013   12       12    10  30    2.44   341.7   12.3      24.670
2013   12       12    10  40    2.44   341.8   12.3      24.718
2013   12       12    10  49    2.45   342.0   12.3      24.766
2013   12       12    10  59    2.45   342.1   12.3      24.812
2013   12       12    11   8    2.45   342.3   12.3      24.859
2013   12       12    11  18    2.46   342.4   12.3      24.904
2013   12       12    11  27    2.46   342.6   12.3      24.950
2013   12       12    11  37    2.47   342.7   12.4      24.994
2013   12       12    11  46    2.47   342.8   12.4      25.038
2013   12       12    11  56    2.47   343.0   12.4      25.083
2013   12       12    12   6    2.48   343.2   12.4      25.128
2013   12       12    12  15    2.48   343.3   12.4      25.173
2013   12       12    12  25    2.48   343.5   12.4      25.218
2013   12       12    12  34    2.49   343.6   12.4      25.263
2013   12       12    12  44    2.49   343.8   12.4      25.307
2013   12       12    12  53    2.49   343.9   12.4      25.350
2013   12       12    13   3    2.50   344.1   12.4      25.391
2013   12       12    13  13    2.50   344.2   12.4      25.431
2013   12       12    13  22    2.50   344.4   12.4      25.471
2013   12       12    13  32    2.50   344.5   12.4      25.509
2013   12       12    13  41    2.51   344.7   12.4      25.546
2013   12       12    13  51    2.51   344.9   12.4      25.583
2013   12       12    14   0    2.51   345.0   12.4      25.618
2013   12       12    14  10    2.52   345.2   12.4      25.652
2013   12       12    14  19    2.52   345.3   12.4      25.686
2013   12       12    14  29    2.52   345.5   12.4      25.719
2013   12       12    14  39    2.52   345.6   12.4      25.751
2013   12       12    14  48    2.52   345.8   12.4      25.782
2013   12       12    14  58    2.53   345.9   12.4      25.813
2013   12       12    15   7    2.53   346.1   12.4      25.844
2013   12       12    15  17    2.53   346.2   12.4      25.874
2013   12       12    15  26    2.53   346.3   12.4      25.903
2013   12       12    15  36    2.54   346.5   12.4      25.932
2013   12       12    15  45    2.54   346.6   12.4      25.960
2013   12       12    15  54    2.54   346.8   12.4      25.988
2013   12       12    16   4    2.54   346.9   12.4      26.016
2013   12       12    16  13    2.54   347.1   12.4      26.043
2013   12       12    16  23    2.55   347.2   12.4      26.070
2013   12       12    16  32    2.55   347.4   12.4      26.097
2013   12       12    16  42    2.55   347.5   12.4      26.124
2013   12       12    16  51    2.55   347.6   12.4      26.151
2013   12       12    17   1    2.56   347.8   12.4      26.177
2013   12       12    17  10    2.56   347.9   12.4      26.204
2013   12       12    17  19    2.56   348.1   12.4      26.232
2013   12       12    17  29    2.56   348.2   12.4      26.260
2013   12       12    17  38    2.56   348.4   12.4      26.288
2013   12       12    17  48    2.57   348.5   12.4      26.316
2013   12       12    17  57    2.57   348.6   12.4      26.346
2013   12       12    18   7    2.57   348.8   12.4      26.376
2013   12       12    18  16    2.57   348.9   12.4      26.406
2013   12       12    18  25    2.57   349.1   12.4      26.437
2013   12       12    18  35    2.58   349.2   12.4      26.469
2013   12       12    18  44    2.58   349.4   12.4      26.502
2013   12       12    18  54    2.58   349.5   12.4      26.535
2013   12       12    19   4    2.58   349.7   12.4      26.569
2013   12       12    19  13    2.58   349.8   12.4      26.603
2013   12       12    19  23    2.59   350.0   12.4      26.637
2013   12       12    19  32    2.59   350.2   12.4      26.671
2013   12       12    19  42    2.59   350.3   12.4      26.704
2013   12       12    19  51    2.59   350.5   12.4      26.736
2013   12       12    20   1    2.59   350.7   12.4      26.767
2013   12       12    20  11    2.59   350.8   12.4      26.796
2013   12       12    20  20    2.60   351.0   12.4      26.825
2013   12       12    20  30    2.60   351.1   12.4      26.853
2013   12       12    20  39    2.60   351.3   12.4      26.879
2013   12       12    20  49    2.60   351.5   12.4      26.905
2013   12       12    20  59    2.60   351.6   12.4      26.929
2013   12       12    21   8    2.60   351.8   12.4      26.953
2013   12       12    21  18    2.60   351.9   12.4      26.975
2013   12       12    21  27    2.60   352.1   12.4      26.997
2013   12       12    21  37    2.60   352.3   12.4      27.018
2013   12       12    21  46    2.60   352.4   12.4      27.039
2013   12       12    21  56    2.61   352.6   12.3      27.058
2013   12       12    22   5    2.61   352.7   12.3      27.077
2013   12       12    22  15    2.61   352.9   12.3      27.096
2013   12       12    22  24    2.61   353.1   12.3      27.114
2013   12       12    22  34    2.61   353.2   12.3      27.131
2013   12       12    22  43    2.61   353.4   12.3      27.148
2013   12       12    22  53    2.61   353.5   12.3      27.164
2013   12       12    23   2    2.61   353.7   12.3      27.180
2013   12       12    23  12    2.61   353.8   12.3      27.196
2013   12       12    23  21    2.61   354.0   12.3      27.211
2013   12       12    23  31    2.61   354.1   12.2      27.226
2013   12       12    23  40    2.61   354.3   12.2      27.240
2013   12       12    23  49    2.61   354.5   12.2      27.254
2013   12       12    23  59    2.61   354.6   12.2      27.268
2013   12       13     0   8    2.61   354.8   12.2      27.282
2013   12       13     0  18    2.61   354.9   12.2      27.295
2013   12       13     0  27    2.61   355.1   12.2      27.308
2013   12       13     0  36    2.61   355.2   12.2      27.322
2013   12       13     0  46    2.61   355.4   12.2      27.336
2013   12       13     0  55    2.61   355.5   12.2      27.350
2013   12       13     1   5    2.61   355.7   12.1      27.364
2013   12       13     1  14    2.61   355.8   12.1      27.379
2013   12       13     1  24    2.61   356.0   12.1      27.395
2013   12       13     1  33    2.61   356.1   12.1      27.410
2013   12       13     1  43    2.61   356.3   12.1      27.425
2013   12       13     1  52    2.61   356.5   12.1      27.440
2013   12       13     2   2    2.61   356.6   12.1      27.454
2013   12       13     2  11    2.61   356.8   12.1      27.468
2013   12       13     2  21    2.61   356.9   12.1      27.481
2013   12       13     2  30    2.61   357.1   12.0      27.494
2013   12       13     2  40    2.61   357.3   12.0      27.505
2013   12       13     2  49    2.61   357.4   12.0      27.516
2013   12       13     2  59    2.61   357.6   12.0      27.526
2013   12       13     3   9    2.61   357.7   12.0      27.535
2013   12       13     3  18    2.61   357.9   12.0      27.544
2013   12       13     3  28    2.61   358.1   11.9      27.552
2013   12       13     3  37    2.61   358.2   11.9      27.559
2013   12       13     3  47    2.61   358.4   11.9      27.565
2013   12       13     3  57    2.61   358.5   11.9      27.571
2013   12       13     4   6    2.61   358.7   11.9      27.575
2013   12       13     4  16    2.61   358.9   11.9      27.580
2013   12       13     4  25    2.60   359.0   11.8      27.583
2013   12       13     4  35    2.60   359.2   11.8      27.586
2013   12       13     4  44    2.60   359.3   11.8      27.588
2013   12       13     4  54    2.60   359.5   11.8      27.590
2013   12       13     5   3    2.60   359.6   11.8      27.591
2013   12       13     5  13    2.60   359.8   11.8      27.591
2013   12       13     5  22    2.60   359.9   11.7      27.591
2013   12       13     5  32    2.60   360.1   11.7      27.590
2013   12       13     5  41    2.59   360.3   11.7      27.589
2013   12       13     5  51    2.59   360.4   11.7      27.587
2013   12       13     6   0    2.59   360.6   11.7      27.585
2013   12       13     6  10    2.59   360.7   11.6      27.582
2013   12       13     6  19    2.59   360.9   11.6      27.579
2013   12       13     6  29    2.59   361.0   11.6      27.575
2013   12       13     6  38    2.58   361.2   11.6      27.571
2013   12       13     6  48    2.58   361.3   11.6      27.567
2013   12       13     6  57    2.58   361.5   11.5      27.562
2013   12       13     7   7    2.58   361.6   11.5      27.557
2013   12       13     7  16    2.58   361.8   11.5      27.551
2013   12       13     7  25    2.58   361.9   11.5      27.545
2013   12       13     7  35    2.57   362.0   11.4      27.538
2013   12       13     7  44    2.57   362.2   11.4      27.531
2013   12       13     7  54    2.57   362.3   11.4      27.524
2013   12       13     8   3    2.57   362.5   11.4      27.517
2013   12       13     8  12    2.57   362.6   11.4      27.509
2013   12       13     8  22    2.56   362.8   11.3      27.500
2013   12       13     8  31    2.56   362.9   11.3      27.492
2013   12       13     8  41    2.56   363.1   11.3      27.483
2013   12       13     8  50    2.56   363.2   11.3      27.474
2013   12       13     9   0    2.55   363.3   11.3      27.464
2013   12       13     9   9    2.55   363.5   11.2      27.455
2013   12       13     9  19    2.55   363.6   11.2      27.445
2013   12       13     9  28    2.55   363.8   11.2      27.435
2013   12       13     9  38    2.54   363.9   11.2      27.424
2013   12       13     9  47    2.54   364.0   11.1      27.414
2013   12       13     9  57    2.54   364.2   11.1      27.403
2013   12       13    10   7    2.54   364.3   11.1      27.393
2013   12       13    10  16    2.53   364.4   11.1      27.382
2013   12       13    10  26    2.53   364.6   11.1      27.371
2013   12       13    10  35    2.53   364.7   11.0      27.360
2013   12       13    10  45    2.53   364.8   11.0      27.349
2013   12       13    10  55    2.52   365.0   11.0      27.338
2013   12       13    11   4    2.52   365.1   11.0      27.328
2013   12       13    11  14    2.52   365.2   11.0      27.317
2013   12       13    11  23    2.52   365.3   10.9      27.306
2013   12       13    11  33    2.51   365.5   10.9      27.295
2013   12       13    11  42    2.51   365.6   10.9      27.285
2013   12       13    11  52    2.51   365.7   10.9      27.274
2013   12       13    12   1    2.51   365.8   10.9      27.264
2013   12       13    12  11    2.50   365.9   10.8      27.254
2013   12       13    12  20    2.50   366.1   10.8      27.244
2013   12       13    12  30    2.50   366.2   10.8      27.234
2013   12       13    12  40    2.50   366.3   10.8      27.225
2013   12       13    12  49    2.49   366.4   10.8      27.216
2013   12       13    12  58    2.49   366.5   10.7      27.207
2013   12       13    13   8    2.49   366.7   10.7      27.197
2013   12       13    13  17    2.49   366.8   10.7      27.188
2013   12       13    13  27    2.48   366.9   10.7      27.177
2013   12       13    13  36    2.48   367.0   10.7      27.167
2013   12       13    13  46    2.48   367.1   10.6      27.156
2013   12       13    13  55    2.47   367.2   10.6      27.145
2013   12       13    14   5    2.47   367.4   10.6      27.133
2013   12       13    14  14    2.47   367.5   10.6      27.121
2013   12       13    14  24    2.47   367.6   10.6      27.109
2013   12       13    14  33    2.46   367.7   10.6      27.096
2013   12       13    14  43    2.46   367.8   10.5      27.083
2013   12       13    14  52    2.46   367.9   10.5      27.070
2013   12       13    15   1    2.45   368.0   10.5      27.056
2013   12       13    15  11    2.45   368.1   10.5      27.043
2013   12       13    15  20    2.45   368.2   10.5      27.029
2013   12       13    15  30    2.45   368.3   10.4      27.014
2013   12       13    15  39    2.44   368.4   10.4      27.000
2013   12       13    15  48    2.44   368.5   10.4      26.985
2013   12       13    15  58    2.44   368.6   10.4      26.970
2013   12       13    16   7    2.43   368.7   10.4      26.955
2013   12       13    16  17    2.43   368.8   10.4      26.940
2013   12       13    16  26    2.43   368.9   10.3      26.924
2013   12       13    16  36    2.42   369.0   10.3      26.909
2013   12       13    16  45    2.42   369.1   10.3      26.894
2013   12       13    16  55    2.42   369.2   10.3      26.878
2013   12       13    17   5    2.42   369.3   10.3      26.863
2013   12       13    17  14    2.41   369.4   10.2      26.847
2013   12       13    17  24    2.41   369.5   10.2      26.832
2013   12       13    17  33    2.41   369.6   10.2      26.817
2013   12       13    17  43    2.40   369.7   10.2      26.802
2013   12       13    17  53    2.40   369.8   10.2      26.787
2013   12       13    18   2    2.40   369.9   10.2      26.772
2013   12       13    18  12    2.40   370.0   10.1      26.757
2013   12       13    18  21    2.39   370.1   10.1      26.743
2013   12       13    18  31    2.39   370.2   10.1      26.728
2013   12       13    18  40    2.39   370.2   10.1      26.714
2013   12       13    18  50    2.39   370.3   10.1      26.700
2013   12       13    19   0    2.38   370.4   10.1      26.686
2013   12       13    19   9    2.38   370.5   10.0      26.672
2013   12       13    19  19    2.38   370.6   10.0      26.658
2013   12       13    19  28    2.38   370.7   10.0      26.645
2013   12       13    19  38    2.37   370.7   10.0      26.632
2013   12       13    19  47    2.37   370.8   10.0      26.619
2013   12       13    19  57    2.37   370.9   10.0      26.607
2013   12       13    20   6    2.36   371.0   10.0      26.595
2013   12       13    20  16    2.36   371.0    9.9      26.584
2013   12       13    20  25    2.36   371.1    9.9      26.573
2013   12       13    20  35    2.36   371.2    9.9      26.562
2013   12       13    20  44    2.35   371.3    9.9      26.551
2013   12       13    20  54    2.35   371.4    9.9      26.541
2013   12       13    21   3    2.35   371.4    9.9      26.530
2013   12       13    21  12    2.35   371.5    9.9      26.519
2013   12       13    21  22    2.34   371.6    9.8      26.507
2013   12       13    21  31    2.34   371.7    9.8      26.496
2013   12       13    21  41    2.34   371.7    9.8      26.484
2013   12       13    21  50    2.34   371.8    9.8      26.473
2013   12       13    22   0    2.34   371.9    9.8      26.461
2013   12       13    22   9    2.33   372.0    9.8      26.448
2013   12       13    22  19    2.33   372.0    9.8      26.436
2013   12       13    22  28    2.33   372.1    9.7      26.424
2013   12       13    22  37    2.33   372.2    9.7      26.411
2013   12       13    22  47    2.32   372.2    9.7      26.398
2013   12       13    22  56    2.32   372.3    9.7      26.384
2013   12       13    23   6    2.32   372.4    9.7      26.371
2013   12       13    23  15    2.32   372.4    9.7      26.357
2013   12       13    23  25    2.31   372.5    9.7      26.343
2013   12       13    23  34    2.31   372.6    9.7      26.328
2013   12       13    23  44    2.31   372.6    9.6      26.314
2013   12       13    23  53    2.31   372.7    9.6      26.299
2013   12       14     0   3    2.30   372.8    9.6      26.284
2013   12       14     0  12    2.30   372.8    9.6      26.268
2013   12       14     0  22    2.30   372.9    9.6      26.253
2013   12       14     0  31    2.30   372.9    9.6      26.237
2013   12       14     0  41    2.29   373.0    9.6      26.222
2013   12       14     0  51    2.29   373.1    9.5      26.206
2013   12       14     1   0    2.29   373.1    9.5      26.190
2013   12       14     1  10    2.29   373.2    9.5      26.174
2013   12       14     1  19    2.28   373.2    9.5      26.159
2013   12       14     1  29    2.28   373.3    9.5      26.142
2013   12       14     1  38    2.28   373.4    9.5      26.127
2013   12       14     1  48    2.28   373.4    9.5      26.110
2013   12       14     1  58    2.27   373.5    9.4      26.094
2013   12       14     2   7    2.27   373.5    9.4      26.078
2013   12       14     2  17    2.27   373.6    9.4      26.062
2013   12       14     2  26    2.27   373.6    9.4      26.046
2013   12       14     2  36    2.26   373.7    9.4      26.029
2013   12       14     2  45    2.26   373.7    9.4      26.013
2013   12       14     2  55    2.26   373.8    9.4      25.997
2013   12       14     3   4    2.26   373.8    9.4      25.980
2013   12       14     3  14    2.26   373.9    9.3      25.964
2013   12       14     3  23    2.25   373.9    9.3      25.947
2013   12       14     3  33    2.25   374.0    9.3      25.931
2013   12       14     3  42    2.25   374.0    9.3      25.915
2013   12       14     3  52    2.25   374.1    9.3      25.899
2013   12       14     4   1    2.24   374.1    9.3      25.883
2013   12       14     4  11    2.24   374.2    9.3      25.867
2013   12       14     4  20    2.24   374.2    9.3      25.851
2013   12       14     4  30    2.24   374.2    9.2      25.836
2013   12       14     4  39    2.23   374.3    9.2      25.820
2013   12       14     4  49    2.23   374.3    9.2      25.805
2013   12       14     4  58    2.23   374.4    9.2      25.789
2013   12       14     5   7    2.23   374.4    9.2      25.774
2013   12       14     5  17    2.23   374.4    9.2      25.758
2013   12       14     5  26    2.22   374.5    9.2      25.743
2013   12       14     5  36    2.22   374.5    9.2      25.727
2013   12       14     5  45    2.22   374.6    9.2      25.712
2013   12       14     5  55    2.22   374.6    9.1      25.696
2013   12       14     6   4    2.22   374.6    9.1      25.680
2013   12       14     6  13    2.21   374.7    9.1      25.664
2013   12       14     6  23    2.21   374.7    9.1      25.648
2013   12       14     6  32    2.21   374.7    9.1      25.632
2013   12       14     6  42    2.21   374.7    9.1      25.615
2013   12       14     6  51    2.20   374.8    9.1      25.598
2013   12       14     7   1    2.20   374.8    9.1      25.581
2013   12       14     7  10    2.20   374.8    9.1      25.564
2013   12       14     7  20    2.20   374.9    9.0      25.547
2013   12       14     7  29    2.20   374.9    9.0      25.529
2013   12       14     7  39    2.19   374.9    9.0      25.512
2013   12       14     7  48    2.19   374.9    9.0      25.494
2013   12       14     7  58    2.19   374.9    9.0      25.476
2013   12       14     8   8    2.19   375.0    9.0      25.458
2013   12       14     8  17    2.18   375.0    9.0      25.440
2013   12       14     8  27    2.18   375.0    9.0      25.421
2013   12       14     8  36    2.18   375.0    8.9      25.403
2013   12       14     8  46    2.18   375.0    8.9      25.385
2013   12       14     8  56    2.17   375.1    8.9      25.366
2013   12       14     9   5    2.17   375.1    8.9      25.348
2013   12       14     9  15    2.17   375.1    8.9      25.330
2013   12       14     9  24    2.17   375.1    8.9      25.311
2013   12       14     9  34    2.17   375.1    8.9      25.293
2013   12       14     9  43    2.16   375.1    8.9      25.275
2013   12       14     9  53    2.16   375.2    8.9      25.257
2013   12       14    10   2    2.16   375.2    8.9      25.239
2013   12       14    10  12    2.16   375.2    8.8      25.221
2013   12       14    10  21    2.16   375.2    8.8      25.203
2013   12       14    10  31    2.15   375.2    8.8      25.186
2013   12       14    10  40    2.15   375.2    8.8      25.168
2013   12       14    10  50    2.15   375.2    8.8      25.150
2013   12       14    10  59    2.15   375.2    8.8      25.132
2013   12       14    11   9    2.15   375.2    8.8      25.115
2013   12       14    11  18    2.14   375.2    8.8      25.097
2013   12       14    11  28    2.14   375.3    8.8      25.080
2013   12       14    11  37    2.14   375.3    8.8      25.062
2013   12       14    11  47    2.14   375.3    8.7      25.044
2013   12       14    11  56    2.13   375.3    8.7      25.027
2013   12       14    12   6    2.13   375.3    8.7      25.009
2013   12       14    12  15    2.13   375.3    8.7      24.991
2013   12       14    12  25    2.13   375.3    8.7      24.973
2013   12       14    12  34    2.13   375.3    8.7      24.955
2013   12       14    12  43    2.12   375.3    8.7      24.938
2013   12       14    12  53    2.12   375.3    8.7      24.919
2013   12       14    13   2    2.12   375.3    8.7      24.902
2013   12       14    13  12    2.12   375.3    8.7      24.883
2013   12       14    13  21    2.12   375.3    8.7      24.865
2013   12       14    13  30    2.11   375.3    8.6      24.847
2013   12       14    13  40    2.11   375.3    8.6      24.829
2013   12       14    13  49    2.11   375.3    8.6      24.810
2013   12       14    13  59    2.11   375.3    8.6      24.792
2013   12       14    14   8    2.11   375.3    8.6      24.773
2013   12       14    14  18    2.10   375.2    8.6      24.755
2013   12       14    14  27    2.10   375.2    8.6      24.736
2013   12       14    14  37    2.10   375.2    8.6      24.717
2013   12       14    14  46    2.10   375.2    8.6      24.699
2013   12       14    14  56    2.10   375.2    8.6      24.680
2013   12       14    15   6    2.09   375.2    8.6      24.661
2013   12       14    15  15    2.09   375.2    8.5      24.642
2013   12       14    15  25    2.09   375.2    8.5      24.623
2013   12       14    15  34    2.09   375.2    8.5      24.604
2013   12       14    15  44    2.09   375.2    8.5      24.585
2013   12       14    15  54    2.08   375.1    8.5      24.566
2013   12       14    16   3    2.08   375.1    8.5      24.547
2013   12       14    16  13    2.08   375.1    8.5      24.528
2013   12       14    16  22    2.08   375.1    8.5      24.509
2013   12       14    16  32    2.08   375.1    8.5      24.490
2013   12       14    16  41    2.07   375.1    8.5      24.470
2013   12       14    16  51    2.07   375.0    8.5      24.451
2013   12       14    17   1    2.07   375.0    8.4      24.432
2013   12       14    17  10    2.07   375.0    8.4      24.413
2013   12       14    17  20    2.07   375.0    8.4      24.394
2013   12       14    17  29    2.07   375.0    8.4      24.375
2013   12       14    17  39    2.06   374.9    8.4      24.356
2013   12       14    17  48    2.06   374.9    8.4      24.337
2013   12       14    17  58    2.06   374.9    8.4      24.317
2013   12       14    18   7    2.06   374.9    8.4      24.298
2013   12       14    18  17    2.06   374.9    8.4      24.278
2013   12       14    18  26    2.05   374.8    8.4      24.259
2013   12       14    18  36    2.05   374.8    8.4      24.239
2013   12       14    18  45    2.05   374.8    8.4      24.220
2013   12       14    18  54    2.05   374.8    8.4      24.200
2013   12       14    19   4    2.05   374.7    8.3      24.181
2013   12       14    19  13    2.04   374.7    8.3      24.161
2013   12       14    19  23    2.04   374.7    8.3      24.142
2013   12       14    19  32    2.04   374.6    8.3      24.122
2013   12       14    19  42    2.04   374.6    8.3      24.103
2013   12       14    19  51    2.04   374.6    8.3      24.083
2013   12       14    20   0    2.04   374.5    8.3      24.063
2013   12       14    20  10    2.03   374.5    8.3      24.044
2013   12       14    20  19    2.03   374.5    8.3      24.024
2013   12       14    20  29    2.03   374.4    8.3      24.004
2013   12       14    20  38    2.03   374.4    8.3      23.985
2013   12       14    20  48    2.03   374.4    8.3      23.965
2013   12       14    20  57    2.02   374.3    8.3      23.945
2013   12       14    21   7    2.02   374.3    8.2      23.926
2013   12       14    21  16    2.02   374.3    8.2      23.906
2013   12       14    21  25    2.02   374.2    8.2      23.886
2013   12       14    21  35    2.02   374.2    8.2      23.867
2013   12       14    21  45    2.02   374.1    8.2      23.847
2013   12       14    21  54    2.01   374.1    8.2      23.827
2013   12       14    22   4    2.01   374.1    8.2      23.807
2013   12       14    22  13    2.01   374.0    8.2      23.787
2013   12       14    22  23    2.01   374.0    8.2      23.768
2013   12       14    22  32    2.01   373.9    8.2      23.748
2013   12       14    22  42    2.01   373.9    8.2      23.728
2013   12       14    22  52    2.00   373.9    8.2      23.708
2013   12       14    23   1    2.00   373.8    8.2      23.688
2013   12       14    23  11    2.00   373.8    8.2      23.669
2013   12       14    23  20    2.00   373.7    8.1      23.649
2013   12       14    23  30    2.00   373.7    8.1      23.630
2013   12       14    23  39    1.99   373.6    8.1      23.610
2013   12       14    23  49    1.99   373.6    8.1      23.591
2013   12       14    23  59    1.99   373.5    8.1      23.571
2013   12       15     0   8    1.99   373.5    8.1      23.551
