year    month   day   hour  minute  B_enl V_enl   n_enl       T_enl
[year] [month] [day] [hour][minute] [nT]  [km/s]  [cm-3]      [kK]
2013   12        5     0   9    2.49   356.6   10.9      25.446
2013   12        5     0  18    2.49   356.7   10.9      25.471
2013   12        5     0  28    2.49   356.8   10.9      25.495
2013   12        5     0  37    2.49   357.0   10.9      25.519
2013   12        5     0  47    2.49   357.1   10.9      25.543
2013   12        5     0  57    2.49   357.2   10.9      25.566
2013   12        5     1   6    2.49   357.3   10.9      25.588
2013   12        5     1  16    2.49   357.4   10.9      25.610
2013   12        5     1  25    2.49   357.5   10.9      25.632
2013   12        5     1  35    2.49   357.7   10.9      25.654
2013   12        5     1  45    2.49   357.8   10.9      25.676
2013   12        5     1  54    2.49   357.9   10.9      25.698
2013   12        5     2   4    2.49   358.1   10.9      25.719
2013   12        5     2  13    2.49   358.2   10.9      25.739
2013   12        5     2  23    2.49   358.3   10.9      25.759
2013   12        5     2  32    2.49   358.5   10.9      25.779
2013   12        5     2  42    2.49   358.6   10.9      25.797
2013   12        5     2  52    2.49   358.8   10.9      25.814
2013   12        5     3   1    2.49   358.9   10.9      25.830
2013   12        5     3  11    2.49   359.0   10.8      25.846
2013   12        5     3  20    2.49   359.2   10.8      25.861
2013   12        5     3  30    2.49   359.3   10.8      25.874
2013   12        5     3  40    2.49   359.4   10.8      25.888
2013   12        5     3  49    2.49   359.6   10.8      25.901
2013   12        5     3  59    2.49   359.7   10.8      25.914
2013   12        5     4   8    2.49   359.8   10.8      25.926
2013   12        5     4  18    2.49   360.0   10.8      25.938
2013   12        5     4  28    2.48   360.1   10.8      25.951
2013   12        5     4  37    2.48   360.2   10.8      25.963
2013   12        5     4  47    2.48   360.4   10.8      25.976
2013   12        5     4  56    2.48   360.5   10.8      25.990
2013   12        5     5   6    2.48   360.6   10.7      26.004
2013   12        5     5  16    2.48   360.8   10.7      26.018
2013   12        5     5  25    2.48   360.9   10.7      26.032
2013   12        5     5  35    2.48   361.0   10.7      26.047
2013   12        5     5  44    2.47   361.2   10.7      26.061
2013   12        5     5  53    2.47   361.3   10.7      26.075
2013   12        5     6   2    2.47   361.4   10.7      26.089
2013   12        5     6  11    2.47   361.5   10.7      26.103
2013   12        5     6  20    2.47   361.6   10.7      26.117
2013   12        5     6  28    2.47   361.8   10.7      26.130
2013   12        5     6  37    2.47   361.9   10.7      26.143
2013   12        5     6  45    2.46   362.0   10.6      26.155
2013   12        5     6  54    2.46   362.1   10.6      26.168
2013   12        5     7   2    2.46   362.3   10.6      26.179
2013   12        5     7  11    2.46   362.4   10.6      26.191
2013   12        5     7  19    2.46   362.5   10.6      26.202
2013   12        5     7  28    2.46   362.6   10.6      26.213
2013   12        5     7  36    2.45   362.7   10.6      26.224
2013   12        5     7  44    2.45   362.9   10.6      26.234
2013   12        5     7  53    2.45   363.0   10.6      26.244
2013   12        5     8   1    2.45   363.1   10.6      26.254
2013   12        5     8  10    2.45   363.2   10.5      26.264
2013   12        5     8  18    2.44   363.4   10.5      26.273
2013   12        5     8  27    2.44   363.5   10.5      26.282
2013   12        5     8  35    2.44   363.6   10.5      26.291
2013   12        5     8  44    2.44   363.8   10.5      26.300
2013   12        5     8  52    2.44   363.9   10.5      26.309
2013   12        5     9   1    2.43   364.0   10.5      26.317
2013   12        5     9   9    2.43   364.2   10.5      26.324
2013   12        5     9  17    2.43   364.3   10.4      26.331
2013   12        5     9  26    2.43   364.4   10.4      26.336
2013   12        5     9  34    2.42   364.6   10.4      26.340
2013   12        5     9  43    2.42   364.7   10.4      26.343
2013   12        5     9  51    2.42   364.9   10.4      26.344
2013   12        5    10   0    2.42   365.0   10.4      26.343
2013   12        5    10   8    2.41   365.1   10.3      26.341
2013   12        5    10  17    2.41   365.3   10.3      26.338
2013   12        5    10  25    2.41   365.4   10.3      26.333
2013   12        5    10  34    2.40   365.5   10.3      26.326
2013   12        5    10  42    2.40   365.6   10.3      26.319
2013   12        5    10  51    2.40   365.7   10.2      26.310
2013   12        5    10  59    2.39   365.9   10.2      26.301
2013   12        5    11   8    2.39   366.0   10.2      26.291
2013   12        5    11  16    2.39   366.1   10.2      26.281
2013   12        5    11  24    2.38   366.2   10.2      26.270
2013   12        5    11  33    2.38   366.3   10.1      26.259
2013   12        5    11  41    2.38   366.4   10.1      26.247
2013   12        5    11  50    2.37   366.5   10.1      26.235
2013   12        5    11  58    2.37   366.6   10.1      26.222
2013   12        5    12   7    2.37   366.7   10.0      26.209
2013   12        5    12  15    2.36   366.8   10.0      26.196
2013   12        5    12  24    2.36   366.9   10.0      26.182
2013   12        5    12  33    2.36   367.0   10.0      26.168
2013   12        5    12  41    2.35   367.1   10.0      26.153
2013   12        5    12  50    2.35   367.2    9.9      26.139
2013   12        5    12  58    2.34   367.3    9.9      26.124
2013   12        5    13   7    2.34   367.3    9.9      26.109
2013   12        5    13  15    2.34   367.4    9.9      26.094
2013   12        5    13  24    2.33   367.5    9.9      26.078
2013   12        5    13  32    2.33   367.6    9.8      26.063
2013   12        5    13  41    2.33   367.7    9.8      26.047
2013   12        5    13  49    2.32   367.8    9.8      26.031
2013   12        5    13  58    2.32   367.9    9.8      26.014
2013   12        5    14   6    2.31   368.0    9.8      25.998
2013   12        5    14  15    2.31   368.1    9.7      25.980
2013   12        5    14  23    2.31   368.2    9.7      25.963
2013   12        5    14  32    2.30   368.3    9.7      25.944
2013   12        5    14  41    2.30   368.4    9.7      25.925
2013   12        5    14  49    2.29   368.5    9.6      25.905
2013   12        5    14  58    2.29   368.5    9.6      25.885
2013   12        5    15   6    2.29   368.6    9.6      25.864
2013   12        5    15  15    2.28   368.7    9.6      25.842
2013   12        5    15  23    2.28   368.8    9.6      25.820
2013   12        5    15  32    2.27   368.9    9.5      25.798
2013   12        5    15  40    2.27   369.0    9.5      25.774
2013   12        5    15  49    2.27   369.0    9.5      25.751
2013   12        5    15  58    2.26   369.1    9.5      25.726
2013   12        5    16   6    2.26   369.2    9.4      25.701
2013   12        5    16  15    2.25   369.3    9.4      25.676
2013   12        5    16  24    2.25   369.3    9.4      25.650
2013   12        5    16  32    2.25   369.4    9.4      25.624
2013   12        5    16  41    2.24   369.5    9.3      25.597
2013   12        5    16  50    2.24   369.6    9.3      25.568
2013   12        5    16  58    2.23   369.6    9.3      25.539
2013   12        5    17   7    2.23   369.7    9.3      25.508
2013   12        5    17  16    2.22   369.7    9.2      25.477
2013   12        5    17  24    2.22   369.8    9.2      25.444
2013   12        5    17  33    2.22   369.8    9.2      25.411
2013   12        5    17  42    2.21   369.9    9.2      25.376
2013   12        5    17  50    2.21   369.9    9.1      25.341
2013   12        5    17  59    2.20   369.9    9.1      25.305
2013   12        5    18   8    2.20   370.0    9.1      25.268
2013   12        5    18  16    2.19   370.0    9.1      25.230
2013   12        5    18  25    2.19   370.0    9.0      25.192
2013   12        5    18  34    2.19   370.0    9.0      25.154
2013   12        5    18  43    2.18   370.0    9.0      25.115
2013   12        5    18  51    2.18   370.0    9.0      25.076
2013   12        5    19   0    2.17   370.1    9.0      25.037
2013   12        5    19   9    2.17   370.1    8.9      24.997
2013   12        5    19  17    2.17   370.1    8.9      24.957
2013   12        5    19  26    2.16   370.1    8.9      24.917
2013   12        5    19  35    2.16   370.1    8.9      24.877
2013   12        5    19  44    2.15   370.1    8.9      24.837
2013   12        5    19  53    2.15   370.1    8.8      24.798
2013   12        5    20   1    2.15   370.1    8.8      24.759
2013   12        5    20  10    2.14   370.1    8.8      24.721
2013   12        5    20  19    2.14   370.1    8.8      24.682
2013   12        5    20  28    2.14   370.1    8.8      24.645
2013   12        5    20  37    2.13   370.1    8.7      24.607
2013   12        5    20  46    2.13   370.1    8.7      24.569
2013   12        5    20  54    2.13   370.1    8.7      24.531
2013   12        5    21   3    2.12   370.1    8.7      24.494
2013   12        5    21  12    2.12   370.1    8.7      24.456
2013   12        5    21  21    2.12   370.1    8.7      24.418
2013   12        5    21  30    2.11   370.0    8.6      24.380
2013   12        5    21  39    2.11   370.0    8.6      24.341
2013   12        5    21  48    2.11   370.0    8.6      24.302
2013   12        5    21  57    2.10   370.0    8.6      24.262
2013   12        5    22   6    2.10   370.0    8.6      24.221
2013   12        5    22  14    2.10   369.9    8.6      24.181
2013   12        5    22  23    2.09   369.9    8.6      24.139
2013   12        5    22  32    2.09   369.9    8.5      24.098
2013   12        5    22  41    2.09   369.8    8.5      24.057
2013   12        5    22  50    2.08   369.8    8.5      24.016
2013   12        5    22  59    2.08   369.7    8.5      23.975
2013   12        5    23   8    2.08   369.7    8.5      23.934
2013   12        5    23  17    2.07   369.6    8.5      23.894
2013   12        5    23  26    2.07   369.6    8.5      23.855
2013   12        5    23  35    2.07   369.5    8.4      23.816
2013   12        5    23  44    2.06   369.5    8.4      23.779
2013   12        5    23  53    2.06   369.4    8.4      23.742
2013   12        6     0   2    2.06   369.3    8.4      23.706
2013   12        6     0  11    2.06   369.3    8.4      23.671
2013   12        6     0  21    2.05   369.2    8.4      23.638
2013   12        6     0  30    2.05   369.1    8.4      23.605
2013   12        6     0  39    2.05   369.1    8.4      23.573
2013   12        6     0  48    2.05   369.0    8.4      23.541
2013   12        6     0  57    2.05   368.9    8.4      23.510
2013   12        6     1   5    2.04   368.9    8.3      23.483
2013   12        6     1  13    2.04   368.8    8.3      23.455
2013   12        6     1  21    2.04   368.7    8.3      23.428
2013   12        6     1  29    2.04   368.7    8.3      23.402
2013   12        6     1  37    2.04   368.6    8.3      23.376
2013   12        6     1  45    2.03   368.5    8.3      23.350
2013   12        6     1  53    2.03   368.4    8.3      23.324
2013   12        6     2   1    2.03   368.4    8.3      23.297
2013   12        6     2   9    2.03   368.3    8.3      23.271
2013   12        6     2  17    2.03   368.2    8.3      23.245
2013   12        6     2  24    2.03   368.1    8.3      23.219
2013   12        6     2  32    2.03   368.1    8.3      23.193
2013   12        6     2  40    2.02   368.0    8.3      23.167
2013   12        6     2  48    2.02   367.9    8.3      23.141
2013   12        6     2  55    2.02   367.8    8.3      23.116
2013   12        6     3   3    2.02   367.8    8.3      23.091
2013   12        6     3  11    2.02   367.7    8.3      23.068
2013   12        6     3  19    2.02   367.6    8.2      23.044
2013   12        6     3  27    2.02   367.5    8.2      23.021
2013   12        6     3  34    2.02   367.5    8.2      22.999
2013   12        6     3  42    2.01   367.4    8.2      22.977
2013   12        6     3  50    2.01   367.3    8.2      22.955
2013   12        6     3  58    2.01   367.2    8.2      22.933
2013   12        6     4   6    2.01   367.2    8.2      22.912
2013   12        6     4  13    2.01   367.1    8.2      22.890
2013   12        6     4  21    2.01   367.0    8.2      22.869
2013   12        6     4  29    2.01   366.9    8.2      22.848
2013   12        6     4  37    2.01   366.8    8.2      22.827
2013   12        6     4  44    2.01   366.8    8.2      22.805
2013   12        6     4  52    2.01   366.7    8.2      22.784
2013   12        6     5   0    2.01   366.6    8.2      22.763
2013   12        6     5   8    2.00   366.5    8.2      22.741
2013   12        6     5  16    2.00   366.4    8.2      22.720
2013   12        6     5  23    2.00   366.3    8.2      22.698
2013   12        6     5  31    2.00   366.2    8.2      22.677
2013   12        6     5  39    2.00   366.1    8.2      22.656
2013   12        6     5  47    2.00   366.0    8.2      22.636
2013   12        6     5  55    2.00   365.9    8.2      22.615
2013   12        6     6   2    2.00   365.8    8.2      22.596
2013   12        6     6  10    2.00   365.7    8.2      22.576
2013   12        6     6  18    2.00   365.6    8.2      22.558
2013   12        6     6  26    2.00   365.5    8.2      22.539
2013   12        6     6  34    2.00   365.4    8.2      22.522
2013   12        6     6  42    2.00   365.3    8.2      22.505
2013   12        6     6  50    2.00   365.2    8.2      22.489
2013   12        6     6  57    2.00   365.1    8.2      22.473
2013   12        6     7   5    2.00   365.0    8.2      22.458
2013   12        6     7  13    2.00   364.9    8.2      22.444
2013   12        6     7  21    2.00   364.8    8.2      22.431
2013   12        6     7  29    2.00   364.7    8.2      22.418
2013   12        6     7  37    2.00   364.6    8.2      22.407
2013   12        6     7  45    2.00   364.5    8.2      22.396
2013   12        6     7  52    2.00   364.4    8.2      22.386
2013   12        6     8   0    2.00   364.3    8.2      22.376
2013   12        6     8   8    2.00   364.2    8.2      22.367
2013   12        6     8  16    2.00   364.1    8.3      22.358
2013   12        6     8  24    2.00   364.0    8.3      22.350
2013   12        6     8  32    2.00   363.9    8.3      22.342
2013   12        6     8  39    2.01   363.8    8.3      22.334
2013   12        6     8  47    2.01   363.6    8.3      22.327
2013   12        6     8  55    2.01   363.5    8.3      22.320
2013   12        6     9   3    2.01   363.4    8.3      22.313
2013   12        6     9  11    2.01   363.3    8.3      22.306
2013   12        6     9  19    2.01   363.2    8.3      22.300
2013   12        6     9  27    2.01   363.1    8.3      22.293
2013   12        6     9  35    2.01   363.0    8.3      22.287
2013   12        6     9  42    2.02   362.9    8.3      22.281
2013   12        6     9  50    2.02   362.8    8.3      22.275
2013   12        6     9  58    2.02   362.7    8.3      22.269
2013   12        6    10   6    2.02   362.5    8.3      22.263
2013   12        6    10  14    2.02   362.4    8.4      22.258
2013   12        6    10  22    2.03   362.3    8.4      22.252
2013   12        6    10  30    2.03   362.2    8.4      22.247
2013   12        6    10  38    2.03   362.1    8.4      22.242
2013   12        6    10  46    2.03   361.9    8.4      22.237
2013   12        6    10  54    2.03   361.8    8.4      22.232
2013   12        6    11   2    2.04   361.7    8.4      22.228
2013   12        6    11  10    2.04   361.6    8.4      22.223
2013   12        6    11  18    2.04   361.4    8.4      22.219
2013   12        6    11  26    2.04   361.3    8.4      22.215
2013   12        6    11  34    2.05   361.2    8.4      22.211
2013   12        6    11  43    2.05   361.1    8.5      22.208
2013   12        6    11  51    2.05   360.9    8.5      22.204
2013   12        6    11  59    2.06   360.8    8.5      22.202
2013   12        6    12   7    2.06   360.6    8.5      22.200
2013   12        6    12  15    2.06   360.5    8.5      22.198
2013   12        6    12  23    2.06   360.4    8.5      22.197
2013   12        6    12  31    2.07   360.2    8.5      22.196
2013   12        6    12  40    2.07   360.1    8.5      22.197
2013   12        6    12  48    2.07   360.0    8.6      22.198
2013   12        6    12  56    2.08   359.8    8.6      22.200
2013   12        6    13   4    2.08   359.7    8.6      22.202
2013   12        6    13  13    2.09   359.6    8.6      22.206
2013   12        6    13  21    2.09   359.4    8.6      22.211
2013   12        6    13  29    2.09   359.3    8.6      22.217
2013   12        6    13  37    2.10   359.2    8.7      22.224
2013   12        6    13  46    2.10   359.1    8.7      22.232
2013   12        6    13  54    2.11   358.9    8.7      22.242
2013   12        6    14   2    2.11   358.8    8.7      22.253
2013   12        6    14  11    2.12   358.7    8.7      22.265
2013   12        6    14  19    2.12   358.6    8.8      22.278
2013   12        6    14  27    2.13   358.4    8.8      22.293
2013   12        6    14  36    2.13   358.3    8.8      22.309
2013   12        6    14  44    2.14   358.2    8.8      22.327
2013   12        6    14  53    2.14   358.1    8.9      22.347
2013   12        6    15   1    2.15   358.0    8.9      22.368
2013   12        6    15   9    2.16   357.9    8.9      22.392
2013   12        6    15  18    2.16   357.8    9.0      22.417
2013   12        6    15  26    2.17   357.6    9.0      22.443
2013   12        6    15  35    2.18   357.5    9.0      22.472
2013   12        6    15  43    2.18   357.4    9.1      22.504
2013   12        6    15  52    2.19   357.3    9.1      22.538
2013   12        6    16   0    2.20   357.3    9.1      22.575
2013   12        6    16   9    2.21   357.2    9.2      22.617
2013   12        6    16  17    2.21   357.1    9.2      22.662
2013   12        6    16  26    2.22   357.0    9.2      22.712
2013   12        6    16  34    2.23   357.0    9.3      22.765
2013   12        6    16  43    2.24   356.9    9.3      22.821
2013   12        6    16  51    2.25   356.9    9.4      22.880
2013   12        6    17   0    2.26   356.9    9.4      22.942
2013   12        6    17   9    2.27   356.8    9.5      23.006
2013   12        6    17  17    2.28   356.8    9.5      23.073
2013   12        6    17  26    2.28   356.8    9.5      23.141
2013   12        6    17  34    2.29   356.8    9.6      23.210
2013   12        6    17  43    2.30   356.8    9.6      23.281
2013   12        6    17  52    2.31   356.8    9.7      23.353
2013   12        6    18   0    2.32   356.8    9.7      23.425
2013   12        6    18   9    2.33   356.8    9.8      23.497
2013   12        6    18  18    2.34   356.8    9.8      23.571
2013   12        6    18  26    2.35   356.8    9.9      23.645
2013   12        6    18  35    2.36   356.8    9.9      23.721
2013   12        6    18  44    2.37   356.8   10.0      23.799
2013   12        6    18  53    2.38   356.8   10.0      23.877
2013   12        6    19   1    2.39   356.9   10.1      23.957
2013   12        6    19  10    2.40   356.9   10.1      24.037
2013   12        6    19  19    2.41   356.9   10.2      24.119
2013   12        6    19  28    2.42   356.9   10.2      24.202
2013   12        6    19  37    2.43   357.0   10.3      24.286
2013   12        6    19  45    2.44   357.0   10.3      24.371
2013   12        6    19  54    2.46   357.0   10.4      24.457
2013   12        6    20   3    2.47   357.0   10.4      24.545
2013   12        6    20  12    2.48   357.1   10.5      24.635
2013   12        6    20  21    2.49   357.1   10.5      24.726
2013   12        6    20  30    2.50   357.2   10.6      24.821
2013   12        6    20  38    2.51   357.3   10.6      24.919
2013   12        6    20  47    2.52   357.3   10.7      25.020
2013   12        6    20  56    2.53   357.4   10.7      25.124
2013   12        6    21   5    2.54   357.5   10.8      25.231
2013   12        6    21  14    2.55   357.6   10.8      25.340
2013   12        6    21  23    2.57   357.7   10.9      25.450
2013   12        6    21  32    2.58   357.8   11.0      25.563
2013   12        6    21  41    2.59   357.9   11.0      25.677
2013   12        6    21  50    2.60   358.0   11.1      25.792
2013   12        6    21  59    2.61   358.1   11.1      25.908
2013   12        6    22   8    2.62   358.2   11.2      26.025
2013   12        6    22  17    2.64   358.3   11.2      26.142
2013   12        6    22  26    2.65   358.4   11.3      26.259
2013   12        6    22  35    2.66   358.5   11.4      26.377
2013   12        6    22  44    2.67   358.7   11.4      26.496
2013   12        6    22  53    2.69   358.8   11.5      26.616
2013   12        6    23   2    2.70   358.9   11.5      26.737
2013   12        6    23  11    2.71   359.1   11.6      26.860
2013   12        6    23  21    2.73   359.2   11.7      26.985
2013   12        6    23  30    2.74   359.4   11.8      27.114
2013   12        6    23  39    2.75   359.6   11.8      27.248
2013   12        6    23  48    2.77   359.8   11.9      27.387
2013   12        6    23  57    2.78   360.0   12.0      27.533
2013   12        7     0   6    2.80   360.2   12.1      27.682
2013   12        7     0  15    2.81   360.4   12.1      27.834
2013   12        7     0  25    2.82   360.7   12.2      27.990
2013   12        7     0  34    2.84   360.9   12.3      28.148
2013   12        7     0  43    2.85   361.2   12.4      28.309
2013   12        7     0  52    2.87   361.4   12.4      28.473
2013   12        7     1   1    2.88   361.7   12.5      28.640
2013   12        7     1  11    2.90   361.9   12.6      28.810
2013   12        7     1  20    2.91   362.2   12.7      28.982
2013   12        7     1  29    2.93   362.5   12.7      29.156
2013   12        7     1  38    2.94   362.8   12.8      29.331
2013   12        7     1  48    2.95   363.1   12.9      29.508
2013   12        7     1  57    2.97   363.4   12.9      29.685
2013   12        7     2   6    2.98   363.7   13.0      29.864
2013   12        7     2  16    2.99   364.0   13.1      30.042
2013   12        7     2  25    3.01   364.3   13.1      30.220
2013   12        7     2  34    3.02   364.6   13.2      30.396
2013   12        7     2  44    3.03   364.9   13.2      30.570
2013   12        7     2  53    3.05   365.2   13.3      30.742
2013   12        7     3   2    3.06   365.5   13.3      30.911
2013   12        7     3  12    3.07   365.8   13.4      31.078
2013   12        7     3  21    3.08   366.1   13.4      31.242
2013   12        7     3  30    3.09   366.5   13.5      31.405
2013   12        7     3  40    3.10   366.8   13.5      31.567
2013   12        7     3  49    3.11   367.1   13.6      31.729
2013   12        7     3  59    3.13   367.5   13.6      31.889
2013   12        7     4   8    3.14   367.8   13.6      32.049
2013   12        7     4  18    3.15   368.2   13.7      32.208
2013   12        7     4  27    3.16   368.6   13.7      32.367
2013   12        7     4  36    3.17   368.9   13.8      32.524
2013   12        7     4  46    3.18   369.3   13.8      32.681
2013   12        7     4  55    3.19   369.7   13.8      32.836
2013   12        7     5   5    3.20   370.0   13.9      32.991
2013   12        7     5  14    3.21   370.4   13.9      33.145
2013   12        7     5  24    3.22   370.8   13.9      33.299
2013   12        7     5  33    3.23   371.1   14.0      33.452
2013   12        7     5  43    3.24   371.5   14.0      33.605
2013   12        7     5  52    3.25   371.9   14.0      33.757
2013   12        7     6   1    3.25   372.3   14.1      33.911
2013   12        7     6  11    3.26   372.7   14.1      34.066
2013   12        7     6  20    3.28   373.1   14.1      34.222
2013   12        7     6  30    3.29   373.5   14.2      34.381
2013   12        7     6  39    3.30   373.9   14.2      34.546
2013   12        7     6  49    3.31   374.3   14.3      34.716
2013   12        7     6  58    3.32   374.8   14.3      34.898
2013   12        7     7   7    3.33   375.3   14.4      35.087
2013   12        7     7  17    3.34   375.8   14.4      35.285
2013   12        7     7  27    3.35   376.3   14.5      35.485
2013   12        7     7  36    3.36   376.8   14.5      35.690
2013   12        7     7  46    3.37   377.3   14.5      35.896
2013   12        7     7  55    3.38   377.8   14.6      36.105
2013   12        7     8   5    3.39   378.2   14.6      36.314
2013   12        7     8  14    3.40   378.7   14.6      36.523
2013   12        7     8  24    3.41   379.2   14.7      36.732
2013   12        7     8  33    3.42   379.7   14.7      36.941
2013   12        7     8  43    3.43   380.2   14.7      37.150
2013   12        7     8  53    3.43   380.7   14.7      37.360
2013   12        7     9   2    3.44   381.2   14.7      37.568
2013   12        7     9  12    3.45   381.7   14.8      37.777
2013   12        7     9  21    3.46   382.2   14.8      37.984
2013   12        7     9  31    3.46   382.7   14.8      38.190
2013   12        7     9  40    3.47   383.2   14.8      38.393
2013   12        7     9  50    3.47   383.8   14.8      38.596
2013   12        7     9  59    3.48   384.3   14.8      38.793
2013   12        7    10   9    3.49   384.8   14.8      38.987
2013   12        7    10  19    3.49   385.3   14.8      39.177
2013   12        7    10  28    3.50   385.8   14.8      39.365
2013   12        7    10  38    3.50   386.4   14.7      39.547
2013   12        7    10  47    3.50   386.9   14.7      39.726
2013   12        7    10  57    3.51   387.5   14.7      39.900
2013   12        7    11   6    3.51   388.0   14.7      40.071
2013   12        7    11  16    3.52   388.5   14.7      40.237
2013   12        7    11  25    3.52   389.1   14.7      40.401
2013   12        7    11  35    3.52   389.7   14.7      40.561
2013   12        7    11  44    3.52   390.2   14.6      40.719
2013   12        7    11  54    3.53   390.8   14.6      40.874
2013   12        7    12   3    3.53   391.4   14.6      41.028
2013   12        7    12  13    3.53   391.9   14.6      41.181
2013   12        7    12  22    3.53   392.5   14.5      41.335
2013   12        7    12  31    3.53   393.1   14.5      41.490
2013   12        7    12  41    3.54   393.8   14.5      41.649
2013   12        7    12  50    3.54   394.4   14.5      41.809
2013   12        7    13   0    3.54   395.0   14.5      41.974
2013   12        7    13   9    3.54   395.7   14.5      42.140
2013   12        7    13  19    3.54   396.4   14.4      42.312
2013   12        7    13  28    3.55   397.0   14.4      42.486
2013   12        7    13  37    3.55   397.7   14.4      42.666
2013   12        7    13  47    3.55   398.5   14.4      42.851
2013   12        7    13  56    3.56   399.2   14.4      43.046
2013   12        7    14   6    3.56   400.0   14.4      43.247
2013   12        7    14  15    3.57   400.7   14.4      43.458
2013   12        7    14  25    3.57   401.5   14.4      43.676
2013   12        7    14  34    3.58   402.3   14.4      43.907
2013   12        7    14  44    3.58   403.0   14.4      44.151
2013   12        7    14  53    3.59   403.8   14.4      44.419
2013   12        7    15   3    3.60   404.7   14.4      44.714
2013   12        7    15  12    3.61   405.6   14.4      45.050
2013   12        7    15  22    3.62   406.5   14.4      45.424
2013   12        7    15  32    3.64   407.5   14.4      45.850
2013   12        7    15  41    3.65   408.7   14.5      46.323
2013   12        7    15  51    3.67   409.9   14.5      46.857
2013   12        7    16   0    3.69   411.1   14.5      47.442
2013   12        7    16  10    3.71   412.5   14.6      48.092
2013   12        7    16  19    3.73   414.0   14.7      48.802
2013   12        7    16  29    3.76   415.5   14.7      49.585
2013   12        7    16  39    3.78   417.2   14.8      50.439
2013   12        7    16  48    3.82   419.0   14.9      51.381
2013   12        7    16  58    3.85   420.9   15.0      52.414
2013   12        7    17   7    3.89   423.0   15.1      53.558
2013   12        7    17  17    3.93   425.2   15.2      54.770
2013   12        7    17  26    3.97   427.5   15.3      56.031
2013   12        7    17  36    4.01   429.7   15.4      57.287
2013   12        7    17  46    4.05   432.0   15.5      58.531
2013   12        7    17  55    4.09   434.2   15.6      59.740
2013   12        7    18   5    4.13   436.4   15.7      60.924
2013   12        7    18  14    4.17   438.5   15.8      62.061
2013   12        7    18  24    4.20   440.6   15.9      63.157
2013   12        7    18  33    4.24   442.6   16.0      64.186
2013   12        7    18  43    4.27   444.6   16.1      65.166
2013   12        7    18  52    4.30   446.4   16.1      66.072
2013   12        7    19   2    4.33   448.2   16.2      66.894
2013   12        7    19  11    4.35   449.9   16.2      67.628
2013   12        7    19  21    4.38   451.5   16.3      68.297
2013   12        7    19  30    4.40   452.9   16.3      68.895
2013   12        7    19  39    4.42   454.3   16.3      69.471
2013   12        7    19  49    4.44   455.7   16.3      70.026
2013   12        7    19  58    4.47   457.1   16.4      70.575
2013   12        7    20   8    4.49   458.5   16.4      71.107
2013   12        7    20  17    4.51   460.0   16.4      71.622
2013   12        7    20  27    4.53   461.3   16.5      72.102
2013   12        7    20  36    4.55   462.7   16.5      72.548
2013   12        7    20  45    4.57   464.0   16.5      72.939
2013   12        7    20  55    4.58   465.1   16.5      73.267
2013   12        7    21   4    4.59   466.2   16.5      73.520
2013   12        7    21  14    4.60   467.2   16.4      73.732
2013   12        7    21  23    4.61   468.2   16.4      73.903
2013   12        7    21  33    4.61   469.1   16.4      74.035
2013   12        7    21  42    4.61   470.0   16.3      74.123
2013   12        7    21  52    4.60   470.8   16.3      74.172
2013   12        7    22   1    4.59   471.6   16.2      74.187
2013   12        7    22  11    4.57   472.3   16.1      74.176
2013   12        7    22  20    4.56   473.1   16.0      74.149
2013   12        7    22  30    4.53   473.9   15.9      74.082
2013   12        7    22  39    4.50   474.5   15.8      73.980
2013   12        7    22  49    4.47   475.2   15.6      73.850
2013   12        7    22  58    4.44   475.8   15.5      73.688
2013   12        7    23   8    4.40   476.4   15.3      73.488
2013   12        7    23  18    4.37   476.9   15.2      73.255
2013   12        7    23  27    4.33   477.4   15.0      72.989
2013   12        7    23  37    4.29   477.8   14.8      72.688
2013   12        7    23  46    4.24   478.3   14.6      72.358
2013   12        7    23  56    4.20   478.7   14.4      72.013
2013   12        8     0   6    4.16   479.1   14.2      71.651
2013   12        8     0  15    4.11   479.6   14.0      71.288
2013   12        8     0  25    4.07   480.0   13.8      70.928
2013   12        8     0  34    4.02   480.5   13.6      70.576
2013   12        8     0  44    3.97   481.0   13.4      70.224
2013   12        8     0  53    3.92   481.5   13.2      69.882
2013   12        8     1   3    3.87   482.0   13.0      69.532
2013   12        8     1  12    3.83   482.5   12.8      69.169
2013   12        8     1  22    3.78   482.9   12.6      68.779
2013   12        8     1  31    3.73   483.5   12.4      68.369
2013   12        8     1  41    3.67   483.9   12.1      67.914
2013   12        8     1  50    3.62   484.4   11.9      67.426
2013   12        8     2   0    3.57   484.7   11.7      66.903
2013   12        8     2   9    3.52   485.0   11.4      66.355
2013   12        8     2  19    3.46   485.2   11.2      65.787
2013   12        8     2  28    3.41   485.5   10.9      65.211
2013   12        8     2  38    3.36   485.7   10.7      64.625
2013   12        8     2  47    3.30   485.9   10.4      64.044
2013   12        8     2  57    3.25   486.1   10.2      63.467
2013   12        8     3   6    3.20   486.4   10.0      62.903
2013   12        8     3  16    3.14   486.8    9.7      62.331
2013   12        8     3  25    3.09   487.2    9.5      61.766
2013   12        8     3  35    3.04   487.6    9.3      61.215
2013   12        8     3  44    2.99   488.0    9.1      60.717
2013   12        8     3  53    2.95   488.6    8.9      60.349
2013   12        8     4   3    2.90   489.3    8.8      60.229
2013   12        8     4  12    2.86   490.4    8.6      60.490
2013   12        8     4  22    2.82   491.9    8.5      61.330
2013   12        8     4  31    2.78   494.1    8.4      62.966
2013   12        8     4  41    2.74   496.8    8.4      65.603
2013   12        8     4  50    2.71   500.4    8.5      69.613
2013   12        8     4  59    2.68   504.6    8.6      75.113
2013   12        8     5   9    2.66   509.7    8.9      82.926
2013   12        8     5  18    2.65   516.3    9.2      91.854
2013   12        8     5  28    2.65   523.8    9.6     101.103
2013   12        8     5  38    2.65   531.5   10.1     109.253
2013   12        8     5  47    2.67   538.8   10.6     116.672
2013   12        8     5  57    2.70   545.5   11.1     123.867
2013   12        8     6   6    2.73   552.1   11.7     131.296
2013   12        8     6  16    2.80   557.6   12.5     139.728
2013   12        8     6  25    2.88   563.8   13.4     149.088
2013   12        8     6  35    2.97   570.4   14.3     158.028
2013   12        8     6  45    3.07   577.5   15.1     165.575
2013   12        8     6  54    3.15   583.9   15.9     170.959
2013   12        8     7   4    3.23   589.4   16.5     174.778
2013   12        8     7  13    3.30   594.2   17.0     177.275
2013   12        8     7  23    3.36   598.2   17.4     178.717
2013   12        8     7  33    3.42   601.4   17.8     179.306
2013   12        8     7  42    3.47   604.0   18.0     179.192
2013   12        8     7  52    3.51   606.0   18.3     178.539
2013   12        8     8   1    3.55   607.8   18.4     177.440
2013   12        8     8  11    3.59   609.4   18.5     175.973
2013   12        8     8  20    3.62   610.7   18.5     174.159
2013   12        8     8  30    3.64   611.9   18.5     172.063
2013   12        8     8  39    3.65   613.0   18.4     169.623
2013   12        8     8  49    3.66   613.9   18.3     166.942
2013   12        8     8  58    3.65   614.6   18.2     164.062
2013   12        8     9   8    3.64   615.1   18.0     161.133
2013   12        8     9  17    3.62   615.4   17.7     158.097
2013   12        8     9  27    3.58   615.5   17.5     154.895
2013   12        8     9  36    3.54   615.5   17.2     151.448
2013   12        8     9  46    3.49   615.3   16.9     147.806
2013   12        8     9  55    3.44   615.1   16.6     143.886
2013   12        8    10   5    3.37   614.8   16.3     139.799
2013   12        8    10  14    3.31   614.5   15.9     135.590
2013   12        8    10  24    3.23   614.2   15.6     131.478
2013   12        8    10  33    3.16   613.8   15.1     127.501
2013   12        8    10  42    3.08   613.2   14.7     123.681
2013   12        8    10  52    2.99   612.3   14.3     119.907
2013   12        8    11   1    2.91   611.4   13.9     116.203
2013   12        8    11  11    2.83   610.4   13.5     112.568
2013   12        8    11  20    2.75   609.4   13.1     109.122
2013   12        8    11  30    2.68   608.3   12.7     105.919
2013   12        8    11  39    2.60   607.1   12.3     102.999
2013   12        8    11  48    2.53   605.8   12.0     100.270
2013   12        8    11  58    2.46   604.5   11.6      97.766
2013   12        8    12   7    2.39   603.2   11.3      95.438
2013   12        8    12  17    2.33   601.8   11.0      93.300
2013   12        8    12  26    2.26   600.5   10.7      91.300
2013   12        8    12  36    2.20   599.2   10.4      89.440
2013   12        8    12  45    2.14   598.0   10.2      87.680
2013   12        8    12  55    2.09   596.7    9.9      86.022
2013   12        8    13   4    2.03   595.6    9.7      84.432
2013   12        8    13  14    1.97   594.4    9.4      82.921
2013   12        8    13  24    1.92   593.3    9.2      81.457
2013   12        8    13  33    1.87   592.2    9.0      80.057
2013   12        8    13  43    1.82   591.1    8.7      78.693
2013   12        8    13  52    1.77   590.0    8.5      77.383
2013   12        8    14   2    1.72   588.9    8.3      76.104
2013   12        8    14  12    1.67   587.9    8.1      74.871
2013   12        8    14  21    1.63   586.9    7.8      73.661
2013   12        8    14  31    1.58   585.9    7.6      72.488
2013   12        8    14  40    1.54   585.0    7.4      71.331
2013   12        8    14  50    1.50   584.0    7.2      70.204
2013   12        8    14  59    1.46   583.1    7.0      69.085
2013   12        8    15   9    1.43   582.2    6.8      67.989
2013   12        8    15  19    1.39   581.3    6.6      66.896
2013   12        8    15  28    1.36   580.5    6.4      65.819
2013   12        8    15  38    1.33   579.7    6.2      64.740
2013   12        8    15  47    1.30   578.9    6.0      63.674
2013   12        8    15  57    1.28   578.1    5.8      62.604
2013   12        8    16   6    1.25   577.3    5.7      61.545
2013   12        8    16  16    1.23   576.6    5.5      60.483
2013   12        8    16  25    1.21   575.8    5.3      59.434
2013   12        8    16  35    1.19   575.1    5.1      58.383
2013   12        8    16  44    1.18   574.3    5.0      57.349
2013   12        8    16  54    1.16   573.5    4.8      56.317
2013   12        8    17   3    1.15   572.8    4.7      55.305
2013   12        8    17  13    1.14   572.0    4.5      54.298
2013   12        8    17  22    1.13   571.2    4.4      53.313
2013   12        8    17  31    1.13   570.5    4.2      52.337
2013   12        8    17  41    1.12   569.7    4.1      51.385
2013   12        8    17  50    1.12   568.9    4.0      50.443
2013   12        8    18   0    1.12   568.1    3.8      49.525
2013   12        8    18   9    1.12   567.3    3.7      48.620
2013   12        8    18  19    1.12   566.5    3.6      47.739
2013   12        8    18  28    1.12   565.7    3.5      46.869
2013   12        8    18  37    1.12   564.9    3.4      46.023
2013   12        8    18  47    1.13   564.0    3.3      45.188
2013   12        8    18  56    1.13   563.2    3.2      44.374
2013   12        8    19   6    1.14   562.4    3.1      43.570
2013   12        8    19  15    1.14   561.5    3.0      42.786
2013   12        8    19  25    1.15   560.7    2.9      42.009
2013   12        8    19  34    1.15   559.9    2.9      41.252
2013   12        8    19  44    1.16   559.0    2.8      40.502
2013   12        8    19  53    1.17   558.2    2.7      39.769
2013   12        8    20   3    1.17   557.3    2.6      39.042
2013   12        8    20  12    1.18   556.5    2.6      38.331
2013   12        8    20  22    1.19   555.7    2.5      37.626
2013   12        8    20  31    1.20   554.8    2.4      36.936
2013   12        8    20  41    1.20   554.0    2.4      36.250
2013   12        8    20  50    1.21   553.2    2.3      35.579
2013   12        8    21   0    1.22   552.4    2.3      34.912
2013   12        8    21  10    1.22   551.5    2.2      34.260
2013   12        8    21  19    1.23   550.7    2.1      33.614
2013   12        8    21  29    1.24   549.9    2.1      32.984
2013   12        8    21  39    1.24   549.1    2.0      32.360
2013   12        8    21  48    1.25   548.2    2.0      31.751
2013   12        8    21  58    1.25   547.4    1.9      31.151
2013   12        8    22   7    1.26   546.6    1.9      30.566
2013   12        8    22  17    1.26   545.7    1.8      29.988
2013   12        8    22  26    1.27   544.9    1.8      29.426
2013   12        8    22  36    1.27   544.0    1.7      28.872
2013   12        8    22  45    1.28   543.2    1.7      28.333
2013   12        8    22  55    1.28   542.3    1.7      27.801
2013   12        8    23   4    1.28   541.4    1.6      27.284
2013   12        8    23  14    1.29   540.6    1.6      26.774
2013   12        8    23  23    1.29   539.7    1.6      26.279
2013   12        8    23  33    1.29   538.8    1.5      25.792
2013   12        8    23  42    1.30   537.9    1.5      25.320
2013   12        8    23  52    1.30   537.0    1.5      24.855
2013   12        9     0   1    1.30   536.1    1.4      24.408
2013   12        9     0  11    1.30   535.2    1.4      23.980
2013   12        9     0  20    1.31   534.3    1.4      23.566
2013   12        9     0  30    1.31   533.4    1.4      23.160
2013   12        9     0  39    1.31   532.5    1.3      22.768
2013   12        9     0  49    1.31   531.5    1.3      22.385
2013   12        9     0  58    1.31   530.6    1.3      22.016
2013   12        9     1   8    1.32   529.7    1.3      21.655
2013   12        9     1  17    1.32   528.8    1.2      21.308
2013   12        9     1  27    1.32   527.8    1.2      20.970
2013   12        9     1  36    1.32   526.9    1.2      20.645
2013   12        9     1  45    1.32   526.0    1.2      20.327
2013   12        9     1  55    1.32   525.0    1.2      20.022
2013   12        9     2   4    1.32   524.1    1.2      19.724
2013   12        9     2  14    1.32   523.2    1.1      19.437
2013   12        9     2  23    1.32   522.3    1.1      19.156
2013   12        9     2  32    1.32   521.4    1.1      18.885
2013   12        9     2  42    1.32   520.5    1.1      18.618
2013   12        9     2  51    1.32   519.6    1.1      18.361
2013   12        9     3   1    1.32   518.7    1.1      18.108
2013   12        9     3  10    1.32   517.9    1.1      17.863
2013   12        9     3  20    1.32   517.0    1.1      17.623
2013   12        9     3  29    1.32   516.2    1.0      17.389
2013   12        9     3  39    1.32   515.3    1.0      17.160
2013   12        9     3  49    1.32   514.5    1.0      16.937
2013   12        9     3  58    1.32   513.7    1.0      16.718
2013   12        9     4   8    1.32   512.9    1.0      16.505
2013   12        9     4  17    1.32   512.1    1.0      16.296
2013   12        9     4  27    1.32   511.3    1.0      16.094
2013   12        9     4  37    1.32   510.5    1.0      15.895
2013   12        9     4  46    1.32   509.8    1.0      15.703
2013   12        9     4  56    1.32   509.0    1.0      15.514
2013   12        9     5   5    1.32   508.3    1.0      15.332
2013   12        9     5  15    1.32   507.5    1.0      15.153
2013   12        9     5  24    1.32   506.8    1.0      14.981
2013   12        9     5  34    1.32   506.0    1.0      14.812
2013   12        9     5  44    1.32   505.3    1.0      14.649
2013   12        9     5  53    1.32   504.6    1.0      14.491
2013   12        9     6   3    1.32   503.9    1.0      14.338
2013   12        9     6  12    1.31   503.2    1.0      14.191
2013   12        9     6  22    1.31   502.5    1.0      14.050
2013   12        9     6  31    1.31   501.8    1.0      13.913
2013   12        9     6  41    1.31   501.1    1.0      13.784
2013   12        9     6  50    1.31   500.5    1.0      13.660
2013   12        9     7   0    1.31   499.8    1.0      13.543
2013   12        9     7   9    1.31   499.2    1.0      13.432
2013   12        9     7  19    1.31   498.6    1.0      13.328
2013   12        9     7  28    1.30   497.9    1.0      13.229
2013   12        9     7  38    1.30   497.3    1.0      13.137
2013   12        9     7  47    1.30   496.7    1.0      13.051
2013   12        9     7  57    1.30   496.1    1.0      12.970
2013   12        9     8   6    1.30   495.5    1.0      12.894
2013   12        9     8  15    1.30   494.9    1.0      12.823
2013   12        9     8  25    1.29   494.3    1.0      12.755
2013   12        9     8  34    1.29   493.7    1.0      12.693
2013   12        9     8  44    1.29   493.1    1.0      12.634
2013   12        9     8  53    1.29   492.5    1.0      12.581
2013   12        9     9   3    1.29   491.9    1.0      12.530
2013   12        9     9  12    1.29   491.3    1.0      12.484
2013   12        9     9  21    1.28   490.7    1.0      12.442
2013   12        9     9  31    1.28   490.2    1.0      12.404
2013   12        9     9  40    1.28   489.6    1.0      12.369
2013   12        9     9  50    1.28   489.0    1.0      12.337
2013   12        9     9  59    1.27   488.5    1.0      12.308
2013   12        9    10   9    1.27   487.9    1.0      12.282
2013   12        9    10  18    1.27   487.4    1.0      12.258
2013   12        9    10  28    1.27   486.8    1.0      12.236
2013   12        9    10  37    1.26   486.3    1.0      12.216
2013   12        9    10  47    1.26   485.7    1.0      12.198
2013   12        9    10  56    1.26   485.2    1.0      12.182
2013   12        9    11   6    1.26   484.6    1.0      12.168
2013   12        9    11  15    1.25   484.1    1.0      12.157
2013   12        9    11  25    1.25   483.6    1.0      12.149
2013   12        9    11  35    1.25   483.0    1.0      12.143
2013   12        9    11  44    1.25   482.5    1.0      12.139
2013   12        9    11  54    1.24   481.9    1.0      12.139
2013   12        9    12   3    1.24   481.4    1.0      12.141
2013   12        9    12  13    1.24   480.9    1.1      12.145
2013   12        9    12  23    1.24   480.3    1.1      12.152
2013   12        9    12  32    1.23   479.8    1.1      12.162
2013   12        9    12  42    1.23   479.2    1.1      12.173
2013   12        9    12  51    1.23   478.7    1.1      12.187
2013   12        9    13   1    1.23   478.1    1.1      12.202
2013   12        9    13  10    1.22   477.5    1.1      12.219
2013   12        9    13  20    1.22   476.9    1.1      12.237
2013   12        9    13  29    1.22   476.4    1.1      12.255
2013   12        9    13  39    1.21   475.8    1.2      12.273
2013   12        9    13  49    1.21   475.2    1.2      12.291
2013   12        9    13  58    1.21   474.6    1.2      12.309
2013   12        9    14   8    1.21   474.0    1.2      12.327
2013   12        9    14  17    1.20   473.4    1.2      12.344
2013   12        9    14  27    1.20   472.8    1.2      12.362
2013   12        9    14  36    1.20   472.2    1.2      12.380
2013   12        9    14  45    1.20   471.6    1.3      12.398
2013   12        9    14  55    1.19   471.0    1.3      12.416
2013   12        9    15   4    1.19   470.4    1.3      12.435
2013   12        9    15  14    1.19   469.8    1.3      12.454
2013   12        9    15  23    1.19   469.2    1.3      12.474
2013   12        9    15  33    1.18   468.6    1.3      12.494
2013   12        9    15  42    1.18   468.0    1.3      12.515
2013   12        9    15  52    1.18   467.4    1.4      12.536
2013   12        9    16   1    1.18   466.8    1.4      12.557
2013   12        9    16  10    1.17   466.2    1.4      12.578
2013   12        9    16  20    1.17   465.6    1.4      12.600
2013   12        9    16  29    1.17   465.0    1.4      12.622
2013   12        9    16  39    1.17   464.4    1.4      12.645
2013   12        9    16  48    1.17   463.8    1.5      12.667
2013   12        9    16  58    1.16   463.2    1.5      12.690
2013   12        9    17   7    1.16   462.5    1.5      12.712
2013   12        9    17  16    1.16   461.9    1.5      12.735
2013   12        9    17  26    1.16   461.3    1.5      12.757
2013   12        9    17  35    1.16   460.7    1.6      12.780
2013   12        9    17  45    1.16   460.1    1.6      12.802
2013   12        9    17  54    1.15   459.5    1.6      12.825
2013   12        9    18   4    1.15   458.9    1.6      12.847
2013   12        9    18  14    1.15   458.3    1.6      12.870
2013   12        9    18  23    1.15   457.7    1.6      12.892
2013   12        9    18  33    1.15   457.0    1.7      12.914
2013   12        9    18  42    1.15   456.4    1.7      12.937
2013   12        9    18  52    1.14   455.8    1.7      12.959
2013   12        9    19   1    1.14   455.2    1.7      12.982
2013   12        9    19  11    1.14   454.5    1.7      13.005
2013   12        9    19  21    1.14   453.9    1.7      13.027
2013   12        9    19  30    1.14   453.3    1.8      13.051
2013   12        9    19  40    1.14   452.7    1.8      13.074
2013   12        9    19  49    1.14   452.0    1.8      13.097
2013   12        9    19  59    1.14   451.4    1.8      13.121
2013   12        9    20   9    1.13   450.8    1.8      13.145
2013   12        9    20  18    1.13   450.2    1.9      13.169
2013   12        9    20  28    1.13   449.6    1.9      13.194
2013   12        9    20  37    1.13   448.9    1.9      13.219
2013   12        9    20  47    1.13   448.3    1.9      13.244
2013   12        9    20  56    1.13   447.7    1.9      13.269
2013   12        9    21   6    1.13   447.1    1.9      13.294
2013   12        9    21  15    1.13   446.5    2.0      13.320
2013   12        9    21  25    1.13   445.9    2.0      13.345
2013   12        9    21  34    1.13   445.3    2.0      13.371
2013   12        9    21  44    1.13   444.7    2.0      13.396
2013   12        9    21  53    1.12   444.1    2.0      13.421
2013   12        9    22   3    1.12   443.5    2.0      13.446
2013   12        9    22  12    1.12   442.9    2.1      13.470
2013   12        9    22  22    1.12   442.3    2.1      13.495
2013   12        9    22  31    1.12   441.7    2.1      13.518
2013   12        9    22  41    1.12   441.1    2.1      13.542
2013   12        9    22  50    1.12   440.5    2.1      13.565
2013   12        9    22  59    1.12   440.0    2.1      13.588
2013   12        9    23   9    1.12   439.4    2.2      13.611
2013   12        9    23  18    1.12   438.8    2.2      13.633
2013   12        9    23  28    1.12   438.2    2.2      13.655
2013   12        9    23  37    1.12   437.6    2.2      13.677
2013   12        9    23  46    1.12   437.0    2.2      13.698
2013   12        9    23  56    1.12   436.5    2.2      13.719
2013   12       10     0   5    1.12   435.9    2.3      13.740
2013   12       10     0  15    1.11   435.3    2.3      13.760
2013   12       10     0  24    1.11   434.7    2.3      13.780
2013   12       10     0  34    1.11   434.2    2.3      13.800
2013   12       10     0  43    1.11   433.6    2.3      13.819
2013   12       10     0  53    1.11   433.0    2.3      13.838
2013   12       10     1   2    1.11   432.4    2.3      13.857
2013   12       10     1  12    1.11   431.9    2.4      13.875
2013   12       10     1  21    1.11   431.3    2.4      13.893
2013   12       10     1  31    1.11   430.7    2.4      13.910
2013   12       10     1  40    1.11   430.1    2.4      13.927
2013   12       10     1  50    1.11   429.6    2.4      13.944
2013   12       10     1  59    1.11   429.0    2.4      13.960
2013   12       10     2   9    1.11   428.4    2.4      13.977
2013   12       10     2  19    1.11   427.9    2.5      13.992
2013   12       10     2  28    1.11   427.3    2.5      14.008
2013   12       10     2  38    1.11   426.7    2.5      14.023
2013   12       10     2  47    1.10   426.2    2.5      14.038
2013   12       10     2  57    1.10   425.6    2.5      14.053
2013   12       10     3   7    1.10   425.0    2.5      14.068
2013   12       10     3  16    1.10   424.5    2.5      14.083
2013   12       10     3  26    1.10   423.9    2.6      14.097
2013   12       10     3  35    1.10   423.4    2.6      14.111
2013   12       10     3  45    1.10   422.8    2.6      14.126
2013   12       10     3  54    1.10   422.3    2.6      14.140
2013   12       10     4   4    1.10   421.7    2.6      14.154
2013   12       10     4  13    1.10   421.2    2.6      14.168
2013   12       10     4  23    1.10   420.6    2.6      14.182
2013   12       10     4  32    1.10   420.1    2.6      14.196
2013   12       10     4  42    1.10   419.5    2.7      14.209
2013   12       10     4  51    1.10   419.0    2.7      14.223
2013   12       10     5   1    1.10   418.4    2.7      14.237
2013   12       10     5  10    1.10   417.9    2.7      14.250
2013   12       10     5  20    1.10   417.4    2.7      14.263
2013   12       10     5  29    1.10   416.8    2.7      14.277
2013   12       10     5  39    1.10   416.3    2.7      14.290
2013   12       10     5  48    1.10   415.8    2.8      14.303
2013   12       10     5  58    1.10   415.2    2.8      14.316
2013   12       10     6   7    1.10   414.7    2.8      14.328
2013   12       10     6  17    1.10   414.2    2.8      14.341
2013   12       10     6  26    1.10   413.7    2.8      14.353
2013   12       10     6  35    1.09   413.1    2.8      14.365
2013   12       10     6  45    1.09   412.6    2.8      14.377
2013   12       10     6  54    1.09   412.1    2.9      14.389
2013   12       10     7   4    1.09   411.6    2.9      14.401
2013   12       10     7  13    1.09   411.1    2.9      14.412
2013   12       10     7  22    1.09   410.6    2.9      14.423
2013   12       10     7  32    1.09   410.1    2.9      14.434
2013   12       10     7  41    1.09   409.5    2.9      14.445
2013   12       10     7  51    1.09   409.0    2.9      14.455
2013   12       10     8   0    1.09   408.5    2.9      14.465
2013   12       10     8  10    1.09   408.0    3.0      14.475
2013   12       10     8  19    1.09   407.5    3.0      14.485
2013   12       10     8  29    1.09   407.0    3.0      14.495
2013   12       10     8  38    1.09   406.5    3.0      14.504
2013   12       10     8  48    1.09   406.0    3.0      14.514
2013   12       10     8  57    1.09   405.5    3.0      14.523
2013   12       10     9   7    1.09   405.0    3.0      14.532
2013   12       10     9  17    1.09   404.4    3.1      14.540
2013   12       10     9  26    1.09   403.9    3.1      14.549
2013   12       10     9  36    1.09   403.4    3.1      14.558
2013   12       10     9  45    1.09   402.9    3.1      14.566
2013   12       10     9  55    1.09   402.4    3.1      14.574
2013   12       10    10   5    1.09   401.9    3.1      14.582
2013   12       10    10  14    1.09   401.5    3.2      14.590
2013   12       10    10  24    1.09   401.0    3.2      14.598
2013   12       10    10  33    1.09   400.5    3.2      14.606
2013   12       10    10  43    1.09   400.0    3.2      14.613
2013   12       10    10  52    1.09   399.5    3.2      14.620
2013   12       10    11   2    1.09   399.0    3.2      14.627
2013   12       10    11  12    1.09   398.5    3.2      14.634
2013   12       10    11  21    1.09   398.1    3.3      14.640
2013   12       10    11  31    1.09   397.6    3.3      14.646
2013   12       10    11  40    1.09   397.1    3.3      14.652
2013   12       10    11  50    1.09   396.6    3.3      14.658
2013   12       10    11  59    1.09   396.2    3.3      14.663
2013   12       10    12   9    1.09   395.7    3.3      14.667
2013   12       10    12  18    1.09   395.2    3.3      14.672
2013   12       10    12  28    1.09   394.7    3.4      14.675
2013   12       10    12  37    1.09   394.3    3.4      14.679
2013   12       10    12  46    1.09   393.8    3.4      14.682
2013   12       10    12  56    1.09   393.4    3.4      14.685
2013   12       10    13   5    1.09   392.9    3.4      14.687
2013   12       10    13  15    1.09   392.4    3.4      14.689
2013   12       10    13  24    1.09   392.0    3.4      14.690
2013   12       10    13  34    1.09   391.5    3.5      14.692
2013   12       10    13  43    1.09   391.1    3.5      14.693
2013   12       10    13  53    1.09   390.6    3.5      14.693
2013   12       10    14   2    1.09   390.1    3.5      14.694
2013   12       10    14  11    1.09   389.7    3.5      14.694
2013   12       10    14  21    1.09   389.2    3.5      14.694
2013   12       10    14  30    1.09   388.8    3.5      14.694
2013   12       10    14  40    1.09   388.3    3.6      14.693
2013   12       10    14  49    1.09   387.9    3.6      14.693
2013   12       10    14  59    1.09   387.4    3.6      14.692
2013   12       10    15   8    1.09   387.0    3.6      14.692
2013   12       10    15  17    1.09   386.5    3.6      14.691
2013   12       10    15  27    1.09   386.1    3.6      14.690
2013   12       10    15  36    1.09   385.7    3.6      14.690
2013   12       10    15  46    1.09   385.2    3.7      14.689
2013   12       10    15  56    1.09   384.8    3.7      14.689
2013   12       10    16   5    1.09   384.3    3.7      14.688
2013   12       10    16  15    1.10   383.9    3.7      14.688
2013   12       10    16  24    1.10   383.4    3.7      14.688
2013   12       10    16  34    1.10   383.0    3.7      14.688
2013   12       10    16  43    1.10   382.6    3.7      14.688
2013   12       10    16  53    1.10   382.1    3.8      14.689
2013   12       10    17   3    1.10   381.7    3.8      14.690
2013   12       10    17  12    1.10   381.3    3.8      14.691
2013   12       10    17  22    1.10   380.8    3.8      14.692
2013   12       10    17  31    1.10   380.4    3.8      14.694
2013   12       10    17  41    1.10   380.0    3.8      14.696
2013   12       10    17  50    1.10   379.5    3.9      14.697
2013   12       10    18   0    1.10   379.1    3.9      14.700
2013   12       10    18  10    1.10   378.7    3.9      14.702
2013   12       10    18  19    1.10   378.3    3.9      14.704
2013   12       10    18  29    1.10   377.9    3.9      14.707
2013   12       10    18  38    1.10   377.5    3.9      14.709
2013   12       10    18  48    1.10   377.1    4.0      14.712
2013   12       10    18  57    1.10   376.6    4.0      14.714
2013   12       10    19   7    1.11   376.2    4.0      14.717
2013   12       10    19  16    1.11   375.8    4.0      14.720
2013   12       10    19  26    1.11   375.4    4.0      14.722
2013   12       10    19  35    1.11   375.0    4.0      14.725
2013   12       10    19  45    1.11   374.6    4.1      14.728
2013   12       10    19  54    1.11   374.2    4.1      14.730
2013   12       10    20   4    1.11   373.8    4.1      14.732
2013   12       10    20  13    1.11   373.4    4.1      14.735
2013   12       10    20  23    1.11   373.0    4.1      14.737
2013   12       10    20  32    1.11   372.6    4.1      14.738
2013   12       10    20  41    1.11   372.3    4.2      14.740
2013   12       10    20  51    1.11   371.9    4.2      14.742
2013   12       10    21   0    1.11   371.5    4.2      14.743
2013   12       10    21  10    1.12   371.1    4.2      14.744
2013   12       10    21  19    1.12   370.7    4.2      14.745
2013   12       10    21  29    1.12   370.3    4.2      14.745
2013   12       10    21  38    1.12   369.9    4.3      14.746
2013   12       10    21  47    1.12   369.5    4.3      14.746
2013   12       10    21  57    1.12   369.1    4.3      14.747
2013   12       10    22   6    1.12   368.7    4.3      14.747
2013   12       10    22  16    1.12   368.3    4.3      14.747
2013   12       10    22  25    1.12   367.9    4.3      14.747
2013   12       10    22  35    1.12   367.5    4.4      14.747
2013   12       10    22  44    1.12   367.1    4.4      14.748
2013   12       10    22  54    1.13   366.7    4.4      14.748
2013   12       10    23   3    1.13   366.3    4.4      14.749
2013   12       10    23  13    1.13   365.9    4.4      14.751
2013   12       10    23  22    1.13   365.5    4.5      14.752
2013   12       10    23  32    1.13   365.2    4.5      14.754
2013   12       10    23  41    1.13   364.8    4.5      14.757
2013   12       10    23  51    1.13   364.4    4.5      14.760
2013   12       11     0   1    1.14   364.0    4.5      14.763
2013   12       11     0  10    1.14   363.6    4.6      14.768
2013   12       11     0  20    1.14   363.2    4.6      14.773
2013   12       11     0  29    1.14   362.8    4.6      14.778
2013   12       11     0  39    1.14   362.4    4.6      14.785
2013   12       11     0  48    1.14   362.0    4.6      14.792
2013   12       11     0  58    1.15   361.6    4.7      14.800
2013   12       11     1   8    1.15   361.3    4.7      14.808
2013   12       11     1  17    1.15   360.9    4.7      14.817
2013   12       11     1  27    1.15   360.5    4.7      14.827
2013   12       11     1  36    1.16   360.1    4.8      14.838
2013   12       11     1  46    1.16   359.8    4.8      14.849
2013   12       11     1  55    1.16   359.4    4.8      14.862
2013   12       11     2   5    1.16   359.0    4.8      14.874
2013   12       11     2  14    1.17   358.7    4.9      14.887
2013   12       11     2  24    1.17   358.3    4.9      14.901
2013   12       11     2  33    1.17   357.9    4.9      14.916
2013   12       11     2  43    1.17   357.6    5.0      14.931
2013   12       11     2  52    1.18   357.2    5.0      14.946
2013   12       11     3   2    1.18   356.9    5.0      14.962
2013   12       11     3  11    1.18   356.5    5.0      14.978
2013   12       11     3  21    1.19   356.2    5.1      14.995
2013   12       11     3  30    1.19   355.8    5.1      15.012
2013   12       11     3  40    1.19   355.5    5.1      15.029
2013   12       11     3  49    1.20   355.1    5.2      15.047
2013   12       11     3  59    1.20   354.8    5.2      15.065
2013   12       11     4   8    1.20   354.4    5.2      15.083
2013   12       11     4  17    1.21   354.1    5.3      15.102
2013   12       11     4  27    1.21   353.8    5.3      15.121
2013   12       11     4  36    1.22   353.4    5.3      15.140
2013   12       11     4  46    1.22   353.1    5.4      15.160
2013   12       11     4  55    1.22   352.8    5.4      15.180
2013   12       11     5   4    1.23   352.4    5.4      15.200
2013   12       11     5  14    1.23   352.1    5.5      15.221
2013   12       11     5  23    1.24   351.8    5.5      15.242
2013   12       11     5  33    1.24   351.5    5.5      15.264
2013   12       11     5  42    1.24   351.2    5.6      15.286
2013   12       11     5  52    1.25   350.8    5.6      15.308
2013   12       11     6   1    1.25   350.5    5.6      15.331
2013   12       11     6  11    1.26   350.2    5.7      15.354
2013   12       11     6  20    1.26   349.9    5.7      15.378
2013   12       11     6  30    1.27   349.6    5.7      15.403
2013   12       11     6  39    1.27   349.3    5.8      15.427
2013   12       11     6  49    1.28   348.9    5.8      15.453
2013   12       11     6  58    1.28   348.6    5.8      15.479
2013   12       11     7   8    1.29   348.3    5.9      15.505
2013   12       11     7  18    1.29   348.0    5.9      15.532
2013   12       11     7  27    1.30   347.7    6.0      15.560
2013   12       11     7  37    1.30   347.4    6.0      15.589
2013   12       11     7  46    1.31   347.1    6.0      15.618
2013   12       11     7  56    1.31   346.8    6.1      15.648
2013   12       11     8   5    1.32   346.5    6.1      15.679
2013   12       11     8  15    1.32   346.2    6.2      15.711
2013   12       11     8  25    1.33   345.9    6.2      15.743
2013   12       11     8  34    1.33   345.6    6.3      15.776
2013   12       11     8  44    1.34   345.3    6.3      15.811
2013   12       11     8  53    1.35   345.0    6.3      15.846
2013   12       11     9   3    1.35   344.8    6.4      15.882
2013   12       11     9  12    1.36   344.5    6.4      15.919
2013   12       11     9  22    1.37   344.2    6.5      15.957
2013   12       11     9  31    1.37   343.9    6.5      15.996
2013   12       11     9  41    1.38   343.7    6.6      16.037
2013   12       11     9  50    1.38   343.4    6.6      16.078
2013   12       11    10   0    1.39   343.2    6.7      16.120
2013   12       11    10   9    1.40   342.9    6.7      16.164
2013   12       11    10  19    1.40   342.7    6.8      16.208
2013   12       11    10  28    1.41   342.5    6.8      16.254
2013   12       11    10  38    1.42   342.2    6.8      16.299
2013   12       11    10  47    1.42   342.0    6.9      16.345
2013   12       11    10  57    1.43   341.8    6.9      16.392
2013   12       11    11   6    1.44   341.6    7.0      16.439
2013   12       11    11  16    1.45   341.4    7.0      16.486
2013   12       11    11  25    1.45   341.2    7.1      16.533
2013   12       11    11  35    1.46   340.9    7.1      16.581
2013   12       11    11  44    1.47   340.7    7.2      16.628
2013   12       11    11  53    1.47   340.5    7.2      16.675
2013   12       11    12   3    1.48   340.3    7.3      16.723
2013   12       11    12  12    1.49   340.2    7.3      16.770
2013   12       11    12  22    1.49   340.0    7.4      16.817
2013   12       11    12  31    1.50   339.8    7.4      16.864
2013   12       11    12  40    1.51   339.6    7.5      16.912
2013   12       11    12  50    1.52   339.4    7.5      16.959
2013   12       11    12  59    1.52   339.2    7.6      17.007
2013   12       11    13   9    1.53   339.0    7.6      17.054
2013   12       11    13  18    1.54   338.8    7.7      17.103
2013   12       11    13  28    1.55   338.7    7.7      17.151
2013   12       11    13  37    1.55   338.5    7.8      17.200
2013   12       11    13  47    1.56   338.3    7.8      17.249
2013   12       11    13  56    1.57   338.1    7.9      17.300
2013   12       11    14   6    1.58   338.0    7.9      17.352
2013   12       11    14  16    1.58   337.8    8.0      17.407
2013   12       11    14  25    1.59   337.6    8.0      17.462
2013   12       11    14  35    1.60   337.5    8.1      17.521
2013   12       11    14  44    1.61   337.3    8.1      17.582
2013   12       11    14  54    1.62   337.2    8.2      17.645
2013   12       11    15   3    1.63   337.1    8.2      17.709
2013   12       11    15  13    1.64   336.9    8.3      17.774
2013   12       11    15  23    1.64   336.8    8.4      17.840
2013   12       11    15  32    1.65   336.7    8.4      17.906
2013   12       11    15  42    1.66   336.6    8.5      17.971
2013   12       11    15  51    1.67   336.4    8.5      18.037
2013   12       11    16   1    1.68   336.3    8.6      18.102
2013   12       11    16  10    1.69   336.2    8.6      18.167
2013   12       11    16  20    1.70   336.1    8.7      18.233
2013   12       11    16  30    1.71   336.1    8.7      18.300
2013   12       11    16  39    1.71   336.0    8.8      18.367
2013   12       11    16  49    1.72   335.9    8.8      18.435
2013   12       11    16  58    1.73   335.8    8.9      18.504
2013   12       11    17   8    1.74   335.8    8.9      18.572
2013   12       11    17  17    1.75   335.7    9.0      18.639
2013   12       11    17  27    1.76   335.6    9.0      18.706
2013   12       11    17  36    1.76   335.6    9.1      18.772
2013   12       11    17  46    1.77   335.5    9.1      18.837
2013   12       11    17  55    1.78   335.5    9.2      18.901
2013   12       11    18   4    1.79   335.4    9.2      18.963
2013   12       11    18  14    1.80   335.4    9.3      19.024
2013   12       11    18  23    1.80   335.3    9.3      19.085
2013   12       11    18  33    1.81   335.3    9.4      19.143
2013   12       11    18  42    1.82   335.2    9.4      19.201
2013   12       11    18  52    1.83   335.2    9.4      19.257
2013   12       11    19   1    1.84   335.2    9.5      19.313
2013   12       11    19  11    1.84   335.1    9.5      19.367
2013   12       11    19  20    1.85   335.1    9.6      19.420
2013   12       11    19  29    1.86   335.1    9.6      19.472
2013   12       11    19  39    1.87   335.0    9.7      19.524
2013   12       11    19  48    1.88   335.0    9.7      19.574
2013   12       11    19  58    1.88   335.0    9.7      19.625
2013   12       11    20   7    1.89   335.0    9.8      19.674
2013   12       11    20  17    1.90   335.0    9.8      19.723
2013   12       11    20  26    1.91   334.9    9.9      19.771
2013   12       11    20  36    1.91   334.9    9.9      19.820
2013   12       11    20  45    1.92   334.9    9.9      19.868
2013   12       11    20  55    1.93   334.9   10.0      19.916
2013   12       11    21   4    1.94   334.9   10.0      19.963
2013   12       11    21  14    1.94   334.9   10.1      20.010
2013   12       11    21  23    1.95   334.9   10.1      20.058
2013   12       11    21  33    1.96   334.8   10.1      20.106
2013   12       11    21  42    1.97   334.8   10.2      20.156
2013   12       11    21  52    1.98   334.9   10.2      20.206
2013   12       11    22   1    1.98   334.9   10.3      20.259
2013   12       11    22  11    1.99   334.9   10.3      20.313
2013   12       11    22  21    2.00   334.9   10.3      20.368
2013   12       11    22  30    2.01   334.9   10.4      20.426
2013   12       11    22  40    2.01   334.9   10.4      20.485
2013   12       11    22  49    2.02   335.0   10.5      20.545
2013   12       11    22  59    2.03   335.0   10.5      20.606
2013   12       11    23   9    2.04   335.0   10.6      20.669
2013   12       11    23  18    2.05   335.1   10.6      20.732
2013   12       11    23  28    2.05   335.1   10.6      20.797
2013   12       11    23  37    2.06   335.2   10.7      20.863
2013   12       11    23  47    2.07   335.2   10.7      20.930
2013   12       11    23  56    2.07   335.3   10.7      20.997
2013   12       12     0   6    2.08   335.3   10.8      21.065
2013   12       12     0  15    2.09   335.4   10.8      21.133
2013   12       12     0  25    2.10   335.4   10.9      21.201
2013   12       12     0  34    2.10   335.5   10.9      21.268
2013   12       12     0  44    2.11   335.6   10.9      21.335
2013   12       12     0  53    2.12   335.6   11.0      21.401
2013   12       12     1   3    2.13   335.7   11.0      21.468
2013   12       12     1  12    2.13   335.8   11.0      21.535
2013   12       12     1  22    2.14   335.8   11.1      21.603
2013   12       12     1  31    2.15   335.9   11.1      21.669
2013   12       12     1  41    2.15   336.0   11.1      21.736
2013   12       12     1  50    2.16   336.1   11.2      21.801
2013   12       12     1  59    2.17   336.1   11.2      21.866
2013   12       12     2   9    2.17   336.2   11.2      21.929
2013   12       12     2  18    2.18   336.3   11.3      21.990
2013   12       12     2  28    2.19   336.4   11.3      22.051
2013   12       12     2  37    2.19   336.5   11.3      22.110
2013   12       12     2  47    2.20   336.5   11.3      22.168
2013   12       12     2  56    2.21   336.6   11.4      22.225
2013   12       12     3   5    2.21   336.7   11.4      22.280
2013   12       12     3  15    2.22   336.8   11.4      22.335
2013   12       12     3  24    2.23   336.9   11.4      22.389
2013   12       12     3  34    2.23   337.0   11.5      22.443
2013   12       12     3  43    2.24   337.1   11.5      22.497
2013   12       12     3  53    2.25   337.2   11.5      22.551
2013   12       12     4   2    2.25   337.3   11.5      22.605
2013   12       12     4  12    2.26   337.4   11.6      22.659
2013   12       12     4  21    2.26   337.5   11.6      22.713
2013   12       12     4  31    2.27   337.6   11.6      22.768
2013   12       12     4  40    2.27   337.7   11.6      22.822
2013   12       12     4  50    2.28   337.8   11.6      22.875
2013   12       12     4  59    2.29   337.9   11.7      22.928
2013   12       12     5   9    2.29   338.0   11.7      22.980
2013   12       12     5  19    2.30   338.1   11.7      23.031
2013   12       12     5  28    2.30   338.2   11.7      23.081
2013   12       12     5  38    2.31   338.4   11.7      23.130
2013   12       12     5  47    2.31   338.5   11.7      23.179
2013   12       12     5  57    2.32   338.6   11.8      23.227
2013   12       12     6   7    2.32   338.7   11.8      23.275
2013   12       12     6  16    2.33   338.8   11.8      23.321
2013   12       12     6  26    2.33   338.9   11.8      23.368
2013   12       12     6  35    2.34   339.0   11.8      23.413
2013   12       12     6  45    2.34   339.1   11.8      23.458
2013   12       12     6  54    2.35   339.2   11.9      23.503
2013   12       12     7   4    2.35   339.3   11.9      23.548
2013   12       12     7  13    2.36   339.4   11.9      23.592
2013   12       12     7  23    2.36   339.5   11.9      23.636
2013   12       12     7  32    2.37   339.6   11.9      23.680
2013   12       12     7  42    2.37   339.7   11.9      23.725
2013   12       12     7  51    2.38   339.8   12.0      23.770
2013   12       12     8   1    2.38   339.9   12.0      23.815
2013   12       12     8  10    2.39   340.1   12.0      23.861
2013   12       12     8  20    2.39   340.2   12.0      23.909
2013   12       12     8  29    2.40   340.3   12.0      23.958
2013   12       12     8  39    2.40   340.4   12.0      24.009
2013   12       12     8  48    2.41   340.6   12.1      24.062
2013   12       12     8  58    2.41   340.7   12.1      24.116
2013   12       12     9   7    2.42   340.8   12.1      24.170
2013   12       12     9  17    2.42   341.0   12.1      24.224
2013   12       12     9  26    2.43   341.1   12.1      24.277
2013   12       12     9  36    2.43   341.3   12.1      24.329
2013   12       12     9  45    2.44   341.4   12.2      24.380
2013   12       12     9  54    2.44   341.5   12.2      24.430
2013   12       12    10   4    2.44   341.7   12.2      24.479
2013   12       12    10  13    2.45   341.8   12.2      24.527
2013   12       12    10  23    2.45   342.0   12.2      24.574
2013   12       12    10  32    2.46   342.1   12.2      24.621
2013   12       12    10  41    2.46   342.3   12.2      24.666
2013   12       12    10  51    2.46   342.4   12.2      24.711
2013   12       12    11   0    2.47   342.5   12.2      24.756
2013   12       12    11  10    2.47   342.7   12.3      24.800
2013   12       12    11  19    2.48   342.8   12.3      24.844
2013   12       12    11  29    2.48   343.0   12.3      24.887
2013   12       12    11  38    2.48   343.1   12.3      24.929
2013   12       12    11  48    2.49   343.3   12.3      24.973
2013   12       12    11  57    2.49   343.4   12.3      25.016
2013   12       12    12   7    2.49   343.6   12.3      25.059
2013   12       12    12  17    2.50   343.7   12.3      25.103
2013   12       12    12  26    2.50   343.9   12.3      25.146
2013   12       12    12  36    2.50   344.0   12.3      25.188
2013   12       12    12  45    2.51   344.2   12.3      25.230
2013   12       12    12  55    2.51   344.3   12.3      25.270
2013   12       12    13   5    2.51   344.5   12.3      25.309
2013   12       12    13  14    2.52   344.6   12.3      25.347
2013   12       12    13  24    2.52   344.8   12.3      25.384
2013   12       12    13  33    2.52   344.9   12.3      25.421
2013   12       12    13  43    2.52   345.1   12.3      25.456
2013   12       12    13  52    2.53   345.2   12.3      25.491
2013   12       12    14   2    2.53   345.4   12.3      25.525
2013   12       12    14  12    2.53   345.5   12.3      25.558
2013   12       12    14  21    2.54   345.7   12.3      25.590
2013   12       12    14  31    2.54   345.8   12.3      25.622
2013   12       12    14  40    2.54   346.0   12.3      25.653
2013   12       12    14  50    2.54   346.1   12.3      25.684
2013   12       12    14  59    2.55   346.3   12.3      25.715
2013   12       12    15   9    2.55   346.4   12.3      25.746
2013   12       12    15  18    2.55   346.6   12.3      25.777
2013   12       12    15  28    2.55   346.7   12.3      25.807
2013   12       12    15  37    2.55   346.9   12.3      25.837
2013   12       12    15  47    2.56   347.0   12.3      25.867
2013   12       12    15  56    2.56   347.2   12.3      25.896
2013   12       12    16   5    2.56   347.3   12.3      25.925
2013   12       12    16  15    2.56   347.4   12.3      25.954
2013   12       12    16  24    2.57   347.6   12.3      25.982
2013   12       12    16  34    2.57   347.7   12.3      26.010
2013   12       12    16  43    2.57   347.9   12.3      26.037
2013   12       12    16  53    2.57   348.0   12.3      26.065
2013   12       12    17   2    2.57   348.2   12.3      26.092
2013   12       12    17  12    2.58   348.3   12.3      26.119
2013   12       12    17  21    2.58   348.5   12.3      26.147
2013   12       12    17  30    2.58   348.6   12.3      26.174
2013   12       12    17  40    2.58   348.7   12.3      26.202
2013   12       12    17  49    2.58   348.9   12.3      26.229
2013   12       12    17  59    2.59   349.0   12.3      26.257
2013   12       12    18   8    2.59   349.2   12.3      26.286
2013   12       12    18  18    2.59   349.3   12.3      26.316
2013   12       12    18  27    2.59   349.5   12.3      26.347
2013   12       12    18  36    2.59   349.6   12.3      26.378
2013   12       12    18  46    2.60   349.8   12.3      26.411
2013   12       12    18  56    2.60   349.9   12.4      26.444
2013   12       12    19   5    2.60   350.1   12.4      26.477
2013   12       12    19  15    2.60   350.2   12.4      26.510
2013   12       12    19  24    2.60   350.4   12.4      26.544
2013   12       12    19  34    2.61   350.5   12.4      26.577
2013   12       12    19  43    2.61   350.7   12.4      26.609
2013   12       12    19  53    2.61   350.9   12.3      26.640
2013   12       12    20   3    2.61   351.0   12.3      26.669
2013   12       12    20  12    2.61   351.2   12.3      26.698
2013   12       12    20  22    2.61   351.4   12.3      26.726
2013   12       12    20  31    2.61   351.5   12.3      26.753
2013   12       12    20  41    2.62   351.7   12.3      26.778
2013   12       12    20  50    2.62   351.8   12.3      26.803
2013   12       12    21   0    2.62   352.0   12.3      26.827
2013   12       12    21  10    2.62   352.2   12.3      26.850
2013   12       12    21  19    2.62   352.3   12.3      26.872
2013   12       12    21  29    2.62   352.5   12.3      26.893
2013   12       12    21  38    2.62   352.6   12.3      26.913
2013   12       12    21  48    2.62   352.8   12.3      26.933
2013   12       12    21  57    2.62   352.9   12.3      26.952
2013   12       12    22   7    2.62   353.1   12.3      26.971
2013   12       12    22  16    2.62   353.3   12.3      26.989
2013   12       12    22  26    2.62   353.4   12.2      27.006
2013   12       12    22  35    2.63   353.6   12.2      27.023
2013   12       12    22  45    2.63   353.7   12.2      27.039
2013   12       12    22  54    2.63   353.9   12.2      27.055
2013   12       12    23   4    2.63   354.0   12.2      27.071
2013   12       12    23  13    2.63   354.2   12.2      27.086
2013   12       12    23  23    2.63   354.3   12.2      27.101
2013   12       12    23  32    2.63   354.5   12.2      27.115
2013   12       12    23  41    2.63   354.6   12.2      27.129
2013   12       12    23  51    2.63   354.8   12.2      27.143
2013   12       13     0   0    2.63   354.9   12.1      27.157
2013   12       13     0  10    2.63   355.1   12.1      27.171
2013   12       13     0  19    2.63   355.2   12.1      27.184
2013   12       13     0  29    2.63   355.4   12.1      27.197
2013   12       13     0  38    2.63   355.5   12.1      27.211
2013   12       13     0  47    2.63   355.7   12.1      27.225
2013   12       13     0  57    2.63   355.8   12.1      27.239
2013   12       13     1   6    2.63   356.0   12.1      27.255
2013   12       13     1  16    2.63   356.2   12.1      27.270
2013   12       13     1  25    2.63   356.3   12.1      27.286
2013   12       13     1  35    2.63   356.5   12.0      27.302
2013   12       13     1  44    2.63   356.6   12.0      27.318
2013   12       13     1  54    2.63   356.8   12.0      27.333
2013   12       13     2   3    2.63   356.9   12.0      27.348
2013   12       13     2  13    2.63   357.1   12.0      27.361
2013   12       13     2  22    2.63   357.3   12.0      27.374
2013   12       13     2  32    2.63   357.4   12.0      27.386
2013   12       13     2  41    2.63   357.6   12.0      27.398
2013   12       13     2  51    2.63   357.7   11.9      27.409
2013   12       13     3   1    2.63   357.9   11.9      27.418
2013   12       13     3  10    2.63   358.1   11.9      27.427
2013   12       13     3  20    2.63   358.2   11.9      27.436
2013   12       13     3  29    2.63   358.4   11.9      27.443
2013   12       13     3  39    2.63   358.5   11.9      27.450
2013   12       13     3  49    2.63   358.7   11.8      27.456
2013   12       13     3  58    2.63   358.9   11.8      27.462
2013   12       13     4   8    2.63   359.0   11.8      27.466
2013   12       13     4  17    2.62   359.2   11.8      27.470
2013   12       13     4  27    2.62   359.3   11.8      27.474
2013   12       13     4  36    2.62   359.5   11.8      27.476
2013   12       13     4  46    2.62   359.6   11.7      27.479
2013   12       13     4  55    2.62   359.8   11.7      27.480
2013   12       13     5   5    2.62   360.0   11.7      27.481
2013   12       13     5  14    2.62   360.1   11.7      27.481
2013   12       13     5  24    2.62   360.3   11.7      27.481
2013   12       13     5  33    2.61   360.4   11.6      27.480
2013   12       13     5  43    2.61   360.6   11.6      27.479
2013   12       13     5  52    2.61   360.7   11.6      27.477
2013   12       13     6   2    2.61   360.9   11.6      27.474
2013   12       13     6  11    2.61   361.0   11.6      27.472
2013   12       13     6  21    2.61   361.2   11.5      27.468
2013   12       13     6  30    2.61   361.3   11.5      27.465
2013   12       13     6  40    2.60   361.5   11.5      27.461
2013   12       13     6  49    2.60   361.6   11.5      27.456
2013   12       13     6  59    2.60   361.8   11.5      27.451
2013   12       13     7   8    2.60   361.9   11.4      27.446
2013   12       13     7  18    2.60   362.1   11.4      27.440
2013   12       13     7  27    2.59   362.2   11.4      27.434
2013   12       13     7  36    2.59   362.4   11.4      27.428
2013   12       13     7  46    2.59   362.5   11.4      27.421
2013   12       13     7  55    2.59   362.6   11.3      27.414
2013   12       13     8   5    2.59   362.8   11.3      27.406
2013   12       13     8  14    2.58   362.9   11.3      27.398
2013   12       13     8  23    2.58   363.1   11.3      27.390
2013   12       13     8  33    2.58   363.2   11.2      27.382
2013   12       13     8  42    2.58   363.4   11.2      27.373
2013   12       13     8  52    2.57   363.5   11.2      27.364
2013   12       13     9   1    2.57   363.6   11.2      27.355
2013   12       13     9  11    2.57   363.8   11.2      27.345
2013   12       13     9  20    2.57   363.9   11.1      27.335
2013   12       13     9  30    2.57   364.0   11.1      27.326
2013   12       13     9  39    2.56   364.2   11.1      27.316
2013   12       13     9  49    2.56   364.3   11.1      27.306
2013   12       13     9  59    2.56   364.5   11.1      27.295
2013   12       13    10   8    2.56   364.6   11.0      27.285
2013   12       13    10  18    2.55   364.7   11.0      27.275
2013   12       13    10  27    2.55   364.9   11.0      27.264
2013   12       13    10  37    2.55   365.0   11.0      27.254
2013   12       13    10  47    2.55   365.1   11.0      27.243
2013   12       13    10  56    2.54   365.2   10.9      27.233
2013   12       13    11   6    2.54   365.4   10.9      27.222
2013   12       13    11  15    2.54   365.5   10.9      27.212
2013   12       13    11  25    2.54   365.6   10.9      27.201
2013   12       13    11  34    2.53   365.7   10.9      27.191
2013   12       13    11  44    2.53   365.9   10.8      27.181
2013   12       13    11  53    2.53   366.0   10.8      27.171
2013   12       13    12   3    2.53   366.1   10.8      27.161
2013   12       13    12  13    2.52   366.2   10.8      27.151
2013   12       13    12  22    2.52   366.3   10.8      27.142
2013   12       13    12  32    2.52   366.5   10.7      27.133
2013   12       13    12  41    2.52   366.6   10.7      27.124
2013   12       13    12  51    2.51   366.7   10.7      27.115
2013   12       13    13   0    2.51   366.8   10.7      27.106
2013   12       13    13  10    2.51   366.9   10.7      27.097
2013   12       13    13  19    2.50   367.0   10.6      27.087
2013   12       13    13  29    2.50   367.2   10.6      27.077
2013   12       13    13  38    2.50   367.3   10.6      27.067
2013   12       13    13  47    2.50   367.4   10.6      27.056
2013   12       13    13  57    2.49   367.5   10.6      27.045
2013   12       13    14   6    2.49   367.6   10.6      27.034
2013   12       13    14  16    2.49   367.7   10.5      27.022
2013   12       13    14  25    2.49   367.8   10.5      27.010
2013   12       13    14  35    2.48   368.0   10.5      26.997
2013   12       13    14  44    2.48   368.1   10.5      26.984
2013   12       13    14  53    2.48   368.2   10.5      26.971
2013   12       13    15   3    2.47   368.3   10.4      26.958
2013   12       13    15  12    2.47   368.4   10.4      26.944
2013   12       13    15  22    2.47   368.5   10.4      26.930
2013   12       13    15  31    2.47   368.6   10.4      26.916
2013   12       13    15  41    2.46   368.7   10.4      26.902
2013   12       13    15  50    2.46   368.8   10.4      26.887
2013   12       13    16   0    2.46   368.9   10.3      26.872
2013   12       13    16   9    2.45   369.0   10.3      26.857
2013   12       13    16  18    2.45   369.1   10.3      26.842
2013   12       13    16  28    2.45   369.2   10.3      26.827
2013   12       13    16  38    2.44   369.3   10.3      26.812
2013   12       13    16  47    2.44   369.4   10.2      26.796
2013   12       13    16  57    2.44   369.5   10.2      26.781
2013   12       13    17   6    2.44   369.6   10.2      26.766
2013   12       13    17  16    2.43   369.7   10.2      26.750
2013   12       13    17  25    2.43   369.8   10.2      26.735
2013   12       13    17  35    2.43   369.9   10.2      26.720
2013   12       13    17  44    2.43   370.0   10.1      26.705
2013   12       13    17  54    2.42   370.1   10.1      26.690
2013   12       13    18   4    2.42   370.1   10.1      26.675
2013   12       13    18  13    2.42   370.2   10.1      26.660
2013   12       13    18  23    2.41   370.3   10.1      26.646
2013   12       13    18  32    2.41   370.4   10.1      26.632
2013   12       13    18  42    2.41   370.5   10.0      26.617
2013   12       13    18  52    2.41   370.6   10.0      26.603
2013   12       13    19   1    2.40   370.7   10.0      26.590
2013   12       13    19  11    2.40   370.7   10.0      26.576
2013   12       13    19  20    2.40   370.8   10.0      26.563
2013   12       13    19  30    2.40   370.9   10.0      26.549
2013   12       13    19  39    2.39   371.0    9.9      26.537
2013   12       13    19  49    2.39   371.0    9.9      26.524
2013   12       13    19  58    2.39   371.1    9.9      26.513
2013   12       13    20   8    2.39   371.2    9.9      26.501
2013   12       13    20  17    2.38   371.3    9.9      26.491
2013   12       13    20  27    2.38   371.3    9.9      26.480
2013   12       13    20  36    2.38   371.4    9.9      26.470
2013   12       13    20  46    2.38   371.5    9.9      26.459
2013   12       13    20  55    2.37   371.6    9.8      26.449
2013   12       13    21   5    2.37   371.7    9.8      26.438
2013   12       13    21  14    2.37   371.7    9.8      26.427
2013   12       13    21  24    2.37   371.8    9.8      26.416
2013   12       13    21  33    2.36   371.9    9.8      26.405
2013   12       13    21  42    2.36   372.0    9.8      26.394
2013   12       13    21  52    2.36   372.0    9.8      26.382
2013   12       13    22   1    2.36   372.1    9.7      26.370
2013   12       13    22  11    2.35   372.2    9.7      26.359
2013   12       13    22  20    2.35   372.3    9.7      26.347
2013   12       13    22  29    2.35   372.3    9.7      26.334
2013   12       13    22  39    2.35   372.4    9.7      26.322
2013   12       13    22  48    2.34   372.5    9.7      26.309
2013   12       13    22  58    2.34   372.5    9.7      26.296
2013   12       13    23   7    2.34   372.6    9.7      26.283
2013   12       13    23  17    2.34   372.7    9.6      26.269
2013   12       13    23  26    2.33   372.7    9.6      26.255
2013   12       13    23  36    2.33   372.8    9.6      26.241
2013   12       13    23  45    2.33   372.9    9.6      26.227
2013   12       13    23  55    2.33   372.9    9.6      26.212
2013   12       14     0   4    2.32   373.0    9.6      26.198
2013   12       14     0  14    2.32   373.0    9.6      26.183
2013   12       14     0  23    2.32   373.1    9.5      26.167
2013   12       14     0  33    2.32   373.2    9.5      26.152
2013   12       14     0  42    2.31   373.2    9.5      26.137
2013   12       14     0  52    2.31   373.3    9.5      26.121
2013   12       14     1   2    2.31   373.3    9.5      26.106
2013   12       14     1  11    2.31   373.4    9.5      26.090
2013   12       14     1  21    2.31   373.5    9.5      26.074
2013   12       14     1  30    2.30   373.5    9.4      26.058
2013   12       14     1  40    2.30   373.6    9.4      26.043
2013   12       14     1  50    2.30   373.6    9.4      26.027
2013   12       14     1  59    2.30   373.7    9.4      26.011
2013   12       14     2   9    2.29   373.7    9.4      25.994
2013   12       14     2  18    2.29   373.8    9.4      25.978
2013   12       14     2  28    2.29   373.8    9.4      25.962
2013   12       14     2  37    2.29   373.9    9.4      25.946
2013   12       14     2  47    2.28   373.9    9.3      25.930
2013   12       14     2  56    2.28   374.0    9.3      25.913
2013   12       14     3   6    2.28   374.0    9.3      25.897
2013   12       14     3  15    2.28   374.1    9.3      25.881
2013   12       14     3  25    2.27   374.1    9.3      25.864
2013   12       14     3  34    2.27   374.2    9.3      25.848
2013   12       14     3  44    2.27   374.2    9.3      25.832
2013   12       14     3  53    2.27   374.3    9.3      25.816
2013   12       14     4   3    2.27   374.3    9.2      25.800
2013   12       14     4  12    2.26   374.4    9.2      25.785
2013   12       14     4  22    2.26   374.4    9.2      25.769
2013   12       14     4  31    2.26   374.4    9.2      25.753
2013   12       14     4  41    2.26   374.5    9.2      25.738
2013   12       14     4  50    2.25   374.5    9.2      25.723
2013   12       14     5   0    2.25   374.6    9.2      25.707
2013   12       14     5   9    2.25   374.6    9.2      25.692
2013   12       14     5  18    2.25   374.6    9.1      25.677
2013   12       14     5  28    2.25   374.7    9.1      25.662
2013   12       14     5  37    2.24   374.7    9.1      25.646
2013   12       14     5  47    2.24   374.8    9.1      25.631
2013   12       14     5  56    2.24   374.8    9.1      25.616
2013   12       14     6   5    2.24   374.8    9.1      25.600
2013   12       14     6  15    2.24   374.9    9.1      25.584
2013   12       14     6  24    2.23   374.9    9.1      25.569
2013   12       14     6  34    2.23   374.9    9.1      25.552
2013   12       14     6  43    2.23   374.9    9.0      25.536
2013   12       14     6  53    2.23   375.0    9.0      25.519
2013   12       14     7   2    2.22   375.0    9.0      25.503
2013   12       14     7  12    2.22   375.0    9.0      25.486
2013   12       14     7  21    2.22   375.1    9.0      25.469
2013   12       14     7  31    2.22   375.1    9.0      25.451
2013   12       14     7  40    2.22   375.1    9.0      25.434
2013   12       14     7  50    2.21   375.1    9.0      25.416
2013   12       14     8   0    2.21   375.1    9.0      25.399
2013   12       14     8   9    2.21   375.2    8.9      25.381
2013   12       14     8  19    2.21   375.2    8.9      25.363
2013   12       14     8  28    2.20   375.2    8.9      25.344
2013   12       14     8  38    2.20   375.2    8.9      25.326
2013   12       14     8  48    2.20   375.2    8.9      25.308
2013   12       14     8  57    2.20   375.3    8.9      25.290
2013   12       14     9   7    2.20   375.3    8.9      25.272
2013   12       14     9  16    2.19   375.3    8.9      25.254
2013   12       14     9  26    2.19   375.3    8.9      25.235
2013   12       14     9  35    2.19   375.3    8.8      25.217
2013   12       14     9  45    2.19   375.3    8.8      25.199
2013   12       14     9  54    2.18   375.3    8.8      25.181
2013   12       14    10   4    2.18   375.4    8.8      25.163
2013   12       14    10  13    2.18   375.4    8.8      25.146
2013   12       14    10  23    2.18   375.4    8.8      25.128
2013   12       14    10  32    2.18   375.4    8.8      25.110
2013   12       14    10  42    2.17   375.4    8.8      25.093
2013   12       14    10  51    2.17   375.4    8.8      25.075
2013   12       14    11   1    2.17   375.4    8.8      25.058
2013   12       14    11  10    2.17   375.4    8.8      25.040
2013   12       14    11  20    2.17   375.4    8.7      25.023
2013   12       14    11  29    2.16   375.4    8.7      25.006
2013   12       14    11  39    2.16   375.4    8.7      24.988
2013   12       14    11  48    2.16   375.5    8.7      24.971
2013   12       14    11  58    2.16   375.5    8.7      24.953
2013   12       14    12   7    2.16   375.5    8.7      24.936
2013   12       14    12  17    2.15   375.5    8.7      24.919
2013   12       14    12  26    2.15   375.5    8.7      24.901
2013   12       14    12  36    2.15   375.5    8.7      24.884
2013   12       14    12  45    2.15   375.5    8.7      24.866
2013   12       14    12  54    2.14   375.5    8.6      24.848
2013   12       14    13   4    2.14   375.5    8.6      24.831
2013   12       14    13  13    2.14   375.5    8.6      24.813
2013   12       14    13  23    2.14   375.5    8.6      24.795
2013   12       14    13  32    2.14   375.5    8.6      24.777
2013   12       14    13  41    2.13   375.4    8.6      24.759
2013   12       14    13  51    2.13   375.4    8.6      24.741
2013   12       14    14   0    2.13   375.4    8.6      24.723
2013   12       14    14  10    2.13   375.4    8.6      24.705
2013   12       14    14  19    2.13   375.4    8.6      24.687
2013   12       14    14  29    2.12   375.4    8.6      24.668
2013   12       14    14  38    2.12   375.4    8.5      24.650
2013   12       14    14  48    2.12   375.4    8.5      24.631
2013   12       14    14  58    2.12   375.4    8.5      24.613
2013   12       14    15   7    2.12   375.4    8.5      24.594
2013   12       14    15  17    2.11   375.4    8.5      24.575
2013   12       14    15  26    2.11   375.4    8.5      24.556
2013   12       14    15  36    2.11   375.3    8.5      24.537
2013   12       14    15  46    2.11   375.3    8.5      24.518
2013   12       14    15  55    2.11   375.3    8.5      24.499
2013   12       14    16   5    2.10   375.3    8.5      24.480
2013   12       14    16  14    2.10   375.3    8.5      24.461
2013   12       14    16  24    2.10   375.3    8.5      24.442
2013   12       14    16  33    2.10   375.3    8.4      24.423
2013   12       14    16  43    2.10   375.2    8.4      24.404
2013   12       14    16  52    2.10   375.2    8.4      24.385
2013   12       14    17   2    2.09   375.2    8.4      24.366
2013   12       14    17  12    2.09   375.2    8.4      24.347
2013   12       14    17  21    2.09   375.2    8.4      24.328
2013   12       14    17  31    2.09   375.1    8.4      24.308
2013   12       14    17  40    2.09   375.1    8.4      24.289
2013   12       14    17  50    2.08   375.1    8.4      24.270
2013   12       14    17  59    2.08   375.1    8.4      24.251
2013   12       14    18   9    2.08   375.0    8.4      24.231
2013   12       14    18  18    2.08   375.0    8.4      24.212
2013   12       14    18  28    2.08   375.0    8.3      24.193
2013   12       14    18  37    2.07   375.0    8.3      24.173
2013   12       14    18  47    2.07   374.9    8.3      24.154
2013   12       14    18  56    2.07   374.9    8.3      24.134
2013   12       14    19   5    2.07   374.9    8.3      24.115
2013   12       14    19  15    2.07   374.9    8.3      24.095
2013   12       14    19  24    2.07   374.8    8.3      24.076
2013   12       14    19  34    2.06   374.8    8.3      24.057
2013   12       14    19  43    2.06   374.8    8.3      24.037
2013   12       14    19  53    2.06   374.7    8.3      24.018
2013   12       14    20   2    2.06   374.7    8.3      23.998
2013   12       14    20  11    2.06   374.7    8.3      23.979
2013   12       14    20  21    2.05   374.6    8.3      23.959
2013   12       14    20  30    2.05   374.6    8.2      23.940
2013   12       14    20  40    2.05   374.6    8.2      23.921
2013   12       14    20  49    2.05   374.5    8.2      23.901
2013   12       14    20  59    2.05   374.5    8.2      23.882
2013   12       14    21   8    2.05   374.5    8.2      23.862
2013   12       14    21  17    2.04   374.4    8.2      23.842
2013   12       14    21  27    2.04   374.4    8.2      23.823
2013   12       14    21  36    2.04   374.3    8.2      23.803
2013   12       14    21  46    2.04   374.3    8.2      23.784
2013   12       14    21  56    2.04   374.3    8.2      23.764
2013   12       14    22   5    2.03   374.2    8.2      23.744
2013   12       14    22  15    2.03   374.2    8.2      23.725
2013   12       14    22  24    2.03   374.1    8.2      23.705
2013   12       14    22  34    2.03   374.1    8.2      23.685
2013   12       14    22  43    2.03   374.1    8.1      23.666
2013   12       14    22  53    2.03   374.0    8.1      23.646
2013   12       14    23   3    2.02   374.0    8.1      23.626
2013   12       14    23  12    2.02   373.9    8.1      23.607
2013   12       14    23  22    2.02   373.9    8.1      23.587
2013   12       14    23  31    2.02   373.8    8.1      23.568
2013   12       14    23  41    2.02   373.8    8.1      23.548
2013   12       14    23  51    2.02   373.7    8.1      23.529
2013   12       15     0   0    2.01   373.7    8.1      23.509
