year    month   day   hour  minute  B_enl V_enl   n_enl       T_enl
[year] [month] [day] [hour][minute] [nT]  [km/s]  [cm-3]      [kK]
2013   11       14     0   4    4.84   386.1   13.2      36.612
2013   11       14     0  13    4.83   386.5   13.2      36.604
2013   11       14     0  23    4.82   387.0   13.1      36.596
2013   11       14     0  32    4.81   387.4   13.1      36.589
2013   11       14     0  41    4.80   387.9   13.0      36.581
2013   11       14     0  51    4.79   388.4   12.9      36.573
2013   11       14     1   0    4.78   388.8   12.9      36.563
2013   11       14     1  10    4.76   389.3   12.8      36.553
2013   11       14     1  19    4.75   389.8   12.7      36.539
2013   11       14     1  29    4.74   390.3   12.7      36.518
2013   11       14     1  38    4.72   390.8   12.6      36.490
2013   11       14     1  47    4.71   391.2   12.5      36.456
2013   11       14     1  57    4.70   391.7   12.4      36.417
2013   11       14     2   6    4.68   392.1   12.4      36.372
2013   11       14     2  16    4.67   392.6   12.3      36.324
2013   11       14     2  25    4.65   393.0   12.2      36.273
2013   11       14     2  35    4.64   393.4   12.1      36.218
2013   11       14     2  44    4.62   393.8   12.1      36.162
2013   11       14     2  53    4.61   394.2   12.0      36.103
2013   11       14     3   3    4.59   394.6   11.9      36.044
2013   11       14     3  12    4.58   394.9   11.9      35.989
2013   11       14     3  22    4.57   395.3   11.8      35.937
2013   11       14     3  31    4.55   395.7   11.7      35.887
2013   11       14     3  40    4.54   396.0   11.7      35.841
2013   11       14     3  50    4.53   396.4   11.6      35.796
2013   11       14     3  59    4.52   396.8   11.6      35.755
2013   11       14     4   8    4.50   397.1   11.5      35.717
2013   11       14     4  18    4.49   397.5   11.5      35.681
2013   11       14     4  27    4.48   397.9   11.4      35.647
2013   11       14     4  36    4.47   398.2   11.4      35.615
2013   11       14     4  46    4.46   398.6   11.3      35.583
2013   11       14     4  55    4.44   399.0   11.3      35.553
2013   11       14     5   4    4.43   399.4   11.2      35.522
2013   11       14     5  14    4.42   399.7   11.2      35.490
2013   11       14     5  23    4.41   400.2   11.1      35.458
2013   11       14     5  32    4.39   400.6   11.1      35.425
2013   11       14     5  42    4.38   401.0   11.0      35.386
2013   11       14     5  51    4.37   401.4   11.0      35.343
2013   11       14     6   0    4.36   401.7   10.9      35.295
2013   11       14     6  10    4.34   402.1   10.9      35.243
2013   11       14     6  19    4.33   402.5   10.8      35.187
2013   11       14     6  29    4.31   402.8   10.7      35.128
2013   11       14     6  38    4.30   403.2   10.7      35.066
2013   11       14     6  47    4.29   403.5   10.6      35.003
2013   11       14     6  57    4.27   403.8   10.6      34.937
2013   11       14     7   6    4.26   404.1   10.5      34.871
2013   11       14     7  16    4.25   404.4   10.5      34.807
2013   11       14     7  25    4.23   404.7   10.4      34.744
2013   11       14     7  34    4.22   404.9   10.4      34.682
2013   11       14     7  44    4.21   405.2   10.3      34.623
2013   11       14     7  53    4.19   405.4   10.3      34.564
2013   11       14     8   3    4.18   405.7   10.2      34.507
2013   11       14     8  12    4.17   405.9   10.2      34.452
2013   11       14     8  22    4.16   406.1   10.2      34.399
2013   11       14     8  31    4.15   406.4   10.1      34.347
2013   11       14     8  40    4.13   406.6   10.1      34.299
2013   11       14     8  50    4.12   406.8   10.1      34.252
2013   11       14     8  59    4.11   407.0   10.0      34.207
2013   11       14     9   9    4.10   407.3   10.0      34.163
2013   11       14     9  18    4.09   407.5   10.0      34.121
2013   11       14     9  28    4.08   407.7    9.9      34.079
2013   11       14     9  37    4.07   407.9    9.9      34.040
2013   11       14     9  47    4.06   408.1    9.9      34.001
2013   11       14     9  56    4.05   408.4    9.8      33.965
2013   11       14    10   5    4.04   408.6    9.8      33.928
2013   11       14    10  15    4.03   408.8    9.8      33.893
2013   11       14    10  24    4.02   409.0    9.7      33.858
2013   11       14    10  33    4.01   409.2    9.7      33.824
2013   11       14    10  43    4.00   409.4    9.7      33.790
2013   11       14    10  52    4.00   409.6    9.7      33.757
2013   11       14    11   2    3.99   409.8    9.6      33.725
2013   11       14    11  11    3.98   410.0    9.6      33.694
2013   11       14    11  20    3.97   410.2    9.6      33.664
2013   11       14    11  29    3.96   410.4    9.6      33.635
2013   11       14    11  39    3.95   410.6    9.5      33.607
2013   11       14    11  48    3.95   410.8    9.5      33.579
2013   11       14    11  58    3.94   411.0    9.5      33.552
2013   11       14    12   7    3.93   411.2    9.5      33.525
2013   11       14    12  16    3.92   411.5    9.4      33.497
2013   11       14    12  26    3.91   411.7    9.4      33.470
2013   11       14    12  35    3.90   411.9    9.4      33.442
2013   11       14    12  44    3.90   412.2    9.4      33.414
2013   11       14    12  54    3.89   412.4    9.3      33.383
2013   11       14    13   3    3.88   412.7    9.3      33.351
2013   11       14    13  12    3.87   412.9    9.3      33.316
2013   11       14    13  22    3.86   413.2    9.2      33.280
2013   11       14    13  31    3.86   413.4    9.2      33.242
2013   11       14    13  40    3.85   413.6    9.2      33.202
2013   11       14    13  50    3.84   413.9    9.1      33.161
2013   11       14    13  59    3.83   414.1    9.1      33.120
2013   11       14    14   9    3.83   414.3    9.1      33.078
2013   11       14    14  18    3.82   414.4    9.1      33.037
2013   11       14    14  27    3.81   414.6    9.0      32.996
2013   11       14    14  37    3.81   414.8    9.0      32.957
2013   11       14    14  46    3.80   414.9    9.0      32.920
2013   11       14    14  56    3.79   415.1    9.0      32.884
2013   11       14    15   5    3.79   415.2    8.9      32.850
2013   11       14    15  15    3.78   415.3    8.9      32.818
2013   11       14    15  24    3.77   415.4    8.9      32.787
2013   11       14    15  33    3.77   415.6    8.9      32.760
2013   11       14    15  43    3.76   415.7    8.9      32.734
2013   11       14    15  52    3.76   415.8    8.8      32.711
2013   11       14    16   2    3.75   416.0    8.8      32.689
2013   11       14    16  11    3.75   416.1    8.8      32.668
2013   11       14    16  21    3.74   416.3    8.8      32.649
2013   11       14    16  30    3.74   416.4    8.8      32.629
2013   11       14    16  40    3.73   416.6    8.8      32.610
2013   11       14    16  49    3.73   416.7    8.8      32.590
2013   11       14    16  58    3.72   416.9    8.7      32.572
2013   11       14    17   8    3.72   417.1    8.7      32.553
2013   11       14    17  17    3.72   417.2    8.7      32.533
2013   11       14    17  27    3.71   417.4    8.7      32.512
2013   11       14    17  36    3.71   417.6    8.7      32.491
2013   11       14    17  45    3.70   417.7    8.7      32.470
2013   11       14    17  55    3.70   417.9    8.6      32.447
2013   11       14    18   4    3.69   418.0    8.6      32.425
2013   11       14    18  13    3.69   418.2    8.6      32.403
2013   11       14    18  23    3.68   418.3    8.6      32.382
2013   11       14    18  32    3.68   418.5    8.6      32.360
2013   11       14    18  41    3.67   418.6    8.6      32.339
2013   11       14    18  51    3.67   418.8    8.5      32.318
2013   11       14    19   0    3.67   418.9    8.5      32.298
2013   11       14    19   9    3.66   419.1    8.5      32.278
2013   11       14    19  19    3.66   419.2    8.5      32.258
2013   11       14    19  28    3.65   419.4    8.5      32.239
2013   11       14    19  37    3.65   419.5    8.5      32.220
2013   11       14    19  47    3.64   419.7    8.4      32.201
2013   11       14    19  56    3.64   419.8    8.4      32.183
2013   11       14    20   6    3.64   420.0    8.4      32.165
2013   11       14    20  15    3.63   420.1    8.4      32.148
2013   11       14    20  24    3.63   420.3    8.4      32.131
2013   11       14    20  34    3.63   420.4    8.4      32.114
2013   11       14    20  43    3.62   420.6    8.4      32.097
2013   11       14    20  52    3.62   420.7    8.3      32.081
2013   11       14    21   2    3.62   420.8    8.3      32.065
2013   11       14    21  11    3.61   421.0    8.3      32.049
2013   11       14    21  21    3.61   421.1    8.3      32.034
2013   11       14    21  30    3.61   421.2    8.3      32.019
2013   11       14    21  39    3.60   421.4    8.3      32.005
2013   11       14    21  49    3.60   421.5    8.3      31.992
2013   11       14    21  58    3.60   421.6    8.3      31.980
2013   11       14    22   8    3.60   421.7    8.2      31.969
2013   11       14    22  17    3.59   421.8    8.2      31.959
2013   11       14    22  26    3.59   421.9    8.2      31.951
2013   11       14    22  36    3.59   422.0    8.2      31.945
2013   11       14    22  45    3.59   422.1    8.2      31.940
2013   11       14    22  55    3.58   422.3    8.2      31.937
2013   11       14    23   4    3.58   422.4    8.2      31.935
2013   11       14    23  14    3.58   422.5    8.2      31.934
2013   11       14    23  23    3.58   422.6    8.2      31.934
2013   11       14    23  33    3.58   422.7    8.2      31.934
2013   11       14    23  42    3.57   422.8    8.2      31.935
2013   11       14    23  51    3.57   422.9    8.2      31.936
2013   11       15     0   1    3.57   423.0    8.2      31.937
2013   11       15     0  10    3.57   423.2    8.1      31.938
2013   11       15     0  20    3.57   423.3    8.1      31.938
2013   11       15     0  29    3.57   423.4    8.1      31.938
2013   11       15     0  38    3.56   423.5    8.1      31.937
2013   11       15     0  48    3.56   423.6    8.1      31.936
2013   11       15     0  57    3.56   423.7    8.1      31.935
2013   11       15     1   7    3.56   423.9    8.1      31.933
2013   11       15     1  16    3.56   424.0    8.1      31.931
2013   11       15     1  25    3.55   424.1    8.1      31.929
2013   11       15     1  35    3.55   424.2    8.1      31.926
2013   11       15     1  44    3.55   424.3    8.1      31.924
2013   11       15     1  53    3.55   424.4    8.1      31.922
2013   11       15     2   3    3.55   424.5    8.0      31.919
2013   11       15     2  12    3.55   424.6    8.0      31.917
2013   11       15     2  21    3.54   424.8    8.0      31.915
2013   11       15     2  31    3.54   424.9    8.0      31.913
2013   11       15     2  40    3.54   425.0    8.0      31.912
2013   11       15     2  49    3.54   425.1    8.0      31.911
2013   11       15     2  59    3.54   425.2    8.0      31.910
2013   11       15     3   8    3.54   425.3    8.0      31.909
2013   11       15     3  17    3.54   425.4    8.0      31.909
2013   11       15     3  27    3.53   425.5    8.0      31.910
2013   11       15     3  36    3.53   425.7    8.0      31.911
2013   11       15     3  45    3.53   425.8    8.0      31.913
2013   11       15     3  55    3.53   425.9    8.0      31.915
2013   11       15     4   4    3.53   426.0    8.0      31.918
2013   11       15     4  14    3.53   426.1    8.0      31.922
2013   11       15     4  23    3.53   426.2    7.9      31.926
2013   11       15     4  32    3.53   426.3    7.9      31.931
2013   11       15     4  42    3.53   426.5    7.9      31.936
2013   11       15     4  51    3.52   426.6    7.9      31.942
2013   11       15     5   1    3.52   426.7    7.9      31.948
2013   11       15     5  10    3.52   426.8    7.9      31.954
2013   11       15     5  19    3.52   426.9    7.9      31.961
2013   11       15     5  29    3.52   427.0    7.9      31.968
2013   11       15     5  38    3.52   427.2    7.9      31.976
2013   11       15     5  48    3.52   427.3    7.9      31.983
2013   11       15     5  57    3.52   427.4    7.9      31.991
2013   11       15     6   7    3.52   427.5    7.9      32.000
2013   11       15     6  16    3.52   427.7    7.9      32.008
2013   11       15     6  25    3.52   427.8    7.9      32.017
2013   11       15     6  35    3.52   427.9    7.9      32.027
2013   11       15     6  44    3.52   428.0    7.9      32.036
2013   11       15     6  54    3.52   428.2    7.9      32.047
2013   11       15     7   3    3.52   428.3    7.9      32.057
2013   11       15     7  13    3.51   428.4    7.9      32.069
2013   11       15     7  22    3.51   428.5    7.9      32.080
2013   11       15     7  32    3.51   428.7    7.9      32.091
2013   11       15     7  41    3.51   428.8    7.8      32.103
2013   11       15     7  50    3.51   428.9    7.8      32.114
2013   11       15     8   0    3.51   429.0    7.8      32.125
2013   11       15     8   9    3.51   429.2    7.8      32.136
2013   11       15     8  18    3.51   429.3    7.8      32.147
2013   11       15     8  28    3.51   429.4    7.8      32.157
2013   11       15     8  37    3.51   429.6    7.8      32.167
2013   11       15     8  47    3.51   429.7    7.8      32.176
2013   11       15     8  56    3.51   429.8    7.8      32.186
2013   11       15     9   5    3.51   429.9    7.8      32.195
2013   11       15     9  15    3.51   430.1    7.8      32.204
2013   11       15     9  24    3.50   430.2    7.8      32.213
2013   11       15     9  33    3.50   430.3    7.8      32.221
2013   11       15     9  43    3.50   430.4    7.8      32.230
2013   11       15     9  52    3.50   430.6    7.8      32.238
2013   11       15    10   1    3.50   430.7    7.8      32.247
2013   11       15    10  11    3.50   430.8    7.7      32.255
2013   11       15    10  20    3.50   430.9    7.7      32.264
2013   11       15    10  29    3.50   431.1    7.7      32.273
2013   11       15    10  39    3.50   431.2    7.7      32.282
2013   11       15    10  48    3.50   431.3    7.7      32.291
2013   11       15    10  57    3.50   431.5    7.7      32.300
2013   11       15    11   7    3.50   431.6    7.7      32.310
2013   11       15    11  16    3.50   431.7    7.7      32.320
2013   11       15    11  26    3.49   431.8    7.7      32.330
2013   11       15    11  35    3.49   432.0    7.7      32.341
2013   11       15    11  44    3.49   432.1    7.7      32.352
2013   11       15    11  54    3.49   432.3    7.7      32.364
2013   11       15    12   3    3.49   432.4    7.7      32.376
2013   11       15    12  13    3.49   432.5    7.7      32.388
2013   11       15    12  22    3.49   432.7    7.7      32.400
2013   11       15    12  31    3.49   432.8    7.7      32.413
2013   11       15    12  41    3.49   432.9    7.7      32.425
2013   11       15    12  50    3.49   433.1    7.7      32.438
2013   11       15    13   0    3.49   433.2    7.6      32.450
2013   11       15    13   9    3.49   433.4    7.6      32.463
2013   11       15    13  19    3.49   433.5    7.6      32.475
2013   11       15    13  28    3.49   433.7    7.6      32.488
2013   11       15    13  37    3.49   433.8    7.6      32.500
2013   11       15    13  47    3.49   433.9    7.6      32.512
2013   11       15    13  56    3.49   434.1    7.6      32.525
2013   11       15    14   6    3.49   434.2    7.6      32.537
2013   11       15    14  15    3.49   434.4    7.6      32.550
2013   11       15    14  25    3.49   434.5    7.6      32.564
2013   11       15    14  34    3.49   434.7    7.6      32.579
2013   11       15    14  43    3.48   434.8    7.6      32.594
2013   11       15    14  53    3.48   435.0    7.6      32.610
2013   11       15    15   2    3.48   435.1    7.6      32.627
2013   11       15    15  12    3.48   435.3    7.6      32.644
2013   11       15    15  21    3.48   435.5    7.6      32.661
2013   11       15    15  30    3.48   435.6    7.6      32.678
2013   11       15    15  40    3.48   435.8    7.6      32.695
2013   11       15    15  49    3.48   435.9    7.6      32.711
2013   11       15    15  58    3.48   436.0    7.6      32.727
2013   11       15    16   8    3.48   436.2    7.5      32.742
2013   11       15    16  17    3.48   436.3    7.5      32.757
2013   11       15    16  27    3.48   436.5    7.5      32.771
2013   11       15    16  36    3.47   436.6    7.5      32.785
2013   11       15    16  45    3.47   436.8    7.5      32.798
2013   11       15    16  55    3.47   436.9    7.5      32.811
2013   11       15    17   4    3.47   437.1    7.5      32.824
2013   11       15    17  13    3.47   437.2    7.5      32.836
2013   11       15    17  23    3.47   437.4    7.5      32.848
2013   11       15    17  32    3.47   437.5    7.5      32.859
2013   11       15    17  41    3.47   437.6    7.5      32.871
2013   11       15    17  51    3.47   437.8    7.5      32.883
2013   11       15    18   0    3.46   437.9    7.5      32.894
2013   11       15    18   9    3.46   438.1    7.5      32.905
2013   11       15    18  19    3.46   438.2    7.4      32.917
2013   11       15    18  28    3.46   438.3    7.4      32.929
2013   11       15    18  38    3.46   438.5    7.4      32.941
2013   11       15    18  47    3.46   438.6    7.4      32.953
2013   11       15    18  56    3.46   438.8    7.4      32.965
2013   11       15    19   6    3.46   438.9    7.4      32.978
2013   11       15    19  15    3.46   439.1    7.4      32.991
2013   11       15    19  25    3.45   439.2    7.4      33.005
2013   11       15    19  34    3.45   439.4    7.4      33.019
2013   11       15    19  43    3.45   439.5    7.4      33.034
2013   11       15    19  53    3.45   439.7    7.4      33.048
2013   11       15    20   2    3.45   439.8    7.4      33.064
2013   11       15    20  12    3.45   440.0    7.4      33.079
2013   11       15    20  21    3.45   440.1    7.4      33.096
2013   11       15    20  31    3.45   440.3    7.4      33.113
2013   11       15    20  40    3.45   440.4    7.3      33.130
2013   11       15    20  50    3.45   440.6    7.3      33.147
2013   11       15    20  59    3.45   440.7    7.3      33.164
2013   11       15    21   8    3.45   440.9    7.3      33.182
2013   11       15    21  18    3.45   441.1    7.3      33.198
2013   11       15    21  27    3.45   441.2    7.3      33.214
2013   11       15    21  37    3.44   441.4    7.3      33.230
2013   11       15    21  46    3.44   441.6    7.3      33.246
2013   11       15    21  56    3.44   441.7    7.3      33.261
2013   11       15    22   5    3.44   441.9    7.3      33.277
2013   11       15    22  15    3.44   442.0    7.3      33.292
2013   11       15    22  24    3.44   442.2    7.3      33.306
2013   11       15    22  34    3.44   442.4    7.3      33.321
2013   11       15    22  43    3.44   442.5    7.3      33.335
2013   11       15    22  52    3.44   442.7    7.3      33.349
2013   11       15    23   2    3.43   442.9    7.3      33.362
2013   11       15    23  11    3.43   443.0    7.3      33.375
2013   11       15    23  21    3.43   443.2    7.2      33.387
2013   11       15    23  30    3.43   443.3    7.2      33.398
2013   11       15    23  40    3.43   443.5    7.2      33.409
2013   11       15    23  49    3.43   443.6    7.2      33.419
2013   11       15    23  58    3.42   443.8    7.2      33.429
2013   11       16     0   8    3.42   444.0    7.2      33.438
2013   11       16     0  17    3.42   444.1    7.2      33.446
2013   11       16     0  27    3.42   444.3    7.2      33.455
2013   11       16     0  36    3.42   444.4    7.2      33.463
2013   11       16     0  45    3.42   444.6    7.2      33.471
2013   11       16     0  55    3.41   444.7    7.2      33.478
2013   11       16     1   4    3.41   444.9    7.2      33.486
2013   11       16     1  13    3.41   445.0    7.2      33.494
2013   11       16     1  23    3.41   445.2    7.1      33.502
2013   11       16     1  32    3.41   445.3    7.1      33.510
2013   11       16     1  42    3.41   445.4    7.1      33.518
2013   11       16     1  51    3.41   445.6    7.1      33.527
2013   11       16     2   0    3.40   445.7    7.1      33.537
2013   11       16     2  10    3.40   445.9    7.1      33.547
2013   11       16     2  19    3.40   446.1    7.1      33.558
2013   11       16     2  29    3.40   446.2    7.1      33.569
2013   11       16     2  38    3.40   446.4    7.1      33.581
2013   11       16     2  47    3.40   446.5    7.1      33.593
2013   11       16     2  57    3.40   446.7    7.1      33.606
2013   11       16     3   6    3.39   446.9    7.1      33.618
2013   11       16     3  16    3.39   447.0    7.1      33.631
2013   11       16     3  25    3.39   447.2    7.0      33.644
2013   11       16     3  34    3.39   447.3    7.0      33.657
2013   11       16     3  44    3.39   447.5    7.0      33.671
2013   11       16     3  53    3.39   447.7    7.0      33.684
2013   11       16     4   3    3.39   447.8    7.0      33.697
2013   11       16     4  12    3.39   448.0    7.0      33.710
2013   11       16     4  22    3.38   448.2    7.0      33.723
2013   11       16     4  31    3.38   448.3    7.0      33.736
2013   11       16     4  41    3.38   448.5    7.0      33.748
2013   11       16     4  50    3.38   448.7    7.0      33.760
2013   11       16     5   0    3.38   448.8    7.0      33.771
2013   11       16     5   9    3.38   449.0    7.0      33.781
2013   11       16     5  19    3.37   449.2    7.0      33.791
2013   11       16     5  28    3.37   449.3    7.0      33.801
2013   11       16     5  38    3.37   449.5    7.0      33.811
2013   11       16     5  47    3.37   449.7    6.9      33.821
2013   11       16     5  56    3.37   449.8    6.9      33.830
2013   11       16     6   6    3.37   450.0    6.9      33.840
2013   11       16     6  15    3.36   450.2    6.9      33.849
2013   11       16     6  25    3.36   450.3    6.9      33.857
2013   11       16     6  34    3.36   450.5    6.9      33.865
2013   11       16     6  44    3.36   450.6    6.9      33.873
2013   11       16     6  53    3.36   450.8    6.9      33.880
2013   11       16     7   2    3.35   451.0    6.9      33.886
2013   11       16     7  12    3.35   451.1    6.9      33.892
2013   11       16     7  21    3.35   451.3    6.9      33.897
2013   11       16     7  31    3.35   451.5    6.9      33.902
2013   11       16     7  40    3.34   451.6    6.8      33.906
2013   11       16     7  49    3.34   451.8    6.8      33.909
2013   11       16     7  59    3.34   451.9    6.8      33.913
2013   11       16     8   8    3.34   452.1    6.8      33.916
2013   11       16     8  17    3.34   452.2    6.8      33.919
2013   11       16     8  27    3.33   452.4    6.8      33.922
2013   11       16     8  36    3.33   452.6    6.8      33.925
2013   11       16     8  46    3.33   452.7    6.8      33.929
2013   11       16     8  55    3.33   452.9    6.8      33.932
2013   11       16     9   4    3.33   453.0    6.8      33.936
2013   11       16     9  14    3.32   453.2    6.8      33.939
2013   11       16     9  23    3.32   453.3    6.8      33.943
2013   11       16     9  32    3.32   453.5    6.8      33.947
2013   11       16     9  42    3.32   453.7    6.7      33.950
2013   11       16     9  51    3.31   453.8    6.7      33.953
2013   11       16    10   1    3.31   454.0    6.7      33.956
2013   11       16    10  10    3.31   454.2    6.7      33.958
2013   11       16    10  20    3.31   454.3    6.7      33.959
2013   11       16    10  29    3.31   454.5    6.7      33.959
2013   11       16    10  38    3.30   454.7    6.7      33.958
2013   11       16    10  48    3.30   454.8    6.7      33.957
2013   11       16    10  57    3.30   455.0    6.7      33.955
2013   11       16    11   7    3.30   455.2    6.7      33.951
2013   11       16    11  16    3.29   455.3    6.7      33.948
2013   11       16    11  26    3.29   455.5    6.6      33.943
2013   11       16    11  35    3.29   455.7    6.6      33.938
2013   11       16    11  45    3.29   455.8    6.6      33.933
2013   11       16    11  54    3.28   456.0    6.6      33.928
2013   11       16    12   4    3.28   456.1    6.6      33.922
2013   11       16    12  13    3.28   456.3    6.6      33.916
2013   11       16    12  22    3.28   456.4    6.6      33.910
2013   11       16    12  32    3.27   456.6    6.6      33.904
2013   11       16    12  41    3.27   456.7    6.6      33.898
2013   11       16    12  51    3.27   456.9    6.6      33.893
2013   11       16    13   0    3.27   457.0    6.5      33.887
2013   11       16    13  10    3.26   457.2    6.5      33.882
2013   11       16    13  19    3.26   457.3    6.5      33.878
2013   11       16    13  29    3.26   457.5    6.5      33.873
2013   11       16    13  38    3.25   457.6    6.5      33.868
2013   11       16    13  47    3.25   457.8    6.5      33.863
2013   11       16    13  57    3.25   457.9    6.5      33.857
2013   11       16    14   6    3.25   458.1    6.5      33.852
2013   11       16    14  16    3.24   458.2    6.5      33.846
2013   11       16    14  25    3.24   458.4    6.5      33.840
2013   11       16    14  34    3.24   458.5    6.5      33.834
2013   11       16    14  44    3.23   458.6    6.4      33.827
2013   11       16    14  53    3.23   458.8    6.4      33.821
2013   11       16    15   3    3.23   458.9    6.4      33.814
2013   11       16    15  12    3.23   459.0    6.4      33.808
2013   11       16    15  21    3.22   459.2    6.4      33.801
2013   11       16    15  31    3.22   459.3    6.4      33.795
2013   11       16    15  40    3.22   459.4    6.4      33.789
2013   11       16    15  49    3.21   459.5    6.4      33.783
2013   11       16    15  59    3.21   459.7    6.4      33.778
2013   11       16    16   8    3.21   459.8    6.4      33.772
2013   11       16    16  18    3.21   459.9    6.4      33.766
2013   11       16    16  27    3.20   460.0    6.4      33.759
2013   11       16    16  36    3.20   460.2    6.3      33.753
2013   11       16    16  46    3.20   460.3    6.3      33.745
2013   11       16    16  55    3.19   460.4    6.3      33.737
2013   11       16    17   4    3.19   460.5    6.3      33.728
2013   11       16    17  14    3.19   460.7    6.3      33.718
2013   11       16    17  23    3.19   460.8    6.3      33.707
2013   11       16    17  33    3.18   460.9    6.3      33.695
2013   11       16    17  42    3.18   461.0    6.3      33.683
2013   11       16    17  52    3.18   461.1    6.3      33.669
2013   11       16    18   1    3.17   461.3    6.3      33.655
2013   11       16    18  11    3.17   461.4    6.3      33.639
2013   11       16    18  20    3.17   461.5    6.2      33.623
2013   11       16    18  29    3.16   461.6    6.2      33.606
2013   11       16    18  39    3.16   461.7    6.2      33.589
2013   11       16    18  48    3.16   461.8    6.2      33.570
2013   11       16    18  58    3.15   461.9    6.2      33.551
2013   11       16    19   7    3.15   462.0    6.2      33.532
2013   11       16    19  17    3.15   462.2    6.2      33.511
2013   11       16    19  26    3.14   462.3    6.2      33.490
2013   11       16    19  36    3.14   462.4    6.2      33.469
2013   11       16    19  45    3.14   462.5    6.2      33.447
2013   11       16    19  55    3.13   462.6    6.1      33.425
2013   11       16    20   4    3.13   462.6    6.1      33.402
2013   11       16    20  14    3.13   462.7    6.1      33.379
2013   11       16    20  23    3.12   462.8    6.1      33.355
2013   11       16    20  32    3.12   462.9    6.1      33.331
2013   11       16    20  42    3.12   463.0    6.1      33.307
2013   11       16    20  51    3.11   463.1    6.1      33.282
2013   11       16    21   1    3.11   463.2    6.1      33.257
2013   11       16    21  10    3.11   463.2    6.1      33.233
2013   11       16    21  19    3.10   463.3    6.1      33.208
2013   11       16    21  29    3.10   463.4    6.0      33.184
2013   11       16    21  38    3.10   463.4    6.0      33.160
2013   11       16    21  48    3.09   463.5    6.0      33.136
2013   11       16    21  57    3.09   463.6    6.0      33.113
2013   11       16    22   6    3.09   463.6    6.0      33.090
2013   11       16    22  16    3.09   463.7    6.0      33.068
2013   11       16    22  25    3.08   463.7    6.0      33.047
2013   11       16    22  34    3.08   463.8    6.0      33.026
2013   11       16    22  44    3.08   463.8    6.0      33.006
2013   11       16    22  53    3.07   463.9    6.0      32.987
2013   11       16    23   3    3.07   463.9    6.0      32.969
2013   11       16    23  12    3.07   464.0    6.0      32.950
2013   11       16    23  21    3.06   464.0    6.0      32.933
2013   11       16    23  31    3.06   464.1    5.9      32.916
2013   11       16    23  40    3.06   464.1    5.9      32.900
2013   11       16    23  49    3.06   464.2    5.9      32.883
2013   11       16    23  59    3.05   464.2    5.9      32.867
2013   11       17     0   8    3.05   464.3    5.9      32.850
2013   11       17     0  18    3.05   464.3    5.9      32.833
2013   11       17     0  27    3.05   464.3    5.9      32.816
2013   11       17     0  36    3.04   464.4    5.9      32.799
2013   11       17     0  46    3.04   464.4    5.9      32.781
2013   11       17     0  55    3.04   464.4    5.9      32.763
2013   11       17     1   5    3.03   464.5    5.9      32.744
2013   11       17     1  14    3.03   464.5    5.9      32.725
2013   11       17     1  24    3.03   464.5    5.9      32.705
2013   11       17     1  33    3.03   464.6    5.9      32.685
2013   11       17     1  43    3.02   464.6    5.9      32.663
2013   11       17     1  52    3.02   464.6    5.9      32.642
2013   11       17     2   1    3.02   464.6    5.8      32.620
2013   11       17     2  11    3.02   464.7    5.8      32.598
2013   11       17     2  20    3.01   464.7    5.8      32.575
2013   11       17     2  30    3.01   464.7    5.8      32.551
2013   11       17     2  39    3.01   464.7    5.8      32.527
2013   11       17     2  49    3.00   464.7    5.8      32.503
2013   11       17     2  58    3.00   464.7    5.8      32.477
2013   11       17     3   8    3.00   464.8    5.8      32.452
2013   11       17     3  17    3.00   464.8    5.8      32.426
2013   11       17     3  27    2.99   464.8    5.8      32.400
2013   11       17     3  36    2.99   464.8    5.8      32.373
2013   11       17     3  45    2.99   464.8    5.8      32.346
2013   11       17     3  55    2.99   464.8    5.8      32.318
2013   11       17     4   4    2.98   464.8    5.8      32.290
2013   11       17     4  14    2.98   464.8    5.8      32.262
2013   11       17     4  23    2.98   464.8    5.7      32.234
2013   11       17     4  33    2.98   464.8    5.7      32.205
2013   11       17     4  42    2.97   464.8    5.7      32.177
2013   11       17     4  51    2.97   464.8    5.7      32.148
2013   11       17     5   1    2.97   464.8    5.7      32.120
2013   11       17     5  10    2.97   464.8    5.7      32.092
2013   11       17     5  19    2.96   464.8    5.7      32.064
2013   11       17     5  29    2.96   464.8    5.7      32.036
2013   11       17     5  38    2.96   464.8    5.7      32.009
2013   11       17     5  48    2.96   464.8    5.7      31.981
2013   11       17     5  57    2.95   464.7    5.7      31.955
2013   11       17     6   6    2.95   464.7    5.7      31.929
2013   11       17     6  16    2.95   464.7    5.7      31.904
2013   11       17     6  25    2.95   464.7    5.7      31.879
2013   11       17     6  34    2.94   464.7    5.7      31.854
2013   11       17     6  44    2.94   464.6    5.7      31.830
2013   11       17     6  53    2.94   464.6    5.6      31.807
2013   11       17     7   3    2.94   464.6    5.6      31.784
2013   11       17     7  12    2.94   464.6    5.6      31.762
2013   11       17     7  21    2.93   464.6    5.6      31.740
2013   11       17     7  31    2.93   464.5    5.6      31.719
2013   11       17     7  40    2.93   464.5    5.6      31.698
2013   11       17     7  50    2.93   464.5    5.6      31.677
2013   11       17     7  59    2.93   464.4    5.6      31.657
2013   11       17     8   8    2.92   464.4    5.6      31.637
2013   11       17     8  18    2.92   464.4    5.6      31.617
2013   11       17     8  27    2.92   464.3    5.6      31.598
2013   11       17     8  37    2.92   464.3    5.6      31.579
2013   11       17     8  46    2.92   464.2    5.6      31.560
2013   11       17     8  56    2.91   464.2    5.6      31.541
2013   11       17     9   5    2.91   464.1    5.6      31.522
2013   11       17     9  15    2.91   464.1    5.6      31.503
2013   11       17     9  24    2.91   464.1    5.6      31.485
2013   11       17     9  33    2.91   464.0    5.6      31.466
2013   11       17     9  43    2.91   463.9    5.6      31.447
2013   11       17     9  52    2.90   463.9    5.6      31.428
2013   11       17    10   2    2.90   463.8    5.6      31.409
2013   11       17    10  11    2.90   463.8    5.6      31.390
2013   11       17    10  21    2.90   463.7    5.6      31.371
2013   11       17    10  30    2.90   463.7    5.6      31.352
2013   11       17    10  40    2.90   463.6    5.6      31.333
2013   11       17    10  49    2.90   463.6    5.6      31.313
2013   11       17    10  58    2.89   463.5    5.6      31.294
2013   11       17    11   8    2.89   463.5    5.6      31.274
2013   11       17    11  17    2.89   463.4    5.6      31.253
2013   11       17    11  27    2.89   463.4    5.6      31.232
2013   11       17    11  36    2.89   463.3    5.6      31.211
2013   11       17    11  46    2.89   463.3    5.6      31.189
2013   11       17    11  55    2.88   463.3    5.5      31.167
2013   11       17    12   4    2.88   463.2    5.5      31.144
2013   11       17    12  14    2.88   463.2    5.5      31.121
2013   11       17    12  23    2.88   463.1    5.5      31.098
2013   11       17    12  32    2.88   463.1    5.5      31.074
2013   11       17    12  42    2.88   463.0    5.5      31.050
2013   11       17    12  51    2.87   463.0    5.5      31.027
2013   11       17    13   1    2.87   462.9    5.5      31.002
2013   11       17    13  10    2.87   462.9    5.5      30.978
2013   11       17    13  19    2.87   462.8    5.5      30.954
2013   11       17    13  29    2.87   462.8    5.5      30.930
2013   11       17    13  38    2.87   462.7    5.5      30.906
2013   11       17    13  47    2.86   462.7    5.5      30.882
2013   11       17    13  57    2.86   462.6    5.5      30.858
2013   11       17    14   6    2.86   462.6    5.5      30.835
2013   11       17    14  15    2.86   462.5    5.5      30.811
2013   11       17    14  25    2.86   462.4    5.5      30.789
2013   11       17    14  34    2.86   462.4    5.5      30.766
2013   11       17    14  44    2.85   462.3    5.5      30.744
2013   11       17    14  53    2.85   462.3    5.5      30.723
2013   11       17    15   2    2.85   462.2    5.5      30.702
2013   11       17    15  12    2.85   462.1    5.5      30.681
2013   11       17    15  21    2.85   462.1    5.5      30.661
2013   11       17    15  31    2.85   462.0    5.5      30.642
2013   11       17    15  40    2.85   461.9    5.5      30.623
2013   11       17    15  50    2.84   461.9    5.5      30.605
2013   11       17    15  59    2.84   461.8    5.5      30.587
2013   11       17    16   9    2.84   461.7    5.5      30.569
2013   11       17    16  18    2.84   461.7    5.5      30.552
2013   11       17    16  27    2.84   461.6    5.5      30.535
2013   11       17    16  37    2.84   461.5    5.5      30.519
2013   11       17    16  46    2.84   461.4    5.5      30.503
2013   11       17    16  56    2.84   461.4    5.5      30.488
2013   11       17    17   5    2.84   461.3    5.5      30.472
2013   11       17    17  15    2.83   461.2    5.5      30.457
2013   11       17    17  24    2.83   461.1    5.5      30.442
2013   11       17    17  34    2.83   461.1    5.5      30.428
2013   11       17    17  43    2.83   461.0    5.5      30.414
2013   11       17    17  52    2.83   460.9    5.5      30.400
2013   11       17    18   2    2.83   460.8    5.5      30.385
2013   11       17    18  11    2.83   460.8    5.5      30.371
2013   11       17    18  21    2.83   460.7    5.5      30.357
2013   11       17    18  30    2.83   460.6    5.5      30.343
2013   11       17    18  40    2.83   460.6    5.5      30.328
2013   11       17    18  49    2.83   460.5    5.5      30.313
2013   11       17    18  58    2.82   460.4    5.5      30.297
2013   11       17    19   8    2.82   460.4    5.5      30.281
2013   11       17    19  17    2.82   460.3    5.5      30.265
2013   11       17    19  26    2.82   460.2    5.5      30.248
2013   11       17    19  36    2.82   460.2    5.5      30.231
2013   11       17    19  45    2.82   460.1    5.5      30.214
2013   11       17    19  55    2.82   460.0    5.5      30.197
2013   11       17    20   4    2.82   460.0    5.5      30.179
2013   11       17    20  13    2.82   459.9    5.5      30.162
2013   11       17    20  23    2.81   459.8    5.4      30.144
2013   11       17    20  32    2.81   459.8    5.4      30.125
2013   11       17    20  41    2.81   459.7    5.4      30.107
2013   11       17    20  51    2.81   459.6    5.4      30.088
2013   11       17    21   0    2.81   459.6    5.4      30.070
2013   11       17    21  10    2.81   459.5    5.4      30.051
2013   11       17    21  19    2.81   459.4    5.4      30.032
2013   11       17    21  28    2.81   459.4    5.4      30.014
2013   11       17    21  38    2.80   459.3    5.4      29.995
2013   11       17    21  47    2.80   459.2    5.4      29.976
2013   11       17    21  56    2.80   459.2    5.4      29.958
2013   11       17    22   6    2.80   459.1    5.4      29.940
2013   11       17    22  15    2.80   459.0    5.4      29.922
2013   11       17    22  25    2.80   459.0    5.4      29.905
2013   11       17    22  34    2.80   458.9    5.4      29.888
2013   11       17    22  44    2.80   458.8    5.4      29.871
2013   11       17    22  53    2.80   458.7    5.4      29.854
2013   11       17    23   2    2.80   458.7    5.4      29.838
2013   11       17    23  12    2.79   458.6    5.4      29.822
2013   11       17    23  21    2.79   458.5    5.4      29.807
2013   11       17    23  31    2.79   458.5    5.4      29.792
2013   11       17    23  40    2.79   458.4    5.4      29.777
2013   11       17    23  50    2.79   458.3    5.4      29.762
2013   11       17    23  59    2.79   458.3    5.4      29.748
2013   11       18     0   9    2.79   458.2    5.4      29.734
2013   11       18     0  18    2.79   458.1    5.4      29.720
2013   11       18     0  27    2.79   458.1    5.4      29.706
2013   11       18     0  37    2.79   458.0    5.4      29.692
2013   11       18     0  46    2.79   457.9    5.4      29.678
2013   11       18     0  56    2.79   457.9    5.4      29.664
2013   11       18     1   5    2.79   457.8    5.4      29.650
2013   11       18     1  15    2.78   457.7    5.4      29.636
2013   11       18     1  24    2.78   457.7    5.4      29.622
2013   11       18     1  34    2.78   457.6    5.4      29.607
2013   11       18     1  43    2.78   457.5    5.4      29.593
2013   11       18     1  52    2.78   457.5    5.4      29.578
2013   11       18     2   2    2.78   457.4    5.4      29.563
2013   11       18     2  11    2.78   457.3    5.4      29.548
2013   11       18     2  21    2.78   457.3    5.4      29.533
2013   11       18     2  30    2.78   457.2    5.4      29.517
2013   11       18     2  39    2.78   457.1    5.4      29.501
2013   11       18     2  49    2.78   457.1    5.4      29.485
2013   11       18     2  58    2.78   457.0    5.4      29.469
2013   11       18     3   7    2.77   456.9    5.4      29.452
2013   11       18     3  17    2.77   456.8    5.4      29.436
2013   11       18     3  26    2.77   456.8    5.4      29.419
2013   11       18     3  35    2.77   456.7    5.4      29.402
2013   11       18     3  45    2.77   456.6    5.4      29.385
2013   11       18     3  54    2.77   456.6    5.4      29.367
2013   11       18     4   4    2.77   456.5    5.4      29.350
2013   11       18     4  13    2.77   456.4    5.4      29.332
2013   11       18     4  22    2.77   456.3    5.4      29.314
2013   11       18     4  32    2.77   456.3    5.4      29.296
2013   11       18     4  41    2.77   456.2    5.4      29.279
2013   11       18     4  50    2.76   456.1    5.4      29.261
2013   11       18     5   0    2.76   456.0    5.4      29.243
2013   11       18     5   9    2.76   456.0    5.4      29.226
2013   11       18     5  19    2.76   455.9    5.4      29.209
2013   11       18     5  28    2.76   455.8    5.4      29.192
2013   11       18     5  37    2.76   455.7    5.4      29.175
2013   11       18     5  47    2.76   455.7    5.4      29.159
2013   11       18     5  56    2.76   455.6    5.4      29.143
2013   11       18     6   6    2.76   455.5    5.4      29.127
2013   11       18     6  15    2.76   455.4    5.4      29.112
2013   11       18     6  25    2.76   455.4    5.4      29.097
2013   11       18     6  34    2.75   455.3    5.4      29.082
2013   11       18     6  43    2.75   455.2    5.4      29.067
2013   11       18     6  53    2.75   455.2    5.4      29.053
2013   11       18     7   2    2.75   455.1    5.4      29.039
2013   11       18     7  12    2.75   455.0    5.4      29.025
2013   11       18     7  21    2.75   455.0    5.4      29.012
2013   11       18     7  31    2.75   454.9    5.4      28.998
2013   11       18     7  40    2.75   454.8    5.4      28.985
2013   11       18     7  50    2.75   454.8    5.4      28.973
2013   11       18     7  59    2.75   454.7    5.4      28.960
2013   11       18     8   9    2.75   454.6    5.4      28.948
2013   11       18     8  18    2.75   454.6    5.4      28.936
2013   11       18     8  27    2.75   454.5    5.4      28.923
2013   11       18     8  37    2.75   454.4    5.4      28.912
2013   11       18     8  46    2.74   454.4    5.4      28.900
2013   11       18     8  56    2.74   454.3    5.4      28.888
2013   11       18     9   5    2.74   454.3    5.4      28.877
2013   11       18     9  14    2.74   454.2    5.4      28.865
2013   11       18     9  24    2.74   454.1    5.4      28.853
2013   11       18     9  33    2.74   454.1    5.4      28.841
2013   11       18     9  43    2.74   454.0    5.4      28.829
2013   11       18     9  52    2.74   454.0    5.4      28.817
2013   11       18    10   1    2.74   453.9    5.4      28.804
2013   11       18    10  11    2.74   453.8    5.4      28.791
2013   11       18    10  20    2.74   453.8    5.4      28.778
2013   11       18    10  29    2.74   453.7    5.4      28.765
2013   11       18    10  39    2.73   453.7    5.4      28.750
2013   11       18    10  48    2.73   453.6    5.4      28.736
2013   11       18    10  58    2.73   453.5    5.4      28.721
2013   11       18    11   7    2.73   453.5    5.4      28.707
2013   11       18    11  16    2.73   453.4    5.4      28.691
2013   11       18    11  26    2.73   453.3    5.4      28.676
2013   11       18    11  35    2.73   453.2    5.4      28.659
2013   11       18    11  44    2.73   453.2    5.4      28.643
2013   11       18    11  54    2.73   453.1    5.4      28.627
2013   11       18    12   3    2.73   453.0    5.4      28.610
2013   11       18    12  13    2.72   453.0    5.4      28.593
2013   11       18    12  22    2.72   452.9    5.4      28.576
2013   11       18    12  31    2.72   452.8    5.3      28.559
2013   11       18    12  41    2.72   452.7    5.3      28.542
2013   11       18    12  50    2.72   452.7    5.3      28.525
2013   11       18    13   0    2.72   452.6    5.3      28.508
2013   11       18    13   9    2.72   452.5    5.3      28.491
2013   11       18    13  18    2.72   452.4    5.3      28.474
2013   11       18    13  28    2.72   452.4    5.3      28.456
2013   11       18    13  37    2.72   452.3    5.3      28.440
2013   11       18    13  47    2.71   452.2    5.3      28.423
2013   11       18    13  56    2.71   452.1    5.3      28.406
2013   11       18    14   6    2.71   452.1    5.3      28.389
2013   11       18    14  15    2.71   452.0    5.3      28.373
2013   11       18    14  25    2.71   451.9    5.3      28.356
2013   11       18    14  34    2.71   451.8    5.3      28.340
2013   11       18    14  43    2.71   451.8    5.3      28.324
2013   11       18    14  53    2.71   451.7    5.3      28.309
2013   11       18    15   2    2.71   451.6    5.3      28.293
2013   11       18    15  12    2.70   451.6    5.3      28.278
2013   11       18    15  21    2.70   451.5    5.3      28.263
2013   11       18    15  31    2.70   451.4    5.3      28.249
2013   11       18    15  40    2.70   451.3    5.3      28.234
2013   11       18    15  50    2.70   451.3    5.3      28.220
2013   11       18    15  59    2.70   451.2    5.3      28.206
2013   11       18    16   8    2.70   451.1    5.3      28.193
2013   11       18    16  18    2.70   451.1    5.3      28.179
2013   11       18    16  27    2.70   451.0    5.3      28.166
2013   11       18    16  37    2.70   450.9    5.3      28.153
2013   11       18    16  46    2.69   450.9    5.3      28.140
2013   11       18    16  55    2.69   450.8    5.3      28.127
2013   11       18    17   5    2.69   450.7    5.3      28.115
2013   11       18    17  14    2.69   450.7    5.3      28.102
2013   11       18    17  23    2.69   450.6    5.3      28.089
2013   11       18    17  33    2.69   450.5    5.3      28.076
2013   11       18    17  42    2.69   450.5    5.3      28.063
2013   11       18    17  51    2.69   450.4    5.3      28.049
2013   11       18    18   1    2.68   450.3    5.3      28.035
2013   11       18    18  10    2.68   450.3    5.3      28.021
2013   11       18    18  19    2.68   450.2    5.3      28.008
2013   11       18    18  29    2.68   450.1    5.3      27.993
2013   11       18    18  38    2.68   450.1    5.3      27.979
2013   11       18    18  48    2.68   450.0    5.3      27.964
2013   11       18    18  57    2.68   449.9    5.3      27.949
2013   11       18    19   6    2.68   449.9    5.3      27.933
2013   11       18    19  16    2.67   449.8    5.3      27.918
2013   11       18    19  25    2.67   449.7    5.3      27.902
2013   11       18    19  35    2.67   449.6    5.3      27.885
2013   11       18    19  44    2.67   449.6    5.3      27.869
2013   11       18    19  53    2.67   449.5    5.3      27.852
2013   11       18    20   3    2.67   449.4    5.3      27.835
2013   11       18    20  12    2.67   449.4    5.3      27.818
2013   11       18    20  22    2.66   449.3    5.3      27.800
2013   11       18    20  31    2.66   449.2    5.3      27.782
2013   11       18    20  40    2.66   449.1    5.3      27.764
2013   11       18    20  50    2.66   449.0    5.3      27.746
2013   11       18    20  59    2.66   449.0    5.3      27.727
2013   11       18    21   9    2.66   448.9    5.3      27.708
2013   11       18    21  18    2.65   448.8    5.3      27.689
2013   11       18    21  28    2.65   448.7    5.3      27.670
2013   11       18    21  37    2.65   448.7    5.3      27.650
2013   11       18    21  46    2.65   448.6    5.3      27.631
2013   11       18    21  56    2.65   448.5    5.3      27.611
2013   11       18    22   5    2.65   448.4    5.3      27.591
2013   11       18    22  15    2.64   448.3    5.3      27.571
2013   11       18    22  24    2.64   448.2    5.3      27.551
2013   11       18    22  34    2.64   448.1    5.3      27.531
2013   11       18    22  43    2.64   448.1    5.3      27.511
2013   11       18    22  53    2.64   448.0    5.3      27.490
2013   11       18    23   2    2.63   447.9    5.3      27.470
2013   11       18    23  11    2.63   447.8    5.3      27.449
2013   11       18    23  21    2.63   447.7    5.3      27.428
2013   11       18    23  30    2.63   447.6    5.3      27.407
2013   11       18    23  40    2.63   447.5    5.3      27.386
2013   11       18    23  49    2.62   447.4    5.3      27.365
2013   11       18    23  58    2.62   447.3    5.2      27.344
2013   11       19     0   8    2.62   447.2    5.2      27.323
2013   11       19     0  17    2.62   447.2    5.2      27.301
2013   11       19     0  26    2.62   447.1    5.2      27.280
2013   11       19     0  36    2.61   447.0    5.2      27.258
2013   11       19     0  45    2.61   446.9    5.2      27.237
2013   11       19     0  55    2.61   446.8    5.2      27.215
2013   11       19     1   4    2.61   446.7    5.2      27.193
2013   11       19     1  13    2.61   446.6    5.2      27.171
2013   11       19     1  23    2.60   446.5    5.2      27.148
2013   11       19     1  32    2.60   446.4    5.2      27.126
2013   11       19     1  41    2.60   446.3    5.2      27.103
2013   11       19     1  51    2.60   446.2    5.2      27.080
2013   11       19     2   0    2.60   446.1    5.2      27.057
2013   11       19     2   9    2.59   446.0    5.2      27.034
2013   11       19     2  19    2.59   445.9    5.2      27.010
2013   11       19     2  28    2.59   445.8    5.2      26.987
2013   11       19     2  38    2.59   445.7    5.2      26.963
2013   11       19     2  47    2.58   445.6    5.2      26.939
2013   11       19     2  56    2.58   445.5    5.2      26.915
2013   11       19     3   6    2.58   445.4    5.2      26.892
2013   11       19     3  15    2.58   445.3    5.2      26.867
2013   11       19     3  25    2.57   445.2    5.2      26.844
2013   11       19     3  34    2.57   445.0    5.2      26.819
2013   11       19     3  43    2.57   444.9    5.2      26.795
2013   11       19     3  53    2.57   444.8    5.2      26.771
2013   11       19     4   2    2.57   444.7    5.2      26.747
2013   11       19     4  12    2.56   444.6    5.2      26.723
2013   11       19     4  21    2.56   444.5    5.2      26.699
2013   11       19     4  31    2.56   444.4    5.2      26.675
2013   11       19     4  40    2.56   444.3    5.2      26.651
2013   11       19     4  49    2.55   444.1    5.2      26.627
2013   11       19     4  59    2.55   444.0    5.2      26.603
2013   11       19     5   8    2.55   443.9    5.2      26.578
2013   11       19     5  18    2.55   443.8    5.2      26.553
2013   11       19     5  27    2.54   443.7    5.2      26.528
2013   11       19     5  37    2.54   443.5    5.2      26.502
2013   11       19     5  46    2.54   443.4    5.2      26.476
2013   11       19     5  56    2.54   443.3    5.2      26.450
2013   11       19     6   5    2.53   443.2    5.1      26.422
2013   11       19     6  14    2.53   443.0    5.1      26.395
2013   11       19     6  24    2.53   442.9    5.1      26.367
2013   11       19     6  33    2.53   442.7    5.1      26.339
2013   11       19     6  43    2.52   442.6    5.1      26.310
2013   11       19     6  52    2.52   442.5    5.1      26.281
2013   11       19     7   1    2.52   442.3    5.1      26.252
2013   11       19     7  11    2.51   442.2    5.1      26.222
2013   11       19     7  20    2.51   442.0    5.1      26.191
2013   11       19     7  29    2.51   441.9    5.1      26.161
2013   11       19     7  39    2.51   441.7    5.1      26.129
2013   11       19     7  48    2.50   441.6    5.1      26.098
2013   11       19     7  58    2.50   441.4    5.1      26.066
2013   11       19     8   7    2.50   441.3    5.1      26.034
2013   11       19     8  16    2.50   441.1    5.1      26.001
2013   11       19     8  26    2.49   441.0    5.1      25.968
2013   11       19     8  35    2.49   440.8    5.1      25.934
2013   11       19     8  44    2.49   440.7    5.1      25.901
2013   11       19     8  54    2.48   440.5    5.1      25.867
2013   11       19     9   3    2.48   440.3    5.1      25.833
2013   11       19     9  12    2.48   440.2    5.1      25.798
2013   11       19     9  22    2.48   440.0    5.1      25.764
2013   11       19     9  31    2.47   439.8    5.1      25.729
2013   11       19     9  40    2.47   439.7    5.1      25.694
2013   11       19     9  50    2.47   439.5    5.1      25.659
2013   11       19     9  59    2.46   439.3    5.1      25.624
2013   11       19    10   9    2.46   439.2    5.1      25.589
2013   11       19    10  18    2.46   439.0    5.1      25.554
2013   11       19    10  28    2.46   438.8    5.1      25.520
2013   11       19    10  37    2.45   438.6    5.1      25.485
2013   11       19    10  46    2.45   438.4    5.1      25.451
2013   11       19    10  56    2.45   438.3    5.1      25.418
2013   11       19    11   5    2.44   438.1    5.1      25.384
2013   11       19    11  15    2.44   437.9    5.0      25.351
2013   11       19    11  24    2.44   437.7    5.0      25.318
2013   11       19    11  33    2.44   437.5    5.0      25.285
2013   11       19    11  43    2.43   437.3    5.0      25.253
2013   11       19    11  52    2.43   437.2    5.0      25.222
2013   11       19    12   2    2.43   437.0    5.0      25.190
2013   11       19    12  11    2.43   436.8    5.0      25.159
2013   11       19    12  21    2.42   436.6    5.0      25.129
2013   11       19    12  30    2.42   436.4    5.0      25.098
2013   11       19    12  40    2.42   436.2    5.0      25.068
2013   11       19    12  49    2.42   436.0    5.0      25.039
2013   11       19    12  58    2.41   435.7    5.0      25.010
2013   11       19    13   8    2.41   435.5    5.0      24.981
2013   11       19    13  17    2.41   435.3    5.0      24.952
2013   11       19    13  27    2.41   435.1    5.0      24.923
2013   11       19    13  36    2.40   434.9    5.0      24.893
2013   11       19    13  46    2.40   434.7    5.0      24.863
2013   11       19    13  55    2.40   434.5    5.0      24.833
2013   11       19    14   4    2.40   434.3    5.0      24.802
2013   11       19    14  14    2.39   434.1    5.0      24.770
2013   11       19    14  23    2.39   433.9    5.0      24.737
2013   11       19    14  32    2.39   433.7    5.0      24.704
2013   11       19    14  42    2.39   433.5    5.0      24.670
2013   11       19    14  51    2.38   433.3    5.0      24.634
2013   11       19    15   0    2.38   433.1    5.0      24.599
2013   11       19    15  10    2.38   432.8    5.0      24.562
2013   11       19    15  19    2.37   432.6    5.0      24.525
2013   11       19    15  29    2.37   432.4    5.0      24.487
2013   11       19    15  38    2.37   432.2    5.0      24.449
2013   11       19    15  47    2.37   432.0    5.0      24.410
2013   11       19    15  57    2.36   431.8    5.0      24.371
2013   11       19    16   6    2.36   431.6    5.0      24.331
2013   11       19    16  15    2.36   431.3    5.0      24.291
2013   11       19    16  25    2.36   431.1    5.0      24.250
2013   11       19    16  34    2.35   430.9    5.0      24.210
2013   11       19    16  43    2.35   430.7    5.0      24.168
2013   11       19    16  53    2.35   430.4    5.0      24.127
2013   11       19    17   2    2.35   430.2    5.0      24.086
2013   11       19    17  12    2.34   430.0    5.0      24.045
2013   11       19    17  21    2.34   429.7    5.0      24.003
2013   11       19    17  30    2.34   429.5    5.0      23.962
2013   11       19    17  40    2.34   429.3    5.0      23.920
2013   11       19    17  49    2.33   429.0    5.0      23.879
2013   11       19    17  59    2.33   428.8    5.0      23.838
2013   11       19    18   8    2.33   428.6    5.0      23.797
2013   11       19    18  17    2.33   428.3    5.0      23.756
2013   11       19    18  27    2.32   428.1    5.0      23.716
2013   11       19    18  36    2.32   427.8    5.0      23.676
2013   11       19    18  46    2.32   427.6    5.0      23.637
2013   11       19    18  55    2.32   427.3    5.0      23.598
2013   11       19    19   5    2.31   427.1    5.0      23.559
2013   11       19    19  14    2.31   426.8    5.0      23.521
2013   11       19    19  23    2.31   426.6    5.0      23.484
2013   11       19    19  33    2.31   426.3    5.0      23.447
2013   11       19    19  42    2.31   426.1    5.0      23.410
2013   11       19    19  52    2.30   425.8    5.0      23.374
2013   11       19    20   1    2.30   425.6    5.0      23.340
2013   11       19    20  11    2.30   425.3    5.0      23.305
2013   11       19    20  20    2.30   425.1    5.0      23.271
2013   11       19    20  30    2.30   424.8    5.0      23.237
2013   11       19    20  39    2.29   424.6    5.0      23.204
2013   11       19    20  48    2.29   424.3    5.0      23.170
2013   11       19    20  58    2.29   424.0    5.0      23.137
2013   11       19    21   7    2.29   423.8    5.0      23.103
2013   11       19    21  17    2.29   423.5    5.0      23.070
2013   11       19    21  26    2.28   423.3    5.0      23.036
2013   11       19    21  35    2.28   423.0    5.0      23.001
2013   11       19    21  45    2.28   422.7    5.0      22.967
2013   11       19    21  54    2.28   422.5    5.0      22.932
2013   11       19    22   3    2.28   422.2    5.0      22.897
2013   11       19    22  13    2.27   422.0    5.0      22.862
2013   11       19    22  22    2.27   421.7    5.0      22.826
2013   11       19    22  31    2.27   421.4    5.0      22.791
2013   11       19    22  41    2.27   421.1    5.0      22.755
2013   11       19    22  50    2.27   420.9    5.0      22.720
2013   11       19    22  59    2.27   420.6    5.0      22.684
2013   11       19    23   9    2.26   420.3    5.0      22.649
2013   11       19    23  18    2.26   420.0    5.0      22.614
2013   11       19    23  27    2.26   419.8    5.0      22.579
2013   11       19    23  37    2.26   419.5    5.0      22.544
2013   11       19    23  46    2.26   419.2    5.0      22.509
2013   11       19    23  56    2.26   418.9    5.0      22.474
2013   11       20     0   5    2.26   418.6    5.0      22.440
2013   11       20     0  14    2.25   418.4    5.0      22.405
2013   11       20     0  24    2.25   418.1    5.0      22.370
2013   11       20     0  33    2.25   417.8    5.0      22.334
2013   11       20     0  42    2.25   417.5    5.0      22.299
2013   11       20     0  52    2.25   417.2    5.0      22.263
2013   11       20     1   1    2.25   416.9    5.0      22.227
2013   11       20     1  11    2.25   416.6    5.0      22.191
2013   11       20     1  20    2.25   416.3    5.0      22.154
2013   11       20     1  29    2.24   416.0    5.0      22.117
2013   11       20     1  39    2.24   415.7    5.0      22.080
2013   11       20     1  48    2.24   415.4    5.0      22.043
2013   11       20     1  58    2.24   415.1    5.0      22.005
2013   11       20     2   7    2.24   414.8    5.0      21.967
2013   11       20     2  17    2.24   414.5    5.0      21.929
2013   11       20     2  26    2.24   414.2    5.0      21.891
2013   11       20     2  35    2.24   413.9    5.0      21.853
2013   11       20     2  45    2.23   413.6    5.0      21.814
2013   11       20     2  54    2.23   413.3    5.0      21.775
2013   11       20     3   4    2.23   413.0    5.0      21.736
2013   11       20     3  13    2.23   412.7    5.0      21.697
2013   11       20     3  23    2.23   412.4    5.0      21.658
2013   11       20     3  32    2.23   412.1    5.0      21.619
2013   11       20     3  42    2.23   411.8    5.0      21.580
2013   11       20     3  51    2.23   411.4    5.0      21.541
2013   11       20     4   0    2.23   411.1    5.0      21.501
2013   11       20     4  10    2.22   410.8    5.0      21.462
2013   11       20     4  19    2.22   410.5    5.0      21.423
2013   11       20     4  29    2.22   410.2    5.0      21.385
2013   11       20     4  38    2.22   409.8    5.0      21.346
2013   11       20     4  47    2.22   409.5    5.0      21.308
2013   11       20     4  57    2.22   409.2    5.0      21.270
2013   11       20     5   6    2.22   408.9    5.0      21.232
2013   11       20     5  15    2.22   408.5    5.0      21.195
2013   11       20     5  25    2.22   408.2    5.0      21.159
2013   11       20     5  34    2.22   407.9    5.0      21.123
2013   11       20     5  43    2.22   407.5    5.0      21.087
2013   11       20     5  53    2.22   407.2    5.0      21.053
2013   11       20     6   2    2.22   406.9    5.0      21.019
2013   11       20     6  11    2.22   406.5    5.0      20.985
2013   11       20     6  21    2.22   406.2    5.0      20.953
2013   11       20     6  30    2.22   405.8    5.0      20.922
2013   11       20     6  39    2.22   405.5    5.1      20.891
2013   11       20     6  49    2.22   405.2    5.1      20.861
2013   11       20     6  58    2.22   404.8    5.1      20.833
2013   11       20     7   7    2.22   404.5    5.1      20.805
2013   11       20     7  17    2.22   404.1    5.1      20.778
2013   11       20     7  26    2.22   403.8    5.1      20.752
2013   11       20     7  35    2.22   403.5    5.1      20.726
2013   11       20     7  45    2.22   403.1    5.1      20.701
2013   11       20     7  54    2.22   402.8    5.1      20.677
2013   11       20     8   4    2.22   402.4    5.1      20.653
2013   11       20     8  13    2.22   402.1    5.1      20.630
2013   11       20     8  22    2.22   401.7    5.1      20.606
2013   11       20     8  32    2.22   401.4    5.2      20.583
2013   11       20     8  41    2.23   401.0    5.2      20.560
2013   11       20     8  51    2.23   400.6    5.2      20.538
2013   11       20     9   0    2.23   400.3    5.2      20.515
2013   11       20     9   9    2.23   399.9    5.2      20.493
2013   11       20     9  19    2.23   399.6    5.2      20.471
2013   11       20     9  28    2.23   399.2    5.2      20.449
2013   11       20     9  38    2.23   398.8    5.2      20.428
2013   11       20     9  47    2.24   398.5    5.2      20.406
2013   11       20     9  57    2.24   398.1    5.3      20.385
2013   11       20    10   6    2.24   397.7    5.3      20.364
2013   11       20    10  16    2.24   397.4    5.3      20.343
2013   11       20    10  25    2.24   397.0    5.3      20.322
2013   11       20    10  34    2.25   396.6    5.3      20.302
2013   11       20    10  44    2.25   396.3    5.3      20.281
2013   11       20    10  53    2.25   395.9    5.3      20.261
2013   11       20    11   3    2.25   395.6    5.3      20.241
2013   11       20    11  12    2.26   395.2    5.4      20.220
2013   11       20    11  22    2.26   394.8    5.4      20.200
2013   11       20    11  31    2.26   394.5    5.4      20.180
2013   11       20    11  40    2.27   394.1    5.4      20.160
2013   11       20    11  50    2.27   393.8    5.4      20.140
2013   11       20    11  59    2.27   393.4    5.4      20.120
2013   11       20    12   8    2.27   393.0    5.4      20.100
2013   11       20    12  18    2.28   392.7    5.4      20.080
2013   11       20    12  27    2.28   392.3    5.5      20.060
2013   11       20    12  37    2.28   392.0    5.5      20.040
2013   11       20    12  46    2.29   391.6    5.5      20.020
2013   11       20    12  55    2.29   391.3    5.5      20.000
2013   11       20    13   5    2.29   390.9    5.5      19.981
2013   11       20    13  14    2.30   390.5    5.5      19.961
2013   11       20    13  23    2.30   390.2    5.5      19.942
2013   11       20    13  33    2.31   389.8    5.6      19.924
2013   11       20    13  42    2.31   389.5    5.6      19.906
2013   11       20    13  51    2.31   389.1    5.6      19.888
2013   11       20    14   1    2.32   388.7    5.6      19.872
2013   11       20    14  10    2.32   388.4    5.6      19.856
2013   11       20    14  19    2.33   388.0    5.6      19.842
2013   11       20    14  29    2.33   387.7    5.6      19.828
2013   11       20    14  38    2.34   387.3    5.7      19.816
2013   11       20    14  47    2.34   387.0    5.7      19.805
2013   11       20    14  57    2.35   386.6    5.7      19.796
2013   11       20    15   6    2.35   386.2    5.7      19.789
2013   11       20    15  16    2.36   385.9    5.7      19.783
2013   11       20    15  25    2.37   385.5    5.8      19.778
2013   11       20    15  34    2.37   385.2    5.8      19.776
2013   11       20    15  44    2.38   384.9    5.8      19.776
2013   11       20    15  53    2.39   384.5    5.8      19.777
2013   11       20    16   3    2.39   384.2    5.9      19.780
2013   11       20    16  12    2.40   383.9    5.9      19.785
2013   11       20    16  21    2.41   383.5    5.9      19.792
2013   11       20    16  31    2.42   383.2    6.0      19.801
2013   11       20    16  40    2.42   382.9    6.0      19.811
2013   11       20    16  50    2.43   382.6    6.0      19.823
2013   11       20    16  59    2.44   382.3    6.1      19.837
2013   11       20    17   9    2.45   382.0    6.1      19.852
2013   11       20    17  18    2.46   381.7    6.1      19.868
2013   11       20    17  27    2.47   381.4    6.2      19.886
2013   11       20    17  37    2.48   381.1    6.2      19.905
2013   11       20    17  46    2.49   380.9    6.2      19.925
2013   11       20    17  56    2.50   380.6    6.3      19.946
2013   11       20    18   5    2.51   380.3    6.3      19.969
2013   11       20    18  15    2.52   380.1    6.3      19.992
2013   11       20    18  24    2.53   379.8    6.4      20.016
2013   11       20    18  33    2.54   379.6    6.4      20.041
2013   11       20    18  43    2.55   379.3    6.4      20.067
2013   11       20    18  52    2.56   379.1    6.5      20.094
2013   11       20    19   2    2.57   378.9    6.5      20.121
2013   11       20    19  11    2.58   378.6    6.5      20.149
2013   11       20    19  20    2.59   378.4    6.6      20.179
2013   11       20    19  30    2.60   378.2    6.6      20.208
2013   11       20    19  39    2.61   378.0    6.6      20.239
2013   11       20    19  48    2.62   377.8    6.7      20.271
2013   11       20    19  58    2.63   377.5    6.7      20.303
2013   11       20    20   7    2.64   377.3    6.8      20.337
2013   11       20    20  16    2.65   377.1    6.8      20.371
2013   11       20    20  26    2.66   376.9    6.8      20.406
2013   11       20    20  35    2.67   376.7    6.9      20.442
2013   11       20    20  44    2.69   376.5    6.9      20.479
2013   11       20    20  54    2.70   376.3    6.9      20.517
2013   11       20    21   3    2.71   376.2    7.0      20.556
2013   11       20    21  13    2.72   376.0    7.0      20.596
2013   11       20    21  22    2.73   375.8    7.0      20.637
2013   11       20    21  31    2.74   375.6    7.1      20.679
2013   11       20    21  41    2.76   375.4    7.1      20.722
2013   11       20    21  50    2.77   375.2    7.2      20.767
2013   11       20    21  59    2.78   375.1    7.2      20.812
2013   11       20    22   9    2.79   374.9    7.2      20.860
2013   11       20    22  18    2.81   374.7    7.3      20.908
2013   11       20    22  27    2.82   374.6    7.3      20.958
2013   11       20    22  37    2.83   374.4    7.4      21.010
2013   11       20    22  46    2.85   374.3    7.4      21.064
2013   11       20    22  56    2.86   374.1    7.4      21.119
2013   11       20    23   5    2.87   374.0    7.5      21.176
2013   11       20    23  14    2.89   373.8    7.5      21.236
2013   11       20    23  24    2.90   373.7    7.6      21.299
2013   11       20    23  33    2.92   373.6    7.6      21.367
2013   11       20    23  43    2.93   373.5    7.7      21.440
2013   11       20    23  52    2.95   373.5    7.8      21.516
2013   11       21     0   2    2.96   373.4    7.8      21.597
2013   11       21     0  11    2.98   373.4    7.9      21.679
2013   11       21     0  20    3.00   373.3    7.9      21.764
2013   11       21     0  30    3.01   373.3    8.0      21.850
2013   11       21     0  39    3.03   373.3    8.0      21.938
2013   11       21     0  49    3.04   373.3    8.1      22.026
2013   11       21     0  58    3.06   373.3    8.1      22.114
2013   11       21     1   8    3.07   373.3    8.2      22.200
2013   11       21     1  17    3.09   373.3    8.2      22.285
2013   11       21     1  26    3.10   373.3    8.3      22.368
2013   11       21     1  36    3.12   373.3    8.3      22.450
2013   11       21     1  45    3.13   373.3    8.3      22.530
2013   11       21     1  55    3.15   373.3    8.4      22.609
2013   11       21     2   4    3.16   373.3    8.4      22.687
2013   11       21     2  14    3.18   373.3    8.5      22.765
2013   11       21     2  23    3.19   373.4    8.5      22.841
2013   11       21     2  32    3.20   373.4    8.6      22.917
2013   11       21     2  42    3.22   373.4    8.6      22.991
2013   11       21     2  51    3.23   373.5    8.6      23.066
2013   11       21     3   0    3.25   373.5    8.7      23.140
2013   11       21     3  10    3.26   373.5    8.7      23.213
2013   11       21     3  19    3.27   373.6    8.8      23.286
2013   11       21     3  28    3.29   373.6    8.8      23.359
2013   11       21     3  38    3.30   373.7    8.8      23.431
2013   11       21     3  47    3.31   373.7    8.9      23.503
2013   11       21     3  56    3.33   373.7    8.9      23.574
2013   11       21     4   6    3.34   373.8    9.0      23.647
2013   11       21     4  15    3.35   373.8    9.0      23.718
2013   11       21     4  24    3.37   373.9    9.0      23.791
2013   11       21     4  34    3.38   373.9    9.1      23.863
2013   11       21     4  43    3.40   374.0    9.1      23.937
2013   11       21     4  52    3.41   374.0    9.1      24.011
2013   11       21     5   2    3.42   374.1    9.2      24.086
2013   11       21     5  11    3.44   374.2    9.2      24.162
2013   11       21     5  21    3.45   374.2    9.3      24.239
2013   11       21     5  30    3.47   374.3    9.3      24.318
2013   11       21     5  39    3.48   374.3    9.4      24.399
2013   11       21     5  49    3.50   374.4    9.4      24.484
2013   11       21     5  58    3.51   374.5    9.5      24.575
2013   11       21     6   7    3.53   374.6    9.5      24.671
2013   11       21     6  17    3.54   374.7    9.6      24.773
2013   11       21     6  26    3.56   374.9    9.6      24.880
2013   11       21     6  36    3.58   375.0    9.7      24.993
2013   11       21     6  45    3.59   375.1    9.7      25.109
2013   11       21     6  55    3.61   375.3    9.8      25.231
2013   11       21     7   4    3.62   375.5    9.8      25.356
2013   11       21     7  13    3.64   375.7    9.9      25.486
2013   11       21     7  23    3.66   375.9    9.9      25.616
2013   11       21     7  32    3.67   376.1    9.9      25.745
2013   11       21     7  42    3.69   376.3   10.0      25.872
2013   11       21     7  51    3.70   376.5   10.0      25.999
2013   11       21     8   1    3.72   376.7   10.1      26.124
2013   11       21     8  10    3.73   376.9   10.1      26.246
2013   11       21     8  19    3.74   377.1   10.1      26.365
2013   11       21     8  29    3.76   377.3   10.1      26.482
2013   11       21     8  38    3.77   377.5   10.2      26.594
2013   11       21     8  48    3.78   377.7   10.2      26.704
2013   11       21     8  57    3.79   377.9   10.2      26.810
2013   11       21     9   7    3.80   378.1   10.2      26.913
2013   11       21     9  16    3.82   378.3   10.3      27.013
2013   11       21     9  25    3.83   378.5   10.3      27.111
2013   11       21     9  35    3.84   378.7   10.3      27.206
2013   11       21     9  44    3.85   378.9   10.3      27.298
2013   11       21     9  54    3.86   379.1   10.3      27.388
2013   11       21    10   3    3.87   379.3   10.4      27.476
2013   11       21    10  12    3.88   379.5   10.4      27.561
2013   11       21    10  22    3.89   379.7   10.4      27.644
2013   11       21    10  31    3.90   379.9   10.4      27.725
2013   11       21    10  40    3.91   380.1   10.4      27.805
2013   11       21    10  50    3.92   380.3   10.4      27.882
2013   11       21    10  59    3.93   380.5   10.4      27.958
2013   11       21    11   8    3.94   380.7   10.5      28.033
2013   11       21    11  18    3.95   380.9   10.5      28.107
2013   11       21    11  27    3.96   381.1   10.5      28.179
2013   11       21    11  36    3.97   381.3   10.5      28.251
2013   11       21    11  46    3.98   381.5   10.5      28.322
2013   11       21    11  55    3.99   381.7   10.5      28.394
2013   11       21    12   4    4.00   381.9   10.5      28.464
2013   11       21    12  14    4.01   382.1   10.5      28.535
2013   11       21    12  23    4.02   382.3   10.6      28.605
2013   11       21    12  33    4.02   382.5   10.6      28.676
2013   11       21    12  42    4.03   382.7   10.6      28.746
2013   11       21    12  51    4.04   382.9   10.6      28.818
2013   11       21    13   1    4.05   383.1   10.6      28.890
2013   11       21    13  10    4.06   383.4   10.6      28.965
2013   11       21    13  19    4.07   383.6   10.7      29.045
2013   11       21    13  29    4.08   383.8   10.7      29.129
2013   11       21    13  38    4.09   384.1   10.7      29.217
2013   11       21    13  48    4.10   384.3   10.7      29.310
2013   11       21    13  57    4.11   384.6   10.7      29.405
2013   11       21    14   6    4.12   384.9   10.8      29.504
2013   11       21    14  16    4.13   385.1   10.8      29.604
2013   11       21    14  25    4.14   385.4   10.8      29.707
2013   11       21    14  35    4.15   385.7   10.8      29.812
2013   11       21    14  44    4.16   386.0   10.8      29.917
2013   11       21    14  54    4.17   386.3   10.9      30.022
2013   11       21    15   3    4.18   386.5   10.9      30.127
2013   11       21    15  12    4.19   386.8   10.9      30.232
2013   11       21    15  22    4.20   387.1   10.9      30.336
2013   11       21    15  31    4.21   387.4   10.9      30.442
2013   11       21    15  41    4.22   387.7   10.9      30.553
2013   11       21    15  50    4.22   388.0   11.0      30.665
2013   11       21    16   0    4.23   388.3   11.0      30.780
2013   11       21    16   9    4.24   388.6   11.0      30.896
2013   11       21    16  19    4.25   388.9   11.0      31.014
2013   11       21    16  28    4.26   389.2   11.0      31.130
2013   11       21    16  37    4.26   389.5   11.0      31.245
2013   11       21    16  47    4.27   389.8   11.0      31.359
2013   11       21    16  56    4.28   390.2   11.0      31.472
2013   11       21    17   5    4.29   390.5   11.1      31.582
2013   11       21    17  15    4.29   390.8   11.1      31.688
2013   11       21    17  24    4.30   391.2   11.1      31.790
2013   11       21    17  34    4.31   391.5   11.1      31.889
2013   11       21    17  43    4.31   391.8   11.1      31.984
2013   11       21    17  52    4.32   392.1   11.1      32.078
2013   11       21    18   2    4.32   392.4   11.1      32.168
2013   11       21    18  11    4.33   392.8   11.1      32.258
2013   11       21    18  20    4.33   393.1   11.1      32.345
2013   11       21    18  30    4.34   393.4   11.0      32.433
2013   11       21    18  39    4.35   393.7   11.0      32.521
2013   11       21    18  48    4.35   394.1   11.0      32.610
2013   11       21    18  58    4.36   394.4   11.0      32.700
2013   11       21    19   7    4.36   394.7   11.0      32.790
2013   11       21    19  16    4.37   395.1   11.0      32.878
2013   11       21    19  26    4.37   395.4   11.0      32.968
2013   11       21    19  35    4.38   395.8   11.0      33.055
2013   11       21    19  44    4.38   396.1   11.0      33.141
2013   11       21    19  54    4.39   396.5   11.0      33.224
2013   11       21    20   3    4.39   396.9   11.0      33.306
2013   11       21    20  12    4.39   397.2   11.0      33.384
2013   11       21    20  22    4.40   397.6   11.0      33.460
2013   11       21    20  31    4.40   397.9   11.0      33.532
2013   11       21    20  41    4.41   398.3   11.0      33.602
2013   11       21    20  50    4.41   398.6   11.0      33.669
2013   11       21    21   0    4.41   399.0   11.0      33.733
2013   11       21    21   9    4.42   399.3   10.9      33.793
2013   11       21    21  18    4.42   399.7   10.9      33.852
2013   11       21    21  28    4.42   400.0   10.9      33.908
2013   11       21    21  37    4.42   400.3   10.9      33.962
2013   11       21    21  47    4.43   400.7   10.9      34.015
2013   11       21    21  56    4.43   401.0   10.9      34.067
2013   11       21    22   5    4.43   401.3   10.9      34.117
2013   11       21    22  15    4.43   401.6   10.9      34.168
2013   11       21    22  24    4.44   401.9   10.9      34.219
2013   11       21    22  34    4.44   402.2   10.9      34.270
2013   11       21    22  43    4.44   402.5   10.9      34.321
2013   11       21    22  53    4.44   402.7   10.8      34.378
2013   11       21    23   2    4.45   403.0   10.8      34.438
2013   11       21    23  12    4.45   403.3   10.8      34.502
2013   11       21    23  21    4.45   403.7   10.8      34.568
2013   11       21    23  30    4.45   404.0   10.8      34.639
2013   11       21    23  40    4.46   404.3   10.8      34.710
2013   11       21    23  49    4.46   404.6   10.8      34.783
2013   11       21    23  59    4.46   405.0   10.8      34.855
2013   11       22     0   8    4.46   405.3   10.8      34.929
2013   11       22     0  17    4.46   405.7   10.8      35.004
2013   11       22     0  27    4.47   406.0   10.8      35.076
2013   11       22     0  36    4.47   406.4   10.8      35.146
2013   11       22     0  45    4.47   406.7   10.8      35.213
2013   11       22     0  55    4.47   407.1   10.8      35.278
2013   11       22     1   4    4.47   407.4   10.7      35.342
2013   11       22     1  13    4.47   407.8   10.7      35.405
2013   11       22     1  23    4.47   408.1   10.7      35.467
2013   11       22     1  32    4.47   408.5   10.7      35.527
2013   11       22     1  41    4.47   408.8   10.7      35.588
2013   11       22     1  51    4.47   409.1   10.7      35.650
2013   11       22     2   0    4.47   409.5   10.7      35.713
2013   11       22     2   9    4.47   409.9   10.6      35.776
2013   11       22     2  19    4.47   410.2   10.6      35.840
2013   11       22     2  28    4.47   410.6   10.6      35.903
2013   11       22     2  38    4.47   410.9   10.6      35.966
2013   11       22     2  47    4.47   411.3   10.6      36.028
2013   11       22     2  56    4.47   411.7   10.6      36.088
2013   11       22     3   6    4.47   412.1   10.5      36.146
2013   11       22     3  15    4.47   412.4   10.5      36.201
2013   11       22     3  24    4.47   412.8   10.5      36.253
2013   11       22     3  34    4.47   413.2   10.5      36.303
2013   11       22     3  43    4.46   413.6   10.5      36.348
2013   11       22     3  53    4.46   414.0   10.4      36.390
2013   11       22     4   2    4.46   414.4   10.4      36.429
2013   11       22     4  11    4.46   414.8   10.4      36.464
2013   11       22     4  21    4.45   415.2   10.4      36.496
2013   11       22     4  30    4.45   415.6   10.3      36.527
2013   11       22     4  40    4.45   416.0   10.3      36.555
2013   11       22     4  49    4.45   416.4   10.3      36.581
2013   11       22     4  58    4.44   416.8   10.2      36.605
2013   11       22     5   8    4.44   417.2   10.2      36.627
2013   11       22     5  17    4.43   417.6   10.2      36.646
2013   11       22     5  27    4.43   418.0   10.1      36.661
2013   11       22     5  36    4.42   418.4   10.1      36.674
2013   11       22     5  46    4.42   418.8   10.1      36.682
2013   11       22     5  55    4.41   419.2   10.0      36.680
2013   11       22     6   5    4.40   419.6   10.0      36.670
2013   11       22     6  14    4.40   420.0    9.9      36.654
2013   11       22     6  23    4.39   420.3    9.9      36.631
2013   11       22     6  33    4.38   420.7    9.8      36.604
2013   11       22     6  42    4.37   421.0    9.8      36.574
2013   11       22     6  52    4.36   421.3    9.7      36.543
2013   11       22     7   1    4.36   421.6    9.7      36.510
2013   11       22     7  10    4.35   421.9    9.6      36.476
2013   11       22     7  20    4.34   422.2    9.6      36.444
2013   11       22     7  29    4.33   422.5    9.5      36.415
2013   11       22     7  39    4.32   422.8    9.5      36.389
2013   11       22     7  48    4.32   423.0    9.5      36.365
2013   11       22     7  57    4.31   423.3    9.4      36.343
2013   11       22     8   7    4.30   423.6    9.4      36.322
2013   11       22     8  16    4.29   423.9    9.4      36.302
2013   11       22     8  25    4.29   424.2    9.3      36.282
2013   11       22     8  35    4.28   424.4    9.3      36.262
2013   11       22     8  44    4.27   424.7    9.3      36.243
2013   11       22     8  53    4.26   425.0    9.2      36.223
2013   11       22     9   3    4.26   425.3    9.2      36.203
2013   11       22     9  12    4.25   425.5    9.2      36.182
2013   11       22     9  21    4.24   425.8    9.1      36.161
2013   11       22     9  31    4.23   426.1    9.1      36.140
2013   11       22     9  40    4.23   426.3    9.1      36.118
2013   11       22     9  49    4.22   426.6    9.0      36.096
2013   11       22     9  59    4.21   426.8    9.0      36.074
2013   11       22    10   8    4.20   427.0    9.0      36.052
2013   11       22    10  18    4.20   427.3    8.9      36.030
2013   11       22    10  27    4.19   427.5    8.9      36.007
2013   11       22    10  36    4.18   427.7    8.9      35.984
2013   11       22    10  46    4.17   427.9    8.9      35.962
2013   11       22    10  55    4.17   428.2    8.8      35.939
2013   11       22    11   5    4.16   428.4    8.8      35.915
2013   11       22    11  14    4.15   428.6    8.8      35.891
2013   11       22    11  23    4.14   428.8    8.7      35.868
2013   11       22    11  33    4.14   429.0    8.7      35.845
2013   11       22    11  42    4.13   429.3    8.7      35.823
2013   11       22    11  51    4.12   429.5    8.7      35.801
2013   11       22    12   1    4.11   429.8    8.6      35.779
2013   11       22    12  10    4.10   430.1    8.6      35.755
2013   11       22    12  20    4.10   430.4    8.6      35.731
2013   11       22    12  29    4.09   430.7    8.6      35.705
2013   11       22    12  39    4.08   431.1    8.5      35.675
2013   11       22    12  48    4.07   431.4    8.5      35.641
2013   11       22    12  58    4.06   431.7    8.5      35.605
2013   11       22    13   7    4.05   432.1    8.4      35.557
2013   11       22    13  16    4.04   432.4    8.4      35.498
2013   11       22    13  26    4.03   432.7    8.3      35.432
2013   11       22    13  35    4.01   433.0    8.3      35.358
2013   11       22    13  45    4.00   433.2    8.2      35.278
2013   11       22    13  54    3.99   433.5    8.2      35.193
2013   11       22    14   4    3.98   433.7    8.1      35.107
2013   11       22    14  13    3.97   433.9    8.1      35.020
2013   11       22    14  22    3.95   434.1    8.1      34.933
2013   11       22    14  32    3.94   434.3    8.0      34.847
2013   11       22    14  41    3.93   434.4    8.0      34.767
2013   11       22    14  51    3.92   434.6    8.0      34.690
2013   11       22    15   0    3.91   434.8    7.9      34.619
2013   11       22    15   9    3.90   434.9    7.9      34.550
2013   11       22    15  19    3.89   435.1    7.9      34.485
2013   11       22    15  28    3.88   435.2    7.8      34.422
2013   11       22    15  37    3.87   435.4    7.8      34.362
2013   11       22    15  47    3.86   435.5    7.8      34.304
2013   11       22    15  56    3.85   435.7    7.8      34.247
2013   11       22    16   5    3.84   435.8    7.7      34.191
2013   11       22    16  15    3.84   435.9    7.7      34.137
2013   11       22    16  24    3.83   436.1    7.7      34.082
2013   11       22    16  33    3.82   436.2    7.7      34.029
2013   11       22    16  43    3.81   436.3    7.6      33.974
2013   11       22    16  52    3.80   436.5    7.6      33.921
2013   11       22    17   1    3.79   436.6    7.6      33.868
2013   11       22    17  11    3.78   436.7    7.6      33.816
2013   11       22    17  20    3.77   436.8    7.6      33.763
2013   11       22    17  29    3.76   436.9    7.5      33.712
2013   11       22    17  39    3.76   437.0    7.5      33.661
2013   11       22    17  48    3.75   437.0    7.5      33.611
2013   11       22    17  58    3.74   437.1    7.5      33.562
2013   11       22    18   7    3.73   437.2    7.4      33.514
2013   11       22    18  16    3.72   437.3    7.4      33.466
2013   11       22    18  26    3.71   437.3    7.4      33.420
2013   11       22    18  35    3.71   437.4    7.4      33.374
2013   11       22    18  45    3.70   437.4    7.4      33.330
2013   11       22    18  54    3.69   437.5    7.4      33.287
2013   11       22    19   3    3.68   437.6    7.3      33.244
2013   11       22    19  13    3.68   437.7    7.3      33.200
2013   11       22    19  22    3.67   437.8    7.3      33.157
2013   11       22    19  32    3.66   437.9    7.3      33.112
2013   11       22    19  41    3.65   437.9    7.3      33.067
2013   11       22    19  51    3.65   438.0    7.3      33.021
2013   11       22    20   0    3.64   438.1    7.2      32.974
2013   11       22    20   9    3.63   438.2    7.2      32.926
2013   11       22    20  19    3.62   438.3    7.2      32.877
2013   11       22    20  28    3.61   438.4    7.2      32.828
2013   11       22    20  38    3.61   438.5    7.2      32.779
2013   11       22    20  47    3.60   438.6    7.2      32.729
2013   11       22    20  57    3.59   438.6    7.1      32.681
2013   11       22    21   6    3.58   438.7    7.1      32.632
2013   11       22    21  15    3.58   438.8    7.1      32.584
2013   11       22    21  25    3.57   438.8    7.1      32.536
2013   11       22    21  34    3.56   438.9    7.1      32.489
2013   11       22    21  44    3.56   439.0    7.1      32.444
2013   11       22    21  53    3.55   439.0    7.0      32.400
2013   11       22    22   2    3.54   439.1    7.0      32.357
2013   11       22    22  12    3.54   439.1    7.0      32.316
2013   11       22    22  21    3.53   439.2    7.0      32.276
2013   11       22    22  31    3.52   439.2    7.0      32.238
2013   11       22    22  40    3.52   439.3    7.0      32.201
2013   11       22    22  49    3.51   439.3    7.0      32.167
2013   11       22    22  59    3.51   439.4    7.0      32.135
2013   11       22    23   8    3.50   439.4    7.0      32.104
2013   11       22    23  17    3.50   439.4    6.9      32.075
2013   11       22    23  27    3.49   439.5    6.9      32.046
2013   11       22    23  36    3.48   439.5    6.9      32.018
2013   11       22    23  45    3.48   439.6    6.9      31.991
2013   11       22    23  55    3.47   439.6    6.9      31.963
2013   11       23     0   4    3.47   439.6    6.9      31.935
2013   11       23     0  13    3.46   439.7    6.9      31.907
2013   11       23     0  23    3.46   439.7    6.9      31.879
2013   11       23     0  32    3.45   439.7    6.9      31.849
2013   11       23     0  41    3.45   439.8    6.9      31.820
2013   11       23     0  51    3.44   439.8    6.8      31.789
2013   11       23     1   0    3.44   439.8    6.8      31.759
2013   11       23     1  10    3.43   439.9    6.8      31.727
2013   11       23     1  19    3.43   439.9    6.8      31.695
2013   11       23     1  28    3.42   439.9    6.8      31.663
2013   11       23     1  38    3.42   440.0    6.8      31.631
2013   11       23     1  47    3.41   440.0    6.8      31.598
2013   11       23     1  56    3.41   440.0    6.8      31.565
2013   11       23     2   6    3.40   440.0    6.8      31.532
2013   11       23     2  15    3.40   440.1    6.7      31.498
2013   11       23     2  25    3.39   440.1    6.7      31.465
2013   11       23     2  34    3.39   440.1    6.7      31.431
2013   11       23     2  44    3.38   440.2    6.7      31.397
2013   11       23     2  53    3.38   440.2    6.7      31.364
2013   11       23     3   2    3.37   440.2    6.7      31.330
2013   11       23     3  12    3.37   440.2    6.7      31.296
2013   11       23     3  21    3.37   440.3    6.7      31.263
2013   11       23     3  31    3.36   440.3    6.7      31.230
2013   11       23     3  40    3.36   440.3    6.6      31.196
2013   11       23     3  50    3.35   440.3    6.6      31.164
2013   11       23     3  59    3.35   440.4    6.6      31.131
2013   11       23     4   8    3.34   440.4    6.6      31.099
2013   11       23     4  18    3.34   440.4    6.6      31.068
2013   11       23     4  27    3.33   440.4    6.6      31.037
2013   11       23     4  37    3.33   440.4    6.6      31.006
2013   11       23     4  46    3.33   440.4    6.6      30.977
2013   11       23     4  56    3.32   440.4    6.6      30.948
2013   11       23     5   5    3.32   440.5    6.6      30.920
2013   11       23     5  14    3.31   440.5    6.6      30.892
2013   11       23     5  24    3.31   440.5    6.6      30.865
2013   11       23     5  33    3.31   440.5    6.5      30.838
2013   11       23     5  42    3.30   440.5    6.5      30.813
2013   11       23     5  52    3.30   440.5    6.5      30.787
2013   11       23     6   1    3.30   440.5    6.5      30.763
2013   11       23     6  11    3.29   440.5    6.5      30.739
2013   11       23     6  20    3.29   440.5    6.5      30.715
2013   11       23     6  29    3.28   440.5    6.5      30.692
2013   11       23     6  38    3.28   440.5    6.5      30.669
2013   11       23     6  48    3.28   440.5    6.5      30.646
2013   11       23     6  57    3.27   440.5    6.5      30.624
2013   11       23     7   7    3.27   440.5    6.5      30.602
2013   11       23     7  16    3.27   440.5    6.5      30.580
2013   11       23     7  25    3.26   440.5    6.5      30.557
2013   11       23     7  35    3.26   440.5    6.5      30.535
2013   11       23     7  44    3.26   440.5    6.5      30.513
2013   11       23     7  53    3.25   440.5    6.4      30.491
2013   11       23     8   3    3.25   440.5    6.4      30.469
2013   11       23     8  12    3.25   440.4    6.4      30.447
2013   11       23     8  21    3.24   440.4    6.4      30.424
2013   11       23     8  31    3.24   440.4    6.4      30.402
2013   11       23     8  40    3.24   440.4    6.4      30.379
2013   11       23     8  50    3.23   440.4    6.4      30.357
2013   11       23     8  59    3.23   440.4    6.4      30.335
2013   11       23     9   8    3.23   440.4    6.4      30.312
2013   11       23     9  18    3.22   440.4    6.4      30.290
2013   11       23     9  27    3.22   440.4    6.4      30.267
2013   11       23     9  37    3.22   440.4    6.4      30.245
2013   11       23     9  46    3.21   440.4    6.4      30.222
2013   11       23     9  55    3.21   440.4    6.4      30.200
2013   11       23    10   5    3.21   440.4    6.4      30.177
2013   11       23    10  14    3.20   440.4    6.4      30.155
2013   11       23    10  24    3.20   440.4    6.4      30.132
2013   11       23    10  33    3.20   440.4    6.3      30.110
2013   11       23    10  43    3.20   440.3    6.3      30.087
2013   11       23    10  52    3.19   440.3    6.3      30.065
2013   11       23    11   1    3.19   440.3    6.3      30.043
2013   11       23    11  11    3.19   440.3    6.3      30.020
2013   11       23    11  20    3.18   440.3    6.3      29.998
2013   11       23    11  30    3.18   440.3    6.3      29.976
2013   11       23    11  39    3.18   440.3    6.3      29.954
2013   11       23    11  49    3.17   440.3    6.3      29.931
2013   11       23    11  58    3.17   440.2    6.3      29.909
2013   11       23    12   7    3.17   440.2    6.3      29.887
2013   11       23    12  17    3.17   440.2    6.3      29.866
2013   11       23    12  26    3.16   440.2    6.3      29.844
2013   11       23    12  36    3.16   440.2    6.3      29.822
2013   11       23    12  45    3.16   440.1    6.3      29.800
2013   11       23    12  54    3.15   440.1    6.3      29.779
2013   11       23    13   4    3.15   440.1    6.3      29.757
2013   11       23    13  13    3.15   440.1    6.3      29.736
2013   11       23    13  22    3.15   440.0    6.3      29.714
2013   11       23    13  32    3.14   440.0    6.3      29.693
2013   11       23    13  41    3.14   440.0    6.2      29.672
2013   11       23    13  50    3.14   439.9    6.2      29.651
2013   11       23    14   0    3.14   439.9    6.2      29.630
2013   11       23    14   9    3.13   439.9    6.2      29.609
2013   11       23    14  18    3.13   439.9    6.2      29.588
2013   11       23    14  28    3.13   439.8    6.2      29.568
2013   11       23    14  37    3.13   439.8    6.2      29.548
2013   11       23    14  46    3.12   439.8    6.2      29.528
2013   11       23    14  56    3.12   439.7    6.2      29.508
2013   11       23    15   5    3.12   439.7    6.2      29.488
2013   11       23    15  15    3.12   439.7    6.2      29.468
2013   11       23    15  24    3.11   439.7    6.2      29.449
2013   11       23    15  33    3.11   439.6    6.2      29.430
2013   11       23    15  43    3.11   439.6    6.2      29.412
2013   11       23    15  52    3.11   439.6    6.2      29.393
2013   11       23    16   1    3.10   439.5    6.2      29.375
2013   11       23    16  11    3.10   439.5    6.2      29.357
2013   11       23    16  20    3.10   439.5    6.2      29.339
2013   11       23    16  30    3.10   439.4    6.2      29.321
2013   11       23    16  39    3.09   439.4    6.2      29.304
2013   11       23    16  48    3.09   439.4    6.2      29.286
2013   11       23    16  58    3.09   439.4    6.2      29.269
2013   11       23    17   7    3.09   439.3    6.2      29.252
2013   11       23    17  17    3.08   439.3    6.2      29.235
2013   11       23    17  26    3.08   439.3    6.2      29.218
2013   11       23    17  35    3.08   439.2    6.1      29.201
2013   11       23    17  45    3.08   439.2    6.1      29.184
2013   11       23    17  54    3.07   439.2    6.1      29.168
2013   11       23    18   4    3.07   439.1    6.1      29.150
2013   11       23    18  13    3.07   439.1    6.1      29.134
2013   11       23    18  23    3.07   439.1    6.1      29.117
2013   11       23    18  32    3.06   439.0    6.1      29.100
2013   11       23    18  42    3.06   439.0    6.1      29.082
2013   11       23    18  51    3.06   439.0    6.1      29.065
2013   11       23    19   0    3.06   438.9    6.1      29.048
2013   11       23    19  10    3.06   438.9    6.1      29.030
2013   11       23    19  19    3.05   438.9    6.1      29.013
2013   11       23    19  29    3.05   438.8    6.1      28.995
2013   11       23    19  38    3.05   438.8    6.1      28.977
2013   11       23    19  47    3.05   438.7    6.1      28.959
2013   11       23    19  57    3.04   438.7    6.1      28.941
2013   11       23    20   6    3.04   438.7    6.1      28.923
2013   11       23    20  16    3.04   438.6    6.1      28.905
2013   11       23    20  25    3.04   438.6    6.1      28.887
2013   11       23    20  34    3.04   438.5    6.1      28.869
2013   11       23    20  44    3.03   438.5    6.1      28.850
2013   11       23    20  53    3.03   438.4    6.1      28.832
2013   11       23    21   2    3.03   438.4    6.1      28.814
2013   11       23    21  12    3.03   438.3    6.1      28.795
2013   11       23    21  21    3.03   438.3    6.1      28.777
2013   11       23    21  30    3.02   438.2    6.1      28.758
2013   11       23    21  40    3.02   438.2    6.1      28.739
2013   11       23    21  49    3.02   438.1    6.1      28.721
2013   11       23    21  58    3.02   438.1    6.1      28.702
2013   11       23    22   8    3.01   438.0    6.1      28.683
2013   11       23    22  17    3.01   438.0    6.1      28.665
2013   11       23    22  26    3.01   437.9    6.1      28.646
2013   11       23    22  36    3.01   437.9    6.1      28.628
2013   11       23    22  45    3.01   437.8    6.1      28.609
2013   11       23    22  54    3.00   437.8    6.0      28.591
2013   11       23    23   4    3.00   437.7    6.0      28.572
2013   11       23    23  13    3.00   437.7    6.0      28.554
2013   11       23    23  23    3.00   437.6    6.0      28.535
2013   11       23    23  32    3.00   437.6    6.0      28.517
2013   11       23    23  41    2.99   437.5    6.0      28.499
2013   11       23    23  51    2.99   437.5    6.0      28.480
2013   11       24     0   0    2.99   437.4    6.0      28.462
