year    month   day   hour  minute  B_enl V_enl   n_enl       T_enl
[year] [month] [day] [hour][minute] [nT]  [km/s]  [cm-3]      [kK]
2013   11        7     0   2    2.52   387.3    7.9      24.567
2013   11        7     0  12    2.51   387.3    7.9      24.546
2013   11        7     0  22    2.51   387.3    7.9      24.525
2013   11        7     0  32    2.51   387.4    7.9      24.504
2013   11        7     0  42    2.50   387.4    7.8      24.484
2013   11        7     0  53    2.50   387.4    7.8      24.463
2013   11        7     1   3    2.49   387.4    7.8      24.442
2013   11        7     1  13    2.49   387.4    7.8      24.421
2013   11        7     1  23    2.49   387.4    7.8      24.400
2013   11        7     1  33    2.48   387.4    7.8      24.379
2013   11        7     1  43    2.48   387.4    7.8      24.358
2013   11        7     1  53    2.48   387.4    7.8      24.337
2013   11        7     2   3    2.47   387.4    7.8      24.316
2013   11        7     2  13    2.47   387.4    7.8      24.296
2013   11        7     2  23    2.47   387.4    7.8      24.275
2013   11        7     2  33    2.46   387.4    7.7      24.254
2013   11        7     2  43    2.46   387.4    7.7      24.233
2013   11        7     2  54    2.46   387.4    7.7      24.212
2013   11        7     3   4    2.45   387.4    7.7      24.190
2013   11        7     3  14    2.45   387.3    7.7      24.169
2013   11        7     3  24    2.45   387.3    7.7      24.148
2013   11        7     3  34    2.44   387.3    7.7      24.127
2013   11        7     3  44    2.44   387.3    7.7      24.105
2013   11        7     3  54    2.44   387.3    7.7      24.084
2013   11        7     4   4    2.43   387.3    7.7      24.063
2013   11        7     4  14    2.43   387.3    7.7      24.041
2013   11        7     4  24    2.43   387.2    7.6      24.020
2013   11        7     4  34    2.42   387.2    7.6      23.998
2013   11        7     4  44    2.42   387.2    7.6      23.977
2013   11        7     4  54    2.42   387.2    7.6      23.955
2013   11        7     5   5    2.41   387.1    7.6      23.933
2013   11        7     5  15    2.41   387.1    7.6      23.911
2013   11        7     5  25    2.41   387.1    7.6      23.889
2013   11        7     5  35    2.40   387.1    7.6      23.867
2013   11        7     5  45    2.40   387.0    7.6      23.845
2013   11        7     5  55    2.40   387.0    7.6      23.822
2013   11        7     6   5    2.39   387.0    7.6      23.799
2013   11        7     6  15    2.39   386.9    7.6      23.777
2013   11        7     6  25    2.39   386.9    7.5      23.754
2013   11        7     6  35    2.38   386.9    7.5      23.731
2013   11        7     6  45    2.38   386.8    7.5      23.707
2013   11        7     6  56    2.38   386.8    7.5      23.684
2013   11        7     7   6    2.37   386.8    7.5      23.661
2013   11        7     7  16    2.37   386.7    7.5      23.637
2013   11        7     7  26    2.37   386.7    7.5      23.614
2013   11        7     7  36    2.36   386.7    7.5      23.590
2013   11        7     7  46    2.36   386.6    7.5      23.567
2013   11        7     7  56    2.36   386.6    7.5      23.543
2013   11        7     8   6    2.35   386.5    7.5      23.519
2013   11        7     8  16    2.35   386.5    7.5      23.495
2013   11        7     8  26    2.35   386.4    7.5      23.471
2013   11        7     8  36    2.34   386.4    7.4      23.447
2013   11        7     8  46    2.34   386.4    7.4      23.423
2013   11        7     8  57    2.34   386.3    7.4      23.399
2013   11        7     9   7    2.33   386.3    7.4      23.374
2013   11        7     9  17    2.33   386.2    7.4      23.350
2013   11        7     9  27    2.33   386.1    7.4      23.325
2013   11        7     9  37    2.32   386.1    7.4      23.300
2013   11        7     9  47    2.32   386.0    7.4      23.275
2013   11        7     9  57    2.32   386.0    7.4      23.250
2013   11        7    10   7    2.31   385.9    7.4      23.224
2013   11        7    10  17    2.31   385.9    7.4      23.199
2013   11        7    10  27    2.31   385.8    7.4      23.173
2013   11        7    10  37    2.31   385.7    7.4      23.148
2013   11        7    10  47    2.30   385.7    7.3      23.122
2013   11        7    10  58    2.30   385.6    7.3      23.096
2013   11        7    11   8    2.30   385.5    7.3      23.070
2013   11        7    11  18    2.29   385.5    7.3      23.044
2013   11        7    11  28    2.29   385.4    7.3      23.018
2013   11        7    11  38    2.29   385.3    7.3      22.992
2013   11        7    11  48    2.28   385.3    7.3      22.966
2013   11        7    11  58    2.28   385.2    7.3      22.940
2013   11        7    12   8    2.28   385.1    7.3      22.914
2013   11        7    12  18    2.27   385.0    7.3      22.888
2013   11        7    12  28    2.27   385.0    7.3      22.862
2013   11        7    12  38    2.27   384.9    7.3      22.837
2013   11        7    12  48    2.27   384.8    7.3      22.811
2013   11        7    12  59    2.26   384.7    7.3      22.785
2013   11        7    13   9    2.26   384.6    7.3      22.759
2013   11        7    13  19    2.26   384.5    7.2      22.734
2013   11        7    13  29    2.25   384.5    7.2      22.708
2013   11        7    13  39    2.25   384.4    7.2      22.683
2013   11        7    13  49    2.25   384.3    7.2      22.657
2013   11        7    13  59    2.25   384.2    7.2      22.632
2013   11        7    14   9    2.24   384.1    7.2      22.607
2013   11        7    14  19    2.24   384.0    7.2      22.582
2013   11        7    14  29    2.24   383.9    7.2      22.557
2013   11        7    14  39    2.23   383.8    7.2      22.533
2013   11        7    14  50    2.23   383.7    7.2      22.508
2013   11        7    15   0    2.23   383.6    7.2      22.484
2013   11        7    15  10    2.23   383.5    7.2      22.460
2013   11        7    15  20    2.22   383.4    7.2      22.436
2013   11        7    15  30    2.22   383.3    7.2      22.412
2013   11        7    15  40    2.22   383.2    7.2      22.388
2013   11        7    15  50    2.22   383.1    7.2      22.365
2013   11        7    16   0    2.21   383.0    7.2      22.341
2013   11        7    16  10    2.21   382.9    7.2      22.318
2013   11        7    16  20    2.21   382.8    7.2      22.295
2013   11        7    16  30    2.21   382.7    7.2      22.272
2013   11        7    16  40    2.20   382.6    7.2      22.249
2013   11        7    16  51    2.20   382.5    7.2      22.226
2013   11        7    17   1    2.20   382.4    7.2      22.203
2013   11        7    17  11    2.20   382.3    7.1      22.180
2013   11        7    17  21    2.19   382.2    7.1      22.157
2013   11        7    17  31    2.19   382.1    7.1      22.133
2013   11        7    17  41    2.19   382.0    7.1      22.110
2013   11        7    17  51    2.19   381.9    7.1      22.086
2013   11        7    18   1    2.19   381.8    7.1      22.062
2013   11        7    18  11    2.18   381.7    7.1      22.038
2013   11        7    18  21    2.18   381.5    7.1      22.013
2013   11        7    18  31    2.18   381.4    7.1      21.989
2013   11        7    18  41    2.18   381.3    7.1      21.964
2013   11        7    18  51    2.17   381.2    7.1      21.939
2013   11        7    19   2    2.17   381.1    7.1      21.914
2013   11        7    19  12    2.17   381.0    7.1      21.889
2013   11        7    19  22    2.17   380.9    7.1      21.864
2013   11        7    19  32    2.17   380.7    7.1      21.838
2013   11        7    19  42    2.16   380.6    7.1      21.813
2013   11        7    19  52    2.16   380.5    7.1      21.787
2013   11        7    20   2    2.16   380.4    7.1      21.762
2013   11        7    20  12    2.16   380.2    7.1      21.736
2013   11        7    20  22    2.16   380.1    7.1      21.711
2013   11        7    20  32    2.15   380.0    7.1      21.685
2013   11        7    20  42    2.15   379.9    7.1      21.660
2013   11        7    20  53    2.15   379.8    7.1      21.635
2013   11        7    21   3    2.15   379.6    7.1      21.609
2013   11        7    21  13    2.15   379.5    7.1      21.584
2013   11        7    21  23    2.14   379.4    7.1      21.560
2013   11        7    21  33    2.14   379.2    7.1      21.535
2013   11        7    21  43    2.14   379.1    7.1      21.511
2013   11        7    21  53    2.14   379.0    7.1      21.487
2013   11        7    22   3    2.14   378.9    7.1      21.463
2013   11        7    22  13    2.14   378.7    7.1      21.439
2013   11        7    22  23    2.13   378.6    7.1      21.415
2013   11        7    22  33    2.13   378.5    7.1      21.392
2013   11        7    22  43    2.13   378.3    7.0      21.369
2013   11        7    22  54    2.13   378.2    7.0      21.346
2013   11        7    23   4    2.13   378.1    7.0      21.323
2013   11        7    23  14    2.13   378.0    7.0      21.300
2013   11        7    23  24    2.13   377.8    7.0      21.278
2013   11        7    23  34    2.12   377.7    7.0      21.256
2013   11        7    23  44    2.12   377.6    7.0      21.234
2013   11        7    23  54    2.12   377.4    7.0      21.212
2013   11        8     0   4    2.12   377.3    7.0      21.190
2013   11        8     0  14    2.12   377.2    7.0      21.169
2013   11        8     0  24    2.12   377.0    7.0      21.147
2013   11        8     0  34    2.12   376.9    7.0      21.126
2013   11        8     0  44    2.11   376.8    7.0      21.104
2013   11        8     0  55    2.11   376.6    7.0      21.083
2013   11        8     1   5    2.11   376.5    7.0      21.062
2013   11        8     1  15    2.11   376.3    7.0      21.040
2013   11        8     1  25    2.11   376.2    7.0      21.019
2013   11        8     1  35    2.11   376.1    7.0      20.998
2013   11        8     1  45    2.11   375.9    7.0      20.978
2013   11        8     1  55    2.11   375.8    7.0      20.957
2013   11        8     2   5    2.10   375.6    7.0      20.937
2013   11        8     2  15    2.10   375.5    7.0      20.916
2013   11        8     2  25    2.10   375.3    7.0      20.896
2013   11        8     2  35    2.10   375.2    7.0      20.877
2013   11        8     2  45    2.10   375.1    7.0      20.857
2013   11        8     2  55    2.10   374.9    7.0      20.838
2013   11        8     3   6    2.10   374.8    7.1      20.819
2013   11        8     3  16    2.10   374.6    7.1      20.800
2013   11        8     3  26    2.10   374.5    7.1      20.782
2013   11        8     3  36    2.10   374.3    7.1      20.764
2013   11        8     3  46    2.10   374.2    7.1      20.745
2013   11        8     3  56    2.10   374.1    7.1      20.727
2013   11        8     4   6    2.10   373.9    7.1      20.709
2013   11        8     4  16    2.09   373.8    7.1      20.691
2013   11        8     4  26    2.09   373.6    7.1      20.673
2013   11        8     4  36    2.09   373.5    7.1      20.655
2013   11        8     4  46    2.09   373.3    7.1      20.638
2013   11        8     4  57    2.09   373.2    7.1      20.619
2013   11        8     5   7    2.09   373.0    7.1      20.601
2013   11        8     5  17    2.09   372.9    7.1      20.583
2013   11        8     5  27    2.09   372.7    7.1      20.564
2013   11        8     5  37    2.09   372.6    7.1      20.545
2013   11        8     5  47    2.09   372.4    7.1      20.526
2013   11        8     5  57    2.09   372.3    7.1      20.507
2013   11        8     6   7    2.09   372.1    7.1      20.488
2013   11        8     6  17    2.09   372.0    7.1      20.468
2013   11        8     6  27    2.09   371.8    7.1      20.449
2013   11        8     6  37    2.09   371.6    7.1      20.429
2013   11        8     6  47    2.09   371.5    7.1      20.409
2013   11        8     6  58    2.09   371.3    7.1      20.389
2013   11        8     7   8    2.09   371.2    7.1      20.369
2013   11        8     7  18    2.09   371.0    7.1      20.349
2013   11        8     7  28    2.09   370.8    7.1      20.329
2013   11        8     7  38    2.09   370.7    7.1      20.309
2013   11        8     7  48    2.09   370.5    7.1      20.289
2013   11        8     7  58    2.09   370.3    7.1      20.269
2013   11        8     8   8    2.09   370.2    7.1      20.250
2013   11        8     8  18    2.09   370.0    7.1      20.231
2013   11        8     8  28    2.09   369.8    7.1      20.212
2013   11        8     8  38    2.09   369.7    7.1      20.194
2013   11        8     8  48    2.09   369.5    7.1      20.176
2013   11        8     8  59    2.09   369.3    7.2      20.159
2013   11        8     9   9    2.09   369.1    7.2      20.142
2013   11        8     9  19    2.09   369.0    7.2      20.127
2013   11        8     9  26    2.09   368.8    7.2      20.118
2013   11        8     9  33    2.09   368.7    7.2      20.109
2013   11        8     9  40    2.09   368.6    7.2      20.102
2013   11        8     9  47    2.09   368.5    7.2      20.095
2013   11        8     9  54    2.09   368.3    7.2      20.089
2013   11        8    10   1    2.10   368.2    7.2      20.083
2013   11        8    10   8    2.10   368.1    7.2      20.078
2013   11        8    10  15    2.10   368.0    7.2      20.073
2013   11        8    10  21    2.10   367.9    7.2      20.069
2013   11        8    10  28    2.10   367.7    7.2      20.065
2013   11        8    10  35    2.10   367.6    7.2      20.061
2013   11        8    10  42    2.10   367.5    7.2      20.058
2013   11        8    10  48    2.10   367.4    7.3      20.056
2013   11        8    10  55    2.10   367.3    7.3      20.054
2013   11        8    11   2    2.11   367.2    7.3      20.052
2013   11        8    11   8    2.11   367.0    7.3      20.051
2013   11        8    11  15    2.11   366.9    7.3      20.050
2013   11        8    11  22    2.11   366.8    7.3      20.050
2013   11        8    11  28    2.11   366.7    7.3      20.050
2013   11        8    11  35    2.11   366.6    7.3      20.050
2013   11        8    11  42    2.12   366.5    7.3      20.051
2013   11        8    11  48    2.12   366.4    7.3      20.053
2013   11        8    11  55    2.12   366.3    7.4      20.055
2013   11        8    12   1    2.12   366.2    7.4      20.057
2013   11        8    12   8    2.12   366.0    7.4      20.060
2013   11        8    12  15    2.12   365.9    7.4      20.064
2013   11        8    12  21    2.13   365.8    7.4      20.069
2013   11        8    12  28    2.13   365.7    7.4      20.074
2013   11        8    12  35    2.13   365.6    7.4      20.079
2013   11        8    12  41    2.13   365.5    7.4      20.085
2013   11        8    12  48    2.13   365.4    7.4      20.091
2013   11        8    12  54    2.14   365.3    7.5      20.098
2013   11        8    13   1    2.14   365.2    7.5      20.104
2013   11        8    13   8    2.14   365.1    7.5      20.111
2013   11        8    13  14    2.14   365.0    7.5      20.118
2013   11        8    13  21    2.14   364.9    7.5      20.126
2013   11        8    13  28    2.15   364.8    7.5      20.133
2013   11        8    13  34    2.15   364.7    7.5      20.141
2013   11        8    13  41    2.15   364.6    7.5      20.148
2013   11        8    13  48    2.15   364.5    7.5      20.156
2013   11        8    13  54    2.16   364.4    7.6      20.163
2013   11        8    14   1    2.16   364.3    7.6      20.171
2013   11        8    14   8    2.16   364.2    7.6      20.178
2013   11        8    14  14    2.16   364.1    7.6      20.186
2013   11        8    14  21    2.17   364.0    7.6      20.193
2013   11        8    14  28    2.17   363.9    7.6      20.201
2013   11        8    14  34    2.17   363.8    7.6      20.209
2013   11        8    14  41    2.17   363.7    7.6      20.217
2013   11        8    14  48    2.18   363.6    7.7      20.225
2013   11        8    14  54    2.18   363.5    7.7      20.234
2013   11        8    15   1    2.18   363.4    7.7      20.243
2013   11        8    15   8    2.19   363.3    7.7      20.252
2013   11        8    15  15    2.19   363.2    7.7      20.261
2013   11        8    15  21    2.19   363.1    7.7      20.271
2013   11        8    15  28    2.19   363.0    7.7      20.281
2013   11        8    15  35    2.20   362.9    7.8      20.291
2013   11        8    15  41    2.20   362.8    7.8      20.303
2013   11        8    15  48    2.20   362.7    7.8      20.314
2013   11        8    15  55    2.21   362.6    7.8      20.327
2013   11        8    16   1    2.21   362.5    7.8      20.340
2013   11        8    16   8    2.21   362.5    7.8      20.353
2013   11        8    16  15    2.22   362.4    7.8      20.367
2013   11        8    16  21    2.22   362.3    7.9      20.382
2013   11        8    16  28    2.22   362.2    7.9      20.397
2013   11        8    16  35    2.23   362.1    7.9      20.412
2013   11        8    16  42    2.23   362.0    7.9      20.428
2013   11        8    16  48    2.24   362.0    7.9      20.445
2013   11        8    16  55    2.24   361.9    7.9      20.461
2013   11        8    17   2    2.24   361.8    8.0      20.478
2013   11        8    17   8    2.25   361.7    8.0      20.496
2013   11        8    17  15    2.25   361.7    8.0      20.514
2013   11        8    17  22    2.25   361.6    8.0      20.531
2013   11        8    17  28    2.26   361.5    8.0      20.550
2013   11        8    17  35    2.26   361.4    8.0      20.568
2013   11        8    17  42    2.26   361.4    8.1      20.587
2013   11        8    17  49    2.27   361.3    8.1      20.606
2013   11        8    17  55    2.27   361.2    8.1      20.625
2013   11        8    18   2    2.28   361.2    8.1      20.644
2013   11        8    18   9    2.28   361.1    8.1      20.664
2013   11        8    18  15    2.29   361.0    8.1      20.684
2013   11        8    18  22    2.29   361.0    8.2      20.704
2013   11        8    18  29    2.29   360.9    8.2      20.725
2013   11        8    18  35    2.30   360.8    8.2      20.746
2013   11        8    18  42    2.30   360.7    8.2      20.767
2013   11        8    18  49    2.31   360.7    8.2      20.789
2013   11        8    18  56    2.31   360.6    8.3      20.812
2013   11        8    19   2    2.32   360.6    8.3      20.835
2013   11        8    19   9    2.32   360.5    8.3      20.860
2013   11        8    19  16    2.32   360.5    8.3      20.886
2013   11        8    19  23    2.33   360.4    8.3      20.914
2013   11        8    19  30    2.33   360.4    8.4      20.943
2013   11        8    19  37    2.34   360.3    8.4      20.973
2013   11        8    19  43    2.34   360.3    8.4      21.004
2013   11        8    19  50    2.35   360.2    8.4      21.036
2013   11        8    19  57    2.35   360.2    8.5      21.069
2013   11        8    20   4    2.36   360.2    8.5      21.102
2013   11        8    20  11    2.36   360.1    8.5      21.136
2013   11        8    20  18    2.37   360.1    8.5      21.171
2013   11        8    20  25    2.37   360.1    8.6      21.206
2013   11        8    20  31    2.38   360.1    8.6      21.242
2013   11        8    20  38    2.38   360.0    8.6      21.278
2013   11        8    20  45    2.39   360.0    8.6      21.314
2013   11        8    20  52    2.39   360.0    8.6      21.350
2013   11        8    20  59    2.40   359.9    8.7      21.386
2013   11        8    21   6    2.40   359.9    8.7      21.422
2013   11        8    21  13    2.41   359.9    8.7      21.458
2013   11        8    21  19    2.41   359.9    8.7      21.494
2013   11        8    21  26    2.42   359.9    8.8      21.530
2013   11        8    21  33    2.42   359.8    8.8      21.566
2013   11        8    21  40    2.43   359.8    8.8      21.603
2013   11        8    21  47    2.43   359.8    8.8      21.641
2013   11        8    21  54    2.44   359.8    8.9      21.679
2013   11        8    22   1    2.44   359.8    8.9      21.719
2013   11        8    22   8    2.45   359.8    8.9      21.760
2013   11        8    22  15    2.45   359.8    8.9      21.801
2013   11        8    22  22    2.46   359.8    9.0      21.843
2013   11        8    22  29    2.46   359.8    9.0      21.886
2013   11        8    22  36    2.47   359.8    9.0      21.929
2013   11        8    22  43    2.48   359.8    9.0      21.973
2013   11        8    22  50    2.48   359.8    9.1      22.017
2013   11        8    22  57    2.49   359.8    9.1      22.062
2013   11        8    23   4    2.49   359.8    9.1      22.108
2013   11        8    23  11    2.50   359.9    9.1      22.154
2013   11        8    23  18    2.50   359.9    9.2      22.200
2013   11        8    23  25    2.51   359.9    9.2      22.247
2013   11        8    23  32    2.51   359.9    9.2      22.293
2013   11        8    23  39    2.52   360.0    9.2      22.340
2013   11        8    23  46    2.53   360.0    9.2      22.386
2013   11        8    23  53    2.53   360.0    9.3      22.431
2013   11        9     0   0    2.54   360.0    9.3      22.477
2013   11        9     0   7    2.54   360.1    9.3      22.522
2013   11        9     0  14    2.55   360.1    9.3      22.567
2013   11        9     0  21    2.55   360.1    9.3      22.612
2013   11        9     0  29    2.56   360.2    9.4      22.656
2013   11        9     0  36    2.56   360.2    9.4      22.700
2013   11        9     0  43    2.57   360.2    9.4      22.744
2013   11        9     0  50    2.57   360.3    9.4      22.787
2013   11        9     0  57    2.58   360.3    9.4      22.830
2013   11        9     1   4    2.58   360.3    9.5      22.872
2013   11        9     1  12    2.59   360.4    9.5      22.914
2013   11        9     1  19    2.59   360.4    9.5      22.956
2013   11        9     1  26    2.60   360.4    9.5      22.997
2013   11        9     1  33    2.60   360.5    9.5      23.038
2013   11        9     1  41    2.61   360.5    9.5      23.079
2013   11        9     1  48    2.61   360.5    9.6      23.120
2013   11        9     1  55    2.62   360.6    9.6      23.161
2013   11        9     2   3    2.62   360.6    9.6      23.201
2013   11        9     2  10    2.63   360.7    9.6      23.241
2013   11        9     2  17    2.63   360.7    9.6      23.282
2013   11        9     2  25    2.64   360.8    9.7      23.323
2013   11        9     2  32    2.64   360.8    9.7      23.364
2013   11        9     2  39    2.65   360.9    9.7      23.405
2013   11        9     2  47    2.65   360.9    9.7      23.447
2013   11        9     2  54    2.66   361.0    9.7      23.489
2013   11        9     3   1    2.66   361.1    9.7      23.532
2013   11        9     3   9    2.66   361.1    9.8      23.575
2013   11        9     3  16    2.67   361.2    9.8      23.617
2013   11        9     3  24    2.67   361.2    9.8      23.660
2013   11        9     3  31    2.68   361.3    9.8      23.704
2013   11        9     3  39    2.68   361.4    9.8      23.747
2013   11        9     3  46    2.69   361.4    9.8      23.790
2013   11        9     3  54    2.69   361.5    9.9      23.833
2013   11        9     4   1    2.70   361.6    9.9      23.876
2013   11        9     4   9    2.70   361.6    9.9      23.919
2013   11        9     4  17    2.70   361.7    9.9      23.962
2013   11        9     4  24    2.71   361.7    9.9      24.004
2013   11        9     4  32    2.71   361.8    9.9      24.046
2013   11        9     4  39    2.72   361.9   10.0      24.088
2013   11        9     4  47    2.72   361.9   10.0      24.130
2013   11        9     4  55    2.72   362.0   10.0      24.172
2013   11        9     5   2    2.73   362.1   10.0      24.215
2013   11        9     5  10    2.73   362.2   10.0      24.258
2013   11        9     5  18    2.74   362.2   10.1      24.303
2013   11        9     5  26    2.74   362.3   10.1      24.348
2013   11        9     5  33    2.74   362.4   10.1      24.395
2013   11        9     5  41    2.75   362.5   10.1      24.442
2013   11        9     5  49    2.75   362.6   10.1      24.489
2013   11        9     5  57    2.76   362.6   10.1      24.537
2013   11        9     6   5    2.76   362.7   10.2      24.586
2013   11        9     6  13    2.77   362.8   10.2      24.635
2013   11        9     6  21    2.77   362.9   10.2      24.685
2013   11        9     6  28    2.77   363.0   10.2      24.736
2013   11        9     6  36    2.78   363.1   10.2      24.786
2013   11        9     6  44    2.78   363.1   10.2      24.838
2013   11        9     6  52    2.78   363.2   10.3      24.889
2013   11        9     7   0    2.79   363.3   10.3      24.942
2013   11        9     7   8    2.79   363.4   10.3      24.995
2013   11        9     7  16    2.80   363.5   10.3      25.049
2013   11        9     7  24    2.80   363.6   10.3      25.105
2013   11        9     7  32    2.81   363.7   10.3      25.162
2013   11        9     7  40    2.81   363.8   10.3      25.220
2013   11        9     7  48    2.81   363.9   10.4      25.279
2013   11        9     7  56    2.82   364.1   10.4      25.339
2013   11        9     8   4    2.82   364.2   10.4      25.400
2013   11        9     8  13    2.83   364.3   10.4      25.461
2013   11        9     8  21    2.83   364.4   10.4      25.522
2013   11        9     8  29    2.83   364.6   10.4      25.583
2013   11        9     8  37    2.84   364.7   10.4      25.644
2013   11        9     8  45    2.84   364.9   10.5      25.704
2013   11        9     8  53    2.84   365.0   10.5      25.764
2013   11        9     9   2    2.85   365.1   10.5      25.823
2013   11        9     9  10    2.85   365.3   10.5      25.880
2013   11        9     9  18    2.85   365.4   10.5      25.936
2013   11        9     9  26    2.85   365.6   10.5      25.990
2013   11        9     9  35    2.86   365.7   10.5      26.043
2013   11        9     9  43    2.86   365.9   10.5      26.094
2013   11        9     9  51    2.86   366.0   10.5      26.144
2013   11        9    10   0    2.86   366.2   10.5      26.192
2013   11        9    10   8    2.87   366.4   10.5      26.238
2013   11        9    10  17    2.87   366.5   10.5      26.282
2013   11        9    10  25    2.87   366.7   10.5      26.325
2013   11        9    10  33    2.87   366.8   10.5      26.366
2013   11        9    10  42    2.87   367.0   10.5      26.405
2013   11        9    10  50    2.87   367.1   10.5      26.443
2013   11        9    10  59    2.87   367.3   10.5      26.480
2013   11        9    11   7    2.87   367.4   10.5      26.515
2013   11        9    11  16    2.88   367.5   10.5      26.549
2013   11        9    11  24    2.88   367.7   10.5      26.581
2013   11        9    11  33    2.88   367.8   10.5      26.613
2013   11        9    11  42    2.88   368.0   10.5      26.644
2013   11        9    11  50    2.88   368.1   10.5      26.673
2013   11        9    11  59    2.88   368.2   10.5      26.702
2013   11        9    12   7    2.88   368.3   10.5      26.730
2013   11        9    12  16    2.88   368.5   10.5      26.758
2013   11        9    12  25    2.88   368.6   10.5      26.785
2013   11        9    12  33    2.88   368.7   10.4      26.811
2013   11        9    12  42    2.88   368.9   10.4      26.836
2013   11        9    12  51    2.88   369.0   10.4      26.862
2013   11        9    13   0    2.88   369.1   10.4      26.886
2013   11        9    13   8    2.88   369.2   10.4      26.911
2013   11        9    13  17    2.88   369.4   10.4      26.935
2013   11        9    13  26    2.88   369.5   10.4      26.959
2013   11        9    13  35    2.88   369.6   10.4      26.983
2013   11        9    13  44    2.88   369.7   10.4      27.007
2013   11        9    13  53    2.88   369.8   10.4      27.031
2013   11        9    14   1    2.87   370.0   10.4      27.055
2013   11        9    14  10    2.87   370.1   10.4      27.080
2013   11        9    14  19    2.87   370.2   10.4      27.106
2013   11        9    14  28    2.87   370.3   10.4      27.133
2013   11        9    14  37    2.87   370.4   10.4      27.161
2013   11        9    14  46    2.87   370.6   10.4      27.192
2013   11        9    14  55    2.87   370.7   10.4      27.224
2013   11        9    15   4    2.87   370.8   10.4      27.257
2013   11        9    15  13    2.87   371.0   10.4      27.292
2013   11        9    15  22    2.87   371.1   10.4      27.327
2013   11        9    15  31    2.87   371.3   10.4      27.363
2013   11        9    15  40    2.87   371.4   10.3      27.399
2013   11        9    15  49    2.87   371.6   10.3      27.436
2013   11        9    15  58    2.87   371.7   10.3      27.472
2013   11        9    16   7    2.87   371.9   10.3      27.507
2013   11        9    16  16    2.86   372.1   10.3      27.542
2013   11        9    16  26    2.86   372.2   10.3      27.576
2013   11        9    16  35    2.86   372.4   10.3      27.607
2013   11        9    16  44    2.86   372.5   10.3      27.637
2013   11        9    16  53    2.86   372.7   10.3      27.665
2013   11        9    17   2    2.86   372.9   10.3      27.691
2013   11        9    17  11    2.85   373.0   10.3      27.714
2013   11        9    17  21    2.85   373.2   10.2      27.736
2013   11        9    17  30    2.85   373.4   10.2      27.755
2013   11        9    17  39    2.84   373.5   10.2      27.772
2013   11        9    17  48    2.84   373.7   10.2      27.786
2013   11        9    17  58    2.84   373.8   10.2      27.799
2013   11        9    18   7    2.83   374.0   10.1      27.809
2013   11        9    18  16    2.83   374.2   10.1      27.817
2013   11        9    18  25    2.83   374.3   10.1      27.824
2013   11        9    18  35    2.82   374.4   10.1      27.829
2013   11        9    18  44    2.82   374.6   10.1      27.832
2013   11        9    18  53    2.81   374.7   10.0      27.833
2013   11        9    19   3    2.81   374.9   10.0      27.833
2013   11        9    19  12    2.81   375.0   10.0      27.831
2013   11        9    19  21    2.80   375.1   10.0      27.827
2013   11        9    19  31    2.80   375.2    9.9      27.822
2013   11        9    19  40    2.79   375.4    9.9      27.814
2013   11        9    19  50    2.78   375.5    9.9      27.804
2013   11        9    19  59    2.78   375.6    9.8      27.791
2013   11        9    20   8    2.77   375.7    9.8      27.775
2013   11        9    20  18    2.77   375.8    9.8      27.756
2013   11        9    20  27    2.76   375.9    9.8      27.735
2013   11        9    20  37    2.75   376.0    9.7      27.711
2013   11        9    20  46    2.75   376.1    9.7      27.686
2013   11        9    20  56    2.74   376.2    9.7      27.660
2013   11        9    21   5    2.73   376.3    9.6      27.632
2013   11        9    21  15    2.73   376.4    9.6      27.605
2013   11        9    21  24    2.72   376.5    9.6      27.575
2013   11        9    21  34    2.71   376.6    9.5      27.546
2013   11        9    21  43    2.71   376.6    9.5      27.518
2013   11        9    21  53    2.70   376.7    9.5      27.489
2013   11        9    22   3    2.70   376.8    9.4      27.461
2013   11        9    22  12    2.69   376.9    9.4      27.432
2013   11        9    22  22    2.68   377.0    9.4      27.402
2013   11        9    22  31    2.68   377.0    9.3      27.373
2013   11        9    22  41    2.67   377.1    9.3      27.342
2013   11        9    22  51    2.66   377.2    9.3      27.311
2013   11        9    23   0    2.65   377.3    9.3      27.278
2013   11        9    23  10    2.65   377.3    9.2      27.244
2013   11        9    23  20    2.64   377.4    9.2      27.208
2013   11        9    23  29    2.63   377.5    9.2      27.171
2013   11        9    23  39    2.63   377.5    9.1      27.133
2013   11        9    23  49    2.62   377.6    9.1      27.094
2013   11        9    23  58    2.61   377.6    9.1      27.053
2013   11       10     0   8    2.60   377.6    9.0      27.012
2013   11       10     0  18    2.60   377.7    9.0      26.970
2013   11       10     0  27    2.59   377.7    9.0      26.926
2013   11       10     0  37    2.58   377.7    9.0      26.882
2013   11       10     0  47    2.58   377.8    8.9      26.838
2013   11       10     0  56    2.57   377.8    8.9      26.792
2013   11       10     1   6    2.56   377.8    8.9      26.746
2013   11       10     1  16    2.55   377.8    8.8      26.700
2013   11       10     1  26    2.55   377.8    8.8      26.653
2013   11       10     1  35    2.54   377.8    8.8      26.605
2013   11       10     1  45    2.53   377.9    8.7      26.556
2013   11       10     1  55    2.52   377.9    8.7      26.506
2013   11       10     2   5    2.52   377.9    8.7      26.456
2013   11       10     2  15    2.51   377.9    8.7      26.404
2013   11       10     2  24    2.50   377.9    8.6      26.352
2013   11       10     2  34    2.49   377.9    8.6      26.298
2013   11       10     2  44    2.49   377.8    8.6      26.242
2013   11       10     2  54    2.48   377.8    8.5      26.184
2013   11       10     3   4    2.47   377.8    8.5      26.125
2013   11       10     3  13    2.46   377.8    8.5      26.062
2013   11       10     3  23    2.45   377.8    8.4      25.995
2013   11       10     3  33    2.45   377.8    8.4      25.925
2013   11       10     3  43    2.44   377.7    8.4      25.852
2013   11       10     3  53    2.43   377.7    8.3      25.778
2013   11       10     4   3    2.42   377.6    8.3      25.701
2013   11       10     4  13    2.41   377.6    8.3      25.624
2013   11       10     4  22    2.40   377.5    8.2      25.546
2013   11       10     4  32    2.39   377.5    8.2      25.469
2013   11       10     4  42    2.39   377.4    8.2      25.391
2013   11       10     4  52    2.38   377.3    8.1      25.314
2013   11       10     5   2    2.37   377.3    8.1      25.238
2013   11       10     5  12    2.36   377.2    8.1      25.164
2013   11       10     5  22    2.35   377.1    8.0      25.090
2013   11       10     5  32    2.35   377.1    8.0      25.017
2013   11       10     5  42    2.34   377.0    8.0      24.945
2013   11       10     5  52    2.33   376.9    7.9      24.872
2013   11       10     6   1    2.32   376.8    7.9      24.800
2013   11       10     6  11    2.32   376.7    7.9      24.727
2013   11       10     6  21    2.31   376.6    7.9      24.653
2013   11       10     6  31    2.30   376.5    7.8      24.578
2013   11       10     6  41    2.29   376.4    7.8      24.501
2013   11       10     6  51    2.29   376.3    7.8      24.423
2013   11       10     7   1    2.28   376.1    7.8      24.344
2013   11       10     7  11    2.27   376.0    7.7      24.264
2013   11       10     7  21    2.27   375.8    7.7      24.184
2013   11       10     7  31    2.26   375.6    7.7      24.103
2013   11       10     7  41    2.25   375.4    7.7      24.023
2013   11       10     7  51    2.25   375.2    7.6      23.943
2013   11       10     8   1    2.24   375.0    7.6      23.865
2013   11       10     8  11    2.23   374.9    7.6      23.788
2013   11       10     8  21    2.23   374.7    7.6      23.713
2013   11       10     8  31    2.22   374.5    7.6      23.639
2013   11       10     8  41    2.22   374.3    7.6      23.566
2013   11       10     8  51    2.21   374.1    7.6      23.496
2013   11       10     9   1    2.21   373.9    7.6      23.428
2013   11       10     9  11    2.20   373.7    7.6      23.362
2013   11       10     9  21    2.20   373.5    7.5      23.298
2013   11       10     9  31    2.19   373.3    7.5      23.235
2013   11       10     9  41    2.19   373.1    7.5      23.174
2013   11       10     9  51    2.18   372.9    7.5      23.113
2013   11       10    10   1    2.18   372.7    7.5      23.053
2013   11       10    10  12    2.17   372.5    7.5      22.993
2013   11       10    10  22    2.17   372.3    7.5      22.933
2013   11       10    10  32    2.16   372.1    7.5      22.875
2013   11       10    10  42    2.16   372.0    7.5      22.816
2013   11       10    10  52    2.15   371.8    7.5      22.757
2013   11       10    11   2    2.15   371.6    7.5      22.697
2013   11       10    11  12    2.14   371.4    7.4      22.637
2013   11       10    11  22    2.14   371.2    7.4      22.577
2013   11       10    11  32    2.13   371.0    7.4      22.517
2013   11       10    11  42    2.13   370.8    7.4      22.457
2013   11       10    11  52    2.12   370.6    7.4      22.398
2013   11       10    12   2    2.12   370.4    7.4      22.338
2013   11       10    12  13    2.11   370.3    7.4      22.279
2013   11       10    12  23    2.11   370.1    7.4      22.220
2013   11       10    12  33    2.11   369.9    7.4      22.161
2013   11       10    12  43    2.10   369.7    7.3      22.104
2013   11       10    12  53    2.10   369.5    7.3      22.046
2013   11       10    13   3    2.09   369.3    7.3      21.989
2013   11       10    13  13    2.09   369.1    7.3      21.932
2013   11       10    13  23    2.09   368.9    7.3      21.876
2013   11       10    13  33    2.08   368.7    7.3      21.819
2013   11       10    13  43    2.08   368.4    7.3      21.763
2013   11       10    13  53    2.07   368.2    7.3      21.707
2013   11       10    14   3    2.07   368.0    7.3      21.652
2013   11       10    14  14    2.07   367.8    7.3      21.596
2013   11       10    14  24    2.06   367.5    7.3      21.540
2013   11       10    14  34    2.06   367.3    7.2      21.485
2013   11       10    14  44    2.06   367.0    7.2      21.429
2013   11       10    14  54    2.06   366.8    7.2      21.375
2013   11       10    15   4    2.05   366.5    7.2      21.322
2013   11       10    15  14    2.05   366.3    7.2      21.269
2013   11       10    15  24    2.05   366.0    7.2      21.219
2013   11       10    15  34    2.05   365.8    7.2      21.170
2013   11       10    15  44    2.04   365.5    7.2      21.123
2013   11       10    15  54    2.04   365.3    7.2      21.076
2013   11       10    16   5    2.04   365.0    7.2      21.032
2013   11       10    16  15    2.04   364.8    7.2      20.990
2013   11       10    16  25    2.03   364.5    7.2      20.950
2013   11       10    16  35    2.03   364.3    7.2      20.913
2013   11       10    16  45    2.03   364.1    7.3      20.876
2013   11       10    16  55    2.03   363.8    7.3      20.841
2013   11       10    17   5    2.03   363.6    7.3      20.806
2013   11       10    17  15    2.03   363.4    7.3      20.772
2013   11       10    17  25    2.02   363.1    7.3      20.738
2013   11       10    17  35    2.02   362.9    7.3      20.704
2013   11       10    17  45    2.02   362.7    7.3      20.670
2013   11       10    17  55    2.02   362.4    7.3      20.636
2013   11       10    18   6    2.02   362.2    7.3      20.602
2013   11       10    18  16    2.02   362.0    7.3      20.566
2013   11       10    18  26    2.01   361.7    7.3      20.531
2013   11       10    18  36    2.01   361.5    7.3      20.494
2013   11       10    18  46    2.01   361.2    7.3      20.458
2013   11       10    18  56    2.01   361.0    7.3      20.421
2013   11       10    19   6    2.01   360.8    7.3      20.384
2013   11       10    19  16    2.01   360.5    7.3      20.347
2013   11       10    19  26    2.01   360.3    7.3      20.310
2013   11       10    19  36    2.00   360.1    7.3      20.273
2013   11       10    19  46    2.00   359.8    7.3      20.235
2013   11       10    19  57    2.00   359.6    7.3      20.198
2013   11       10    20   7    2.00   359.3    7.3      20.161
2013   11       10    20  17    2.00   359.1    7.3      20.124
2013   11       10    20  27    2.00   358.9    7.3      20.087
2013   11       10    20  37    2.00   358.6    7.3      20.051
2013   11       10    20  47    2.00   358.4    7.3      20.014
2013   11       10    20  57    2.00   358.1    7.3      19.978
2013   11       10    21   7    1.99   357.9    7.3      19.942
2013   11       10    21  17    1.99   357.7    7.3      19.906
2013   11       10    21  27    1.99   357.4    7.3      19.870
2013   11       10    21  37    1.99   357.2    7.3      19.835
2013   11       10    21  47    1.99   356.9    7.3      19.800
2013   11       10    21  58    1.99   356.7    7.3      19.765
2013   11       10    22   8    1.99   356.4    7.3      19.730
2013   11       10    22  18    1.99   356.2    7.3      19.696
2013   11       10    22  28    1.99   355.9    7.3      19.662
2013   11       10    22  38    1.99   355.7    7.3      19.628
2013   11       10    22  48    1.99   355.4    7.3      19.595
2013   11       10    22  58    1.99   355.2    7.3      19.562
2013   11       10    23   8    1.99   354.9    7.3      19.529
2013   11       10    23  18    1.99   354.7    7.3      19.497
2013   11       10    23  28    1.99   354.4    7.3      19.465
2013   11       10    23  38    1.99   354.2    7.3      19.434
2013   11       10    23  49    1.99   353.9    7.3      19.404
2013   11       10    23  59    1.99   353.7    7.4      19.373
2013   11       11     0   9    1.99   353.4    7.4      19.344
2013   11       11     0  19    1.99   353.2    7.4      19.315
2013   11       11     0  29    1.99   352.9    7.4      19.286
2013   11       11     0  39    1.99   352.7    7.4      19.258
2013   11       11     0  49    1.99   352.4    7.4      19.231
2013   11       11     0  59    1.99   352.2    7.4      19.204
2013   11       11     1   9    1.99   351.9    7.4      19.177
2013   11       11     1  19    1.99   351.7    7.4      19.151
2013   11       11     1  29    1.99   351.4    7.4      19.125
2013   11       11     1  39    1.99   351.2    7.4      19.099
2013   11       11     1  50    1.99   350.9    7.4      19.074
2013   11       11     2   0    1.99   350.6    7.4      19.049
2013   11       11     2  10    1.99   350.4    7.4      19.024
2013   11       11     2  20    1.99   350.1    7.5      19.000
2013   11       11     2  30    2.00   349.9    7.5      18.976
2013   11       11     2  40    2.00   349.6    7.5      18.952
2013   11       11     2  50    2.00   349.4    7.5      18.928
2013   11       11     3   0    2.00   349.1    7.5      18.904
2013   11       11     3  10    2.00   348.8    7.5      18.881
2013   11       11     3  20    2.00   348.6    7.5      18.858
2013   11       11     3  30    2.00   348.3    7.5      18.835
2013   11       11     3  41    2.00   348.1    7.5      18.813
2013   11       11     3  51    2.00   347.8    7.5      18.791
2013   11       11     4   1    2.01   347.5    7.5      18.769
2013   11       11     4  11    2.01   347.3    7.5      18.748
2013   11       11     4  21    2.01   347.0    7.6      18.727
2013   11       11     4  31    2.01   346.8    7.6      18.706
2013   11       11     4  41    2.01   346.5    7.6      18.686
2013   11       11     4  51    2.01   346.2    7.6      18.667
2013   11       11     5   1    2.02   346.0    7.6      18.648
2013   11       11     5  11    2.02   345.7    7.6      18.631
2013   11       11     5  21    2.02   345.4    7.6      18.613
2013   11       11     5  31    2.02   345.2    7.7      18.597
2013   11       11     5  42    2.03   344.9    7.7      18.581
2013   11       11     5  52    2.03   344.7    7.7      18.567
2013   11       11     6   2    2.03   344.4    7.7      18.553
2013   11       11     6  12    2.03   344.1    7.7      18.541
2013   11       11     6  22    2.04   343.9    7.7      18.530
2013   11       11     6  32    2.04   343.6    7.8      18.520
2013   11       11     6  42    2.04   343.4    7.8      18.511
2013   11       11     6  52    2.05   343.1    7.8      18.503
2013   11       11     7   2    2.05   342.9    7.8      18.497
2013   11       11     7  12    2.06   342.6    7.9      18.493
2013   11       11     7  22    2.06   342.4    7.9      18.490
2013   11       11     7  32    2.06   342.1    7.9      18.488
2013   11       11     7  43    2.07   341.9    7.9      18.488
2013   11       11     7  53    2.07   341.6    8.0      18.489
2013   11       11     8   3    2.08   341.4    8.0      18.492
2013   11       11     8  13    2.08   341.2    8.0      18.496
2013   11       11     8  23    2.09   340.9    8.1      18.502
2013   11       11     8  33    2.09   340.7    8.1      18.509
2013   11       11     8  43    2.10   340.5    8.1      18.517
2013   11       11     8  53    2.11   340.3    8.2      18.527
2013   11       11     9   3    2.11   340.1    8.2      18.539
2013   11       11     9  13    2.12   339.9    8.2      18.552
2013   11       11     9  23    2.12   339.6    8.3      18.566
2013   11       11     9  34    2.13   339.4    8.3      18.582
2013   11       11     9  44    2.14   339.2    8.3      18.599
2013   11       11     9  54    2.14   339.0    8.4      18.617
2013   11       11    10   4    2.15   338.9    8.4      18.636
2013   11       11    10  14    2.15   338.7    8.4      18.656
2013   11       11    10  24    2.16   338.5    8.5      18.677
2013   11       11    10  34    2.17   338.3    8.5      18.699
2013   11       11    10  44    2.17   338.1    8.5      18.721
2013   11       11    10  54    2.18   337.9    8.6      18.743
2013   11       11    11   4    2.18   337.7    8.6      18.766
2013   11       11    11  14    2.19   337.6    8.6      18.789
2013   11       11    11  24    2.20   337.4    8.7      18.812
2013   11       11    11  35    2.20   337.2    8.7      18.835
2013   11       11    11  45    2.21   337.0    8.7      18.859
2013   11       11    11  55    2.22   336.9    8.7      18.882
2013   11       11    12   5    2.22   336.7    8.8      18.906
2013   11       11    12  15    2.23   336.5    8.8      18.930
2013   11       11    12  25    2.24   336.3    8.8      18.954
2013   11       11    12  35    2.25   336.2    8.9      18.978
2013   11       11    12  45    2.25   336.0    8.9      19.003
2013   11       11    12  55    2.26   335.9    9.0      19.028
2013   11       11    13   5    2.27   335.7    9.0      19.053
2013   11       11    13  15    2.28   335.5    9.0      19.080
2013   11       11    13  26    2.28   335.4    9.1      19.106
2013   11       11    13  36    2.29   335.2    9.1      19.134
2013   11       11    13  46    2.30   335.1    9.1      19.162
2013   11       11    13  56    2.31   335.0    9.2      19.192
2013   11       11    14   6    2.32   334.8    9.2      19.222
2013   11       11    14  16    2.33   334.7    9.3      19.253
2013   11       11    14  26    2.33   334.6    9.3      19.285
2013   11       11    14  36    2.34   334.4    9.4      19.318
2013   11       11    14  46    2.35   334.3    9.4      19.353
2013   11       11    14  56    2.36   334.2    9.4      19.389
2013   11       11    15   6    2.37   334.1    9.5      19.427
2013   11       11    15  16    2.38   334.0    9.5      19.466
2013   11       11    15  27    2.39   333.9    9.6      19.508
2013   11       11    15  37    2.40   333.8    9.6      19.551
2013   11       11    15  47    2.41   333.7    9.7      19.596
2013   11       11    15  57    2.42   333.6    9.8      19.643
2013   11       11    16   7    2.44   333.5    9.8      19.693
2013   11       11    16  17    2.45   333.5    9.9      19.745
2013   11       11    16  27    2.46   333.4    9.9      19.800
2013   11       11    16  37    2.47   333.4   10.0      19.856
2013   11       11    16  47    2.48   333.3   10.0      19.915
2013   11       11    16  57    2.49   333.3   10.1      19.976
2013   11       11    17   7    2.50   333.2   10.1      20.039
2013   11       11    17  17    2.51   333.2   10.2      20.102
2013   11       11    17  28    2.52   333.1   10.2      20.167
2013   11       11    17  38    2.53   333.1   10.3      20.233
2013   11       11    17  48    2.54   333.1   10.3      20.299
2013   11       11    17  58    2.56   333.0   10.4      20.365
2013   11       11    18   8    2.57   333.0   10.4      20.431
2013   11       11    18  18    2.58   333.0   10.5      20.496
2013   11       11    18  28    2.59   333.0   10.5      20.561
2013   11       11    18  38    2.60   332.9   10.5      20.625
2013   11       11    18  48    2.61   332.9   10.6      20.688
2013   11       11    18  58    2.62   332.9   10.6      20.750
2013   11       11    19   8    2.63   332.9   10.7      20.812
2013   11       11    19  18    2.64   332.9   10.7      20.872
2013   11       11    19  29    2.65   332.9   10.8      20.932
2013   11       11    19  39    2.66   332.9   10.8      20.991
2013   11       11    19  49    2.67   332.9   10.8      21.049
2013   11       11    19  59    2.68   332.9   10.9      21.107
2013   11       11    20   9    2.69   332.9   10.9      21.164
2013   11       11    20  19    2.70   332.9   10.9      21.220
2013   11       11    20  29    2.71   332.9   11.0      21.276
2013   11       11    20  39    2.72   332.9   11.0      21.331
2013   11       11    20  49    2.73   332.9   11.1      21.386
2013   11       11    20  59    2.75   332.9   11.1      21.441
2013   11       11    21   9    2.76   332.9   11.1      21.495
2013   11       11    21  20    2.77   332.9   11.2      21.548
2013   11       11    21  30    2.78   333.0   11.2      21.602
2013   11       11    21  40    2.79   333.0   11.3      21.655
2013   11       11    21  50    2.80   333.0   11.3      21.709
2013   11       11    22   0    2.81   333.0   11.3      21.762
2013   11       11    22  10    2.82   333.0   11.4      21.816
2013   11       11    22  20    2.83   333.1   11.4      21.870
2013   11       11    22  30    2.84   333.1   11.5      21.925
2013   11       11    22  40    2.85   333.1   11.5      21.981
2013   11       11    22  50    2.87   333.2   11.6      22.038
2013   11       11    23   0    2.88   333.2   11.6      22.096
2013   11       11    23  10    2.89   333.2   11.6      22.156
2013   11       11    23  21    2.90   333.3   11.7      22.217
2013   11       11    23  31    2.91   333.3   11.7      22.281
2013   11       11    23  41    2.92   333.4   11.8      22.347
2013   11       11    23  51    2.94   333.4   11.8      22.416
2013   11       12     0   1    2.95   333.5   11.9      22.488
2013   11       12     0  11    2.96   333.6   11.9      22.563
2013   11       12     0  21    2.97   333.7   12.0      22.641
2013   11       12     0  31    2.98   333.7   12.0      22.722
2013   11       12     0  41    3.00   333.8   12.0      22.805
2013   11       12     0  51    3.01   333.9   12.1      22.889
2013   11       12     1   1    3.02   334.0   12.1      22.974
2013   11       12     1  11    3.03   334.1   12.2      23.060
2013   11       12     1  22    3.04   334.2   12.2      23.146
2013   11       12     1  32    3.05   334.4   12.2      23.232
2013   11       12     1  42    3.06   334.5   12.3      23.316
2013   11       12     1  52    3.07   334.6   12.3      23.399
2013   11       12     2   2    3.08   334.7   12.3      23.480
2013   11       12     2  12    3.09   334.8   12.4      23.559
2013   11       12     2  22    3.10   334.9   12.4      23.637
2013   11       12     2  32    3.11   335.0   12.4      23.713
2013   11       12     2  42    3.12   335.2   12.5      23.788
2013   11       12     2  52    3.13   335.3   12.5      23.862
2013   11       12     3   2    3.14   335.4   12.5      23.934
2013   11       12     3  12    3.15   335.5   12.5      24.005
2013   11       12     3  23    3.16   335.6   12.6      24.075
2013   11       12     3  33    3.17   335.8   12.6      24.144
2013   11       12     3  43    3.18   335.9   12.6      24.212
2013   11       12     3  53    3.19   336.0   12.6      24.279
2013   11       12     4   3    3.20   336.1   12.7      24.345
2013   11       12     4  13    3.21   336.2   12.7      24.411
2013   11       12     4  23    3.22   336.4   12.7      24.476
2013   11       12     4  33    3.23   336.5   12.7      24.542
2013   11       12     4  43    3.24   336.6   12.8      24.608
2013   11       12     4  53    3.25   336.7   12.8      24.674
2013   11       12     5   3    3.26   336.9   12.8      24.742
2013   11       12     5  14    3.27   337.0   12.8      24.810
2013   11       12     5  24    3.28   337.2   12.9      24.878
2013   11       12     5  34    3.30   337.3   12.9      24.947
2013   11       12     5  44    3.31   337.5   12.9      25.017
2013   11       12     5  54    3.31   337.6   13.0      25.087
2013   11       12     6   4    3.32   337.8   13.0      25.157
2013   11       12     6  14    3.33   337.9   13.0      25.227
2013   11       12     6  24    3.34   338.1   13.0      25.296
2013   11       12     6  34    3.35   338.2   13.0      25.365
2013   11       12     6  44    3.36   338.4   13.1      25.434
2013   11       12     6  54    3.37   338.6   13.1      25.503
2013   11       12     7   4    3.38   338.7   13.1      25.573
2013   11       12     7  15    3.39   338.9   13.1      25.644
2013   11       12     7  25    3.40   339.1   13.2      25.716
2013   11       12     7  35    3.41   339.2   13.2      25.788
2013   11       12     7  45    3.41   339.4   13.2      25.861
2013   11       12     7  55    3.42   339.6   13.2      25.935
2013   11       12     8   5    3.43   339.7   13.2      26.009
2013   11       12     8  15    3.44   339.9   13.2      26.083
2013   11       12     8  25    3.44   340.1   13.3      26.157
2013   11       12     8  35    3.45   340.3   13.3      26.231
2013   11       12     8  45    3.46   340.5   13.3      26.305
2013   11       12     8  55    3.46   340.6   13.3      26.377
2013   11       12     9   5    3.47   340.8   13.3      26.449
2013   11       12     9  16    3.47   341.0   13.3      26.520
2013   11       12     9  26    3.48   341.2   13.3      26.589
2013   11       12     9  36    3.48   341.3   13.3      26.658
2013   11       12     9  46    3.49   341.5   13.3      26.725
2013   11       12     9  56    3.50   341.7   13.4      26.791
2013   11       12    10   6    3.50   341.9   13.4      26.857
2013   11       12    10  16    3.51   342.0   13.4      26.921
2013   11       12    10  26    3.51   342.2   13.4      26.985
2013   11       12    10  36    3.52   342.4   13.4      27.048
2013   11       12    10  46    3.52   342.6   13.4      27.110
2013   11       12    10  56    3.52   342.7   13.4      27.171
2013   11       12    11   6    3.53   342.9   13.4      27.231
2013   11       12    11  17    3.53   343.1   13.4      27.291
2013   11       12    11  27    3.54   343.3   13.4      27.350
2013   11       12    11  37    3.54   343.4   13.4      27.408
2013   11       12    11  47    3.55   343.6   13.4      27.466
2013   11       12    11  57    3.55   343.8   13.4      27.524
2013   11       12    12   7    3.55   343.9   13.4      27.581
2013   11       12    12  17    3.56   344.1   13.4      27.637
2013   11       12    12  27    3.56   344.3   13.4      27.693
2013   11       12    12  37    3.56   344.5   13.4      27.750
2013   11       12    12  47    3.57   344.6   13.4      27.805
2013   11       12    12  57    3.57   344.8   13.3      27.861
2013   11       12    13   7    3.58   345.0   13.3      27.917
2013   11       12    13  18    3.58   345.2   13.3      27.973
2013   11       12    13  28    3.58   345.3   13.3      28.030
2013   11       12    13  38    3.59   345.5   13.3      28.086
2013   11       12    13  48    3.59   345.7   13.3      28.143
2013   11       12    13  58    3.59   345.9   13.3      28.199
2013   11       12    14   8    3.60   346.0   13.3      28.255
2013   11       12    14  18    3.60   346.2   13.3      28.311
2013   11       12    14  28    3.60   346.4   13.3      28.367
2013   11       12    14  38    3.61   346.6   13.3      28.422
2013   11       12    14  48    3.61   346.8   13.3      28.476
2013   11       12    14  58    3.62   346.9   13.3      28.530
2013   11       12    15   8    3.62   347.1   13.3      28.582
2013   11       12    15  19    3.62   347.3   13.3      28.634
2013   11       12    15  29    3.63   347.5   13.2      28.684
2013   11       12    15  39    3.63   347.7   13.2      28.734
2013   11       12    15  49    3.63   347.9   13.2      28.782
2013   11       12    15  59    3.64   348.0   13.2      28.829
2013   11       12    16   9    3.64   348.2   13.2      28.875
2013   11       12    16  19    3.64   348.4   13.2      28.920
2013   11       12    16  29    3.65   348.6   13.2      28.965
2013   11       12    16  39    3.65   348.8   13.2      29.008
2013   11       12    16  49    3.65   349.0   13.2      29.050
2013   11       12    16  59    3.66   349.1   13.1      29.091
2013   11       12    17   9    3.66   349.3   13.1      29.131
2013   11       12    17  20    3.66   349.5   13.1      29.171
2013   11       12    17  30    3.66   349.7   13.1      29.210
2013   11       12    17  40    3.67   349.9   13.1      29.248
2013   11       12    17  50    3.67   350.1   13.1      29.285
2013   11       12    18   0    3.67   350.3   13.1      29.322
2013   11       12    18  10    3.68   350.4   13.0      29.358
2013   11       12    18  20    3.68   350.6   13.0      29.394
2013   11       12    18  30    3.68   350.8   13.0      29.430
2013   11       12    18  40    3.69   351.0   13.0      29.464
2013   11       12    18  50    3.69   351.2   13.0      29.499
2013   11       12    19   0    3.69   351.4   13.0      29.533
2013   11       12    19  10    3.69   351.5   13.0      29.567
2013   11       12    19  21    3.70   351.7   13.0      29.601
2013   11       12    19  31    3.70   351.9   12.9      29.634
2013   11       12    19  41    3.70   352.1   12.9      29.667
2013   11       12    19  51    3.71   352.3   12.9      29.700
2013   11       12    20   1    3.71   352.5   12.9      29.732
2013   11       12    20  11    3.71   352.6   12.9      29.765
2013   11       12    20  21    3.72   352.8   12.9      29.797
2013   11       12    20  31    3.72   353.0   12.9      29.829
2013   11       12    20  41    3.72   353.2   12.9      29.861
2013   11       12    20  51    3.72   353.4   12.9      29.893
2013   11       12    21   1    3.73   353.5   12.8      29.925
2013   11       12    21  11    3.73   353.7   12.8      29.957
2013   11       12    21  22    3.74   353.9   12.8      29.989
2013   11       12    21  32    3.74   354.1   12.8      30.020
2013   11       12    21  42    3.74   354.3   12.8      30.052
2013   11       12    21  52    3.75   354.5   12.8      30.083
2013   11       12    22   2    3.75   354.6   12.8      30.111
2013   11       12    22  12    3.75   354.8   12.8      30.138
2013   11       12    22  22    3.76   355.0   12.8      30.164
2013   11       12    22  32    3.76   355.2   12.8      30.187
2013   11       12    22  42    3.76   355.4   12.8      30.208
2013   11       12    22  52    3.77   355.6   12.8      30.227
2013   11       12    23   2    3.77   355.8   12.8      30.244
2013   11       12    23  12    3.78   356.0   12.8      30.259
2013   11       12    23  23    3.78   356.2   12.8      30.272
2013   11       12    23  33    3.78   356.4   12.8      30.283
2013   11       12    23  43    3.79   356.6   12.8      30.293
2013   11       12    23  53    3.79   356.8   12.8      30.301
2013   11       13     0   3    3.79   357.1   12.8      30.309
2013   11       13     0  13    3.80   357.3   12.8      30.316
2013   11       13     0  23    3.80   357.5   12.8      30.322
2013   11       13     0  33    3.80   357.7   12.8      30.327
2013   11       13     0  43    3.81   357.9   12.8      30.332
2013   11       13     0  53    3.81   358.2   12.8      30.337
2013   11       13     1   3    3.81   358.4   12.8      30.341
2013   11       13     1  13    3.82   358.6   12.8      30.345
2013   11       13     1  24    3.82   358.8   12.8      30.348
2013   11       13     1  34    3.82   359.0   12.8      30.352
2013   11       13     1  44    3.82   359.2   12.8      30.355
2013   11       13     1  54    3.83   359.5   12.8      30.358
2013   11       13     2   4    3.83   359.7   12.8      30.361
2013   11       13     2  14    3.83   359.9   12.8      30.365
2013   11       13     2  24    3.84   360.1   12.8      30.368
2013   11       13     2  34    3.84   360.3   12.8      30.372
2013   11       13     2  44    3.84   360.6   12.8      30.377
2013   11       13     2  54    3.84   360.8   12.8      30.383
2013   11       13     3   4    3.85   361.0   12.8      30.390
2013   11       13     3  14    3.85   361.2   12.8      30.397
2013   11       13     3  25    3.85   361.5   12.8      30.405
2013   11       13     3  35    3.86   361.7   12.8      30.413
2013   11       13     3  45    3.86   362.0   12.8      30.421
2013   11       13     3  55    3.86   362.2   12.8      30.429
2013   11       13     4   5    3.87   362.4   12.8      30.437
2013   11       13     4  15    3.87   362.7   12.8      30.444
2013   11       13     4  25    3.87   362.9   12.8      30.452
2013   11       13     4  35    3.88   363.1   12.8      30.458
2013   11       13     4  45    3.88   363.4   12.8      30.464
2013   11       13     4  55    3.88   363.6   12.7      30.470
2013   11       13     5   5    3.89   363.9   12.7      30.476
2013   11       13     5  15    3.89   364.1   12.7      30.481
2013   11       13     5  26    3.89   364.3   12.7      30.486
2013   11       13     5  36    3.89   364.6   12.7      30.490
2013   11       13     5  46    3.90   364.8   12.7      30.495
2013   11       13     5  56    3.90   365.1   12.7      30.499
2013   11       13     6   6    3.90   365.3   12.7      30.503
2013   11       13     6  16    3.91   365.5   12.7      30.508
2013   11       13     6  26    3.91   365.8   12.7      30.512
2013   11       13     6  36    3.91   366.0   12.7      30.517
2013   11       13     6  46    3.91   366.2   12.7      30.521
2013   11       13     6  56    3.92   366.5   12.6      30.527
2013   11       13     7   6    3.92   366.7   12.6      30.532
2013   11       13     7  16    3.92   367.0   12.6      30.538
2013   11       13     7  26    3.93   367.2   12.6      30.545
2013   11       13     7  37    3.93   367.4   12.6      30.553
2013   11       13     7  47    3.93   367.7   12.6      30.562
2013   11       13     7  57    3.93   367.9   12.6      30.572
2013   11       13     8   7    3.94   368.2   12.6      30.584
2013   11       13     8  17    3.94   368.4   12.6      30.596
2013   11       13     8  27    3.94   368.7   12.6      30.610
2013   11       13     8  37    3.95   368.9   12.6      30.624
2013   11       13     8  47    3.95   369.2   12.6      30.638
2013   11       13     8  57    3.95   369.5   12.6      30.653
2013   11       13     9   7    3.95   369.7   12.6      30.669
2013   11       13     9  17    3.95   370.0   12.6      30.684
2013   11       13     9  27    3.96   370.3   12.5      30.698
2013   11       13     9  38    3.96   370.5   12.5      30.712
2013   11       13     9  48    3.96   370.8   12.5      30.726
2013   11       13     9  58    3.96   371.0   12.5      30.739
2013   11       13    10   8    3.96   371.3   12.5      30.752
2013   11       13    10  18    3.97   371.6   12.5      30.764
2013   11       13    10  28    3.97   371.9   12.5      30.776
2013   11       13    10  38    3.97   372.1   12.5      30.787
2013   11       13    10  48    3.97   372.4   12.5      30.798
2013   11       13    10  58    3.97   372.7   12.4      30.809
2013   11       13    11   8    3.97   372.9   12.4      30.820
2013   11       13    11  18    3.98   373.2   12.4      30.830
2013   11       13    11  28    3.98   373.5   12.4      30.841
2013   11       13    11  39    3.98   373.8   12.4      30.851
2013   11       13    11  49    3.98   374.0   12.4      30.862
2013   11       13    11  59    3.98   374.3   12.4      30.872
2013   11       13    12   9    3.98   374.6   12.4      30.883
2013   11       13    12  19    3.98   374.9   12.3      30.895
2013   11       13    12  29    3.98   375.2   12.3      30.907
2013   11       13    12  39    3.98   375.4   12.3      30.920
2013   11       13    12  49    3.99   375.7   12.3      30.933
2013   11       13    12  59    3.99   376.0   12.3      30.947
2013   11       13    13   9    3.99   376.3   12.3      30.962
2013   11       13    13  19    3.99   376.6   12.3      30.977
2013   11       13    13  29    3.99   376.9   12.2      30.992
2013   11       13    13  40    3.99   377.2   12.2      31.007
2013   11       13    13  50    3.99   377.5   12.2      31.023
2013   11       13    14   0    3.99   377.8   12.2      31.038
2013   11       13    14  10    3.99   378.1   12.2      31.053
2013   11       13    14  20    3.99   378.4   12.2      31.068
2013   11       13    14  30    3.99   378.7   12.1      31.083
2013   11       13    14  40    3.98   379.0   12.1      31.098
2013   11       13    14  50    3.98   379.3   12.1      31.113
2013   11       13    15   0    3.98   379.6   12.1      31.128
2013   11       13    15  10    3.98   379.9   12.1      31.142
2013   11       13    15  20    3.98   380.2   12.1      31.157
2013   11       13    15  30    3.98   380.5   12.0      31.172
2013   11       13    15  41    3.98   380.8   12.0      31.186
2013   11       13    15  51    3.98   381.1   12.0      31.201
2013   11       13    16   1    3.98   381.4   12.0      31.215
2013   11       13    16  11    3.98   381.7   12.0      31.230
2013   11       13    16  21    3.98   382.0   11.9      31.245
2013   11       13    16  31    3.98   382.3   11.9      31.261
2013   11       13    16  41    3.98   382.6   11.9      31.277
2013   11       13    16  51    3.97   382.9   11.9      31.294
2013   11       13    17   1    3.97   383.2   11.9      31.311
2013   11       13    17  11    3.97   383.5   11.9      31.329
2013   11       13    17  21    3.97   383.8   11.8      31.348
2013   11       13    17  31    3.97   384.1   11.8      31.369
2013   11       13    17  42    3.97   384.4   11.8      31.392
2013   11       13    17  52    3.97   384.7   11.8      31.418
2013   11       13    18   2    3.97   385.1   11.8      31.445
2013   11       13    18  12    3.97   385.4   11.8      31.475
2013   11       13    18  22    3.97   385.7   11.8      31.505
2013   11       13    18  32    3.96   386.0   11.7      31.537
2013   11       13    18  42    3.96   386.4   11.7      31.570
2013   11       13    18  52    3.96   386.7   11.7      31.604
2013   11       13    19   2    3.96   387.1   11.7      31.638
2013   11       13    19  12    3.96   387.4   11.7      31.670
2013   11       13    19  22    3.96   387.8   11.7      31.702
2013   11       13    19  32    3.96   388.1   11.6      31.733
2013   11       13    19  43    3.95   388.4   11.6      31.763
2013   11       13    19  53    3.95   388.8   11.6      31.792
2013   11       13    20   3    3.95   389.1   11.6      31.820
2013   11       13    20  13    3.95   389.5   11.5      31.847
2013   11       13    20  23    3.95   389.8   11.5      31.874
2013   11       13    20  33    3.94   390.1   11.5      31.900
2013   11       13    20  43    3.94   390.5   11.5      31.926
2013   11       13    20  53    3.94   390.8   11.5      31.951
2013   11       13    21   3    3.94   391.2   11.4      31.976
2013   11       13    21  13    3.93   391.5   11.4      32.000
2013   11       13    21  23    3.93   391.8   11.4      32.024
2013   11       13    21  33    3.93   392.2   11.4      32.047
2013   11       13    21  43    3.93   392.5   11.3      32.070
2013   11       13    21  54    3.92   392.8   11.3      32.094
2013   11       13    22   4    3.92   393.2   11.3      32.117
2013   11       13    22  14    3.92   393.5   11.3      32.141
2013   11       13    22  24    3.92   393.8   11.2      32.165
2013   11       13    22  34    3.91   394.2   11.2      32.189
2013   11       13    22  44    3.91   394.5   11.2      32.213
2013   11       13    22  54    3.91   394.8   11.2      32.237
2013   11       13    23   4    3.90   395.1   11.1      32.261
2013   11       13    23  14    3.90   395.5   11.1      32.285
2013   11       13    23  24    3.90   395.8   11.1      32.307
2013   11       13    23  34    3.89   396.1   11.1      32.328
2013   11       13    23  44    3.89   396.5   11.0      32.349
2013   11       13    23  55    3.88   396.8   11.0      32.370
2013   11       14     0   5    3.88   397.2   11.0      32.390
2013   11       14     0  15    3.88   397.6   11.0      32.411
2013   11       14     0  25    3.87   397.9   10.9      32.432
2013   11       14     0  35    3.87   398.3   10.9      32.453
2013   11       14     0  45    3.86   398.7   10.9      32.474
2013   11       14     0  55    3.86   399.0   10.9      32.495
2013   11       14     1   5    3.85   399.4   10.8      32.516
2013   11       14     1  15    3.85   399.7   10.8      32.537
2013   11       14     1  25    3.84   400.0   10.8      32.558
2013   11       14     1  35    3.84   400.4   10.8      32.580
2013   11       14     1  45    3.83   400.7   10.7      32.600
2013   11       14     1  56    3.83   401.0   10.7      32.620
2013   11       14     2   6    3.82   401.4   10.7      32.640
2013   11       14     2  16    3.82   401.7   10.7      32.662
2013   11       14     2  26    3.81   402.0   10.6      32.684
2013   11       14     2  36    3.81   402.3   10.6      32.706
2013   11       14     2  46    3.80   402.6   10.6      32.731
2013   11       14     2  56    3.80   403.0   10.5      32.756
2013   11       14     3   6    3.79   403.3   10.5      32.782
2013   11       14     3  16    3.79   403.6   10.5      32.808
2013   11       14     3  26    3.78   404.0   10.5      32.835
2013   11       14     3  36    3.78   404.3   10.4      32.860
2013   11       14     3  46    3.77   404.6   10.4      32.884
2013   11       14     3  57    3.77   405.0   10.4      32.907
2013   11       14     4   7    3.76   405.3   10.4      32.929
2013   11       14     4  17    3.75   405.7   10.3      32.950
2013   11       14     4  27    3.75   406.0   10.3      32.968
2013   11       14     4  37    3.74   406.3   10.3      32.985
2013   11       14     4  47    3.74   406.7   10.2      32.999
2013   11       14     4  57    3.73   407.0   10.2      33.012
2013   11       14     5   7    3.73   407.4   10.2      33.024
2013   11       14     5  17    3.72   407.7   10.1      33.035
2013   11       14     5  27    3.71   408.1   10.1      33.045
2013   11       14     5  37    3.71   408.4   10.1      33.054
2013   11       14     5  47    3.70   408.8   10.0      33.063
2013   11       14     5  58    3.69   409.1   10.0      33.072
2013   11       14     6   8    3.69   409.5   10.0      33.081
2013   11       14     6  18    3.68   409.8    9.9      33.087
2013   11       14     6  28    3.67   410.2    9.9      33.092
2013   11       14     6  38    3.66   410.6    9.9      33.096
2013   11       14     6  48    3.66   410.9    9.8      33.094
2013   11       14     6  58    3.65   411.3    9.8      33.088
2013   11       14     7   8    3.64   411.7    9.7      33.077
2013   11       14     7  18    3.63   412.0    9.7      33.063
2013   11       14     7  28    3.62   412.4    9.7      33.046
2013   11       14     7  38    3.61   412.7    9.6      33.028
2013   11       14     7  48    3.60   413.1    9.6      33.006
2013   11       14     7  59    3.59   413.4    9.5      32.981
2013   11       14     8   9    3.58   413.8    9.5      32.954
2013   11       14     8  19    3.57   414.1    9.4      32.926
2013   11       14     8  29    3.56   414.4    9.4      32.896
2013   11       14     8  39    3.55   414.6    9.4      32.867
2013   11       14     8  49    3.54   414.9    9.3      32.837
2013   11       14     8  59    3.53   415.1    9.3      32.806
2013   11       14     9   9    3.53   415.4    9.3      32.773
2013   11       14     9  19    3.52   415.6    9.2      32.742
2013   11       14     9  29    3.51   415.7    9.2      32.713
2013   11       14     9  39    3.50   415.9    9.2      32.686
2013   11       14     9  49    3.49   416.1    9.1      32.663
2013   11       14    10   0    3.49   416.3    9.1      32.644
2013   11       14    10  10    3.48   416.5    9.1      32.629
2013   11       14    10  20    3.47   416.7    9.0      32.617
2013   11       14    10  30    3.46   416.9    9.0      32.608
2013   11       14    10  40    3.46   417.1    9.0      32.600
2013   11       14    10  50    3.45   417.3    9.0      32.592
2013   11       14    11   0    3.44   417.5    8.9      32.584
2013   11       14    11  10    3.43   417.7    8.9      32.574
2013   11       14    11  20    3.43   418.0    8.9      32.563
2013   11       14    11  30    3.42   418.2    8.8      32.551
2013   11       14    11  40    3.41   418.4    8.8      32.535
2013   11       14    11  50    3.40   418.6    8.8      32.516
2013   11       14    12   0    3.40   418.9    8.8      32.495
2013   11       14    12  11    3.39   419.1    8.7      32.472
2013   11       14    12  21    3.38   419.3    8.7      32.448
2013   11       14    12  31    3.37   419.5    8.7      32.423
2013   11       14    12  41    3.37   419.7    8.6      32.397
2013   11       14    12  51    3.36   420.0    8.6      32.370
2013   11       14    13   1    3.35   420.2    8.6      32.343
2013   11       14    13  11    3.34   420.5    8.6      32.315
2013   11       14    13  21    3.34   420.7    8.5      32.287
2013   11       14    13  31    3.33   421.0    8.5      32.258
2013   11       14    13  41    3.32   421.2    8.5      32.228
2013   11       14    13  51    3.31   421.5    8.4      32.196
2013   11       14    14   1    3.30   421.8    8.4      32.162
2013   11       14    14  12    3.30   422.0    8.4      32.124
2013   11       14    14  22    3.29   422.3    8.4      32.082
2013   11       14    14  32    3.28   422.5    8.3      32.036
2013   11       14    14  42    3.27   422.7    8.3      31.986
2013   11       14    14  52    3.26   422.9    8.3      31.934
2013   11       14    15   2    3.25   423.1    8.2      31.879
2013   11       14    15  12    3.24   423.3    8.2      31.824
2013   11       14    15  22    3.24   423.5    8.2      31.768
2013   11       14    15  32    3.23   423.6    8.1      31.711
2013   11       14    15  42    3.22   423.7    8.1      31.655
2013   11       14    15  52    3.21   423.9    8.1      31.603
2013   11       14    16   2    3.21   424.0    8.1      31.552
2013   11       14    16  13    3.20   424.1    8.0      31.504
2013   11       14    16  23    3.19   424.2    8.0      31.458
2013   11       14    16  33    3.19   424.3    8.0      31.415
2013   11       14    16  43    3.18   424.4    8.0      31.373
2013   11       14    16  53    3.17   424.5    8.0      31.334
2013   11       14    17   3    3.17   424.6    7.9      31.297
2013   11       14    17  13    3.16   424.7    7.9      31.262
2013   11       14    17  23    3.16   424.7    7.9      31.229
2013   11       14    17  33    3.15   424.8    7.9      31.198
2013   11       14    17  43    3.14   424.9    7.9      31.168
2013   11       14    17  53    3.14   425.0    7.9      31.139
2013   11       14    18   3    3.13   425.1    7.8      31.110
2013   11       14    18  14    3.13   425.2    7.8      31.082
2013   11       14    18  24    3.12   425.3    7.8      31.052
2013   11       14    18  34    3.12   425.4    7.8      31.022
2013   11       14    18  44    3.11   425.5    7.8      30.991
2013   11       14    18  54    3.11   425.6    7.8      30.959
2013   11       14    19   4    3.10   425.7    7.7      30.925
2013   11       14    19  14    3.10   425.8    7.7      30.891
2013   11       14    19  24    3.09   425.9    7.7      30.856
2013   11       14    19  34    3.09   425.9    7.7      30.821
2013   11       14    19  44    3.09   426.0    7.7      30.785
2013   11       14    19  54    3.08   426.1    7.7      30.749
2013   11       14    20   4    3.08   426.2    7.6      30.714
2013   11       14    20  15    3.07   426.3    7.6      30.678
2013   11       14    20  25    3.07   426.4    7.6      30.643
2013   11       14    20  35    3.06   426.5    7.6      30.607
2013   11       14    20  45    3.06   426.5    7.6      30.572
2013   11       14    20  55    3.05   426.6    7.6      30.537
2013   11       14    21   5    3.05   426.7    7.6      30.501
2013   11       14    21  15    3.05   426.8    7.5      30.466
2013   11       14    21  25    3.04   426.9    7.5      30.430
2013   11       14    21  35    3.04   427.0    7.5      30.395
2013   11       14    21  45    3.03   427.0    7.5      30.359
2013   11       14    21  55    3.03   427.1    7.5      30.323
2013   11       14    22   5    3.03   427.2    7.5      30.287
2013   11       14    22  16    3.02   427.3    7.5      30.251
2013   11       14    22  26    3.02   427.3    7.4      30.216
2013   11       14    22  36    3.01   427.4    7.4      30.181
2013   11       14    22  46    3.01   427.4    7.4      30.147
2013   11       14    22  56    3.01   427.5    7.4      30.114
2013   11       14    23   6    3.00   427.5    7.4      30.082
2013   11       14    23  16    3.00   427.6    7.4      30.052
2013   11       14    23  26    3.00   427.6    7.4      30.023
2013   11       14    23  36    2.99   427.7    7.4      29.995
2013   11       14    23  46    2.99   427.7    7.4      29.970
2013   11       14    23  56    2.99   427.8    7.4      29.945
2013   11       15     0   6    2.99   427.8    7.4      29.922
2013   11       15     0  16    2.98   427.8    7.3      29.902
2013   11       15     0  27    2.98   427.9    7.3      29.883
2013   11       15     0  37    2.98   427.9    7.3      29.865
2013   11       15     0  47    2.98   427.9    7.3      29.848
2013   11       15     0  57    2.97   427.9    7.3      29.833
2013   11       15     1   7    2.97   428.0    7.3      29.818
2013   11       15     1  17    2.97   428.0    7.3      29.804
2013   11       15     1  27    2.97   428.0    7.3      29.789
2013   11       15     1  37    2.97   428.1    7.3      29.776
2013   11       15     1  47    2.96   428.1    7.3      29.762
2013   11       15     1  57    2.96   428.1    7.3      29.748
2013   11       15     2   7    2.96   428.1    7.3      29.734
2013   11       15     2  17    2.96   428.2    7.3      29.720
2013   11       15     2  28    2.96   428.2    7.3      29.705
2013   11       15     2  38    2.96   428.2    7.3      29.691
2013   11       15     2  48    2.95   428.3    7.3      29.677
2013   11       15     2  58    2.95   428.3    7.3      29.663
2013   11       15     3   8    2.95   428.3    7.3      29.648
2013   11       15     3  18    2.95   428.4    7.3      29.634
2013   11       15     3  28    2.95   428.4    7.2      29.621
2013   11       15     3  38    2.95   428.4    7.2      29.607
2013   11       15     3  48    2.95   428.5    7.2      29.594
2013   11       15     3  58    2.95   428.5    7.2      29.580
2013   11       15     4   8    2.94   428.5    7.2      29.568
2013   11       15     4  18    2.94   428.6    7.2      29.555
2013   11       15     4  29    2.94   428.6    7.2      29.543
2013   11       15     4  39    2.94   428.6    7.2      29.531
2013   11       15     4  49    2.94   428.7    7.2      29.519
2013   11       15     4  59    2.94   428.7    7.2      29.508
2013   11       15     5   9    2.94   428.8    7.2      29.496
2013   11       15     5  19    2.94   428.8    7.2      29.486
2013   11       15     5  29    2.94   428.8    7.2      29.475
2013   11       15     5  39    2.93   428.9    7.2      29.465
2013   11       15     5  49    2.93   428.9    7.2      29.455
2013   11       15     5  59    2.93   428.9    7.2      29.446
2013   11       15     6   9    2.93   429.0    7.2      29.436
2013   11       15     6  19    2.93   429.0    7.2      29.428
2013   11       15     6  30    2.93   429.0    7.2      29.419
2013   11       15     6  40    2.93   429.1    7.2      29.411
2013   11       15     6  50    2.93   429.1    7.2      29.404
2013   11       15     7   0    2.93   429.1    7.2      29.396
2013   11       15     7  10    2.93   429.2    7.2      29.390
2013   11       15     7  20    2.93   429.2    7.2      29.384
2013   11       15     7  30    2.93   429.2    7.2      29.378
2013   11       15     7  40    2.93   429.3    7.1      29.373
2013   11       15     7  50    2.92   429.3    7.1      29.368
2013   11       15     8   0    2.92   429.3    7.1      29.363
2013   11       15     8  10    2.92   429.4    7.1      29.359
2013   11       15     8  20    2.92   429.4    7.1      29.356
2013   11       15     8  30    2.92   429.4    7.1      29.353
2013   11       15     8  41    2.92   429.5    7.1      29.351
2013   11       15     8  51    2.92   429.5    7.1      29.349
2013   11       15     9   1    2.92   429.5    7.1      29.347
2013   11       15     9  11    2.92   429.6    7.1      29.346
2013   11       15     9  21    2.92   429.6    7.1      29.345
2013   11       15     9  31    2.92   429.6    7.1      29.345
2013   11       15     9  41    2.92   429.7    7.1      29.345
2013   11       15     9  51    2.92   429.7    7.1      29.346
2013   11       15    10   1    2.92   429.7    7.1      29.347
2013   11       15    10  11    2.92   429.8    7.1      29.349
2013   11       15    10  21    2.93   429.8    7.1      29.351
2013   11       15    10  31    2.93   429.9    7.1      29.354
2013   11       15    10  42    2.93   429.9    7.1      29.358
2013   11       15    10  52    2.93   430.0    7.1      29.362
2013   11       15    11   2    2.93   430.0    7.1      29.368
2013   11       15    11  12    2.93   430.0    7.1      29.374
2013   11       15    11  22    2.93   430.1    7.1      29.382
2013   11       15    11  32    2.93   430.1    7.1      29.391
2013   11       15    11  42    2.93   430.2    7.1      29.402
2013   11       15    11  52    2.93   430.3    7.1      29.412
2013   11       15    12   2    2.93   430.3    7.1      29.424
2013   11       15    12  12    2.93   430.4    7.1      29.435
2013   11       15    12  22    2.93   430.4    7.1      29.447
2013   11       15    12  32    2.93   430.5    7.1      29.459
2013   11       15    12  43    2.93   430.5    7.1      29.471
2013   11       15    12  53    2.93   430.6    7.1      29.482
2013   11       15    13   3    2.93   430.6    7.1      29.492
2013   11       15    13  13    2.93   430.7    7.1      29.503
2013   11       15    13  23    2.93   430.7    7.1      29.513
2013   11       15    13  33    2.93   430.8    7.1      29.523
2013   11       15    13  43    2.93   430.8    7.1      29.533
2013   11       15    13  53    2.93   430.9    7.1      29.542
2013   11       15    14   3    2.93   430.9    7.1      29.552
2013   11       15    14  13    2.94   431.0    7.1      29.561
2013   11       15    14  23    2.94   431.0    7.1      29.571
2013   11       15    14  33    2.94   431.1    7.1      29.580
2013   11       15    14  44    2.94   431.1    7.1      29.590
2013   11       15    14  54    2.94   431.2    7.1      29.600
2013   11       15    15   4    2.94   431.3    7.1      29.609
2013   11       15    15  14    2.94   431.3    7.1      29.620
2013   11       15    15  24    2.94   431.4    7.1      29.630
2013   11       15    15  34    2.94   431.4    7.1      29.641
2013   11       15    15  44    2.94   431.5    7.1      29.652
2013   11       15    15  54    2.94   431.5    7.1      29.663
2013   11       15    16   4    2.94   431.6    7.1      29.676
2013   11       15    16  14    2.94   431.7    7.1      29.688
2013   11       15    16  24    2.94   431.7    7.1      29.702
2013   11       15    16  34    2.94   431.8    7.1      29.716
2013   11       15    16  44    2.94   431.9    7.1      29.730
2013   11       15    16  55    2.95   431.9    7.2      29.745
2013   11       15    17   5    2.95   432.0    7.2      29.761
2013   11       15    17  15    2.95   432.1    7.2      29.777
2013   11       15    17  25    2.95   432.2    7.2      29.793
2013   11       15    17  35    2.95   432.2    7.2      29.809
2013   11       15    17  45    2.95   432.3    7.2      29.826
2013   11       15    17  55    2.95   432.4    7.2      29.843
2013   11       15    18   5    2.95   432.5    7.2      29.862
2013   11       15    18  15    2.95   432.6    7.2      29.882
2013   11       15    18  25    2.96   432.7    7.2      29.903
2013   11       15    18  35    2.96   432.8    7.2      29.927
2013   11       15    18  45    2.96   432.9    7.2      29.952
2013   11       15    18  56    2.96   433.0    7.2      29.977
2013   11       15    19   6    2.96   433.1    7.2      30.004
2013   11       15    19  16    2.96   433.2    7.2      30.030
2013   11       15    19  26    2.96   433.3    7.2      30.057
2013   11       15    19  36    2.96   433.4    7.2      30.082
2013   11       15    19  46    2.96   433.5    7.2      30.107
2013   11       15    19  56    2.96   433.6    7.2      30.131
2013   11       15    20   6    2.97   433.7    7.2      30.153
2013   11       15    20  16    2.97   433.8    7.2      30.175
2013   11       15    20  26    2.97   433.9    7.2      30.195
2013   11       15    20  36    2.97   434.0    7.2      30.215
2013   11       15    20  46    2.97   434.1    7.2      30.234
2013   11       15    20  57    2.97   434.2    7.2      30.252
2013   11       15    21   7    2.97   434.3    7.2      30.269
2013   11       15    21  17    2.97   434.4    7.2      30.286
2013   11       15    21  27    2.97   434.5    7.2      30.302
2013   11       15    21  37    2.97   434.6    7.2      30.318
2013   11       15    21  47    2.97   434.7    7.2      30.333
2013   11       15    21  57    2.97   434.8    7.2      30.348
2013   11       15    22   7    2.97   434.9    7.2      30.363
2013   11       15    22  17    2.97   435.0    7.2      30.377
2013   11       15    22  27    2.97   435.1    7.2      30.391
2013   11       15    22  37    2.97   435.2    7.2      30.405
2013   11       15    22  47    2.97   435.3    7.2      30.419
2013   11       15    22  58    2.97   435.4    7.2      30.434
2013   11       15    23   8    2.97   435.5    7.2      30.448
2013   11       15    23  18    2.97   435.6    7.2      30.463
2013   11       15    23  28    2.98   435.7    7.2      30.479
2013   11       15    23  38    2.98   435.8    7.2      30.495
2013   11       15    23  48    2.98   435.9    7.2      30.512
2013   11       15    23  58    2.98   436.0    7.2      30.530
2013   11       16     0   8    2.98   436.1    7.2      30.548
2013   11       16     0  18    2.98   436.2    7.2      30.568
2013   11       16     0  28    2.98   436.3    7.2      30.588
2013   11       16     0  38    2.98   436.4    7.2      30.608
2013   11       16     0  48    2.98   436.5    7.2      30.629
2013   11       16     0  58    2.98   436.7    7.2      30.651
2013   11       16     1   9    2.98   436.8    7.2      30.673
2013   11       16     1  19    2.99   436.9    7.2      30.697
2013   11       16     1  29    2.99   437.0    7.2      30.723
2013   11       16     1  39    2.99   437.2    7.2      30.751
2013   11       16     1  49    2.99   437.3    7.2      30.781
2013   11       16     1  59    2.99   437.4    7.2      30.812
2013   11       16     2   9    2.99   437.6    7.2      30.843
2013   11       16     2  19    2.99   437.7    7.2      30.875
2013   11       16     2  29    2.99   437.9    7.2      30.906
2013   11       16     2  39    2.99   438.0    7.2      30.937
2013   11       16     2  49    2.99   438.2    7.2      30.966
2013   11       16     3   0    2.99   438.3    7.2      30.993
2013   11       16     3  10    2.99   438.5    7.2      31.019
2013   11       16     3  20    2.99   438.6    7.2      31.043
2013   11       16     3  30    2.99   438.8    7.2      31.067
2013   11       16     3  40    2.99   438.9    7.2      31.089
2013   11       16     3  50    2.99   439.1    7.2      31.110
2013   11       16     4   0    2.99   439.2    7.2      31.130
2013   11       16     4  10    2.99   439.4    7.2      31.150
2013   11       16     4  20    2.99   439.5    7.2      31.168
2013   11       16     4  30    2.99   439.7    7.2      31.186
2013   11       16     4  40    2.99   439.8    7.1      31.203
2013   11       16     4  50    2.99   440.0    7.1      31.219
2013   11       16     5   0    2.99   440.1    7.1      31.235
2013   11       16     5  11    2.99   440.2    7.1      31.250
2013   11       16     5  21    2.99   440.4    7.1      31.264
2013   11       16     5  31    2.99   440.5    7.1      31.278
2013   11       16     5  41    2.99   440.7    7.1      31.292
2013   11       16     5  51    2.99   440.8    7.1      31.305
2013   11       16     6   1    2.99   440.9    7.1      31.318
2013   11       16     6  11    2.99   441.1    7.1      31.330
2013   11       16     6  21    2.99   441.2    7.1      31.342
2013   11       16     6  31    2.99   441.3    7.1      31.354
2013   11       16     6  41    2.98   441.5    7.1      31.365
2013   11       16     6  51    2.98   441.6    7.1      31.377
2013   11       16     7   1    2.98   441.7    7.1      31.389
2013   11       16     7  11    2.98   441.9    7.1      31.400
2013   11       16     7  22    2.98   442.0    7.1      31.412
2013   11       16     7  32    2.98   442.1    7.1      31.424
2013   11       16     7  42    2.98   442.3    7.1      31.436
2013   11       16     7  52    2.98   442.4    7.1      31.448
2013   11       16     8   2    2.98   442.5    7.0      31.461
2013   11       16     8  12    2.98   442.6    7.0      31.473
2013   11       16     8  22    2.98   442.8    7.0      31.485
2013   11       16     8  32    2.98   442.9    7.0      31.498
2013   11       16     8  42    2.98   443.0    7.0      31.512
2013   11       16     8  52    2.98   443.2    7.0      31.526
2013   11       16     9   2    2.98   443.3    7.0      31.542
2013   11       16     9  12    2.98   443.5    7.0      31.558
2013   11       16     9  23    2.97   443.6    7.0      31.573
2013   11       16     9  33    2.97   443.7    7.0      31.589
2013   11       16     9  43    2.97   443.9    7.0      31.604
2013   11       16     9  53    2.97   444.0    7.0      31.619
2013   11       16    10   3    2.97   444.2    7.0      31.632
2013   11       16    10  13    2.97   444.3    7.0      31.644
2013   11       16    10  23    2.97   444.5    7.0      31.655
2013   11       16    10  33    2.97   444.6    7.0      31.664
2013   11       16    10  43    2.96   444.7    7.0      31.673
2013   11       16    10  53    2.96   444.9    7.0      31.680
2013   11       16    11   3    2.96   445.0    7.0      31.687
2013   11       16    11  13    2.96   445.2    6.9      31.693
2013   11       16    11  24    2.96   445.3    6.9      31.698
2013   11       16    11  34    2.96   445.4    6.9      31.702
2013   11       16    11  44    2.95   445.6    6.9      31.706
2013   11       16    11  54    2.95   445.7    6.9      31.709
2013   11       16    12   4    2.95   445.8    6.9      31.711
2013   11       16    12  14    2.95   445.9    6.9      31.713
2013   11       16    12  24    2.95   446.1    6.9      31.714
2013   11       16    12  34    2.94   446.2    6.9      31.714
2013   11       16    12  44    2.94   446.3    6.9      31.714
2013   11       16    12  54    2.94   446.4    6.9      31.714
2013   11       16    13   4    2.94   446.5    6.9      31.713
2013   11       16    13  14    2.94   446.7    6.8      31.712
2013   11       16    13  25    2.93   446.8    6.8      31.710
2013   11       16    13  35    2.93   446.9    6.8      31.708
2013   11       16    13  45    2.93   447.0    6.8      31.706
2013   11       16    13  55    2.93   447.1    6.8      31.704
2013   11       16    14   5    2.93   447.2    6.8      31.701
2013   11       16    14  15    2.92   447.3    6.8      31.698
2013   11       16    14  25    2.92   447.4    6.8      31.695
2013   11       16    14  35    2.92   447.5    6.8      31.691
2013   11       16    14  45    2.92   447.6    6.8      31.687
2013   11       16    14  55    2.92   447.7    6.8      31.682
2013   11       16    15   5    2.91   447.8    6.8      31.678
2013   11       16    15  15    2.91   447.9    6.7      31.672
2013   11       16    15  25    2.91   448.0    6.7      31.667
2013   11       16    15  36    2.91   448.1    6.7      31.660
2013   11       16    15  46    2.90   448.2    6.7      31.654
2013   11       16    15  56    2.90   448.3    6.7      31.647
2013   11       16    16   6    2.90   448.4    6.7      31.639
2013   11       16    16  16    2.90   448.4    6.7      31.631
2013   11       16    16  26    2.90   448.5    6.7      31.623
2013   11       16    16  36    2.89   448.6    6.7      31.614
2013   11       16    16  46    2.89   448.7    6.7      31.605
2013   11       16    16  56    2.89   448.8    6.7      31.596
2013   11       16    17   6    2.89   448.8    6.7      31.586
2013   11       16    17  16    2.88   448.9    6.6      31.576
2013   11       16    17  26    2.88   449.0    6.6      31.565
2013   11       16    17  37    2.88   449.1    6.6      31.554
2013   11       16    17  47    2.88   449.1    6.6      31.543
2013   11       16    17  57    2.88   449.2    6.6      31.532
2013   11       16    18   7    2.87   449.3    6.6      31.520
2013   11       16    18  17    2.87   449.3    6.6      31.508
2013   11       16    18  27    2.87   449.4    6.6      31.496
2013   11       16    18  37    2.87   449.5    6.6      31.484
2013   11       16    18  47    2.86   449.5    6.6      31.472
2013   11       16    18  57    2.86   449.6    6.6      31.459
2013   11       16    19   7    2.86   449.6    6.6      31.447
2013   11       16    19  17    2.86   449.7    6.6      31.434
2013   11       16    19  27    2.86   449.7    6.6      31.422
2013   11       16    19  38    2.85   449.8    6.5      31.410
2013   11       16    19  48    2.85   449.9    6.5      31.397
2013   11       16    19  58    2.85   449.9    6.5      31.385
2013   11       16    20   8    2.85   450.0    6.5      31.373
2013   11       16    20  18    2.85   450.0    6.5      31.361
2013   11       16    20  28    2.84   450.1    6.5      31.350
2013   11       16    20  38    2.84   450.1    6.5      31.338
2013   11       16    20  48    2.84   450.1    6.5      31.326
2013   11       16    20  58    2.84   450.2    6.5      31.314
2013   11       16    21   8    2.84   450.2    6.5      31.302
2013   11       16    21  18    2.83   450.3    6.5      31.290
2013   11       16    21  28    2.83   450.3    6.5      31.278
2013   11       16    21  38    2.83   450.3    6.5      31.266
2013   11       16    21  49    2.83   450.4    6.5      31.254
2013   11       16    21  59    2.83   450.4    6.5      31.241
2013   11       16    22   9    2.82   450.4    6.5      31.229
2013   11       16    22  19    2.82   450.5    6.4      31.216
2013   11       16    22  29    2.82   450.5    6.4      31.203
2013   11       16    22  39    2.82   450.5    6.4      31.191
2013   11       16    22  49    2.82   450.5    6.4      31.178
2013   11       16    22  59    2.81   450.6    6.4      31.165
2013   11       16    23   9    2.81   450.6    6.4      31.152
2013   11       16    23  19    2.81   450.6    6.4      31.139
2013   11       16    23  29    2.81   450.6    6.4      31.125
2013   11       16    23  39    2.81   450.7    6.4      31.112
2013   11       16    23  50    2.81   450.7    6.4      31.099
2013   11       17     0   0    2.80   450.7    6.4      31.086
