year    month   day   hour  minute  B_enl V_enl   n_enl       T_enl
[year] [month] [day] [hour][minute] [nT]  [km/s]  [cm-3]      [kK]
2013   11       26     0   4    4.16   348.3   16.0      31.971
2013   11       26     0  13    4.16   348.6   16.0      32.024
2013   11       26     0  23    4.17   349.0   16.0      32.078
2013   11       26     0  32    4.17   349.3   16.0      32.131
2013   11       26     0  41    4.18   349.7   16.0      32.184
2013   11       26     0  51    4.18   350.0   16.0      32.236
2013   11       26     1   0    4.18   350.4   16.0      32.289
2013   11       26     1   9    4.19   350.8   15.9      32.342
2013   11       26     1  19    4.19   351.1   15.9      32.395
2013   11       26     1  28    4.20   351.5   15.9      32.448
2013   11       26     1  37    4.20   351.9   15.9      32.502
2013   11       26     1  47    4.20   352.2   15.9      32.556
2013   11       26     1  56    4.21   352.6   15.9      32.610
2013   11       26     2   5    4.21   353.0   15.8      32.665
2013   11       26     2  15    4.22   353.3   15.8      32.721
2013   11       26     2  24    4.22   353.7   15.8      32.778
2013   11       26     2  33    4.23   354.1   15.8      32.836
2013   11       26     2  43    4.23   354.4   15.8      32.896
2013   11       26     2  52    4.23   354.8   15.8      32.958
2013   11       26     3   1    4.24   355.2   15.8      33.023
2013   11       26     3  11    4.24   355.6   15.8      33.089
2013   11       26     3  20    4.25   356.0   15.8      33.157
2013   11       26     3  29    4.25   356.4   15.8      33.227
2013   11       26     3  39    4.25   356.8   15.7      33.297
2013   11       26     3  48    4.26   357.3   15.7      33.369
2013   11       26     3  57    4.26   357.7   15.7      33.441
2013   11       26     4   7    4.26   358.1   15.7      33.513
2013   11       26     4  16    4.27   358.5   15.7      33.585
2013   11       26     4  25    4.27   359.0   15.7      33.657
2013   11       26     4  34    4.27   359.4   15.7      33.729
2013   11       26     4  44    4.28   359.8   15.6      33.800
2013   11       26     4  53    4.28   360.3   15.6      33.871
2013   11       26     5   3    4.28   360.7   15.6      33.944
2013   11       26     5  12    4.29   361.1   15.6      34.017
2013   11       26     5  21    4.29   361.6   15.6      34.091
2013   11       26     5  30    4.29   362.1   15.6      34.166
2013   11       26     5  40    4.29   362.5   15.6      34.241
2013   11       26     5  49    4.30   363.0   15.5      34.316
2013   11       26     5  59    4.30   363.5   15.5      34.391
2013   11       26     6   8    4.30   363.9   15.5      34.465
2013   11       26     6  17    4.31   364.4   15.5      34.539
2013   11       26     6  27    4.31   364.9   15.5      34.611
2013   11       26     6  36    4.31   365.3   15.4      34.684
2013   11       26     6  45    4.31   365.8   15.4      34.756
2013   11       26     6  55    4.31   366.3   15.4      34.828
2013   11       26     7   4    4.32   366.7   15.4      34.900
2013   11       26     7  13    4.32   367.2   15.4      34.973
2013   11       26     7  23    4.32   367.7   15.4      35.046
2013   11       26     7  32    4.32   368.2   15.3      35.119
2013   11       26     7  41    4.32   368.7   15.3      35.193
2013   11       26     7  51    4.32   369.1   15.3      35.267
2013   11       26     8   0    4.33   369.6   15.3      35.342
2013   11       26     8  10    4.33   370.1   15.3      35.417
2013   11       26     8  19    4.33   370.6   15.2      35.492
2013   11       26     8  28    4.33   371.1   15.2      35.568
2013   11       26     8  38    4.33   371.6   15.2      35.644
2013   11       26     8  47    4.33   372.1   15.2      35.720
2013   11       26     8  56    4.33   372.6   15.1      35.797
2013   11       26     9   6    4.33   373.1   15.1      35.875
2013   11       26     9  15    4.33   373.6   15.1      35.953
2013   11       26     9  24    4.33   374.1   15.1      36.033
2013   11       26     9  34    4.33   374.6   15.0      36.113
2013   11       26     9  43    4.34   375.1   15.0      36.196
2013   11       26     9  51    4.34   375.6   15.0      36.275
2013   11       26    10   0    4.34   376.0   15.0      36.355
2013   11       26    10   8    4.34   376.5   15.0      36.437
2013   11       26    10  17    4.34   377.0   14.9      36.520
2013   11       26    10  25    4.34   377.4   14.9      36.603
2013   11       26    10  33    4.34   377.9   14.9      36.688
2013   11       26    10  41    4.34   378.3   14.9      36.773
2013   11       26    10  49    4.34   378.8   14.9      36.858
2013   11       26    10  57    4.34   379.3   14.8      36.944
2013   11       26    11   6    4.34   379.7   14.8      37.030
2013   11       26    11  14    4.34   380.2   14.8      37.116
2013   11       26    11  22    4.34   380.7   14.8      37.201
2013   11       26    11  30    4.34   381.2   14.7      37.285
2013   11       26    11  38    4.34   381.6   14.7      37.368
2013   11       26    11  46    4.34   382.1   14.7      37.450
2013   11       26    11  54    4.34   382.6   14.7      37.530
2013   11       26    12   2    4.34   383.1   14.6      37.610
2013   11       26    12  10    4.34   383.6   14.6      37.688
2013   11       26    12  18    4.34   384.1   14.6      37.766
2013   11       26    12  26    4.34   384.6   14.6      37.843
2013   11       26    12  34    4.34   385.1   14.5      37.919
2013   11       26    12  42    4.33   385.6   14.5      37.994
2013   11       26    12  51    4.33   386.1   14.5      38.068
2013   11       26    12  59    4.33   386.7   14.4      38.142
2013   11       26    13   7    4.33   387.2   14.4      38.214
2013   11       26    13  15    4.33   387.7   14.4      38.286
2013   11       26    13  23    4.33   388.3   14.4      38.358
2013   11       26    13  31    4.33   388.8   14.3      38.428
2013   11       26    13  39    4.32   389.4   14.3      38.498
2013   11       26    13  47    4.32   389.9   14.3      38.566
2013   11       26    13  55    4.32   390.4   14.2      38.632
2013   11       26    14   3    4.32   391.0   14.2      38.696
2013   11       26    14  11    4.31   391.5   14.1      38.760
2013   11       26    14  20    4.31   392.1   14.1      38.818
2013   11       26    14  28    4.30   392.6   14.1      38.871
2013   11       26    14  36    4.29   393.1   14.0      38.919
2013   11       26    14  44    4.29   393.6   14.0      38.963
2013   11       26    14  52    4.28   394.1   13.9      39.004
2013   11       26    15   0    4.27   394.6   13.9      39.041
2013   11       26    15   9    4.27   395.0   13.8      39.077
2013   11       26    15  17    4.26   395.5   13.8      39.111
2013   11       26    15  25    4.25   396.0   13.7      39.145
2013   11       26    15  33    4.24   396.5   13.7      39.179
2013   11       26    15  41    4.24   396.9   13.6      39.212
2013   11       26    15  49    4.23   397.4   13.6      39.248
2013   11       26    15  57    4.22   397.9   13.5      39.286
2013   11       26    16   6    4.21   398.3   13.5      39.327
2013   11       26    16  14    4.21   398.8   13.4      39.369
2013   11       26    16  22    4.20   399.3   13.4      39.413
2013   11       26    16  30    4.19   399.7   13.3      39.459
2013   11       26    16  38    4.19   400.2   13.3      39.507
2013   11       26    16  46    4.18   400.7   13.2      39.557
2013   11       26    16  54    4.17   401.2   13.2      39.609
2013   11       26    17   2    4.17   401.6   13.2      39.663
2013   11       26    17  11    4.16   402.1   13.1      39.718
2013   11       26    17  19    4.15   402.6   13.1      39.776
2013   11       26    17  27    4.15   403.1   13.0      39.836
2013   11       26    17  35    4.14   403.5   13.0      39.897
2013   11       26    17  43    4.13   404.0   13.0      39.960
2013   11       26    17  52    4.13   404.5   12.9      40.025
2013   11       26    18   0    4.12   405.0   12.9      40.091
2013   11       26    18   8    4.12   405.5   12.8      40.159
2013   11       26    18  16    4.11   405.9   12.8      40.228
2013   11       26    18  25    4.10   406.4   12.8      40.298
2013   11       26    18  33    4.10   406.9   12.7      40.367
2013   11       26    18  41    4.09   407.4   12.7      40.437
2013   11       26    18  49    4.09   407.9   12.7      40.506
2013   11       26    18  58    4.08   408.5   12.6      40.575
2013   11       26    19   6    4.07   409.0   12.6      40.643
2013   11       26    19  14    4.07   409.5   12.5      40.709
2013   11       26    19  23    4.06   410.0   12.5      40.773
2013   11       26    19  31    4.05   410.5   12.5      40.835
2013   11       26    19  39    4.05   411.1   12.4      40.895
2013   11       26    19  48    4.04   411.6   12.4      40.952
2013   11       26    19  56    4.03   412.2   12.3      41.006
2013   11       26    20   5    4.02   412.7   12.3      41.057
2013   11       26    20  13    4.02   413.3   12.2      41.105
2013   11       26    20  21    4.01   413.9   12.2      41.151
2013   11       26    20  30    4.00   414.5   12.1      41.193
2013   11       26    20  38    3.99   415.0   12.1      41.230
2013   11       26    20  47    3.98   415.7   12.0      41.265
2013   11       26    20  55    3.97   416.3   12.0      41.295
2013   11       26    21   4    3.96   416.8   11.9      41.315
2013   11       26    21  12    3.95   417.4   11.8      41.326
2013   11       26    21  21    3.93   418.0   11.7      41.329
2013   11       26    21  30    3.92   418.6   11.7      41.324
2013   11       26    21  38    3.91   419.2   11.6      41.305
2013   11       26    21  47    3.89   419.8   11.5      41.275
2013   11       26    21  55    3.88   420.3   11.4      41.235
2013   11       26    22   4    3.86   420.8   11.3      41.185
2013   11       26    22  13    3.84   421.3   11.2      41.128
2013   11       26    22  21    3.83   421.8   11.2      41.063
2013   11       26    22  30    3.81   422.3   11.1      40.997
2013   11       26    22  39    3.80   422.8   11.0      40.931
2013   11       26    22  47    3.78   423.2   10.9      40.866
2013   11       26    22  56    3.77   423.6   10.8      40.800
2013   11       26    23   5    3.75   424.1   10.8      40.738
2013   11       26    23  13    3.74   424.5   10.7      40.683
2013   11       26    23  22    3.72   424.9   10.6      40.633
2013   11       26    23  31    3.71   425.4   10.6      40.587
2013   11       26    23  40    3.70   425.8   10.5      40.545
2013   11       26    23  48    3.68   426.2   10.4      40.506
2013   11       26    23  57    3.67   426.6   10.4      40.471
2013   11       27     0   6    3.66   427.0   10.3      40.438
2013   11       27     0  15    3.65   427.4   10.3      40.408
2013   11       27     0  23    3.63   427.8   10.2      40.380
2013   11       27     0  32    3.62   428.2   10.2      40.353
2013   11       27     0  41    3.61   428.6   10.1      40.329
2013   11       27     0  50    3.60   429.0   10.1      40.306
2013   11       27     0  59    3.59   429.4   10.0      40.283
2013   11       27     1   8    3.58   429.8   10.0      40.263
2013   11       27     1  16    3.57   430.1    9.9      40.243
2013   11       27     1  25    3.56   430.5    9.9      40.225
2013   11       27     1  34    3.55   430.9    9.9      40.208
2013   11       27     1  43    3.54   431.2    9.8      40.192
2013   11       27     1  52    3.52   431.6    9.8      40.177
2013   11       27     2   1    3.51   432.0    9.7      40.162
2013   11       27     2  10    3.50   432.3    9.7      40.148
2013   11       27     2  19    3.49   432.7    9.7      40.134
2013   11       27     2  28    3.48   433.0    9.6      40.121
2013   11       27     2  37    3.47   433.4    9.6      40.107
2013   11       27     2  46    3.46   433.7    9.5      40.093
2013   11       27     2  55    3.45   434.1    9.5      40.078
2013   11       27     3   4    3.44   434.4    9.5      40.062
2013   11       27     3  13    3.43   434.8    9.4      40.045
2013   11       27     3  22    3.42   435.1    9.4      40.025
2013   11       27     3  31    3.41   435.5    9.3      40.002
2013   11       27     3  40    3.39   435.8    9.3      39.975
2013   11       27     3  49    3.38   436.2    9.2      39.942
2013   11       27     3  58    3.37   436.5    9.2      39.903
2013   11       27     4   7    3.36   436.9    9.1      39.860
2013   11       27     4  16    3.35   437.3    9.1      39.804
2013   11       27     4  26    3.33   437.6    9.0      39.736
2013   11       27     4  35    3.32   438.0    9.0      39.658
2013   11       27     4  44    3.31   438.3    8.9      39.570
2013   11       27     4  53    3.29   438.7    8.9      39.473
2013   11       27     5   2    3.28   439.0    8.8      39.369
2013   11       27     5  11    3.27   439.3    8.8      39.258
2013   11       27     5  21    3.25   439.6    8.7      39.142
2013   11       27     5  30    3.24   439.9    8.6      39.022
2013   11       27     5  39    3.23   440.2    8.6      38.898
2013   11       27     5  48    3.22   440.5    8.5      38.776
2013   11       27     5  58    3.20   440.8    8.5      38.657
2013   11       27     6   7    3.19   441.0    8.4      38.541
2013   11       27     6  16    3.18   441.3    8.4      38.428
2013   11       27     6  26    3.17   441.5    8.3      38.318
2013   11       27     6  35    3.16   441.8    8.3      38.213
2013   11       27     6  44    3.15   442.0    8.3      38.112
2013   11       27     6  54    3.14   442.2    8.2      38.016
2013   11       27     7   3    3.13   442.4    8.2      37.924
2013   11       27     7  12    3.12   442.7    8.1      37.835
2013   11       27     7  22    3.11   442.9    8.1      37.748
2013   11       27     7  31    3.10   443.1    8.1      37.664
2013   11       27     7  40    3.09   443.3    8.0      37.582
2013   11       27     7  50    3.08   443.4    8.0      37.502
2013   11       27     7  59    3.07   443.6    8.0      37.423
2013   11       27     8   8    3.06   443.8    7.9      37.346
2013   11       27     8  18    3.06   444.0    7.9      37.269
2013   11       27     8  27    3.05   444.1    7.9      37.193
2013   11       27     8  36    3.04   444.3    7.9      37.117
2013   11       27     8  46    3.03   444.4    7.8      37.043
2013   11       27     8  55    3.02   444.5    7.8      36.969
2013   11       27     9   4    3.01   444.7    7.8      36.897
2013   11       27     9  14    3.01   444.8    7.7      36.825
2013   11       27     9  23    3.00   444.9    7.7      36.755
2013   11       27     9  32    2.99   445.0    7.7      36.686
2013   11       27     9  41    2.98   445.0    7.7      36.619
2013   11       27     9  51    2.98   445.1    7.6      36.553
2013   11       27    10   0    2.97   445.2    7.6      36.489
2013   11       27    10  10    2.96   445.2    7.6      36.426
2013   11       27    10  19    2.96   445.3    7.6      36.365
2013   11       27    10  28    2.95   445.3    7.6      36.305
2013   11       27    10  38    2.94   445.4    7.5      36.248
2013   11       27    10  47    2.94   445.4    7.5      36.191
2013   11       27    10  56    2.93   445.5    7.5      36.136
2013   11       27    11   6    2.92   445.5    7.5      36.082
2013   11       27    11  15    2.92   445.5    7.5      36.029
2013   11       27    11  24    2.91   445.6    7.5      35.976
2013   11       27    11  34    2.91   445.6    7.4      35.926
2013   11       27    11  43    2.90   445.6    7.4      35.876
2013   11       27    11  52    2.89   445.7    7.4      35.827
2013   11       27    12   2    2.89   445.8    7.4      35.779
2013   11       27    12  11    2.88   445.8    7.4      35.733
2013   11       27    12  20    2.88   445.9    7.4      35.686
2013   11       27    12  30    2.87   446.0    7.4      35.642
2013   11       27    12  39    2.87   446.0    7.4      35.598
2013   11       27    12  49    2.86   446.1    7.3      35.555
2013   11       27    12  58    2.86   446.2    7.3      35.512
2013   11       27    13   7    2.85   446.3    7.3      35.470
2013   11       27    13  17    2.85   446.4    7.3      35.429
2013   11       27    13  26    2.85   446.5    7.3      35.390
2013   11       27    13  35    2.84   446.5    7.3      35.350
2013   11       27    13  45    2.84   446.6    7.3      35.313
2013   11       27    13  54    2.83   446.7    7.3      35.276
2013   11       27    14   3    2.83   446.8    7.3      35.241
2013   11       27    14  13    2.83   446.9    7.2      35.206
2013   11       27    14  22    2.82   447.0    7.2      35.172
2013   11       27    14  31    2.82   447.0    7.2      35.139
2013   11       27    14  41    2.81   447.1    7.2      35.106
2013   11       27    14  50    2.81   447.2    7.2      35.072
2013   11       27    14  59    2.81   447.3    7.2      35.040
2013   11       27    15   9    2.80   447.3    7.2      35.007
2013   11       27    15  18    2.80   447.4    7.2      34.974
2013   11       27    15  27    2.80   447.4    7.2      34.941
2013   11       27    15  36    2.79   447.5    7.1      34.909
2013   11       27    15  46    2.79   447.6    7.1      34.877
2013   11       27    15  55    2.79   447.6    7.1      34.845
2013   11       27    16   4    2.78   447.6    7.1      34.814
2013   11       27    16  14    2.78   447.7    7.1      34.783
2013   11       27    16  23    2.78   447.7    7.1      34.753
2013   11       27    16  32    2.77   447.8    7.1      34.723
2013   11       27    16  42    2.77   447.8    7.1      34.694
2013   11       27    16  51    2.77   447.8    7.1      34.666
2013   11       27    17   0    2.77   447.9    7.1      34.638
2013   11       27    17  10    2.76   447.9    7.0      34.611
2013   11       27    17  19    2.76   447.9    7.0      34.585
2013   11       27    17  28    2.76   448.0    7.0      34.558
2013   11       27    17  38    2.76   448.0    7.0      34.532
2013   11       27    17  47    2.75   448.0    7.0      34.506
2013   11       27    17  56    2.75   448.0    7.0      34.480
2013   11       27    18   6    2.75   448.1    7.0      34.455
2013   11       27    18  15    2.75   448.1    7.0      34.429
2013   11       27    18  24    2.74   448.1    7.0      34.404
2013   11       27    18  34    2.74   448.1    7.0      34.378
2013   11       27    18  43    2.74   448.2    7.0      34.354
2013   11       27    18  53    2.74   448.2    7.0      34.329
2013   11       27    19   2    2.74   448.2    7.0      34.306
2013   11       27    19  11    2.73   448.2    7.0      34.283
2013   11       27    19  21    2.73   448.2    6.9      34.262
2013   11       27    19  30    2.73   448.3    6.9      34.242
2013   11       27    19  39    2.73   448.3    6.9      34.224
2013   11       27    19  49    2.73   448.3    6.9      34.208
2013   11       27    19  58    2.73   448.4    6.9      34.194
2013   11       27    20   7    2.73   448.4    6.9      34.182
2013   11       27    20  17    2.73   448.4    6.9      34.173
2013   11       27    20  26    2.73   448.5    6.9      34.167
2013   11       27    20  35    2.73   448.5    6.9      34.163
2013   11       27    20  45    2.72   448.6    6.9      34.162
2013   11       27    20  54    2.72   448.6    6.9      34.166
2013   11       27    21   4    2.72   448.7    6.9      34.173
2013   11       27    21  13    2.72   448.8    6.9      34.184
2013   11       27    21  22    2.72   448.8    6.9      34.196
2013   11       27    21  32    2.72   448.9    6.9      34.210
2013   11       27    21  41    2.72   449.0    6.9      34.224
2013   11       27    21  50    2.72   449.0    6.9      34.239
2013   11       27    21  59    2.72   449.1    6.9      34.254
2013   11       27    22   9    2.72   449.2    6.9      34.268
2013   11       27    22  18    2.72   449.2    6.9      34.280
2013   11       27    22  27    2.72   449.3    6.9      34.291
2013   11       27    22  37    2.72   449.3    6.9      34.300
2013   11       27    22  46    2.72   449.4    6.9      34.308
2013   11       27    22  55    2.72   449.5    6.9      34.315
2013   11       27    23   5    2.72   449.5    6.9      34.321
2013   11       27    23  14    2.72   449.6    6.9      34.326
2013   11       27    23  23    2.72   449.7    6.9      34.331
2013   11       27    23  33    2.72   449.7    6.9      34.335
2013   11       27    23  42    2.72   449.8    6.9      34.338
2013   11       27    23  51    2.72   449.8    6.9      34.342
2013   11       28     0   1    2.72   449.9    6.9      34.345
2013   11       28     0  10    2.72   450.0    6.9      34.347
2013   11       28     0  19    2.72   450.0    6.9      34.350
2013   11       28     0  29    2.72   450.1    6.9      34.352
2013   11       28     0  38    2.72   450.2    6.9      34.355
2013   11       28     0  47    2.72   450.2    6.9      34.357
2013   11       28     0  57    2.71   450.3    6.9      34.359
2013   11       28     1   6    2.71   450.4    6.9      34.361
2013   11       28     1  15    2.71   450.4    6.9      34.364
2013   11       28     1  25    2.71   450.5    6.9      34.366
2013   11       28     1  34    2.71   450.6    6.9      34.369
2013   11       28     1  43    2.71   450.6    6.9      34.372
2013   11       28     1  53    2.71   450.7    6.9      34.375
2013   11       28     2   2    2.71   450.7    6.9      34.378
2013   11       28     2  11    2.71   450.8    6.9      34.382
2013   11       28     2  21    2.71   450.9    6.9      34.387
2013   11       28     2  30    2.71   450.9    6.9      34.392
2013   11       28     2  39    2.71   451.0    6.9      34.398
2013   11       28     2  49    2.71   451.1    6.9      34.406
2013   11       28     2  58    2.71   451.1    6.9      34.415
2013   11       28     3   8    2.72   451.2    6.9      34.426
2013   11       28     3  17    2.72   451.3    6.9      34.438
2013   11       28     3  26    2.72   451.3    6.9      34.453
2013   11       28     3  36    2.72   451.4    6.9      34.470
2013   11       28     3  45    2.72   451.5    6.9      34.489
2013   11       28     3  54    2.72   451.6    6.9      34.510
2013   11       28     4   4    2.72   451.7    6.9      34.535
2013   11       28     4  13    2.72   451.8    6.9      34.565
2013   11       28     4  22    2.72   451.9    6.9      34.597
2013   11       28     4  32    2.72   452.0    6.9      34.633
2013   11       28     4  41    2.72   452.1    6.9      34.671
2013   11       28     4  50    2.73   452.2    6.9      34.709
2013   11       28     5   0    2.73   452.3    6.9      34.748
2013   11       28     5   9    2.73   452.4    6.9      34.787
2013   11       28     5  18    2.73   452.6    6.9      34.826
2013   11       28     5  28    2.73   452.7    6.9      34.864
2013   11       28     5  37    2.73   452.8    6.9      34.899
2013   11       28     5  46    2.73   452.9    6.9      34.932
2013   11       28     5  56    2.73   453.0    6.9      34.964
2013   11       28     6   5    2.73   453.1    6.9      34.995
2013   11       28     6  14    2.73   453.3    6.9      35.025
2013   11       28     6  23    2.73   453.4    6.9      35.053
2013   11       28     6  33    2.73   453.5    6.9      35.081
2013   11       28     6  42    2.73   453.6    6.9      35.108
2013   11       28     6  51    2.73   453.7    6.9      35.134
2013   11       28     7   1    2.73   453.8    6.9      35.160
2013   11       28     7  10    2.73   454.0    6.9      35.185
2013   11       28     7  19    2.74   454.1    6.9      35.210
2013   11       28     7  29    2.74   454.2    6.9      35.235
2013   11       28     7  38    2.74   454.3    6.9      35.259
2013   11       28     7  47    2.74   454.4    6.9      35.284
2013   11       28     7  57    2.74   454.5    6.9      35.309
2013   11       28     8   6    2.74   454.7    6.9      35.335
2013   11       28     8  15    2.74   454.8    6.9      35.362
2013   11       28     8  25    2.74   454.9    6.9      35.389
2013   11       28     8  34    2.74   455.1    6.9      35.417
2013   11       28     8  43    2.74   455.2    6.9      35.446
2013   11       28     8  53    2.74   455.3    7.0      35.475
2013   11       28     9   2    2.74   455.5    7.0      35.504
2013   11       28     9  11    2.74   455.6    7.0      35.533
2013   11       28     9  21    2.74   455.8    7.0      35.562
2013   11       28     9  30    2.74   455.9    7.0      35.592
2013   11       28     9  39    2.75   456.1    7.0      35.621
2013   11       28     9  49    2.75   456.2    7.0      35.650
2013   11       28     9  58    2.75   456.4    7.0      35.680
2013   11       28    10   8    2.75   456.5    7.0      35.709
2013   11       28    10  17    2.75   456.7    7.0      35.740
2013   11       28    10  26    2.75   456.8    7.0      35.772
2013   11       28    10  36    2.75   457.0    7.0      35.806
2013   11       28    10  45    2.75   457.1    7.0      35.843
2013   11       28    10  54    2.75   457.3    7.0      35.883
2013   11       28    11   4    2.75   457.5    7.0      35.926
2013   11       28    11  13    2.75   457.6    7.0      35.972
2013   11       28    11  22    2.75   457.8    7.0      36.020
2013   11       28    11  32    2.76   458.0    7.0      36.071
2013   11       28    11  41    2.76   458.2    7.0      36.124
2013   11       28    11  50    2.76   458.4    7.0      36.178
2013   11       28    12   0    2.76   458.6    7.0      36.234
2013   11       28    12   9    2.76   458.8    7.0      36.289
2013   11       28    12  18    2.76   459.0    7.0      36.345
2013   11       28    12  28    2.76   459.2    7.0      36.399
2013   11       28    12  37    2.76   459.4    7.0      36.453
2013   11       28    12  46    2.76   459.6    7.0      36.505
2013   11       28    12  56    2.76   459.9    7.0      36.556
2013   11       28    13   5    2.76   460.1    7.0      36.605
2013   11       28    13  14    2.76   460.3    7.0      36.653
2013   11       28    13  24    2.76   460.5    7.0      36.699
2013   11       28    13  33    2.77   460.7    7.0      36.743
2013   11       28    13  42    2.77   460.9    7.0      36.786
2013   11       28    13  52    2.77   461.2    7.0      36.827
2013   11       28    14   1    2.77   461.4    7.0      36.867
2013   11       28    14  10    2.77   461.6    7.0      36.906
2013   11       28    14  19    2.77   461.8    7.0      36.943
2013   11       28    14  29    2.77   462.1    7.0      36.980
2013   11       28    14  38    2.77   462.3    7.0      37.015
2013   11       28    14  47    2.77   462.5    7.0      37.049
2013   11       28    14  57    2.77   462.7    7.0      37.083
2013   11       28    15   6    2.77   463.0    6.9      37.116
2013   11       28    15  15    2.77   463.2    6.9      37.148
2013   11       28    15  25    2.77   463.4    6.9      37.180
2013   11       28    15  34    2.77   463.6    6.9      37.211
2013   11       28    15  43    2.77   463.9    6.9      37.243
2013   11       28    15  53    2.77   464.1    6.9      37.275
2013   11       28    16   2    2.77   464.4    6.9      37.306
2013   11       28    16  11    2.76   464.6    6.9      37.338
2013   11       28    16  21    2.76   464.8    6.9      37.369
2013   11       28    16  30    2.76   465.1    6.9      37.401
2013   11       28    16  40    2.76   465.3    6.9      37.433
2013   11       28    16  49    2.76   465.6    6.9      37.464
2013   11       28    16  58    2.76   465.8    6.9      37.496
2013   11       28    17   8    2.76   466.1    6.9      37.527
2013   11       28    17  17    2.76   466.3    6.9      37.558
2013   11       28    17  26    2.76   466.6    6.9      37.588
2013   11       28    17  36    2.76   466.8    6.9      37.619
2013   11       28    17  45    2.76   467.1    6.9      37.650
2013   11       28    17  54    2.76   467.3    6.8      37.682
2013   11       28    18   4    2.75   467.6    6.8      37.716
2013   11       28    18  13    2.75   467.8    6.8      37.752
2013   11       28    18  22    2.75   468.1    6.8      37.790
2013   11       28    18  32    2.75   468.3    6.8      37.828
2013   11       28    18  41    2.75   468.6    6.8      37.868
2013   11       28    18  50    2.75   468.9    6.8      37.907
2013   11       28    19   0    2.74   469.1    6.8      37.948
2013   11       28    19   9    2.74   469.4    6.8      37.988
2013   11       28    19  18    2.74   469.7    6.8      38.029
2013   11       28    19  28    2.74   469.9    6.8      38.069
2013   11       28    19  37    2.74   470.2    6.8      38.108
2013   11       28    19  46    2.73   470.5    6.8      38.146
2013   11       28    19  56    2.73   470.7    6.7      38.183
2013   11       28    20   5    2.73   471.0    6.7      38.220
2013   11       28    20  14    2.73   471.3    6.7      38.256
2013   11       28    20  24    2.73   471.6    6.7      38.290
2013   11       28    20  33    2.72   471.9    6.7      38.323
2013   11       28    20  42    2.72   472.2    6.7      38.355
2013   11       28    20  52    2.72   472.4    6.7      38.384
2013   11       28    21   1    2.71   472.7    6.7      38.411
2013   11       28    21  10    2.71   473.0    6.7      38.436
2013   11       28    21  20    2.71   473.3    6.6      38.458
2013   11       28    21  29    2.71   473.6    6.6      38.478
2013   11       28    21  38    2.70   473.9    6.6      38.496
2013   11       28    21  47    2.70   474.2    6.6      38.512
2013   11       28    21  57    2.70   474.4    6.6      38.527
2013   11       28    22   6    2.69   474.7    6.6      38.539
2013   11       28    22  15    2.69   475.0    6.6      38.550
2013   11       28    22  25    2.69   475.3    6.5      38.559
2013   11       28    22  34    2.68   475.5    6.5      38.567
2013   11       28    22  43    2.68   475.8    6.5      38.573
2013   11       28    22  53    2.67   476.1    6.5      38.578
2013   11       28    23   2    2.67   476.4    6.5      38.581
2013   11       28    23  11    2.67   476.6    6.5      38.583
2013   11       28    23  21    2.66   476.9    6.4      38.583
2013   11       28    23  30    2.66   477.2    6.4      38.581
2013   11       28    23  39    2.65   477.4    6.4      38.580
2013   11       28    23  49    2.65   477.7    6.4      38.577
2013   11       28    23  58    2.64   478.0    6.4      38.575
2013   11       29     0   8    2.64   478.3    6.4      38.572
2013   11       29     0  17    2.63   478.5    6.3      38.569
2013   11       29     0  26    2.63   478.8    6.3      38.563
2013   11       29     0  36    2.62   479.1    6.3      38.556
2013   11       29     0  45    2.62   479.3    6.3      38.547
2013   11       29     0  54    2.61   479.6    6.3      38.536
2013   11       29     1   4    2.61   479.8    6.2      38.522
2013   11       29     1  13    2.60   480.1    6.2      38.508
2013   11       29     1  22    2.60   480.3    6.2      38.491
2013   11       29     1  32    2.59   480.5    6.2      38.473
2013   11       29     1  41    2.59   480.7    6.2      38.455
2013   11       29     1  50    2.58   481.0    6.1      38.437
2013   11       29     2   0    2.57   481.2    6.1      38.419
2013   11       29     2   9    2.57   481.4    6.1      38.400
2013   11       29     2  18    2.56   481.6    6.1      38.381
2013   11       29     2  28    2.56   481.8    6.1      38.362
2013   11       29     2  37    2.55   482.0    6.0      38.342
2013   11       29     2  46    2.55   482.2    6.0      38.322
2013   11       29     2  56    2.54   482.4    6.0      38.302
2013   11       29     3   5    2.53   482.6    6.0      38.281
2013   11       29     3  14    2.53   482.8    6.0      38.259
2013   11       29     3  24    2.52   483.0    6.0      38.237
2013   11       29     3  33    2.52   483.2    5.9      38.214
2013   11       29     3  42    2.51   483.4    5.9      38.189
2013   11       29     3  52    2.51   483.7    5.9      38.163
2013   11       29     4   1    2.50   483.9    5.9      38.135
2013   11       29     4  10    2.49   484.1    5.9      38.106
2013   11       29     4  19    2.49   484.3    5.8      38.075
2013   11       29     4  29    2.48   484.4    5.8      38.042
2013   11       29     4  38    2.48   484.6    5.8      38.007
2013   11       29     4  47    2.47   484.8    5.8      37.970
2013   11       29     4  57    2.47   485.0    5.8      37.933
2013   11       29     5   6    2.46   485.1    5.7      37.893
2013   11       29     5  15    2.45   485.3    5.7      37.853
2013   11       29     5  25    2.45   485.4    5.7      37.812
2013   11       29     5  34    2.44   485.6    5.7      37.770
2013   11       29     5  43    2.44   485.7    5.7      37.727
2013   11       29     5  53    2.43   485.8    5.6      37.684
2013   11       29     6   2    2.42   485.9    5.6      37.639
2013   11       29     6  11    2.42   486.0    5.6      37.594
2013   11       29     6  21    2.41   486.2    5.6      37.547
2013   11       29     6  30    2.41   486.3    5.6      37.499
2013   11       29     6  39    2.40   486.4    5.6      37.450
2013   11       29     6  49    2.40   486.5    5.5      37.401
2013   11       29     6  58    2.39   486.6    5.5      37.351
2013   11       29     7   7    2.38   486.7    5.5      37.302
2013   11       29     7  17    2.38   486.8    5.5      37.252
2013   11       29     7  26    2.37   486.9    5.5      37.202
2013   11       29     7  35    2.37   486.9    5.5      37.149
2013   11       29     7  45    2.36   487.0    5.4      37.096
2013   11       29     7  54    2.36   487.1    5.4      37.041
2013   11       29     8   3    2.35   487.1    5.4      36.985
2013   11       29     8  13    2.35   487.2    5.4      36.929
2013   11       29     8  22    2.34   487.2    5.4      36.873
2013   11       29     8  32    2.34   487.2    5.4      36.816
2013   11       29     8  41    2.33   487.3    5.4      36.761
2013   11       29     8  50    2.33   487.3    5.4      36.706
2013   11       29     9   0    2.32   487.3    5.3      36.652
2013   11       29     9   9    2.32   487.4    5.3      36.599
2013   11       29     9  18    2.31   487.4    5.3      36.545
2013   11       29     9  28    2.31   487.4    5.3      36.491
2013   11       29     9  37    2.31   487.4    5.3      36.437
2013   11       29     9  46    2.30   487.4    5.3      36.382
2013   11       29     9  56    2.30   487.4    5.3      36.326
2013   11       29    10   5    2.29   487.4    5.2      36.270
2013   11       29    10  14    2.29   487.5    5.2      36.212
2013   11       29    10  24    2.29   487.5    5.2      36.153
2013   11       29    10  33    2.28   487.4    5.2      36.092
2013   11       29    10  42    2.28   487.4    5.2      36.030
2013   11       29    10  52    2.27   487.4    5.2      35.967
2013   11       29    11   1    2.27   487.4    5.2      35.903
2013   11       29    11  10    2.26   487.4    5.2      35.839
2013   11       29    11  19    2.26   487.4    5.1      35.774
2013   11       29    11  29    2.25   487.3    5.1      35.709
2013   11       29    11  38    2.25   487.3    5.1      35.644
2013   11       29    11  47    2.24   487.2    5.1      35.580
2013   11       29    11  57    2.24   487.2    5.1      35.515
2013   11       29    12   6    2.24   487.1    5.1      35.451
2013   11       29    12  15    2.23   487.1    5.1      35.387
2013   11       29    12  25    2.23   487.0    5.1      35.322
2013   11       29    12  34    2.22   487.0    5.1      35.258
2013   11       29    12  43    2.22   486.9    5.0      35.194
2013   11       29    12  53    2.21   486.8    5.0      35.129
2013   11       29    13   2    2.21   486.7    5.0      35.065
2013   11       29    13  11    2.21   486.7    5.0      35.001
2013   11       29    13  21    2.20   486.6    5.0      34.938
2013   11       29    13  30    2.20   486.5    5.0      34.875
2013   11       29    13  39    2.19   486.4    5.0      34.813
2013   11       29    13  49    2.19   486.3    5.0      34.752
2013   11       29    13  58    2.18   486.2    5.0      34.694
2013   11       29    14   7    2.18   486.1    5.0      34.635
2013   11       29    14  17    2.18   486.0    5.0      34.579
2013   11       29    14  26    2.17   485.8    5.0      34.524
2013   11       29    14  35    2.17   485.7    4.9      34.471
2013   11       29    14  45    2.16   485.6    4.9      34.418
2013   11       29    14  54    2.16   485.5    4.9      34.366
2013   11       29    15   3    2.15   485.4    4.9      34.314
2013   11       29    15  13    2.15   485.3    4.9      34.262
2013   11       29    15  22    2.15   485.2    4.9      34.210
2013   11       29    15  31    2.14   485.1    4.9      34.158
2013   11       29    15  41    2.14   485.0    4.9      34.104
2013   11       29    15  50    2.13   484.9    4.9      34.049
2013   11       29    15  59    2.13   484.8    4.9      33.993
2013   11       29    16   9    2.13   484.7    4.9      33.936
2013   11       29    16  18    2.12   484.5    4.9      33.878
2013   11       29    16  27    2.12   484.4    4.9      33.820
2013   11       29    16  37    2.11   484.3    4.9      33.761
2013   11       29    16  46    2.11   484.2    4.9      33.702
2013   11       29    16  56    2.11   484.1    4.8      33.642
2013   11       29    17   5    2.10   483.9    4.8      33.582
2013   11       29    17  14    2.10   483.8    4.8      33.522
2013   11       29    17  23    2.09   483.7    4.8      33.461
2013   11       29    17  33    2.09   483.6    4.8      33.401
2013   11       29    17  42    2.09   483.4    4.8      33.341
2013   11       29    17  51    2.08   483.3    4.8      33.280
2013   11       29    18   1    2.08   483.2    4.8      33.221
2013   11       29    18  10    2.07   483.0    4.8      33.161
2013   11       29    18  19    2.07   482.9    4.8      33.102
2013   11       29    18  29    2.07   482.8    4.8      33.043
2013   11       29    18  38    2.06   482.6    4.8      32.984
2013   11       29    18  47    2.06   482.5    4.8      32.925
2013   11       29    18  57    2.05   482.3    4.8      32.867
2013   11       29    19   6    2.05   482.2    4.8      32.807
2013   11       29    19  15    2.05   482.1    4.8      32.748
2013   11       29    19  24    2.04   481.9    4.8      32.687
2013   11       29    19  34    2.04   481.8    4.7      32.627
2013   11       29    19  43    2.04   481.6    4.7      32.565
2013   11       29    19  52    2.03   481.5    4.7      32.503
2013   11       29    20   2    2.03   481.3    4.7      32.440
2013   11       29    20  11    2.02   481.2    4.7      32.376
2013   11       29    20  20    2.02   481.0    4.7      32.311
2013   11       29    20  30    2.02   480.8    4.7      32.246
2013   11       29    20  39    2.01   480.7    4.7      32.180
2013   11       29    20  48    2.01   480.5    4.7      32.114
2013   11       29    20  58    2.01   480.3    4.7      32.047
2013   11       29    21   7    2.00   480.2    4.7      31.980
2013   11       29    21  16    2.00   480.0    4.7      31.913
2013   11       29    21  26    2.00   479.8    4.7      31.846
2013   11       29    21  35    1.99   479.6    4.7      31.778
2013   11       29    21  44    1.99   479.4    4.7      31.712
2013   11       29    21  54    1.98   479.3    4.7      31.645
2013   11       29    22   3    1.98   479.1    4.7      31.579
2013   11       29    22  12    1.98   478.9    4.7      31.513
2013   11       29    22  22    1.97   478.7    4.7      31.448
2013   11       29    22  31    1.97   478.5    4.6      31.383
2013   11       29    22  40    1.97   478.3    4.6      31.320
2013   11       29    22  50    1.96   478.1    4.6      31.256
2013   11       29    22  59    1.96   477.9    4.6      31.193
2013   11       29    23   9    1.96   477.8    4.6      31.131
2013   11       29    23  18    1.95   477.6    4.6      31.070
2013   11       29    23  27    1.95   477.4    4.6      31.008
2013   11       29    23  37    1.95   477.2    4.6      30.948
2013   11       29    23  46    1.94   477.0    4.6      30.888
2013   11       29    23  55    1.94   476.8    4.6      30.829
2013   11       30     0   5    1.94   476.6    4.6      30.769
2013   11       30     0  14    1.94   476.4    4.6      30.711
2013   11       30     0  23    1.93   476.2    4.6      30.652
2013   11       30     0  33    1.93   476.0    4.6      30.595
2013   11       30     0  42    1.93   475.8    4.6      30.537
2013   11       30     0  51    1.92   475.6    4.6      30.480
2013   11       30     1   1    1.92   475.3    4.6      30.424
2013   11       30     1  10    1.92   475.1    4.6      30.368
2013   11       30     1  19    1.92   474.9    4.6      30.312
2013   11       30     1  28    1.91   474.7    4.6      30.258
2013   11       30     1  38    1.91   474.5    4.6      30.203
2013   11       30     1  47    1.91   474.3    4.6      30.150
2013   11       30     1  56    1.91   474.1    4.6      30.097
2013   11       30     2   6    1.90   473.9    4.6      30.044
2013   11       30     2  15    1.90   473.7    4.6      29.992
2013   11       30     2  24    1.90   473.5    4.6      29.941
2013   11       30     2  34    1.90   473.3    4.6      29.890
2013   11       30     2  43    1.89   473.0    4.6      29.840
2013   11       30     2  52    1.89   472.8    4.6      29.790
2013   11       30     3   1    1.89   472.6    4.6      29.741
2013   11       30     3  11    1.89   472.4    4.6      29.692
2013   11       30     3  20    1.88   472.2    4.6      29.643
2013   11       30     3  29    1.88   472.0    4.6      29.594
2013   11       30     3  39    1.88   471.8    4.6      29.545
2013   11       30     3  48    1.88   471.6    4.6      29.496
2013   11       30     3  57    1.87   471.3    4.6      29.446
2013   11       30     4   7    1.87   471.1    4.6      29.396
2013   11       30     4  16    1.87   470.9    4.5      29.346
2013   11       30     4  25    1.87   470.7    4.5      29.296
2013   11       30     4  35    1.87   470.5    4.5      29.245
2013   11       30     4  44    1.86   470.2    4.5      29.193
2013   11       30     4  53    1.86   470.0    4.5      29.142
2013   11       30     5   3    1.86   469.8    4.5      29.091
2013   11       30     5  12    1.86   469.6    4.5      29.039
2013   11       30     5  21    1.85   469.3    4.5      28.988
2013   11       30     5  31    1.85   469.1    4.5      28.936
2013   11       30     5  40    1.85   468.9    4.5      28.885
2013   11       30     5  49    1.85   468.6    4.5      28.834
2013   11       30     5  59    1.84   468.4    4.5      28.782
2013   11       30     6   8    1.84   468.1    4.5      28.732
2013   11       30     6  18    1.84   467.9    4.5      28.681
2013   11       30     6  27    1.84   467.7    4.5      28.631
2013   11       30     6  36    1.84   467.4    4.5      28.581
2013   11       30     6  46    1.83   467.2    4.5      28.533
2013   11       30     6  55    1.83   466.9    4.5      28.484
2013   11       30     7   4    1.83   466.7    4.5      28.437
2013   11       30     7  14    1.83   466.4    4.5      28.390
2013   11       30     7  23    1.83   466.2    4.5      28.345
2013   11       30     7  32    1.82   465.9    4.5      28.300
2013   11       30     7  42    1.82   465.7    4.5      28.256
2013   11       30     7  51    1.82   465.4    4.5      28.214
2013   11       30     8   0    1.82   465.2    4.5      28.173
2013   11       30     8  10    1.82   464.9    4.5      28.132
2013   11       30     8  19    1.81   464.7    4.5      28.093
2013   11       30     8  28    1.81   464.4    4.5      28.054
2013   11       30     8  37    1.81   464.2    4.5      28.016
2013   11       30     8  47    1.81   463.9    4.5      27.977
2013   11       30     8  56    1.81   463.7    4.5      27.939
2013   11       30     9   5    1.81   463.4    4.5      27.899
2013   11       30     9  15    1.80   463.2    4.5      27.860
2013   11       30     9  24    1.80   462.9    4.5      27.820
2013   11       30     9  33    1.80   462.7    4.5      27.779
2013   11       30     9  43    1.80   462.4    4.5      27.737
2013   11       30     9  52    1.80   462.2    4.5      27.695
2013   11       30    10   1    1.79   461.9    4.5      27.651
2013   11       30    10  11    1.79   461.7    4.5      27.608
2013   11       30    10  20    1.79   461.4    4.5      27.563
2013   11       30    10  29    1.79   461.1    4.5      27.518
2013   11       30    10  38    1.79   460.9    4.5      27.472
2013   11       30    10  48    1.78   460.6    4.5      27.426
2013   11       30    10  57    1.78   460.4    4.5      27.379
2013   11       30    11   6    1.78   460.1    4.5      27.332
2013   11       30    11  16    1.78   459.9    4.5      27.284
2013   11       30    11  25    1.78   459.6    4.5      27.236
2013   11       30    11  34    1.77   459.4    4.5      27.187
2013   11       30    11  44    1.77   459.1    4.5      27.138
2013   11       30    11  53    1.77   458.9    4.5      27.088
2013   11       30    12   2    1.77   458.6    4.5      27.038
2013   11       30    12  12    1.77   458.3    4.5      26.988
2013   11       30    12  21    1.76   458.1    4.5      26.937
2013   11       30    12  30    1.76   457.8    4.5      26.886
2013   11       30    12  40    1.76   457.6    4.5      26.835
2013   11       30    12  49    1.76   457.3    4.5      26.783
2013   11       30    12  58    1.76   457.1    4.5      26.732
2013   11       30    13   8    1.75   456.8    4.5      26.680
2013   11       30    13  17    1.75   456.5    4.5      26.628
2013   11       30    13  27    1.75   456.3    4.5      26.576
2013   11       30    13  36    1.75   456.0    4.5      26.525
2013   11       30    13  45    1.75   455.7    4.5      26.473
2013   11       30    13  55    1.74   455.5    4.5      26.422
2013   11       30    14   4    1.74   455.2    4.5      26.371
2013   11       30    14  13    1.74   455.0    4.5      26.321
2013   11       30    14  23    1.74   454.7    4.5      26.270
2013   11       30    14  32    1.74   454.4    4.5      26.220
2013   11       30    14  41    1.74   454.2    4.5      26.170
2013   11       30    14  51    1.73   453.9    4.5      26.121
2013   11       30    15   0    1.73   453.7    4.4      26.073
2013   11       30    15   9    1.73   453.4    4.4      26.025
2013   11       30    15  19    1.73   453.1    4.4      25.977
2013   11       30    15  28    1.73   452.9    4.4      25.931
2013   11       30    15  37    1.72   452.6    4.4      25.884
2013   11       30    15  46    1.72   452.3    4.4      25.840
2013   11       30    15  56    1.72   452.0    4.4      25.796
2013   11       30    16   5    1.72   451.8    4.4      25.754
2013   11       30    16  14    1.72   451.5    4.4      25.712
2013   11       30    16  24    1.71   451.2    4.4      25.671
2013   11       30    16  33    1.71   451.0    4.4      25.631
2013   11       30    16  42    1.71   450.7    4.4      25.592
2013   11       30    16  52    1.71   450.4    4.4      25.553
2013   11       30    17   1    1.71   450.2    4.4      25.515
2013   11       30    17  10    1.71   449.9    4.4      25.477
2013   11       30    17  19    1.70   449.6    4.4      25.439
2013   11       30    17  29    1.70   449.4    4.4      25.401
2013   11       30    17  38    1.70   449.1    4.4      25.363
2013   11       30    17  47    1.70   448.8    4.4      25.326
2013   11       30    17  57    1.70   448.6    4.4      25.289
2013   11       30    18   6    1.70   448.3    4.4      25.251
2013   11       30    18  15    1.70   448.0    4.4      25.214
2013   11       30    18  25    1.69   447.8    4.4      25.176
2013   11       30    18  34    1.69   447.5    4.4      25.139
2013   11       30    18  43    1.69   447.2    4.4      25.101
2013   11       30    18  53    1.69   446.9    4.4      25.063
2013   11       30    19   2    1.69   446.7    4.4      25.025
2013   11       30    19  11    1.69   446.4    4.4      24.987
2013   11       30    19  21    1.68   446.1    4.4      24.948
2013   11       30    19  30    1.68   445.8    4.4      24.909
2013   11       30    19  39    1.68   445.6    4.4      24.870
2013   11       30    19  49    1.68   445.3    4.4      24.831
2013   11       30    19  58    1.68   445.0    4.4      24.792
2013   11       30    20   7    1.68   444.7    4.4      24.753
2013   11       30    20  17    1.67   444.4    4.5      24.713
2013   11       30    20  26    1.67   444.2    4.5      24.673
2013   11       30    20  35    1.67   443.9    4.5      24.633
2013   11       30    20  45    1.67   443.6    4.5      24.593
2013   11       30    20  54    1.67   443.3    4.5      24.552
2013   11       30    21   3    1.67   443.0    4.5      24.511
2013   11       30    21  13    1.66   442.7    4.5      24.470
2013   11       30    21  22    1.66   442.5    4.5      24.428
2013   11       30    21  32    1.66   442.2    4.4      24.386
2013   11       30    21  41    1.66   441.9    4.4      24.344
2013   11       30    21  50    1.66   441.6    4.4      24.302
2013   11       30    22   0    1.66   441.3    4.4      24.259
2013   11       30    22   9    1.66   441.0    4.4      24.216
2013   11       30    22  18    1.65   440.7    4.4      24.173
2013   11       30    22  27    1.65   440.5    4.4      24.130
2013   11       30    22  37    1.65   440.2    4.4      24.086
2013   11       30    22  46    1.65   439.9    4.4      24.042
2013   11       30    22  55    1.65   439.6    4.4      23.999
2013   11       30    23   5    1.65   439.3    4.4      23.954
2013   11       30    23  14    1.64   439.0    4.4      23.910
2013   11       30    23  23    1.64   438.7    4.4      23.865
2013   11       30    23  33    1.64   438.4    4.4      23.820
2013   11       30    23  42    1.64   438.1    4.4      23.774
2013   11       30    23  51    1.64   437.8    4.4      23.729
2013   12        1     0   1    1.64   437.5    4.4      23.683
2013   12        1     0  10    1.64   437.3    4.4      23.638
2013   12        1     0  19    1.63   437.0    4.4      23.592
2013   12        1     0  28    1.63   436.7    4.4      23.546
2013   12        1     0  38    1.63   436.4    4.4      23.500
2013   12        1     0  47    1.63   436.0    4.4      23.455
2013   12        1     0  56    1.63   435.7    4.4      23.410
2013   12        1     1   6    1.63   435.4    4.4      23.365
2013   12        1     1  15    1.62   435.1    4.4      23.320
2013   12        1     1  24    1.62   434.8    4.4      23.275
2013   12        1     1  34    1.62   434.5    4.4      23.231
2013   12        1     1  43    1.62   434.2    4.4      23.187
2013   12        1     1  52    1.62   433.9    4.4      23.144
2013   12        1     2   2    1.62   433.6    4.4      23.101
2013   12        1     2  11    1.62   433.3    4.4      23.059
2013   12        1     2  20    1.61   433.0    4.4      23.017
2013   12        1     2  30    1.61   432.6    4.4      22.975
2013   12        1     2  39    1.61   432.3    4.4      22.935
2013   12        1     2  48    1.61   432.0    4.4      22.894
2013   12        1     2  58    1.61   431.7    4.4      22.855
2013   12        1     3   7    1.61   431.4    4.4      22.815
2013   12        1     3  16    1.61   431.0    4.4      22.777
2013   12        1     3  26    1.61   430.7    4.4      22.739
2013   12        1     3  35    1.60   430.4    4.4      22.701
2013   12        1     3  44    1.60   430.1    4.4      22.665
2013   12        1     3  54    1.60   429.7    4.4      22.629
2013   12        1     4   3    1.60   429.4    4.4      22.593
2013   12        1     4  12    1.60   429.1    4.4      22.559
2013   12        1     4  22    1.60   428.7    4.4      22.524
2013   12        1     4  31    1.60   428.4    4.4      22.491
2013   12        1     4  40    1.60   428.0    4.4      22.457
2013   12        1     4  50    1.60   427.7    4.5      22.424
2013   12        1     4  59    1.59   427.4    4.5      22.392
2013   12        1     5   8    1.59   427.0    4.5      22.359
2013   12        1     5  18    1.59   426.7    4.5      22.327
2013   12        1     5  27    1.59   426.3    4.5      22.296
2013   12        1     5  36    1.59   426.0    4.5      22.264
2013   12        1     5  46    1.59   425.7    4.5      22.233
2013   12        1     5  55    1.59   425.3    4.5      22.202
2013   12        1     6   4    1.59   425.0    4.5      22.172
2013   12        1     6  14    1.59   424.6    4.5      22.142
2013   12        1     6  23    1.59   424.3    4.5      22.112
2013   12        1     6  32    1.59   424.0    4.5      22.082
2013   12        1     6  41    1.59   423.6    4.5      22.052
2013   12        1     6  51    1.58   423.3    4.5      22.023
2013   12        1     7   0    1.58   422.9    4.5      21.994
2013   12        1     7   9    1.58   422.6    4.5      21.965
2013   12        1     7  19    1.58   422.2    4.5      21.936
2013   12        1     7  28    1.58   421.9    4.5      21.907
2013   12        1     7  37    1.58   421.6    4.5      21.878
2013   12        1     7  47    1.58   421.2    4.5      21.849
2013   12        1     7  56    1.58   420.9    4.5      21.820
2013   12        1     8   5    1.58   420.5    4.5      21.791
2013   12        1     8  14    1.58   420.2    4.5      21.761
2013   12        1     8  24    1.58   419.8    4.6      21.731
2013   12        1     8  33    1.58   419.5    4.6      21.701
2013   12        1     8  42    1.58   419.2    4.6      21.670
2013   12        1     8  52    1.58   418.8    4.6      21.640
2013   12        1     9   1    1.58   418.5    4.6      21.608
2013   12        1     9  10    1.58   418.1    4.6      21.577
2013   12        1     9  20    1.57   417.8    4.6      21.545
2013   12        1     9  29    1.57   417.5    4.6      21.512
2013   12        1     9  38    1.57   417.1    4.6      21.479
2013   12        1     9  48    1.57   416.8    4.6      21.447
2013   12        1     9  57    1.57   416.4    4.6      21.413
2013   12        1    10   6    1.57   416.1    4.6      21.379
2013   12        1    10  16    1.57   415.7    4.6      21.345
2013   12        1    10  25    1.57   415.4    4.6      21.311
2013   12        1    10  34    1.57   415.1    4.6      21.276
2013   12        1    10  44    1.57   414.7    4.6      21.241
2013   12        1    10  53    1.57   414.4    4.6      21.205
2013   12        1    11   2    1.57   414.0    4.6      21.170
2013   12        1    11  12    1.57   413.7    4.6      21.134
2013   12        1    11  21    1.57   413.3    4.6      21.099
2013   12        1    11  30    1.57   413.0    4.6      21.063
2013   12        1    11  40    1.57   412.6    4.6      21.028
2013   12        1    11  49    1.57   412.3    4.6      20.992
2013   12        1    11  58    1.56   411.9    4.6      20.957
2013   12        1    12   8    1.56   411.6    4.6      20.922
2013   12        1    12  17    1.56   411.2    4.6      20.888
2013   12        1    12  26    1.56   410.8    4.6      20.854
2013   12        1    12  36    1.56   410.5    4.6      20.821
2013   12        1    12  45    1.56   410.1    4.6      20.788
2013   12        1    12  54    1.56   409.8    4.6      20.756
2013   12        1    13   4    1.56   409.4    4.7      20.725
2013   12        1    13  13    1.56   409.1    4.7      20.694
2013   12        1    13  22    1.56   408.7    4.7      20.664
2013   12        1    13  32    1.56   408.4    4.7      20.634
2013   12        1    13  41    1.56   408.0    4.7      20.605
2013   12        1    13  50    1.56   407.7    4.7      20.577
2013   12        1    14   0    1.56   407.3    4.7      20.549
2013   12        1    14   9    1.56   407.0    4.7      20.522
2013   12        1    14  18    1.56   406.6    4.7      20.496
2013   12        1    14  27    1.56   406.3    4.7      20.471
2013   12        1    14  37    1.56   405.9    4.7      20.446
2013   12        1    14  46    1.56   405.6    4.7      20.423
2013   12        1    14  55    1.56   405.2    4.7      20.400
2013   12        1    15   5    1.56   404.9    4.7      20.377
2013   12        1    15  14    1.56   404.5    4.7      20.355
2013   12        1    15  23    1.56   404.1    4.7      20.334
2013   12        1    15  33    1.56   403.8    4.8      20.313
2013   12        1    15  42    1.56   403.4    4.8      20.293
2013   12        1    15  51    1.56   403.1    4.8      20.273
2013   12        1    16   0    1.56   402.7    4.8      20.253
2013   12        1    16  10    1.56   402.4    4.8      20.233
2013   12        1    16  19    1.56   402.0    4.8      20.214
2013   12        1    16  28    1.56   401.7    4.8      20.195
2013   12        1    16  38    1.57   401.3    4.8      20.176
2013   12        1    16  47    1.57   401.0    4.8      20.157
2013   12        1    16  56    1.57   400.7    4.8      20.139
2013   12        1    17   6    1.57   400.3    4.8      20.120
2013   12        1    17  15    1.57   400.0    4.8      20.101
2013   12        1    17  24    1.57   399.6    4.9      20.083
2013   12        1    17  34    1.57   399.3    4.9      20.064
2013   12        1    17  43    1.57   399.0    4.9      20.045
2013   12        1    17  52    1.57   398.6    4.9      20.026
2013   12        1    18   2    1.57   398.3    4.9      20.006
2013   12        1    18  11    1.57   398.0    4.9      19.987
2013   12        1    18  20    1.57   397.6    4.9      19.967
2013   12        1    18  30    1.57   397.3    4.9      19.947
2013   12        1    18  39    1.57   396.9    4.9      19.927
2013   12        1    18  48    1.57   396.6    4.9      19.907
2013   12        1    18  58    1.57   396.3    4.9      19.886
2013   12        1    19   7    1.57   396.0    4.9      19.865
2013   12        1    19  17    1.57   395.6    5.0      19.844
2013   12        1    19  26    1.57   395.3    5.0      19.823
2013   12        1    19  35    1.57   395.0    5.0      19.801
2013   12        1    19  45    1.57   394.7    5.0      19.780
2013   12        1    19  54    1.57   394.4    5.0      19.758
2013   12        1    20   3    1.57   394.0    5.0      19.736
2013   12        1    20  12    1.58   393.7    5.0      19.713
2013   12        1    20  22    1.58   393.4    5.0      19.691
2013   12        1    20  31    1.58   393.1    5.0      19.668
2013   12        1    20  40    1.58   392.8    5.0      19.645
2013   12        1    20  50    1.58   392.5    5.0      19.622
2013   12        1    20  59    1.58   392.1    5.0      19.599
2013   12        1    21   8    1.58   391.8    5.0      19.576
2013   12        1    21  18    1.58   391.5    5.0      19.552
2013   12        1    21  27    1.58   391.2    5.0      19.529
2013   12        1    21  36    1.58   390.9    5.0      19.505
2013   12        1    21  46    1.58   390.6    5.1      19.481
2013   12        1    21  55    1.58   390.2    5.1      19.458
2013   12        1    22   4    1.58   389.9    5.1      19.434
2013   12        1    22  13    1.58   389.6    5.1      19.411
2013   12        1    22  23    1.58   389.3    5.1      19.388
2013   12        1    22  32    1.58   389.0    5.1      19.366
2013   12        1    22  41    1.58   388.6    5.1      19.343
2013   12        1    22  51    1.58   388.3    5.1      19.322
2013   12        1    23   0    1.58   388.0    5.1      19.300
2013   12        1    23   9    1.58   387.7    5.1      19.280
2013   12        1    23  19    1.59   387.4    5.1      19.259
2013   12        1    23  28    1.59   387.1    5.1      19.240
2013   12        1    23  37    1.59   386.8    5.1      19.221
2013   12        1    23  46    1.59   386.5    5.1      19.203
2013   12        1    23  56    1.59   386.1    5.2      19.185
2013   12        2     0   5    1.59   385.8    5.2      19.169
2013   12        2     0  14    1.59   385.5    5.2      19.152
2013   12        2     0  24    1.59   385.2    5.2      19.136
2013   12        2     0  33    1.59   384.9    5.2      19.121
2013   12        2     0  42    1.59   384.6    5.2      19.106
2013   12        2     0  52    1.59   384.3    5.2      19.091
2013   12        2     1   1    1.59   384.1    5.2      19.076
2013   12        2     1  10    1.60   383.8    5.2      19.062
2013   12        2     1  20    1.60   383.5    5.2      19.047
2013   12        2     1  29    1.60   383.2    5.3      19.033
2013   12        2     1  38    1.60   382.9    5.3      19.018
2013   12        2     1  48    1.60   382.6    5.3      19.004
2013   12        2     1  57    1.60   382.3    5.3      18.989
2013   12        2     2   6    1.60   382.0    5.3      18.975
2013   12        2     2  16    1.60   381.7    5.3      18.960
2013   12        2     2  25    1.60   381.4    5.3      18.946
2013   12        2     2  34    1.60   381.2    5.3      18.931
2013   12        2     2  44    1.61   380.9    5.3      18.916
2013   12        2     2  53    1.61   380.6    5.3      18.901
2013   12        2     3   2    1.61   380.3    5.3      18.886
2013   12        2     3  12    1.61   380.0    5.4      18.871
2013   12        2     3  21    1.61   379.8    5.4      18.856
2013   12        2     3  30    1.61   379.5    5.4      18.840
2013   12        2     3  40    1.61   379.2    5.4      18.825
2013   12        2     3  49    1.61   379.0    5.4      18.810
2013   12        2     3  58    1.61   378.7    5.4      18.794
2013   12        2     4   8    1.61   378.4    5.4      18.779
2013   12        2     4  17    1.61   378.1    5.4      18.763
2013   12        2     4  26    1.61   377.9    5.4      18.747
2013   12        2     4  36    1.62   377.6    5.4      18.731
2013   12        2     4  45    1.62   377.3    5.4      18.716
2013   12        2     4  54    1.62   377.1    5.5      18.700
2013   12        2     5   3    1.62   376.8    5.5      18.684
2013   12        2     5  13    1.62   376.6    5.5      18.668
2013   12        2     5  22    1.62   376.3    5.5      18.652
2013   12        2     5  31    1.62   376.0    5.5      18.636
2013   12        2     5  41    1.62   375.8    5.5      18.621
2013   12        2     5  50    1.62   375.5    5.5      18.605
2013   12        2     5  59    1.62   375.3    5.5      18.590
2013   12        2     6   9    1.62   375.0    5.5      18.574
2013   12        2     6  18    1.63   374.7    5.5      18.559
2013   12        2     6  27    1.63   374.5    5.5      18.544
2013   12        2     6  36    1.63   374.2    5.5      18.529
2013   12        2     6  46    1.63   374.0    5.5      18.515
2013   12        2     6  55    1.63   373.7    5.6      18.501
2013   12        2     7   4    1.63   373.5    5.6      18.487
2013   12        2     7  14    1.63   373.2    5.6      18.473
2013   12        2     7  23    1.63   373.0    5.6      18.460
2013   12        2     7  32    1.63   372.7    5.6      18.447
2013   12        2     7  42    1.63   372.5    5.6      18.434
2013   12        2     7  51    1.63   372.2    5.6      18.421
2013   12        2     8   0    1.64   372.0    5.6      18.409
2013   12        2     8  10    1.64   371.7    5.6      18.397
2013   12        2     8  19    1.64   371.5    5.6      18.385
2013   12        2     8  28    1.64   371.2    5.6      18.374
2013   12        2     8  38    1.64   371.0    5.7      18.362
2013   12        2     8  47    1.64   370.8    5.7      18.351
2013   12        2     8  56    1.64   370.5    5.7      18.340
2013   12        2     9   6    1.64   370.3    5.7      18.329
2013   12        2     9  15    1.64   370.0    5.7      18.318
2013   12        2     9  24    1.65   369.8    5.7      18.307
2013   12        2     9  34    1.65   369.6    5.7      18.296
2013   12        2     9  43    1.65   369.3    5.7      18.285
2013   12        2     9  52    1.65   369.1    5.7      18.273
2013   12        2    10   2    1.65   368.9    5.7      18.262
2013   12        2    10  11    1.65   368.6    5.8      18.251
2013   12        2    10  20    1.65   368.4    5.8      18.240
2013   12        2    10  30    1.65   368.2    5.8      18.228
2013   12        2    10  39    1.65   367.9    5.8      18.217
2013   12        2    10  48    1.65   367.7    5.8      18.205
2013   12        2    10  58    1.66   367.5    5.8      18.194
2013   12        2    11   7    1.66   367.3    5.8      18.182
2013   12        2    11  16    1.66   367.0    5.8      18.171
2013   12        2    11  26    1.66   366.8    5.8      18.159
2013   12        2    11  35    1.66   366.6    5.8      18.148
2013   12        2    11  44    1.66   366.4    5.8      18.137
2013   12        2    11  53    1.66   366.1    5.9      18.125
2013   12        2    12   3    1.66   365.9    5.9      18.114
2013   12        2    12  12    1.66   365.7    5.9      18.103
2013   12        2    12  21    1.66   365.5    5.9      18.091
2013   12        2    12  31    1.67   365.3    5.9      18.080
2013   12        2    12  40    1.67   365.0    5.9      18.069
2013   12        2    12  49    1.67   364.8    5.9      18.058
2013   12        2    12  59    1.67   364.6    5.9      18.048
2013   12        2    13   8    1.67   364.4    5.9      18.037
2013   12        2    13  17    1.67   364.2    5.9      18.026
2013   12        2    13  26    1.67   364.0    5.9      18.016
2013   12        2    13  36    1.67   363.8    6.0      18.006
2013   12        2    13  45    1.67   363.6    6.0      17.996
2013   12        2    13  54    1.68   363.4    6.0      17.986
2013   12        2    14   4    1.68   363.2    6.0      17.976
2013   12        2    14  13    1.68   362.9    6.0      17.967
2013   12        2    14  22    1.68   362.7    6.0      17.957
2013   12        2    14  32    1.68   362.5    6.0      17.948
2013   12        2    14  41    1.68   362.3    6.0      17.939
2013   12        2    14  50    1.68   362.1    6.0      17.930
2013   12        2    15   0    1.68   361.9    6.0      17.921
2013   12        2    15   9    1.68   361.7    6.0      17.913
2013   12        2    15  18    1.68   361.5    6.1      17.904
2013   12        2    15  28    1.69   361.3    6.1      17.896
2013   12        2    15  37    1.69   361.1    6.1      17.888
2013   12        2    15  46    1.69   360.9    6.1      17.880
2013   12        2    15  56    1.69   360.7    6.1      17.872
2013   12        2    16   5    1.69   360.5    6.1      17.864
2013   12        2    16  14    1.69   360.4    6.1      17.856
2013   12        2    16  24    1.69   360.2    6.1      17.848
2013   12        2    16  33    1.69   360.0    6.1      17.840
2013   12        2    16  42    1.69   359.8    6.1      17.833
2013   12        2    16  52    1.70   359.6    6.1      17.825
2013   12        2    17   1    1.70   359.4    6.2      17.818
2013   12        2    17  10    1.70   359.2    6.2      17.810
2013   12        2    17  20    1.70   359.0    6.2      17.803
2013   12        2    17  29    1.70   358.8    6.2      17.795
2013   12        2    17  38    1.70   358.6    6.2      17.788
2013   12        2    17  48    1.70   358.5    6.2      17.780
2013   12        2    17  57    1.70   358.3    6.2      17.773
2013   12        2    18   6    1.70   358.1    6.2      17.765
2013   12        2    18  16    1.70   357.9    6.2      17.758
2013   12        2    18  25    1.71   357.7    6.2      17.750
2013   12        2    18  34    1.71   357.5    6.2      17.743
2013   12        2    18  43    1.71   357.3    6.3      17.736
2013   12        2    18  53    1.71   357.2    6.3      17.728
2013   12        2    19   2    1.71   357.0    6.3      17.721
2013   12        2    19  11    1.71   356.8    6.3      17.714
2013   12        2    19  21    1.71   356.6    6.3      17.706
2013   12        2    19  30    1.71   356.4    6.3      17.699
2013   12        2    19  39    1.71   356.3    6.3      17.692
2013   12        2    19  49    1.71   356.1    6.3      17.685
2013   12        2    19  58    1.72   355.9    6.3      17.678
2013   12        2    20   7    1.72   355.7    6.3      17.671
2013   12        2    20  16    1.72   355.6    6.3      17.664
2013   12        2    20  26    1.72   355.4    6.4      17.657
2013   12        2    20  35    1.72   355.2    6.4      17.651
2013   12        2    20  44    1.72   355.0    6.4      17.644
2013   12        2    20  54    1.72   354.9    6.4      17.637
2013   12        2    21   3    1.72   354.7    6.4      17.631
2013   12        2    21  12    1.72   354.5    6.4      17.624
2013   12        2    21  22    1.73   354.3    6.4      17.618
2013   12        2    21  31    1.73   354.2    6.4      17.612
2013   12        2    21  40    1.73   354.0    6.4      17.606
2013   12        2    21  49    1.73   353.8    6.4      17.600
2013   12        2    21  59    1.73   353.7    6.4      17.594
2013   12        2    22   8    1.73   353.5    6.4      17.588
2013   12        2    22  17    1.73   353.3    6.5      17.582
2013   12        2    22  27    1.73   353.2    6.5      17.577
2013   12        2    22  36    1.73   353.0    6.5      17.571
2013   12        2    22  45    1.73   352.8    6.5      17.565
2013   12        2    22  55    1.74   352.7    6.5      17.560
2013   12        2    23   4    1.74   352.5    6.5      17.555
2013   12        2    23  13    1.74   352.3    6.5      17.550
2013   12        2    23  23    1.74   352.2    6.5      17.544
2013   12        2    23  32    1.74   352.0    6.5      17.539
2013   12        2    23  41    1.74   351.9    6.5      17.534
2013   12        2    23  51    1.74   351.7    6.5      17.529
2013   12        3     0   0    1.74   351.5    6.6      17.525
2013   12        3     0  10    1.74   351.4    6.6      17.520
2013   12        3     0  19    1.74   351.2    6.6      17.515
2013   12        3     0  28    1.75   351.1    6.6      17.511
2013   12        3     0  37    1.75   350.9    6.6      17.506
2013   12        3     0  47    1.75   350.7    6.6      17.501
2013   12        3     0  56    1.75   350.6    6.6      17.497
2013   12        3     1   5    1.75   350.4    6.6      17.492
2013   12        3     1  15    1.75   350.3    6.6      17.488
2013   12        3     1  24    1.75   350.1    6.6      17.483
2013   12        3     1  33    1.75   350.0    6.6      17.479
2013   12        3     1  43    1.75   349.8    6.7      17.475
2013   12        3     1  52    1.76   349.7    6.7      17.470
2013   12        3     2   1    1.76   349.5    6.7      17.466
2013   12        3     2  11    1.76   349.4    6.7      17.461
2013   12        3     2  20    1.76   349.2    6.7      17.457
2013   12        3     2  29    1.76   349.1    6.7      17.453
2013   12        3     2  39    1.76   348.9    6.7      17.448
2013   12        3     2  48    1.76   348.8    6.7      17.444
2013   12        3     2  57    1.76   348.6    6.7      17.439
2013   12        3     3   6    1.76   348.5    6.7      17.435
2013   12        3     3  16    1.76   348.3    6.7      17.430
2013   12        3     3  25    1.77   348.2    6.8      17.426
2013   12        3     3  34    1.77   348.0    6.8      17.422
2013   12        3     3  44    1.77   347.9    6.8      17.417
2013   12        3     3  53    1.77   347.7    6.8      17.413
2013   12        3     4   2    1.77   347.6    6.8      17.408
2013   12        3     4  12    1.77   347.4    6.8      17.404
2013   12        3     4  21    1.77   347.3    6.8      17.400
2013   12        3     4  30    1.77   347.2    6.8      17.396
2013   12        3     4  39    1.77   347.0    6.8      17.391
2013   12        3     4  49    1.77   346.9    6.8      17.387
2013   12        3     4  58    1.77   346.7    6.8      17.383
2013   12        3     5   7    1.78   346.6    6.8      17.379
2013   12        3     5  17    1.78   346.4    6.9      17.375
2013   12        3     5  26    1.78   346.3    6.9      17.371
2013   12        3     5  35    1.78   346.2    6.9      17.367
2013   12        3     5  45    1.78   346.0    6.9      17.363
2013   12        3     5  54    1.78   345.9    6.9      17.360
2013   12        3     6   3    1.78   345.7    6.9      17.356
2013   12        3     6  13    1.78   345.6    6.9      17.353
2013   12        3     6  22    1.78   345.5    6.9      17.349
2013   12        3     6  31    1.78   345.3    6.9      17.346
2013   12        3     6  41    1.79   345.2    6.9      17.342
2013   12        3     6  50    1.79   345.0    6.9      17.339
2013   12        3     6  59    1.79   344.9    6.9      17.336
2013   12        3     7   9    1.79   344.8    7.0      17.333
2013   12        3     7  18    1.79   344.6    7.0      17.330
2013   12        3     7  27    1.79   344.5    7.0      17.327
2013   12        3     7  37    1.79   344.4    7.0      17.324
2013   12        3     7  46    1.79   344.2    7.0      17.321
2013   12        3     7  55    1.79   344.1    7.0      17.318
2013   12        3     8   5    1.79   344.0    7.0      17.315
2013   12        3     8  14    1.79   343.8    7.0      17.313
2013   12        3     8  23    1.80   343.7    7.0      17.310
2013   12        3     8  33    1.80   343.6    7.0      17.307
2013   12        3     8  42    1.80   343.4    7.0      17.304
2013   12        3     8  51    1.80   343.3    7.0      17.301
2013   12        3     9   1    1.80   343.2    7.1      17.298
2013   12        3     9  10    1.80   343.1    7.1      17.295
2013   12        3     9  19    1.80   342.9    7.1      17.292
2013   12        3     9  29    1.80   342.8    7.1      17.289
2013   12        3     9  38    1.80   342.7    7.1      17.286
2013   12        3     9  47    1.80   342.6    7.1      17.283
2013   12        3     9  56    1.80   342.4    7.1      17.280
2013   12        3    10   6    1.81   342.3    7.1      17.277
2013   12        3    10  15    1.81   342.2    7.1      17.273
2013   12        3    10  24    1.81   342.1    7.1      17.270
2013   12        3    10  34    1.81   341.9    7.1      17.266
2013   12        3    10  43    1.81   341.8    7.1      17.263
2013   12        3    10  52    1.81   341.7    7.1      17.259
2013   12        3    11   1    1.81   341.6    7.2      17.256
2013   12        3    11  11    1.81   341.4    7.2      17.252
2013   12        3    11  20    1.81   341.3    7.2      17.248
2013   12        3    11  29    1.81   341.2    7.2      17.244
2013   12        3    11  39    1.81   341.1    7.2      17.240
2013   12        3    11  48    1.81   340.9    7.2      17.236
2013   12        3    11  57    1.82   340.8    7.2      17.232
2013   12        3    12   7    1.82   340.7    7.2      17.228
2013   12        3    12  16    1.82   340.6    7.2      17.224
2013   12        3    12  25    1.82   340.5    7.2      17.220
2013   12        3    12  35    1.82   340.3    7.2      17.216
2013   12        3    12  44    1.82   340.2    7.2      17.212
2013   12        3    12  53    1.82   340.1    7.2      17.208
2013   12        3    13   3    1.82   340.0    7.2      17.204
2013   12        3    13  12    1.82   339.9    7.3      17.200
2013   12        3    13  21    1.82   339.7    7.3      17.195
2013   12        3    13  31    1.82   339.6    7.3      17.191
2013   12        3    13  40    1.82   339.5    7.3      17.187
2013   12        3    13  49    1.82   339.4    7.3      17.183
2013   12        3    13  59    1.83   339.3    7.3      17.179
2013   12        3    14   8    1.83   339.2    7.3      17.175
2013   12        3    14  17    1.83   339.0    7.3      17.171
2013   12        3    14  27    1.83   338.9    7.3      17.167
2013   12        3    14  36    1.83   338.8    7.3      17.163
2013   12        3    14  45    1.83   338.7    7.3      17.159
2013   12        3    14  55    1.83   338.6    7.3      17.155
2013   12        3    15   4    1.83   338.4    7.3      17.151
2013   12        3    15  13    1.83   338.3    7.3      17.147
2013   12        3    15  23    1.83   338.2    7.3      17.143
2013   12        3    15  32    1.83   338.1    7.4      17.139
2013   12        3    15  41    1.83   338.0    7.4      17.135
2013   12        3    15  51    1.83   337.9    7.4      17.131
2013   12        3    16   0    1.83   337.7    7.4      17.127
2013   12        3    16   9    1.84   337.6    7.4      17.124
2013   12        3    16  18    1.84   337.5    7.4      17.120
2013   12        3    16  28    1.84   337.4    7.4      17.116
2013   12        3    16  37    1.84   337.3    7.4      17.112
2013   12        3    16  46    1.84   337.2    7.4      17.108
2013   12        3    16  56    1.84   337.1    7.4      17.104
2013   12        3    17   5    1.84   336.9    7.4      17.101
2013   12        3    17  14    1.84   336.8    7.4      17.097
2013   12        3    17  24    1.84   336.7    7.4      17.093
2013   12        3    17  33    1.84   336.6    7.4      17.089
2013   12        3    17  42    1.84   336.5    7.4      17.085
2013   12        3    17  51    1.84   336.4    7.5      17.081
2013   12        3    18   1    1.84   336.2    7.5      17.077
2013   12        3    18  10    1.84   336.1    7.5      17.073
2013   12        3    18  19    1.85   336.0    7.5      17.069
2013   12        3    18  29    1.85   335.9    7.5      17.065
2013   12        3    18  38    1.85   335.8    7.5      17.061
2013   12        3    18  47    1.85   335.7    7.5      17.057
2013   12        3    18  57    1.85   335.5    7.5      17.054
2013   12        3    19   6    1.85   335.4    7.5      17.050
2013   12        3    19  15    1.85   335.3    7.5      17.046
2013   12        3    19  25    1.85   335.2    7.5      17.042
2013   12        3    19  34    1.85   335.1    7.5      17.038
2013   12        3    19  43    1.85   335.0    7.5      17.034
2013   12        3    19  52    1.85   334.9    7.5      17.030
2013   12        3    20   2    1.85   334.7    7.5      17.026
2013   12        3    20  11    1.85   334.6    7.5      17.022
2013   12        3    20  20    1.85   334.5    7.6      17.018
2013   12        3    20  30    1.86   334.4    7.6      17.015
2013   12        3    20  39    1.86   334.3    7.6      17.011
2013   12        3    20  48    1.86   334.2    7.6      17.007
2013   12        3    20  58    1.86   334.0    7.6      17.003
2013   12        3    21   7    1.86   333.9    7.6      17.000
2013   12        3    21  16    1.86   333.8    7.6      16.996
2013   12        3    21  26    1.86   333.7    7.6      16.993
2013   12        3    21  35    1.86   333.6    7.6      16.989
2013   12        3    21  44    1.86   333.5    7.6      16.986
2013   12        3    21  54    1.86   333.4    7.6      16.983
2013   12        3    22   3    1.86   333.2    7.6      16.979
2013   12        3    22  12    1.86   333.1    7.6      16.976
2013   12        3    22  22    1.86   333.0    7.6      16.973
2013   12        3    22  31    1.87   332.9    7.6      16.970
2013   12        3    22  40    1.87   332.8    7.7      16.967
2013   12        3    22  50    1.87   332.7    7.7      16.964
2013   12        3    22  59    1.87   332.6    7.7      16.961
2013   12        3    23   8    1.87   332.4    7.7      16.959
2013   12        3    23  18    1.87   332.3    7.7      16.956
2013   12        3    23  27    1.87   332.2    7.7      16.953
2013   12        3    23  36    1.87   332.1    7.7      16.951
2013   12        3    23  46    1.87   332.0    7.7      16.948
2013   12        3    23  55    1.87   331.9    7.7      16.945
2013   12        4     0   4    1.87   331.8    7.7      16.943
2013   12        4     0  14    1.87   331.6    7.7      16.941
2013   12        4     0  23    1.88   331.5    7.7      16.938
2013   12        4     0  32    1.88   331.4    7.7      16.936
2013   12        4     0  41    1.88   331.3    7.8      16.934
2013   12        4     0  51    1.88   331.2    7.8      16.931
2013   12        4     1   0    1.88   331.1    7.8      16.929
2013   12        4     1   9    1.88   330.9    7.8      16.927
2013   12        4     1  19    1.88   330.8    7.8      16.925
2013   12        4     1  28    1.88   330.7    7.8      16.923
2013   12        4     1  37    1.88   330.6    7.8      16.920
2013   12        4     1  46    1.88   330.5    7.8      16.918
2013   12        4     1  56    1.88   330.4    7.8      16.916
2013   12        4     2   5    1.88   330.3    7.8      16.914
2013   12        4     2  14    1.89   330.1    7.8      16.912
2013   12        4     2  24    1.89   330.0    7.8      16.910
2013   12        4     2  33    1.89   329.9    7.8      16.908
2013   12        4     2  42    1.89   329.8    7.9      16.906
2013   12        4     2  52    1.89   329.7    7.9      16.904
2013   12        4     3   1    1.89   329.6    7.9      16.902
2013   12        4     3  10    1.89   329.5    7.9      16.900
2013   12        4     3  20    1.89   329.3    7.9      16.898
2013   12        4     3  29    1.89   329.2    7.9      16.897
2013   12        4     3  38    1.89   329.1    7.9      16.895
2013   12        4     3  48    1.90   329.0    7.9      16.893
2013   12        4     3  57    1.90   328.9    7.9      16.891
2013   12        4     4   6    1.90   328.8    7.9      16.890
2013   12        4     4  16    1.90   328.6    7.9      16.888
2013   12        4     4  25    1.90   328.5    7.9      16.887
2013   12        4     4  34    1.90   328.4    8.0      16.885
2013   12        4     4  44    1.90   328.3    8.0      16.884
2013   12        4     4  53    1.90   328.2    8.0      16.882
2013   12        4     5   2    1.90   328.1    8.0      16.881
2013   12        4     5  12    1.90   328.0    8.0      16.880
2013   12        4     5  21    1.91   327.8    8.0      16.879
2013   12        4     5  30    1.91   327.7    8.0      16.878
2013   12        4     5  40    1.91   327.6    8.0      16.876
2013   12        4     5  49    1.91   327.5    8.0      16.875
2013   12        4     5  58    1.91   327.4    8.0      16.875
2013   12        4     6   8    1.91   327.3    8.0      16.874
2013   12        4     6  17    1.91   327.2    8.1      16.873
2013   12        4     6  26    1.91   327.0    8.1      16.872
2013   12        4     6  36    1.91   326.9    8.1      16.872
2013   12        4     6  45    1.92   326.8    8.1      16.871
2013   12        4     6  54    1.92   326.7    8.1      16.870
2013   12        4     7   4    1.92   326.6    8.1      16.870
2013   12        4     7  13    1.92   326.5    8.1      16.869
2013   12        4     7  22    1.92   326.4    8.1      16.869
2013   12        4     7  31    1.92   326.3    8.1      16.869
2013   12        4     7  41    1.92   326.2    8.1      16.869
2013   12        4     7  50    1.92   326.0    8.1      16.868
2013   12        4     7  59    1.93   325.9    8.2      16.868
2013   12        4     8   9    1.93   325.8    8.2      16.868
2013   12        4     8  18    1.93   325.7    8.2      16.868
2013   12        4     8  27    1.93   325.6    8.2      16.868
2013   12        4     8  36    1.93   325.5    8.2      16.868
2013   12        4     8  46    1.93   325.4    8.2      16.868
2013   12        4     8  55    1.93   325.3    8.2      16.868
2013   12        4     9   4    1.93   325.1    8.2      16.868
2013   12        4     9  14    1.94   325.0    8.2      16.868
2013   12        4     9  23    1.94   324.9    8.2      16.868
2013   12        4     9  32    1.94   324.8    8.3      16.869
2013   12        4     9  42    1.94   324.7    8.3      16.869
2013   12        4     9  51    1.94   324.6    8.3      16.869
2013   12        4    10   0    1.94   324.5    8.3      16.869
2013   12        4    10  10    1.94   324.4    8.3      16.869
2013   12        4    10  19    1.95   324.3    8.3      16.870
2013   12        4    10  28    1.95   324.1    8.3      16.870
2013   12        4    10  38    1.95   324.0    8.3      16.870
2013   12        4    10  47    1.95   323.9    8.3      16.871
2013   12        4    10  56    1.95   323.8    8.4      16.871
2013   12        4    11   5    1.95   323.7    8.4      16.872
2013   12        4    11  15    1.95   323.6    8.4      16.872
2013   12        4    11  24    1.96   323.5    8.4      16.872
2013   12        4    11  34    1.96   323.4    8.4      16.873
2013   12        4    11  43    1.96   323.3    8.4      16.873
2013   12        4    11  52    1.96   323.1    8.4      16.874
2013   12        4    12   2    1.96   323.0    8.4      16.875
2013   12        4    12  11    1.96   322.9    8.4      16.875
2013   12        4    12  20    1.96   322.8    8.5      16.876
2013   12        4    12  30    1.97   322.7    8.5      16.877
2013   12        4    12  39    1.97   322.6    8.5      16.877
2013   12        4    12  48    1.97   322.5    8.5      16.878
2013   12        4    12  58    1.97   322.4    8.5      16.879
2013   12        4    13   7    1.97   322.3    8.5      16.880
2013   12        4    13  16    1.97   322.1    8.5      16.881
2013   12        4    13  26    1.98   322.0    8.5      16.883
2013   12        4    13  35    1.98   321.9    8.5      16.884
2013   12        4    13  44    1.98   321.8    8.6      16.885
2013   12        4    13  53    1.98   321.7    8.6      16.887
2013   12        4    14   3    1.98   321.6    8.6      16.888
2013   12        4    14  12    1.98   321.5    8.6      16.890
2013   12        4    14  21    1.99   321.4    8.6      16.891
2013   12        4    14  31    1.99   321.3    8.6      16.893
2013   12        4    14  40    1.99   321.1    8.6      16.895
2013   12        4    14  49    1.99   321.0    8.6      16.897
2013   12        4    14  59    1.99   320.9    8.7      16.899
2013   12        4    15   8    1.99   320.8    8.7      16.902
2013   12        4    15  17    2.00   320.7    8.7      16.904
2013   12        4    15  26    2.00   320.6    8.7      16.907
2013   12        4    15  36    2.00   320.5    8.7      16.909
2013   12        4    15  45    2.00   320.4    8.7      16.912
2013   12        4    15  54    2.00   320.3    8.7      16.915
2013   12        4    16   4    2.01   320.2    8.7      16.918
2013   12        4    16  13    2.01   320.0    8.8      16.921
2013   12        4    16  22    2.01   319.9    8.8      16.925
2013   12        4    16  32    2.01   319.8    8.8      16.928
2013   12        4    16  41    2.02   319.7    8.8      16.932
2013   12        4    16  50    2.02   319.6    8.8      16.935
2013   12        4    16  59    2.02   319.5    8.8      16.939
2013   12        4    17   9    2.02   319.4    8.9      16.943
2013   12        4    17  18    2.02   319.3    8.9      16.948
2013   12        4    17  27    2.03   319.2    8.9      16.952
2013   12        4    17  37    2.03   319.1    8.9      16.956
2013   12        4    17  46    2.03   319.0    8.9      16.961
2013   12        4    17  55    2.03   318.8    8.9      16.966
2013   12        4    18   5    2.04   318.7    8.9      16.971
2013   12        4    18  14    2.04   318.6    9.0      16.976
2013   12        4    18  23    2.04   318.5    9.0      16.981
2013   12        4    18  33    2.04   318.4    9.0      16.987
2013   12        4    18  42    2.05   318.3    9.0      16.992
2013   12        4    18  51    2.05   318.2    9.0      16.998
2013   12        4    19   1    2.05   318.1    9.0      17.004
2013   12        4    19  10    2.05   318.0    9.1      17.009
2013   12        4    19  19    2.06   317.9    9.1      17.016
2013   12        4    19  29    2.06   317.8    9.1      17.022
2013   12        4    19  38    2.06   317.6    9.1      17.028
2013   12        4    19  47    2.06   317.5    9.1      17.035
2013   12        4    19  57    2.07   317.4    9.2      17.041
2013   12        4    20   6    2.07   317.3    9.2      17.048
2013   12        4    20  15    2.07   317.2    9.2      17.055
2013   12        4    20  25    2.08   317.1    9.2      17.062
2013   12        4    20  34    2.08   317.0    9.2      17.069
2013   12        4    20  43    2.08   316.9    9.2      17.077
2013   12        4    20  53    2.09   316.8    9.3      17.084
2013   12        4    21   2    2.09   316.7    9.3      17.092
2013   12        4    21  11    2.09   316.6    9.3      17.100
2013   12        4    21  21    2.10   316.5    9.3      17.108
2013   12        4    21  30    2.10   316.4    9.3      17.116
2013   12        4    21  39    2.10   316.2    9.4      17.124
2013   12        4    21  49    2.11   316.1    9.4      17.133
2013   12        4    21  58    2.11   316.0    9.4      17.141
2013   12        4    22   7    2.11   315.9    9.4      17.150
2013   12        4    22  16    2.12   315.8    9.4      17.159
2013   12        4    22  26    2.12   315.7    9.5      17.169
2013   12        4    22  35    2.12   315.6    9.5      17.178
2013   12        4    22  44    2.13   315.5    9.5      17.188
2013   12        4    22  54    2.13   315.4    9.5      17.197
2013   12        4    23   3    2.14   315.3    9.6      17.207
2013   12        4    23  12    2.14   315.2    9.6      17.218
2013   12        4    23  21    2.14   315.1    9.6      17.228
2013   12        4    23  31    2.15   315.0    9.6      17.239
2013   12        4    23  40    2.15   314.9    9.6      17.250
2013   12        4    23  49    2.16   314.8    9.7      17.262
2013   12        4    23  59    2.16   314.7    9.7      17.274
2013   12        5     0   8    2.16   314.6    9.7      17.286
2013   12        5     0  17    2.17   314.4    9.7      17.298
2013   12        5     0  27    2.17   314.3    9.8      17.311
2013   12        5     0  36    2.18   314.2    9.8      17.324
2013   12        5     0  45    2.18   314.1    9.8      17.338
2013   12        5     0  55    2.19   314.0    9.8      17.352
2013   12        5     1   4    2.19   313.9    9.9      17.367
2013   12        5     1  13    2.19   313.8    9.9      17.382
2013   12        5     1  22    2.20   313.7    9.9      17.398
2013   12        5     1  32    2.20   313.6   10.0      17.414
2013   12        5     1  41    2.21   313.5   10.0      17.431
2013   12        5     1  51    2.21   313.5   10.0      17.448
2013   12        5     2   0    2.22   313.4   10.0      17.466
2013   12        5     2   9    2.22   313.3   10.1      17.484
2013   12        5     2  19    2.23   313.2   10.1      17.504
2013   12        5     2  28    2.24   313.1   10.1      17.524
2013   12        5     2  37    2.24   313.0   10.2      17.544
2013   12        5     2  47    2.25   312.9   10.2      17.566
2013   12        5     2  56    2.25   312.8   10.2      17.588
2013   12        5     3   5    2.26   312.7   10.3      17.611
2013   12        5     3  15    2.26   312.6   10.3      17.635
2013   12        5     3  24    2.27   312.5   10.4      17.659
2013   12        5     3  33    2.28   312.5   10.4      17.685
2013   12        5     3  43    2.28   312.4   10.4      17.711
2013   12        5     3  52    2.29   312.3   10.5      17.738
2013   12        5     4   1    2.30   312.2   10.5      17.766
2013   12        5     4  10    2.30   312.1   10.6      17.795
2013   12        5     4  20    2.31   312.1   10.6      17.825
2013   12        5     4  29    2.32   312.0   10.7      17.856
2013   12        5     4  38    2.32   311.9   10.7      17.889
2013   12        5     4  48    2.33   311.9   10.7      17.922
2013   12        5     4  57    2.34   311.8   10.8      17.957
2013   12        5     5   6    2.35   311.8   10.8      17.994
2013   12        5     5  16    2.35   311.7   10.9      18.033
2013   12        5     5  25    2.36   311.7   10.9      18.074
2013   12        5     5  34    2.37   311.6   11.0      18.117
2013   12        5     5  43    2.38   311.6   11.0      18.161
2013   12        5     5  53    2.38   311.6   11.1      18.206
2013   12        5     6   2    2.39   311.5   11.1      18.253
2013   12        5     6  11    2.40   311.5   11.2      18.302
2013   12        5     6  21    2.40   311.5   11.2      18.351
2013   12        5     6  30    2.41   311.5   11.3      18.401
2013   12        5     6  39    2.42   311.5   11.3      18.452
2013   12        5     6  49    2.43   311.4   11.4      18.503
2013   12        5     6  58    2.43   311.4   11.4      18.554
2013   12        5     7   7    2.44   311.4   11.4      18.606
2013   12        5     7  16    2.45   311.4   11.5      18.656
2013   12        5     7  26    2.46   311.4   11.5      18.707
2013   12        5     7  35    2.46   311.4   11.6      18.757
2013   12        5     7  44    2.47   311.3   11.6      18.807
2013   12        5     7  54    2.48   311.3   11.7      18.856
2013   12        5     8   3    2.48   311.3   11.7      18.905
2013   12        5     8  12    2.49   311.3   11.7      18.953
2013   12        5     8  22    2.50   311.3   11.8      19.001
2013   12        5     8  31    2.51   311.3   11.8      19.048
2013   12        5     8  40    2.51   311.3   11.9      19.096
2013   12        5     8  50    2.52   311.3   11.9      19.143
2013   12        5     8  59    2.53   311.3   12.0      19.190
2013   12        5     9   8    2.54   311.2   12.0      19.236
2013   12        5     9  18    2.54   311.2   12.1      19.283
2013   12        5     9  27    2.55   311.2   12.1      19.329
2013   12        5     9  36    2.56   311.2   12.1      19.376
2013   12        5     9  46    2.57   311.2   12.2      19.423
2013   12        5     9  55    2.58   311.2   12.2      19.470
2013   12        5    10   4    2.58   311.2   12.3      19.516
2013   12        5    10  14    2.59   311.2   12.3      19.564
2013   12        5    10  23    2.60   311.2   12.4      19.612
2013   12        5    10  32    2.61   311.2   12.5      19.661
2013   12        5    10  42    2.62   311.2   12.5      19.710
2013   12        5    10  51    2.63   311.2   12.6      19.760
2013   12        5    11   0    2.64   311.2   12.6      19.811
2013   12        5    11  10    2.65   311.2   12.7      19.863
2013   12        5    11  19    2.66   311.2   12.7      19.917
2013   12        5    11  28    2.67   311.2   12.8      19.973
2013   12        5    11  38    2.68   311.3   12.9      20.032
2013   12        5    11  47    2.69   311.3   12.9      20.094
2013   12        5    11  56    2.70   311.4   13.0      20.160
2013   12        5    12   6    2.71   311.4   13.1      20.228
2013   12        5    12  15    2.72   311.5   13.1      20.299
2013   12        5    12  24    2.73   311.5   13.2      20.372
2013   12        5    12  33    2.74   311.6   13.3      20.447
2013   12        5    12  43    2.75   311.7   13.3      20.525
2013   12        5    12  52    2.76   311.8   13.4      20.604
2013   12        5    13   1    2.76   311.9   13.4      20.685
2013   12        5    13  11    2.77   312.0   13.5      20.767
2013   12        5    13  20    2.78   312.1   13.6      20.851
2013   12        5    13  29    2.79   312.2   13.6      20.934
2013   12        5    13  39    2.80   312.3   13.7      21.017
2013   12        5    13  48    2.81   312.4   13.7      21.099
2013   12        5    13  57    2.82   312.5   13.8      21.182
2013   12        5    14   6    2.83   312.6   13.8      21.264
2013   12        5    14  16    2.84   312.7   13.9      21.346
2013   12        5    14  25    2.85   312.8   13.9      21.426
2013   12        5    14  34    2.86   312.9   14.0      21.506
2013   12        5    14  44    2.86   313.0   14.0      21.585
2013   12        5    14  53    2.87   313.1   14.1      21.664
2013   12        5    15   2    2.88   313.2   14.1      21.741
2013   12        5    15  12    2.89   313.4   14.2      21.818
2013   12        5    15  21    2.90   313.5   14.2      21.894
2013   12        5    15  30    2.91   313.6   14.3      21.969
2013   12        5    15  40    2.91   313.7   14.3      22.043
2013   12        5    15  49    2.92   313.8   14.3      22.116
2013   12        5    15  58    2.93   314.0   14.4      22.188
2013   12        5    16   8    2.94   314.1   14.4      22.260
2013   12        5    16  17    2.95   314.2   14.5      22.330
2013   12        5    16  26    2.96   314.3   14.5      22.401
2013   12        5    16  36    2.96   314.4   14.5      22.469
2013   12        5    16  45    2.97   314.6   14.6      22.538
2013   12        5    16  54    2.98   314.7   14.6      22.605
2013   12        5    17   4    2.99   314.8   14.7      22.672
2013   12        5    17  13    3.00   314.9   14.7      22.737
2013   12        5    17  22    3.00   315.0   14.7      22.803
2013   12        5    17  32    3.01   315.2   14.8      22.867
2013   12        5    17  41    3.02   315.3   14.8      22.931
2013   12        5    17  50    3.03   315.4   14.8      22.994
2013   12        5    18   0    3.04   315.5   14.9      23.058
2013   12        5    18   9    3.04   315.6   14.9      23.120
2013   12        5    18  18    3.05   315.8   15.0      23.183
2013   12        5    18  28    3.06   315.9   15.0      23.245
2013   12        5    18  37    3.07   316.0   15.0      23.308
2013   12        5    18  46    3.08   316.1   15.1      23.372
2013   12        5    18  56    3.09   316.3   15.1      23.437
2013   12        5    19   5    3.09   316.4   15.2      23.505
2013   12        5    19  14    3.10   316.5   15.2      23.574
2013   12        5    19  23    3.11   316.7   15.2      23.645
2013   12        5    19  33    3.12   316.8   15.3      23.718
2013   12        5    19  42    3.13   317.0   15.3      23.791
2013   12        5    19  51    3.13   317.1   15.3      23.866
2013   12        5    20   1    3.14   317.3   15.4      23.941
2013   12        5    20  10    3.15   317.4   15.4      24.018
2013   12        5    20  19    3.16   317.6   15.5      24.094
2013   12        5    20  28    3.17   317.8   15.5      24.173
2013   12        5    20  38    3.17   317.9   15.5      24.250
2013   12        5    20  47    3.18   318.1   15.6      24.329
2013   12        5    20  56    3.19   318.3   15.6      24.406
2013   12        5    21   6    3.19   318.5   15.6      24.483
2013   12        5    21  15    3.20   318.6   15.7      24.559
2013   12        5    21  24    3.21   318.8   15.7      24.636
2013   12        5    21  34    3.22   319.0   15.7      24.712
2013   12        5    21  43    3.22   319.2   15.7      24.788
2013   12        5    21  52    3.23   319.3   15.8      24.863
2013   12        5    22   1    3.24   319.5   15.8      24.939
2013   12        5    22  11    3.24   319.7   15.8      25.014
2013   12        5    22  20    3.25   319.9   15.9      25.090
2013   12        5    22  29    3.26   320.1   15.9      25.166
2013   12        5    22  39    3.27   320.3   15.9      25.243
2013   12        5    22  48    3.27   320.5   16.0      25.321
2013   12        5    22  57    3.28   320.7   16.0      25.401
2013   12        5    23   7    3.29   320.9   16.0      25.483
2013   12        5    23  16    3.30   321.1   16.0      25.566
2013   12        5    23  25    3.30   321.3   16.1      25.650
2013   12        5    23  35    3.31   321.6   16.1      25.735
2013   12        5    23  44    3.32   321.8   16.1      25.820
2013   12        5    23  53    3.32   322.0   16.2      25.905
2013   12        6     0   3    3.33   322.3   16.2      25.990
