year    month   day   hour  minute  B_enl V_enl   n_enl       T_enl
[year] [month] [day] [hour][minute] [nT]  [km/s]  [cm-3]      [kK]
2012   10       18     0   7    1.99   353.1    7.9      19.525
2012   10       18     0  17    1.99   353.0    8.0      19.529
2012   10       18     0  26    1.99   352.9    8.0      19.532
2012   10       18     0  36    1.99   352.9    8.0      19.535
2012   10       18     0  46    1.99   352.8    8.0      19.538
2012   10       18     0  56    1.99   352.7    8.0      19.541
2012   10       18     1   6    1.99   352.7    8.0      19.544
2012   10       18     1  16    1.99   352.6    8.0      19.546
2012   10       18     1  26    1.99   352.5    8.0      19.548
2012   10       18     1  35    1.99   352.5    8.0      19.550
2012   10       18     1  45    1.99   352.4    8.0      19.552
2012   10       18     1  55    1.99   352.4    8.0      19.554
2012   10       18     2   5    2.00   352.3    8.0      19.555
2012   10       18     2  15    2.00   352.2    8.0      19.556
2012   10       18     2  25    2.00   352.2    8.0      19.557
2012   10       18     2  35    2.00   352.1    8.0      19.558
2012   10       18     2  44    2.00   352.1    8.0      19.559
2012   10       18     2  54    2.00   352.0    8.0      19.560
2012   10       18     3   4    2.00   351.9    8.0      19.561
2012   10       18     3  14    2.00   351.9    8.0      19.561
2012   10       18     3  24    2.00   351.8    8.0      19.562
2012   10       18     3  34    2.00   351.8    8.0      19.562
2012   10       18     3  43    2.00   351.7    8.0      19.563
2012   10       18     3  53    2.00   351.7    8.0      19.563
2012   10       18     4   3    2.00   351.6    8.1      19.563
2012   10       18     4  13    2.00   351.5    8.1      19.563
2012   10       18     4  23    2.00   351.5    8.1      19.564
2012   10       18     4  33    2.00   351.4    8.1      19.564
2012   10       18     4  43    2.00   351.4    8.1      19.564
2012   10       18     4  52    2.00   351.3    8.1      19.564
2012   10       18     5   2    2.01   351.3    8.1      19.564
2012   10       18     5  12    2.01   351.2    8.1      19.563
2012   10       18     5  22    2.01   351.2    8.1      19.563
2012   10       18     5  32    2.01   351.1    8.1      19.563
2012   10       18     5  42    2.01   351.1    8.1      19.562
2012   10       18     5  52    2.01   351.0    8.1      19.562
2012   10       18     6   1    2.01   351.0    8.1      19.561
2012   10       18     6  11    2.01   350.9    8.1      19.560
2012   10       18     6  21    2.01   350.8    8.1      19.559
2012   10       18     6  31    2.01   350.8    8.1      19.558
2012   10       18     6  41    2.01   350.7    8.1      19.556
2012   10       18     6  51    2.01   350.7    8.1      19.555
2012   10       18     7   1    2.01   350.6    8.1      19.553
2012   10       18     7  10    2.01   350.6    8.1      19.551
2012   10       18     7  20    2.01   350.5    8.1      19.549
2012   10       18     7  30    2.01   350.5    8.1      19.547
2012   10       18     7  40    2.01   350.4    8.1      19.545
2012   10       18     7  50    2.01   350.4    8.1      19.542
2012   10       18     8   0    2.01   350.3    8.1      19.540
2012   10       18     8  10    2.01   350.2    8.1      19.537
2012   10       18     8  19    2.01   350.2    8.1      19.534
2012   10       18     8  29    2.01   350.1    8.1      19.531
2012   10       18     8  39    2.01   350.1    8.1      19.528
2012   10       18     8  49    2.01   350.0    8.1      19.524
2012   10       18     8  59    2.01   350.0    8.1      19.521
2012   10       18     9   9    2.01   349.9    8.1      19.517
2012   10       18     9  19    2.01   349.9    8.1      19.513
2012   10       18     9  28    2.01   349.8    8.1      19.510
2012   10       18     9  38    2.01   349.7    8.1      19.506
2012   10       18     9  48    2.01   349.7    8.1      19.502
2012   10       18     9  58    2.01   349.6    8.1      19.497
2012   10       18    10   8    2.01   349.6    8.1      19.493
2012   10       18    10  18    2.01   349.5    8.1      19.489
2012   10       18    10  28    2.01   349.5    8.1      19.485
2012   10       18    10  37    2.01   349.4    8.1      19.481
2012   10       18    10  47    2.01   349.4    8.1      19.476
2012   10       18    10  57    2.01   349.3    8.1      19.472
2012   10       18    11   7    2.01   349.3    8.1      19.468
2012   10       18    11  17    2.01   349.2    8.1      19.463
2012   10       18    11  27    2.01   349.2    8.1      19.459
2012   10       18    11  36    2.01   349.1    8.1      19.454
2012   10       18    11  46    2.01   349.1    8.1      19.450
2012   10       18    11  56    2.01   349.0    8.1      19.445
2012   10       18    12   6    2.01   349.0    8.1      19.441
2012   10       18    12  16    2.00   348.9    8.1      19.436
2012   10       18    12  26    2.00   348.8    8.1      19.432
2012   10       18    12  36    2.00   348.8    8.1      19.427
2012   10       18    12  45    2.00   348.7    8.1      19.423
2012   10       18    12  55    2.00   348.7    8.1      19.418
2012   10       18    13   5    2.00   348.6    8.1      19.413
2012   10       18    13  15    2.00   348.6    8.2      19.408
2012   10       18    13  25    2.00   348.5    8.2      19.402
2012   10       18    13  35    2.00   348.5    8.2      19.397
2012   10       18    13  45    2.00   348.4    8.2      19.392
2012   10       18    13  54    2.00   348.4    8.2      19.386
2012   10       18    14   4    2.00   348.3    8.2      19.380
2012   10       18    14  14    2.00   348.3    8.2      19.374
2012   10       18    14  24    2.00   348.2    8.2      19.368
2012   10       18    14  34    2.00   348.2    8.2      19.361
2012   10       18    14  44    2.00   348.1    8.2      19.355
2012   10       18    14  54    2.00   348.1    8.2      19.348
2012   10       18    15   3    2.00   348.0    8.2      19.341
2012   10       18    15  13    2.00   347.9    8.1      19.334
2012   10       18    15  23    2.00   347.9    8.1      19.326
2012   10       18    15  33    1.99   347.8    8.1      19.319
2012   10       18    15  43    1.99   347.8    8.1      19.311
2012   10       18    15  53    1.99   347.7    8.1      19.303
2012   10       18    16   3    1.99   347.7    8.1      19.295
2012   10       18    16  12    1.99   347.6    8.1      19.286
2012   10       18    16  22    1.99   347.5    8.1      19.278
2012   10       18    16  32    1.99   347.5    8.1      19.269
2012   10       18    16  42    1.99   347.4    8.1      19.260
2012   10       18    16  52    1.99   347.3    8.1      19.251
2012   10       18    17   2    1.99   347.3    8.1      19.242
2012   10       18    17  12    1.99   347.2    8.1      19.233
2012   10       18    17  21    1.99   347.2    8.1      19.223
2012   10       18    17  31    1.99   347.1    8.1      19.213
2012   10       18    17  41    1.99   347.0    8.1      19.203
2012   10       18    17  51    1.98   347.0    8.1      19.193
2012   10       18    18   1    1.98   346.9    8.1      19.183
2012   10       18    18  11    1.98   346.8    8.1      19.172
2012   10       18    18  21    1.98   346.8    8.1      19.162
2012   10       18    18  30    1.98   346.7    8.1      19.151
2012   10       18    18  40    1.98   346.6    8.1      19.141
2012   10       18    18  50    1.98   346.6    8.1      19.130
2012   10       18    19   0    1.98   346.5    8.1      19.119
2012   10       18    19  10    1.98   346.4    8.1      19.108
2012   10       18    19  20    1.98   346.4    8.1      19.097
2012   10       18    19  29    1.98   346.3    8.1      19.085
2012   10       18    19  39    1.97   346.2    8.1      19.074
2012   10       18    19  49    1.97   346.2    8.1      19.063
2012   10       18    19  59    1.97   346.1    8.1      19.051
2012   10       18    20   9    1.97   346.0    8.1      19.040
2012   10       18    20  19    1.97   346.0    8.1      19.028
2012   10       18    20  29    1.97   345.9    8.1      19.016
2012   10       18    20  38    1.97   345.8    8.1      19.005
2012   10       18    20  48    1.97   345.8    8.1      18.993
2012   10       18    20  58    1.97   345.7    8.1      18.981
2012   10       18    21   8    1.97   345.6    8.1      18.969
2012   10       18    21  18    1.96   345.6    8.1      18.957
2012   10       18    21  28    1.96   345.5    8.1      18.945
2012   10       18    21  38    1.96   345.4    8.1      18.933
2012   10       18    21  48    1.96   345.3    8.1      18.921
2012   10       18    21  57    1.96   345.3    8.1      18.909
2012   10       18    22   7    1.96   345.2    8.1      18.896
2012   10       18    22  17    1.96   345.1    8.1      18.884
2012   10       18    22  27    1.96   345.0    8.1      18.871
2012   10       18    22  37    1.96   345.0    8.1      18.859
2012   10       18    22  47    1.96   344.9    8.1      18.846
2012   10       18    22  56    1.95   344.8    8.1      18.833
2012   10       18    23   6    1.95   344.7    8.1      18.820
2012   10       18    23  16    1.95   344.7    8.1      18.808
2012   10       18    23  26    1.95   344.6    8.1      18.795
2012   10       18    23  36    1.95   344.5    8.1      18.782
2012   10       18    23  46    1.95   344.4    8.1      18.769
2012   10       18    23  56    1.95   344.3    8.1      18.756
2012   10       19     0   6    1.95   344.3    8.1      18.743
2012   10       19     0  15    1.95   344.2    8.1      18.730
2012   10       19     0  25    1.95   344.1    8.1      18.716
2012   10       19     0  35    1.94   344.0    8.0      18.703
2012   10       19     0  45    1.94   343.9    8.0      18.689
2012   10       19     0  55    1.94   343.8    8.0      18.676
2012   10       19     1   5    1.94   343.8    8.0      18.662
2012   10       19     1  14    1.94   343.7    8.0      18.648
2012   10       19     1  24    1.94   343.6    8.0      18.633
2012   10       19     1  34    1.94   343.5    8.0      18.619
2012   10       19     1  44    1.94   343.4    8.0      18.604
2012   10       19     1  54    1.94   343.3    8.0      18.590
2012   10       19     2   4    1.93   343.2    8.0      18.575
2012   10       19     2  14    1.93   343.1    8.0      18.560
2012   10       19     2  23    1.93   343.1    8.0      18.544
2012   10       19     2  33    1.93   343.0    8.0      18.529
2012   10       19     2  43    1.93   342.9    8.0      18.513
2012   10       19     2  53    1.93   342.8    8.0      18.497
2012   10       19     3   3    1.93   342.7    8.0      18.481
2012   10       19     3  13    1.93   342.6    8.0      18.464
2012   10       19     3  23    1.93   342.5    8.0      18.448
2012   10       19     3  32    1.92   342.4    8.0      18.431
2012   10       19     3  42    1.92   342.3    8.0      18.414
2012   10       19     3  52    1.92   342.2    8.0      18.398
2012   10       19     4   2    1.92   342.1    8.0      18.381
2012   10       19     4  12    1.92   342.0    8.0      18.364
2012   10       19     4  22    1.92   341.9    8.0      18.346
2012   10       19     4  31    1.92   341.8    8.0      18.329
2012   10       19     4  41    1.92   341.7    8.0      18.312
2012   10       19     4  51    1.92   341.6    8.0      18.294
2012   10       19     5   1    1.91   341.5    8.0      18.277
2012   10       19     5  11    1.91   341.4    8.0      18.259
2012   10       19     5  21    1.91   341.3    8.0      18.242
2012   10       19     5  31    1.91   341.2    8.0      18.224
2012   10       19     5  41    1.91   341.1    8.0      18.207
2012   10       19     5  50    1.91   341.0    8.0      18.190
2012   10       19     6   0    1.91   340.9    8.0      18.172
2012   10       19     6  10    1.91   340.8    8.0      18.155
2012   10       19     6  20    1.91   340.7    8.0      18.138
2012   10       19     6  30    1.91   340.6    7.9      18.121
2012   10       19     6  40    1.90   340.4    7.9      18.104
2012   10       19     6  49    1.90   340.3    7.9      18.087
2012   10       19     6  59    1.90   340.2    7.9      18.070
2012   10       19     7   9    1.90   340.1    7.9      18.054
2012   10       19     7  19    1.90   340.0    7.9      18.037
2012   10       19     7  29    1.90   339.9    7.9      18.021
2012   10       19     7  39    1.90   339.8    7.9      18.005
2012   10       19     7  49    1.90   339.7    7.9      17.989
2012   10       19     7  59    1.90   339.6    7.9      17.973
2012   10       19     8   8    1.90   339.5    7.9      17.957
2012   10       19     8  18    1.90   339.3    7.9      17.942
2012   10       19     8  28    1.90   339.2    7.9      17.926
2012   10       19     8  38    1.89   339.1    7.9      17.910
2012   10       19     8  48    1.89   339.0    7.9      17.895
2012   10       19     8  58    1.89   338.9    7.9      17.880
2012   10       19     9   7    1.89   338.8    7.9      17.864
2012   10       19     9  17    1.89   338.7    7.9      17.849
2012   10       19     9  27    1.89   338.5    7.9      17.833
2012   10       19     9  37    1.89   338.4    7.9      17.818
2012   10       19     9  47    1.89   338.3    7.9      17.802
2012   10       19     9  57    1.89   338.2    7.9      17.787
2012   10       19    10   7    1.89   338.1    7.9      17.771
2012   10       19    10  16    1.89   337.9    7.9      17.756
2012   10       19    10  26    1.89   337.8    7.9      17.740
2012   10       19    10  36    1.89   337.7    7.9      17.724
2012   10       19    10  46    1.89   337.6    7.9      17.709
2012   10       19    10  56    1.89   337.5    7.9      17.693
2012   10       19    11   6    1.88   337.3    7.9      17.677
2012   10       19    11  16    1.88   337.2    7.9      17.661
2012   10       19    11  25    1.88   337.1    7.9      17.645
2012   10       19    11  35    1.88   337.0    7.9      17.628
2012   10       19    11  45    1.88   336.9    7.9      17.612
2012   10       19    11  55    1.88   336.7    7.9      17.595
2012   10       19    12   5    1.88   336.6    7.9      17.579
2012   10       19    12  15    1.88   336.5    7.9      17.562
2012   10       19    12  24    1.88   336.4    7.9      17.545
2012   10       19    12  34    1.88   336.2    7.9      17.528
2012   10       19    12  44    1.88   336.1    7.9      17.511
2012   10       19    12  54    1.88   336.0    7.9      17.494
2012   10       19    13   4    1.88   335.9    7.9      17.477
2012   10       19    13  14    1.88   335.7    7.9      17.460
2012   10       19    13  24    1.88   335.6    7.9      17.443
2012   10       19    13  34    1.87   335.5    7.9      17.425
2012   10       19    13  43    1.87   335.4    7.9      17.408
2012   10       19    13  53    1.87   335.2    7.9      17.391
2012   10       19    14   3    1.87   335.1    7.9      17.374
2012   10       19    14  13    1.87   335.0    7.9      17.357
2012   10       19    14  23    1.87   334.9    7.9      17.341
2012   10       19    14  33    1.87   334.7    7.9      17.324
2012   10       19    14  42    1.87   334.6    7.9      17.307
2012   10       19    14  52    1.87   334.5    7.9      17.290
2012   10       19    15   2    1.87   334.3    7.9      17.274
2012   10       19    15  12    1.87   334.2    7.9      17.258
2012   10       19    15  22    1.87   334.1    7.9      17.241
2012   10       19    15  32    1.87   334.0    7.9      17.225
2012   10       19    15  41    1.87   333.8    7.9      17.209
2012   10       19    15  51    1.87   333.7    7.9      17.193
2012   10       19    16   1    1.87   333.6    7.9      17.177
2012   10       19    16  11    1.87   333.4    7.9      17.161
2012   10       19    16  21    1.87   333.3    7.9      17.145
2012   10       19    16  31    1.86   333.2    7.9      17.129
2012   10       19    16  41    1.86   333.1    7.9      17.114
2012   10       19    16  50    1.86   332.9    7.9      17.098
2012   10       19    17   0    1.86   332.8    7.9      17.082
2012   10       19    17  10    1.86   332.7    7.9      17.067
2012   10       19    17  20    1.86   332.5    7.9      17.051
2012   10       19    17  30    1.86   332.4    7.9      17.035
2012   10       19    17  40    1.86   332.3    7.9      17.020
2012   10       19    17  50    1.86   332.1    7.9      17.005
2012   10       19    17  59    1.86   332.0    7.9      16.989
2012   10       19    18   9    1.86   331.9    7.9      16.974
2012   10       19    18  19    1.86   331.7    7.9      16.959
2012   10       19    18  29    1.86   331.6    7.9      16.944
2012   10       19    18  39    1.86   331.5    7.9      16.929
2012   10       19    18  49    1.86   331.3    7.9      16.914
2012   10       19    18  59    1.86   331.2    7.9      16.900
2012   10       19    19   8    1.86   331.1    7.9      16.885
2012   10       19    19  18    1.86   330.9    7.9      16.870
2012   10       19    19  28    1.86   330.8    7.9      16.856
2012   10       19    19  38    1.86   330.6    7.9      16.842
2012   10       19    19  48    1.86   330.5    7.9      16.828
2012   10       19    19  58    1.86   330.4    7.9      16.814
2012   10       19    20   8    1.86   330.2    7.9      16.800
2012   10       19    20  17    1.86   330.1    7.9      16.787
2012   10       19    20  27    1.86   330.0    8.0      16.773
2012   10       19    20  37    1.86   329.8    8.0      16.760
2012   10       19    20  47    1.85   329.7    8.0      16.747
2012   10       19    20  57    1.85   329.6    8.0      16.734
2012   10       19    21   7    1.85   329.4    8.0      16.721
2012   10       19    21  16    1.85   329.3    8.0      16.708
2012   10       19    21  26    1.85   329.1    8.0      16.695
2012   10       19    21  36    1.85   329.0    8.0      16.682
2012   10       19    21  46    1.85   328.9    8.0      16.669
2012   10       19    21  56    1.85   328.7    8.0      16.656
2012   10       19    22   6    1.85   328.6    8.0      16.643
2012   10       19    22  16    1.85   328.5    8.0      16.631
2012   10       19    22  25    1.85   328.3    8.0      16.618
2012   10       19    22  35    1.85   328.2    8.0      16.605
2012   10       19    22  45    1.85   328.1    8.0      16.591
2012   10       19    22  55    1.85   327.9    8.0      16.578
2012   10       19    23   5    1.85   327.8    8.0      16.565
2012   10       19    23  15    1.85   327.6    8.0      16.552
2012   10       19    23  25    1.85   327.5    8.0      16.538
2012   10       19    23  34    1.85   327.4    8.0      16.525
2012   10       19    23  44    1.85   327.2    8.0      16.511
2012   10       19    23  54    1.85   327.1    8.0      16.497
2012   10       20     0   4    1.85   326.9    8.0      16.483
2012   10       20     0  14    1.85   326.8    8.0      16.470
2012   10       20     0  24    1.85   326.7    8.0      16.456
2012   10       20     0  34    1.85   326.5    8.0      16.442
2012   10       20     0  44    1.85   326.4    8.0      16.428
2012   10       20     0  53    1.85   326.2    8.0      16.414
2012   10       20     1   3    1.85   326.1    8.0      16.400
2012   10       20     1  13    1.85   326.0    8.0      16.386
2012   10       20     1  23    1.85   325.8    8.0      16.372
2012   10       20     1  33    1.85   325.7    8.0      16.358
2012   10       20     1  43    1.85   325.5    8.0      16.345
2012   10       20     1  53    1.85   325.4    8.0      16.331
2012   10       20     2   3    1.85   325.2    8.0      16.318
2012   10       20     2  12    1.85   325.1    8.0      16.305
2012   10       20     2  22    1.85   324.9    8.1      16.292
2012   10       20     2  32    1.85   324.8    8.1      16.279
2012   10       20     2  42    1.85   324.7    8.1      16.267
2012   10       20     2  52    1.85   324.5    8.1      16.255
2012   10       20     3   2    1.85   324.4    8.1      16.244
2012   10       20     3  12    1.85   324.2    8.1      16.233
2012   10       20     3  21    1.85   324.1    8.1      16.222
2012   10       20     3  31    1.85   323.9    8.1      16.211
2012   10       20     3  41    1.86   323.8    8.1      16.201
2012   10       20     3  51    1.86   323.6    8.1      16.192
2012   10       20     4   1    1.86   323.5    8.1      16.183
2012   10       20     4  11    1.86   323.4    8.1      16.174
2012   10       20     4  21    1.86   323.2    8.1      16.166
2012   10       20     4  30    1.86   323.1    8.1      16.158
2012   10       20     4  40    1.86   322.9    8.1      16.150
2012   10       20     4  50    1.86   322.8    8.2      16.143
2012   10       20     5   0    1.86   322.6    8.2      16.136
2012   10       20     5  10    1.86   322.5    8.2      16.129
2012   10       20     5  20    1.86   322.4    8.2      16.123
2012   10       20     5  29    1.86   322.2    8.2      16.117
2012   10       20     5  39    1.86   322.1    8.2      16.111
2012   10       20     5  49    1.86   321.9    8.2      16.106
2012   10       20     5  59    1.87   321.8    8.2      16.101
2012   10       20     6   9    1.87   321.7    8.2      16.096
2012   10       20     6  19    1.87   321.5    8.2      16.091
2012   10       20     6  29    1.87   321.4    8.3      16.086
2012   10       20     6  38    1.87   321.2    8.3      16.082
2012   10       20     6  48    1.87   321.1    8.3      16.078
2012   10       20     6  58    1.87   321.0    8.3      16.073
2012   10       20     7   8    1.87   320.8    8.3      16.069
2012   10       20     7  18    1.87   320.7    8.3      16.065
2012   10       20     7  28    1.87   320.5    8.3      16.062
2012   10       20     7  38    1.88   320.4    8.3      16.058
2012   10       20     7  48    1.88   320.3    8.3      16.054
2012   10       20     7  57    1.88   320.1    8.3      16.051
2012   10       20     8   7    1.88   320.0    8.4      16.047
2012   10       20     8  17    1.88   319.9    8.4      16.044
2012   10       20     8  27    1.88   319.7    8.4      16.041
2012   10       20     8  37    1.88   319.6    8.4      16.037
2012   10       20     8  47    1.88   319.5    8.4      16.034
2012   10       20     8  57    1.88   319.3    8.4      16.030
2012   10       20     9   6    1.89   319.2    8.4      16.026
2012   10       20     9  16    1.89   319.0    8.4      16.022
2012   10       20     9  26    1.89   318.9    8.4      16.018
2012   10       20     9  36    1.89   318.8    8.4      16.013
2012   10       20     9  46    1.89   318.6    8.5      16.009
2012   10       20     9  56    1.89   318.5    8.5      16.005
2012   10       20    10   6    1.89   318.4    8.5      16.000
2012   10       20    10  16    1.89   318.2    8.5      15.996
2012   10       20    10  25    1.90   318.1    8.5      15.992
2012   10       20    10  35    1.90   318.0    8.5      15.988
2012   10       20    10  45    1.90   317.9    8.5      15.983
2012   10       20    10  55    1.90   317.7    8.5      15.979
2012   10       20    11   5    1.90   317.6    8.5      15.976
2012   10       20    11  15    1.90   317.5    8.5      15.972
2012   10       20    11  24    1.90   317.3    8.6      15.968
2012   10       20    11  34    1.90   317.2    8.6      15.965
2012   10       20    11  44    1.91   317.1    8.6      15.962
2012   10       20    11  54    1.91   317.0    8.6      15.959
2012   10       20    12   4    1.91   316.8    8.6      15.956
2012   10       20    12  14    1.91   316.7    8.6      15.954
2012   10       20    12  24    1.91   316.6    8.6      15.952
2012   10       20    12  33    1.91   316.5    8.6      15.950
2012   10       20    12  43    1.92   316.3    8.7      15.948
2012   10       20    12  53    1.92   316.2    8.7      15.947
2012   10       20    13   3    1.92   316.1    8.7      15.946
2012   10       20    13  13    1.92   316.0    8.7      15.945
2012   10       20    13  23    1.92   315.9    8.7      15.944
2012   10       20    13  33    1.92   315.7    8.7      15.944
2012   10       20    13  42    1.93   315.6    8.7      15.944
2012   10       20    13  52    1.93   315.5    8.7      15.944
2012   10       20    14   2    1.93   315.4    8.8      15.944
2012   10       20    14  12    1.93   315.3    8.8      15.945
2012   10       20    14  22    1.93   315.2    8.8      15.945
2012   10       20    14  32    1.93   315.0    8.8      15.946
2012   10       20    14  42    1.94   314.9    8.8      15.947
2012   10       20    14  51    1.94   314.8    8.8      15.948
2012   10       20    15   1    1.94   314.7    8.8      15.949
2012   10       20    15  11    1.94   314.6    8.8      15.951
2012   10       20    15  21    1.94   314.5    8.9      15.952
2012   10       20    15  31    1.95   314.4    8.9      15.954
2012   10       20    15  41    1.95   314.2    8.9      15.956
2012   10       20    15  51    1.95   314.1    8.9      15.957
2012   10       20    16   1    1.95   314.0    8.9      15.959
2012   10       20    16  10    1.95   313.9    8.9      15.960
2012   10       20    16  20    1.95   313.8    8.9      15.962
2012   10       20    16  30    1.96   313.7    8.9      15.963
2012   10       20    16  40    1.96   313.6    9.0      15.964
2012   10       20    16  50    1.96   313.5    9.0      15.965
2012   10       20    17   0    1.96   313.4    9.0      15.966
2012   10       20    17  10    1.96   313.3    9.0      15.967
2012   10       20    17  19    1.96   313.1    9.0      15.968
2012   10       20    17  29    1.97   313.0    9.0      15.968
2012   10       20    17  39    1.97   312.9    9.0      15.969
2012   10       20    17  49    1.97   312.8    9.0      15.969
2012   10       20    17  59    1.97   312.7    9.1      15.969
2012   10       20    18   9    1.97   312.6    9.1      15.970
2012   10       20    18  19    1.97   312.5    9.1      15.970
2012   10       20    18  28    1.98   312.4    9.1      15.970
2012   10       20    18  38    1.98   312.3    9.1      15.970
2012   10       20    18  48    1.98   312.2    9.1      15.970
2012   10       20    18  58    1.98   312.1    9.1      15.970
2012   10       20    19   8    1.98   312.0    9.1      15.970
2012   10       20    19  18    1.99   311.9    9.1      15.970
2012   10       20    19  28    1.99   311.8    9.2      15.970
2012   10       20    19  37    1.99   311.7    9.2      15.970
2012   10       20    19  47    1.99   311.6    9.2      15.970
2012   10       20    19  57    1.99   311.5    9.2      15.969
2012   10       20    20   7    1.99   311.4    9.2      15.969
2012   10       20    20  17    2.00   311.3    9.2      15.969
2012   10       20    20  27    2.00   311.2    9.2      15.969
2012   10       20    20  36    2.00   311.1    9.2      15.969
2012   10       20    20  46    2.00   311.0    9.2      15.969
2012   10       20    20  56    2.00   310.9    9.2      15.969
2012   10       20    21   6    2.01   310.8    9.3      15.968
2012   10       20    21  16    2.01   310.7    9.3      15.968
2012   10       20    21  26    2.01   310.6    9.3      15.968
2012   10       20    21  36    2.01   310.5    9.3      15.968
2012   10       20    21  46    2.01   310.4    9.3      15.968
2012   10       20    21  55    2.01   310.3    9.3      15.968
2012   10       20    22   5    2.02   310.2    9.3      15.968
2012   10       20    22  15    2.02   310.1    9.3      15.968
2012   10       20    22  25    2.02   310.0    9.3      15.968
2012   10       20    22  35    2.02   309.9    9.4      15.968
2012   10       20    22  45    2.02   309.8    9.4      15.968
2012   10       20    22  55    2.02   309.7    9.4      15.968
2012   10       20    23   4    2.03   309.6    9.4      15.968
2012   10       20    23  14    2.03   309.5    9.4      15.968
2012   10       20    23  24    2.03   309.4    9.4      15.968
2012   10       20    23  34    2.03   309.3    9.4      15.969
2012   10       20    23  44    2.03   309.2    9.4      15.969
2012   10       20    23  54    2.04   309.1    9.4      15.969
2012   10       21     0   4    2.04   309.0    9.4      15.969
2012   10       21     0  13    2.04   308.9    9.5      15.969
2012   10       21     0  23    2.04   308.8    9.5      15.969
2012   10       21     0  33    2.04   308.7    9.5      15.970
2012   10       21     0  43    2.05   308.6    9.5      15.970
2012   10       21     0  53    2.05   308.5    9.5      15.970
2012   10       21     1   3    2.05   308.4    9.5      15.971
2012   10       21     1  13    2.05   308.3    9.5      15.971
2012   10       21     1  22    2.05   308.2    9.5      15.972
2012   10       21     1  32    2.05   308.1    9.5      15.972
2012   10       21     1  42    2.06   308.0    9.6      15.973
2012   10       21     1  52    2.06   307.9    9.6      15.974
2012   10       21     2   2    2.06   307.8    9.6      15.974
2012   10       21     2  12    2.06   307.7    9.6      15.975
2012   10       21     2  22    2.06   307.7    9.6      15.976
2012   10       21     2  31    2.07   307.6    9.6      15.977
2012   10       21     2  41    2.07   307.5    9.6      15.979
2012   10       21     2  51    2.07   307.4    9.6      15.980
2012   10       21     3   1    2.07   307.3    9.6      15.982
2012   10       21     3  11    2.07   307.2    9.7      15.983
2012   10       21     3  21    2.08   307.1    9.7      15.985
2012   10       21     3  30    2.08   307.0    9.7      15.987
2012   10       21     3  40    2.08   306.9    9.7      15.989
2012   10       21     3  50    2.08   306.8    9.7      15.991
2012   10       21     4   0    2.09   306.7    9.7      15.993
2012   10       21     4  10    2.09   306.6    9.7      15.995
2012   10       21     4  20    2.09   306.5    9.7      15.998
2012   10       21     4  30    2.09   306.4    9.8      16.000
2012   10       21     4  39    2.10   306.3    9.8      16.003
2012   10       21     4  49    2.10   306.2    9.8      16.006
2012   10       21     4  59    2.10   306.2    9.8      16.009
2012   10       21     5   9    2.10   306.1    9.8      16.012
2012   10       21     5  19    2.10   306.0    9.8      16.015
2012   10       21     5  29    2.11   305.9    9.8      16.018
2012   10       21     5  39    2.11   305.8    9.9      16.021
2012   10       21     5  48    2.11   305.7    9.9      16.024
2012   10       21     5  58    2.11   305.6    9.9      16.028
2012   10       21     6   8    2.12   305.5    9.9      16.031
2012   10       21     6  18    2.12   305.4    9.9      16.035
2012   10       21     6  28    2.12   305.3    9.9      16.038
2012   10       21     6  38    2.13   305.3    9.9      16.042
2012   10       21     6  48    2.13   305.2   10.0      16.046
2012   10       21     6  58    2.13   305.1   10.0      16.050
2012   10       21     7   7    2.13   305.0   10.0      16.054
2012   10       21     7  17    2.14   304.9   10.0      16.058
2012   10       21     7  27    2.14   304.8   10.0      16.062
2012   10       21     7  37    2.14   304.7   10.0      16.067
2012   10       21     7  47    2.14   304.6   10.0      16.071
2012   10       21     7  57    2.15   304.5   10.1      16.076
2012   10       21     8   7    2.15   304.5   10.1      16.080
2012   10       21     8  16    2.15   304.4   10.1      16.085
2012   10       21     8  26    2.16   304.3   10.1      16.090
2012   10       21     8  36    2.16   304.2   10.1      16.096
2012   10       21     8  46    2.16   304.1   10.1      16.101
2012   10       21     8  56    2.17   304.0   10.2      16.107
2012   10       21     9   6    2.17   303.9   10.2      16.113
2012   10       21     9  16    2.17   303.8   10.2      16.119
2012   10       21     9  25    2.18   303.8   10.2      16.125
2012   10       21     9  35    2.18   303.7   10.2      16.132
2012   10       21     9  45    2.18   303.6   10.2      16.139
2012   10       21     9  55    2.19   303.5   10.3      16.147
2012   10       21    10   5    2.19   303.4   10.3      16.154
2012   10       21    10  15    2.19   303.3   10.3      16.162
2012   10       21    10  24    2.20   303.3   10.3      16.171
2012   10       21    10  34    2.20   303.2   10.3      16.179
2012   10       21    10  44    2.21   303.1   10.4      16.188
2012   10       21    10  54    2.21   303.0   10.4      16.198
2012   10       21    11   4    2.21   302.9   10.4      16.207
2012   10       21    11  14    2.22   302.8   10.4      16.218
2012   10       21    11  24    2.22   302.8   10.5      16.228
2012   10       21    11  33    2.23   302.7   10.5      16.239
2012   10       21    11  43    2.23   302.6   10.5      16.251
2012   10       21    11  53    2.24   302.5   10.5      16.262
2012   10       21    12   3    2.24   302.5   10.5      16.274
2012   10       21    12  13    2.25   302.4   10.6      16.287
2012   10       21    12  23    2.25   302.3   10.6      16.300
2012   10       21    12  33    2.26   302.2   10.6      16.313
2012   10       21    12  42    2.26   302.1   10.6      16.327
2012   10       21    12  52    2.27   302.1   10.7      16.341
2012   10       21    13   2    2.27   302.0   10.7      16.355
2012   10       21    13  12    2.28   301.9   10.7      16.370
2012   10       21    13  22    2.28   301.9   10.8      16.385
2012   10       21    13  32    2.29   301.8   10.8      16.400
2012   10       21    13  42    2.30   301.7   10.8      16.416
2012   10       21    13  51    2.30   301.6   10.8      16.431
2012   10       21    14   1    2.31   301.6   10.9      16.448
2012   10       21    14  11    2.31   301.5   10.9      16.464
2012   10       21    14  21    2.32   301.4   10.9      16.481
2012   10       21    14  31    2.33   301.4   11.0      16.498
2012   10       21    14  41    2.33   301.3   11.0      16.515
2012   10       21    14  51    2.34   301.2   11.0      16.532
2012   10       21    15   0    2.35   301.1   11.0      16.549
2012   10       21    15  10    2.35   301.1   11.1      16.567
2012   10       21    15  20    2.36   301.0   11.1      16.585
2012   10       21    15  30    2.37   300.9   11.1      16.603
2012   10       21    15  40    2.37   300.9   11.2      16.621
2012   10       21    15  50    2.38   300.8   11.2      16.640
2012   10       21    16   0    2.39   300.7   11.2      16.658
2012   10       21    16   9    2.40   300.7   11.3      16.677
2012   10       21    16  19    2.40   300.6   11.3      16.696
2012   10       21    16  29    2.41   300.5   11.3      16.715
2012   10       21    16  39    2.42   300.4   11.4      16.734
2012   10       21    16  49    2.43   300.4   11.4      16.753
2012   10       21    16  59    2.44   300.3   11.4      16.773
2012   10       21    17   9    2.44   300.2   11.5      16.793
2012   10       21    17  18    2.45   300.1   11.5      16.813
2012   10       21    17  28    2.46   300.1   11.5      16.834
2012   10       21    17  38    2.47   300.0   11.6      16.856
2012   10       21    17  48    2.48   299.9   11.6      16.878
2012   10       21    17  58    2.49   299.8   11.7      16.900
2012   10       21    18   8    2.50   299.8   11.7      16.924
2012   10       21    18  17    2.51   299.7   11.7      16.948
2012   10       21    18  27    2.52   299.6   11.8      16.974
2012   10       21    18  37    2.53   299.6   11.8      17.000
2012   10       21    18  47    2.54   299.5   11.9      17.028
2012   10       21    18  57    2.55   299.5   11.9      17.057
2012   10       21    19   7    2.56   299.4   12.0      17.088
2012   10       21    19  17    2.57   299.4   12.0      17.120
2012   10       21    19  26    2.58   299.3   12.1      17.153
2012   10       21    19  36    2.59   299.3   12.1      17.188
2012   10       21    19  46    2.61   299.2   12.2      17.225
2012   10       21    19  56    2.62   299.2   12.3      17.263
2012   10       21    20   6    2.63   299.2   12.3      17.304
2012   10       21    20  16    2.64   299.2   12.4      17.346
2012   10       21    20  26    2.66   299.1   12.5      17.389
2012   10       21    20  35    2.67   299.1   12.5      17.435
2012   10       21    20  45    2.69   299.1   12.6      17.484
2012   10       21    20  55    2.70   299.1   12.7      17.534
2012   10       21    21   5    2.72   299.1   12.7      17.587
2012   10       21    21  15    2.73   299.1   12.8      17.642
2012   10       21    21  25    2.74   299.1   12.9      17.701
2012   10       21    21  35    2.76   299.1   13.0      17.761
2012   10       21    21  45    2.77   299.1   13.0      17.825
2012   10       21    21  54    2.79   299.2   13.1      17.892
2012   10       21    22   4    2.80   299.2   13.2      17.962
2012   10       21    22  14    2.82   299.3   13.3      18.036
2012   10       21    22  24    2.83   299.3   13.4      18.113
2012   10       21    22  34    2.85   299.4   13.4      18.192
2012   10       21    22  44    2.86   299.4   13.5      18.273
2012   10       21    22  54    2.88   299.5   13.6      18.354
2012   10       21    23   3    2.89   299.6   13.6      18.436
2012   10       21    23  13    2.90   299.6   13.7      18.517
2012   10       21    23  23    2.92   299.7   13.8      18.597
2012   10       21    23  33    2.93   299.7   13.9      18.676
2012   10       21    23  43    2.95   299.8   13.9      18.754
2012   10       21    23  53    2.96   299.8   14.0      18.831
2012   10       22     0   3    2.98   299.9   14.1      18.909
2012   10       22     0  12    2.99   299.9   14.1      18.990
2012   10       22     0  22    3.01   300.0   14.2      19.072
2012   10       22     0  32    3.02   300.0   14.3      19.152
2012   10       22     0  42    3.04   300.1   14.4      19.232
2012   10       22     0  52    3.06   300.1   14.5      19.312
2012   10       22     1   2    3.07   300.2   14.5      19.393
2012   10       22     1  11    3.09   300.3   14.6      19.475
2012   10       22     1  21    3.11   300.3   14.7      19.557
2012   10       22     1  31    3.12   300.4   14.8      19.641
2012   10       22     1  41    3.14   300.4   14.9      19.726
2012   10       22     1  51    3.16   300.5   15.0      19.812
2012   10       22     2   1    3.18   300.6   15.1      19.902
2012   10       22     2  10    3.20   300.7   15.2      19.996
2012   10       22     2  20    3.22   300.8   15.3      20.095
2012   10       22     2  30    3.24   300.9   15.4      20.198
2012   10       22     2  40    3.26   301.1   15.6      20.305
2012   10       22     2  50    3.28   301.2   15.7      20.416
2012   10       22     3   0    3.30   301.3   15.8      20.532
2012   10       22     3  10    3.32   301.5   15.9      20.651
2012   10       22     3  20    3.34   301.7   16.0      20.775
2012   10       22     3  29    3.36   301.9   16.1      20.901
2012   10       22     3  39    3.39   302.0   16.2      21.030
2012   10       22     3  49    3.41   302.2   16.4      21.159
2012   10       22     3  59    3.43   302.4   16.5      21.288
2012   10       22     4   9    3.45   302.6   16.6      21.416
2012   10       22     4  19    3.47   302.8   16.7      21.543
2012   10       22     4  29    3.49   303.0   16.8      21.669
2012   10       22     4  38    3.51   303.2   16.9      21.796
2012   10       22     4  48    3.53   303.4   17.0      21.923
2012   10       22     4  58    3.54   303.6   17.1      22.050
2012   10       22     5   8    3.56   303.8   17.2      22.177
2012   10       22     5  18    3.58   304.0   17.3      22.305
2012   10       22     5  28    3.60   304.2   17.4      22.433
2012   10       22     5  38    3.61   304.5   17.5      22.562
2012   10       22     5  47    3.63   304.7   17.5      22.689
2012   10       22     5  57    3.65   304.9   17.6      22.817
2012   10       22     6   7    3.66   305.1   17.7      22.943
2012   10       22     6  17    3.68   305.3   17.8      23.069
2012   10       22     6  27    3.70   305.6   17.8      23.192
2012   10       22     6  37    3.71   305.8   17.9      23.315
2012   10       22     6  46    3.73   306.0   18.0      23.435
2012   10       22     6  56    3.74   306.2   18.1      23.555
2012   10       22     7   6    3.76   306.5   18.1      23.673
2012   10       22     7  16    3.77   306.7   18.2      23.790
2012   10       22     7  26    3.79   306.9   18.3      23.906
2012   10       22     7  36    3.80   307.1   18.4      24.021
2012   10       22     7  46    3.82   307.4   18.4      24.135
2012   10       22     7  55    3.83   307.6   18.5      24.250
2012   10       22     8   5    3.85   307.8   18.6      24.363
2012   10       22     8  15    3.86   308.0   18.7      24.476
2012   10       22     8  25    3.88   308.2   18.7      24.589
2012   10       22     8  35    3.89   308.4   18.8      24.703
2012   10       22     8  45    3.91   308.6   18.9      24.817
2012   10       22     8  55    3.93   308.8   19.0      24.933
2012   10       22     9   4    3.94   309.1   19.1      25.049
2012   10       22     9  14    3.96   309.3   19.2      25.171
2012   10       22     9  24    3.98   309.5   19.3      25.299
2012   10       22     9  34    3.99   309.8   19.4      25.436
2012   10       22     9  44    4.01   310.1   19.5      25.578
2012   10       22     9  54    4.03   310.4   19.6      25.728
2012   10       22    10   3    4.05   310.7   19.6      25.881
2012   10       22    10  13    4.06   311.0   19.7      26.037
2012   10       22    10  23    4.08   311.3   19.8      26.192
2012   10       22    10  33    4.09   311.6   19.9      26.347
2012   10       22    10  43    4.11   311.9   20.0      26.499
2012   10       22    10  53    4.12   312.2   20.0      26.650
2012   10       22    11   3    4.14   312.5   20.1      26.798
2012   10       22    11  12    4.15   312.8   20.2      26.944
2012   10       22    11  22    4.16   313.2   20.2      27.086
2012   10       22    11  32    4.18   313.5   20.3      27.226
2012   10       22    11  42    4.19   313.8   20.3      27.362
2012   10       22    11  52    4.20   314.2   20.3      27.497
2012   10       22    12   2    4.21   314.5   20.4      27.629
2012   10       22    12  12    4.22   314.8   20.4      27.759
2012   10       22    12  22    4.23   315.2   20.4      27.887
2012   10       22    12  31    4.24   315.5   20.5      28.015
2012   10       22    12  41    4.25   315.8   20.5      28.141
2012   10       22    12  51    4.25   316.2   20.5      28.266
2012   10       22    13   1    4.26   316.5   20.5      28.390
2012   10       22    13  11    4.27   316.9   20.5      28.513
2012   10       22    13  21    4.28   317.2   20.6      28.636
2012   10       22    13  31    4.29   317.5   20.6      28.759
2012   10       22    13  40    4.29   317.9   20.6      28.882
2012   10       22    13  50    4.30   318.2   20.6      29.006
2012   10       22    14   0    4.31   318.6   20.6      29.128
2012   10       22    14  10    4.31   319.0   20.6      29.250
2012   10       22    14  20    4.32   319.3   20.6      29.370
2012   10       22    14  30    4.33   319.7   20.6      29.490
2012   10       22    14  39    4.33   320.0   20.7      29.606
2012   10       22    14  49    4.34   320.4   20.7      29.721
2012   10       22    14  59    4.35   320.8   20.7      29.834
2012   10       22    15   9    4.35   321.1   20.7      29.945
2012   10       22    15  19    4.36   321.5   20.7      30.054
2012   10       22    15  29    4.37   321.8   20.7      30.161
2012   10       22    15  39    4.37   322.2   20.7      30.267
2012   10       22    15  48    4.38   322.5   20.7      30.372
2012   10       22    15  58    4.39   322.8   20.7      30.476
2012   10       22    16   8    4.39   323.2   20.7      30.581
2012   10       22    16  18    4.40   323.5   20.7      30.687
2012   10       22    16  28    4.41   323.8   20.7      30.795
2012   10       22    16  38    4.41   324.2   20.7      30.905
2012   10       22    16  47    4.42   324.5   20.8      31.018
2012   10       22    16  57    4.42   324.9   20.8      31.132
2012   10       22    17   7    4.43   325.2   20.8      31.250
2012   10       22    17  17    4.44   325.6   20.8      31.368
2012   10       22    17  27    4.44   326.0   20.8      31.487
2012   10       22    17  37    4.45   326.4   20.8      31.604
2012   10       22    17  47    4.45   326.7   20.8      31.722
2012   10       22    17  56    4.46   327.1   20.8      31.840
2012   10       22    18   6    4.46   327.5   20.8      31.958
2012   10       22    18  16    4.47   327.9   20.8      32.074
2012   10       22    18  26    4.47   328.3   20.8      32.191
2012   10       22    18  36    4.47   328.7   20.8      32.307
2012   10       22    18  46    4.48   329.2   20.8      32.422
2012   10       22    18  56    4.48   329.6   20.7      32.535
2012   10       22    19   5    4.48   330.0   20.7      32.647
2012   10       22    19  15    4.48   330.4   20.7      32.757
2012   10       22    19  25    4.48   330.9   20.7      32.866
2012   10       22    19  35    4.48   331.3   20.7      32.973
2012   10       22    19  45    4.48   331.7   20.6      33.079
2012   10       22    19  55    4.48   332.1   20.6      33.184
2012   10       22    20   5    4.48   332.6   20.6      33.288
2012   10       22    20  14    4.48   333.0   20.6      33.392
2012   10       22    20  24    4.48   333.4   20.5      33.495
2012   10       22    20  34    4.48   333.9   20.5      33.598
2012   10       22    20  44    4.48   334.3   20.5      33.701
2012   10       22    20  54    4.48   334.7   20.5      33.803
2012   10       22    21   4    4.48   335.2   20.4      33.904
2012   10       22    21  14    4.48   335.6   20.4      34.004
2012   10       22    21  23    4.48   336.1   20.4      34.104
2012   10       22    21  33    4.48   336.5   20.3      34.201
2012   10       22    21  43    4.48   337.0   20.3      34.297
2012   10       22    21  53    4.48   337.4   20.3      34.391
2012   10       22    22   3    4.48   337.9   20.2      34.483
2012   10       22    22  13    4.47   338.3   20.2      34.573
2012   10       22    22  23    4.47   338.8   20.1      34.661
2012   10       22    22  32    4.47   339.2   20.1      34.746
2012   10       22    22  42    4.47   339.7   20.1      34.831
2012   10       22    22  52    4.47   340.1   20.0      34.912
2012   10       22    23   2    4.47   340.6   20.0      34.992
2012   10       22    23  12    4.46   341.0   19.9      35.070
2012   10       22    23  22    4.46   341.5   19.9      35.148
2012   10       22    23  31    4.46   342.0   19.8      35.223
2012   10       22    23  41    4.46   342.4   19.8      35.300
2012   10       22    23  51    4.45   342.9   19.8      35.375
2012   10       23     0   1    4.45   343.4   19.7      35.450
2012   10       23     0  11    4.45   343.8   19.7      35.522
2012   10       23     0  21    4.44   344.3   19.6      35.594
2012   10       23     0  31    4.44   344.8   19.6      35.665
2012   10       23     0  40    4.44   345.2   19.5      35.738
2012   10       23     0  50    4.43   345.7   19.5      35.809
2012   10       23     1   0    4.43   346.2   19.4      35.879
2012   10       23     1  10    4.42   346.7   19.4      35.945
2012   10       23     1  20    4.42   347.1   19.3      36.011
2012   10       23     1  30    4.41   347.6   19.2      36.073
2012   10       23     1  40    4.40   348.1   19.2      36.129
2012   10       23     1  49    4.39   348.5   19.1      36.178
2012   10       23     1  59    4.39   349.0   19.0      36.222
2012   10       23     2   9    4.38   349.4   18.9      36.261
2012   10       23     2  19    4.37   349.9   18.9      36.295
2012   10       23     2  29    4.36   350.3   18.8      36.325
2012   10       23     2  39    4.35   350.7   18.7      36.352
2012   10       23     2  48    4.34   351.1   18.6      36.378
2012   10       23     2  58    4.33   351.6   18.5      36.401
2012   10       23     3   8    4.32   352.0   18.5      36.423
2012   10       23     3  18    4.31   352.4   18.4      36.443
2012   10       23     3  28    4.30   352.8   18.3      36.465
2012   10       23     3  38    4.29   353.2   18.2      36.488
2012   10       23     3  48    4.28   353.7   18.2      36.512
2012   10       23     3  58    4.27   354.1   18.1      36.537
2012   10       23     4   7    4.26   354.5   18.0      36.563
2012   10       23     4  17    4.25   355.0   17.9      36.589
2012   10       23     4  27    4.24   355.4   17.8      36.616
2012   10       23     4  37    4.23   355.9   17.8      36.642
2012   10       23     4  47    4.23   356.3   17.7      36.668
2012   10       23     4  57    4.22   356.8   17.6      36.693
2012   10       23     5   6    4.21   357.2   17.5      36.716
2012   10       23     5  16    4.19   357.7   17.4      36.736
2012   10       23     5  26    4.18   358.1   17.4      36.753
2012   10       23     5  36    4.17   358.6   17.3      36.767
2012   10       23     5  46    4.16   359.0   17.2      36.777
2012   10       23     5  56    4.15   359.5   17.1      36.785
2012   10       23     6   6    4.14   360.0   17.0      36.789
2012   10       23     6  15    4.13   360.4   16.9      36.787
2012   10       23     6  25    4.12   360.8   16.8      36.781
2012   10       23     6  35    4.10   361.3   16.7      36.771
2012   10       23     6  45    4.09   361.8   16.6      36.759
2012   10       23     6  55    4.08   362.2   16.5      36.744
2012   10       23     7   5    4.06   362.7   16.4      36.728
2012   10       23     7  14    4.05   363.2   16.3      36.710
2012   10       23     7  24    4.04   363.6   16.2      36.692
2012   10       23     7  34    4.02   364.1   16.1      36.673
2012   10       23     7  44    4.01   364.6   16.0      36.652
2012   10       23     7  54    3.99   365.1   15.9      36.630
2012   10       23     8   4    3.98   365.6   15.8      36.607
2012   10       23     8  14    3.96   366.0   15.7      36.582
2012   10       23     8  23    3.95   366.5   15.6      36.554
2012   10       23     8  33    3.93   367.0   15.5      36.524
2012   10       23     8  43    3.92   367.5   15.4      36.488
2012   10       23     8  53    3.90   368.0   15.3      36.444
2012   10       23     9   3    3.88   368.4   15.2      36.393
2012   10       23     9  13    3.86   368.9   15.1      36.336
2012   10       23     9  23    3.85   369.3   15.0      36.274
2012   10       23     9  32    3.83   369.7   14.9      36.206
2012   10       23     9  42    3.81   370.1   14.7      36.135
2012   10       23     9  52    3.80   370.5   14.6      36.061
2012   10       23    10   2    3.78   370.9   14.5      35.986
2012   10       23    10  12    3.76   371.3   14.4      35.909
2012   10       23    10  22    3.75   371.7   14.3      35.830
2012   10       23    10  32    3.73   372.1   14.2      35.753
2012   10       23    10  41    3.72   372.4   14.1      35.678
2012   10       23    10  51    3.70   372.8   14.0      35.606
2012   10       23    11   1    3.68   373.2   13.9      35.536
2012   10       23    11  11    3.67   373.6   13.9      35.468
2012   10       23    11  21    3.65   374.0   13.8      35.403
2012   10       23    11  31    3.64   374.3   13.7      35.338
2012   10       23    11  40    3.62   374.7   13.6      35.275
2012   10       23    11  50    3.61   375.1   13.5      35.213
2012   10       23    12   0    3.59   375.5   13.4      35.151
2012   10       23    12  10    3.58   375.9   13.3      35.089
2012   10       23    12  20    3.56   376.3   13.3      35.027
2012   10       23    12  30    3.55   376.7   13.2      34.963
2012   10       23    12  40    3.54   377.0   13.1      34.899
2012   10       23    12  49    3.52   377.4   13.0      34.831
2012   10       23    12  59    3.51   377.8   12.9      34.761
2012   10       23    13   9    3.49   378.2   12.8      34.688
2012   10       23    13  19    3.47   378.6   12.8      34.611
2012   10       23    13  29    3.46   379.0   12.7      34.529
2012   10       23    13  39    3.44   379.4   12.6      34.441
2012   10       23    13  49    3.43   379.8   12.5      34.346
2012   10       23    13  58    3.41   380.1   12.4      34.246
2012   10       23    14   8    3.40   380.5   12.3      34.140
2012   10       23    14  18    3.38   380.9   12.2      34.029
2012   10       23    14  28    3.36   381.2   12.1      33.913
2012   10       23    14  38    3.35   381.6   12.1      33.794
2012   10       23    14  48    3.33   381.9   12.0      33.671
2012   10       23    14  57    3.31   382.2   11.9      33.546
2012   10       23    15   7    3.30   382.6   11.8      33.417
2012   10       23    15  17    3.28   382.9   11.7      33.289
2012   10       23    15  27    3.26   383.2   11.6      33.161
2012   10       23    15  37    3.25   383.5   11.5      33.035
2012   10       23    15  47    3.23   383.8   11.5      32.909
2012   10       23    15  57    3.22   384.0   11.4      32.784
2012   10       23    16   6    3.20   384.3   11.3      32.661
2012   10       23    16  16    3.19   384.6   11.2      32.540
2012   10       23    16  26    3.17   384.9   11.1      32.420
2012   10       23    16  36    3.16   385.1   11.1      32.303
2012   10       23    16  46    3.14   385.4   11.0      32.187
2012   10       23    16  56    3.13   385.6   10.9      32.075
2012   10       23    17   6    3.11   385.8   10.9      31.963
2012   10       23    17  15    3.10   386.0   10.8      31.855
2012   10       23    17  25    3.09   386.3   10.7      31.749
2012   10       23    17  35    3.07   386.5   10.7      31.645
2012   10       23    17  45    3.06   386.7   10.6      31.543
2012   10       23    17  55    3.05   386.9   10.5      31.445
2012   10       23    18   5    3.04   387.0   10.5      31.347
2012   10       23    18  14    3.02   387.2   10.4      31.252
2012   10       23    18  24    3.01   387.4   10.4      31.158
2012   10       23    18  34    3.00   387.6   10.3      31.066
2012   10       23    18  44    2.99   387.7   10.3      30.976
2012   10       23    18  54    2.98   387.9   10.2      30.887
2012   10       23    19   4    2.97   388.1   10.2      30.798
2012   10       23    19  14    2.96   388.2   10.1      30.711
2012   10       23    19  23    2.94   388.4   10.1      30.623
2012   10       23    19  33    2.93   388.5   10.0      30.537
2012   10       23    19  43    2.92   388.7   10.0      30.450
2012   10       23    19  53    2.91   388.9   10.0      30.365
2012   10       23    20   3    2.90   389.0    9.9      30.279
2012   10       23    20  13    2.89   389.2    9.9      30.194
2012   10       23    20  23    2.88   389.3    9.8      30.109
2012   10       23    20  32    2.87   389.5    9.8      30.024
2012   10       23    20  42    2.86   389.6    9.7      29.939
2012   10       23    20  52    2.85   389.7    9.7      29.855
2012   10       23    21   2    2.84   389.9    9.7      29.771
2012   10       23    21  12    2.83   390.0    9.6      29.689
2012   10       23    21  22    2.82   390.1    9.6      29.608
2012   10       23    21  31    2.81   390.3    9.5      29.529
2012   10       23    21  41    2.80   390.4    9.5      29.451
2012   10       23    21  51    2.79   390.5    9.4      29.375
2012   10       23    22   1    2.78   390.6    9.4      29.301
2012   10       23    22  11    2.78   390.7    9.4      29.229
2012   10       23    22  21    2.77   390.8    9.3      29.158
2012   10       23    22  30    2.76   390.9    9.3      29.089
2012   10       23    22  40    2.75   391.0    9.3      29.020
2012   10       23    22  50    2.74   391.1    9.2      28.953
2012   10       23    23   0    2.73   391.2    9.2      28.887
2012   10       23    23  10    2.73   391.3    9.2      28.821
2012   10       23    23  20    2.72   391.4    9.1      28.756
2012   10       23    23  30    2.71   391.5    9.1      28.691
2012   10       23    23  39    2.70   391.6    9.1      28.626
2012   10       23    23  49    2.70   391.7    9.0      28.561
2012   10       23    23  59    2.69   391.8    9.0      28.496
2012   10       24     0   9    2.68   391.9    9.0      28.432
2012   10       24     0  19    2.67   392.0    8.9      28.367
2012   10       24     0  29    2.67   392.1    8.9      28.303
2012   10       24     0  39    2.66   392.2    8.9      28.239
2012   10       24     0  48    2.65   392.3    8.9      28.177
2012   10       24     0  58    2.65   392.4    8.8      28.114
2012   10       24     1   8    2.64   392.4    8.8      28.053
2012   10       24     1  18    2.63   392.5    8.8      27.993
2012   10       24     1  28    2.63   392.6    8.7      27.934
2012   10       24     1  38    2.62   392.7    8.7      27.876
2012   10       24     1  48    2.61   392.7    8.7      27.820
2012   10       24     1  57    2.61   392.8    8.7      27.766
2012   10       24     2   7    2.60   392.8    8.6      27.713
2012   10       24     2  17    2.59   392.9    8.6      27.661
2012   10       24     2  27    2.59   392.9    8.6      27.611
2012   10       24     2  37    2.58   393.0    8.6      27.562
2012   10       24     2  47    2.58   393.0    8.5      27.515
2012   10       24     2  57    2.57   393.0    8.5      27.468
2012   10       24     3   6    2.56   393.1    8.5      27.422
2012   10       24     3  16    2.56   393.1    8.5      27.376
2012   10       24     3  26    2.55   393.2    8.5      27.331
2012   10       24     3  36    2.55   393.2    8.4      27.286
2012   10       24     3  46    2.54   393.2    8.4      27.241
2012   10       24     3  56    2.54   393.3    8.4      27.195
2012   10       24     4   5    2.53   393.3    8.4      27.150
2012   10       24     4  15    2.53   393.4    8.4      27.104
2012   10       24     4  25    2.52   393.4    8.3      27.059
2012   10       24     4  35    2.52   393.5    8.3      27.013
2012   10       24     4  45    2.51   393.5    8.3      26.968
2012   10       24     4  55    2.51   393.6    8.3      26.922
2012   10       24     5   4    2.50   393.6    8.3      26.875
2012   10       24     5  14    2.50   393.7    8.2      26.828
2012   10       24     5  24    2.49   393.7    8.2      26.782
2012   10       24     5  34    2.49   393.8    8.2      26.735
2012   10       24     5  44    2.48   393.8    8.2      26.689
2012   10       24     5  54    2.48   393.8    8.2      26.643
2012   10       24     6   4    2.47   393.9    8.1      26.598
2012   10       24     6  13    2.47   393.9    8.1      26.553
2012   10       24     6  23    2.46   393.9    8.1      26.509
2012   10       24     6  33    2.46   394.0    8.1      26.465
2012   10       24     6  43    2.45   394.0    8.1      26.422
2012   10       24     6  53    2.45   394.0    8.1      26.380
2012   10       24     7   3    2.44   394.0    8.0      26.338
2012   10       24     7  13    2.44   394.0    8.0      26.297
2012   10       24     7  22    2.43   394.1    8.0      26.256
2012   10       24     7  32    2.43   394.1    8.0      26.214
2012   10       24     7  42    2.42   394.1    8.0      26.174
2012   10       24     7  52    2.42   394.1    8.0      26.133
2012   10       24     8   2    2.42   394.1    7.9      26.092
2012   10       24     8  12    2.41   394.1    7.9      26.052
2012   10       24     8  21    2.41   394.1    7.9      26.011
2012   10       24     8  31    2.40   394.2    7.9      25.971
2012   10       24     8  41    2.40   394.2    7.9      25.931
2012   10       24     8  51    2.40   394.2    7.9      25.892
2012   10       24     9   1    2.39   394.2    7.9      25.852
2012   10       24     9  11    2.39   394.2    7.8      25.813
2012   10       24     9  21    2.38   394.2    7.8      25.775
2012   10       24     9  30    2.38   394.2    7.8      25.737
2012   10       24     9  40    2.38   394.2    7.8      25.701
2012   10       24     9  50    2.37   394.2    7.8      25.664
2012   10       24    10   0    2.37   394.2    7.8      25.629
2012   10       24    10  10    2.36   394.2    7.8      25.593
2012   10       24    10  20    2.36   394.2    7.7      25.558
2012   10       24    10  30    2.36   394.2    7.7      25.523
2012   10       24    10  39    2.35   394.2    7.7      25.489
2012   10       24    10  49    2.35   394.2    7.7      25.454
2012   10       24    10  59    2.35   394.2    7.7      25.420
2012   10       24    11   9    2.34   394.2    7.7      25.386
2012   10       24    11  19    2.34   394.2    7.7      25.352
2012   10       24    11  29    2.34   394.2    7.7      25.318
2012   10       24    11  38    2.33   394.2    7.6      25.284
2012   10       24    11  48    2.33   394.2    7.6      25.250
2012   10       24    11  58    2.33   394.2    7.6      25.216
2012   10       24    12   8    2.32   394.2    7.6      25.182
2012   10       24    12  18    2.32   394.1    7.6      25.148
2012   10       24    12  28    2.31   394.1    7.6      25.114
2012   10       24    12  37    2.31   394.1    7.6      25.081
2012   10       24    12  47    2.31   394.1    7.6      25.048
2012   10       24    12  57    2.31   394.1    7.5      25.016
2012   10       24    13   7    2.30   394.1    7.5      24.984
2012   10       24    13  17    2.30   394.0    7.5      24.952
2012   10       24    13  27    2.30   394.0    7.5      24.922
2012   10       24    13  37    2.29   394.0    7.5      24.892
2012   10       24    13  46    2.29   394.0    7.5      24.862
2012   10       24    13  56    2.29   393.9    7.5      24.833
2012   10       24    14   6    2.28   393.9    7.5      24.805
2012   10       24    14  16    2.28   393.9    7.5      24.778
2012   10       24    14  26    2.28   393.8    7.5      24.752
2012   10       24    14  36    2.28   393.8    7.5      24.726
2012   10       24    14  46    2.27   393.8    7.5      24.701
2012   10       24    14  55    2.27   393.7    7.4      24.676
2012   10       24    15   5    2.27   393.7    7.4      24.651
2012   10       24    15  15    2.27   393.7    7.4      24.628
2012   10       24    15  25    2.26   393.6    7.4      24.604
2012   10       24    15  35    2.26   393.6    7.4      24.580
2012   10       24    15  45    2.26   393.6    7.4      24.557
2012   10       24    15  54    2.26   393.5    7.4      24.534
2012   10       24    16   4    2.26   393.5    7.4      24.511
2012   10       24    16  14    2.25   393.4    7.4      24.488
2012   10       24    16  24    2.25   393.4    7.4      24.465
2012   10       24    16  34    2.25   393.3    7.4      24.441
2012   10       24    16  44    2.25   393.3    7.4      24.418
2012   10       24    16  54    2.24   393.2    7.4      24.394
2012   10       24    17   3    2.24   393.2    7.4      24.370
2012   10       24    17  13    2.24   393.2    7.4      24.347
2012   10       24    17  23    2.24   393.1    7.4      24.322
2012   10       24    17  33    2.24   393.1    7.3      24.298
2012   10       24    17  43    2.23   393.0    7.3      24.274
2012   10       24    17  53    2.23   393.0    7.3      24.249
2012   10       24    18   3    2.23   392.9    7.3      24.225
2012   10       24    18  12    2.23   392.9    7.3      24.200
2012   10       24    18  22    2.22   392.8    7.3      24.175
2012   10       24    18  32    2.22   392.8    7.3      24.151
2012   10       24    18  42    2.22   392.7    7.3      24.126
2012   10       24    18  52    2.22   392.7    7.3      24.101
2012   10       24    19   2    2.22   392.6    7.3      24.076
2012   10       24    19  11    2.21   392.6    7.3      24.052
2012   10       24    19  21    2.21   392.5    7.3      24.027
2012   10       24    19  31    2.21   392.5    7.3      24.002
2012   10       24    19  41    2.21   392.4    7.3      23.978
2012   10       24    19  51    2.21   392.3    7.3      23.953
2012   10       24    20   1    2.20   392.3    7.3      23.929
2012   10       24    20  10    2.20   392.2    7.3      23.905
2012   10       24    20  20    2.20   392.2    7.2      23.881
2012   10       24    20  30    2.20   392.1    7.2      23.858
2012   10       24    20  40    2.20   392.0    7.2      23.834
2012   10       24    20  50    2.19   392.0    7.2      23.812
2012   10       24    21   0    2.19   391.9    7.2      23.789
2012   10       24    21  10    2.19   391.9    7.2      23.767
2012   10       24    21  19    2.19   391.8    7.2      23.745
2012   10       24    21  29    2.19   391.7    7.2      23.724
2012   10       24    21  39    2.18   391.7    7.2      23.703
2012   10       24    21  49    2.18   391.6    7.2      23.682
2012   10       24    21  59    2.18   391.5    7.2      23.662
2012   10       24    22   9    2.18   391.5    7.2      23.643
2012   10       24    22  19    2.18   391.4    7.2      23.624
2012   10       24    22  28    2.18   391.3    7.2      23.605
2012   10       24    22  38    2.18   391.2    7.2      23.587
2012   10       24    22  48    2.17   391.2    7.2      23.569
2012   10       24    22  58    2.17   391.1    7.2      23.552
2012   10       24    23   8    2.17   391.0    7.2      23.535
2012   10       24    23  18    2.17   391.0    7.2      23.519
2012   10       24    23  28    2.17   390.9    7.2      23.502
2012   10       24    23  37    2.17   390.8    7.2      23.486
2012   10       24    23  47    2.17   390.7    7.2      23.470
2012   10       24    23  57    2.16   390.7    7.2      23.454
2012   10       25     0   7    2.16   390.6    7.2      23.439
2012   10       25     0  17    2.16   390.5    7.2      23.423
2012   10       25     0  27    2.16   390.4    7.2      23.407
2012   10       25     0  36    2.16   390.4    7.2      23.391
2012   10       25     0  46    2.16   390.3    7.2      23.375
2012   10       25     0  56    2.16   390.2    7.2      23.359
2012   10       25     1   6    2.16   390.1    7.2      23.343
2012   10       25     1  16    2.15   390.0    7.2      23.327
2012   10       25     1  26    2.15   390.0    7.2      23.311
2012   10       25     1  36    2.15   389.9    7.2      23.294
2012   10       25     1  45    2.15   389.8    7.2      23.278
2012   10       25     1  55    2.15   389.7    7.2      23.261
2012   10       25     2   5    2.15   389.6    7.2      23.245
2012   10       25     2  15    2.15   389.6    7.2      23.228
2012   10       25     2  25    2.15   389.5    7.2      23.212
2012   10       25     2  35    2.14   389.4    7.2      23.195
2012   10       25     2  44    2.14   389.3    7.2      23.178
2012   10       25     2  54    2.14   389.2    7.1      23.161
2012   10       25     3   4    2.14   389.2    7.1      23.145
2012   10       25     3  14    2.14   389.1    7.1      23.128
2012   10       25     3  24    2.14   389.0    7.1      23.111
2012   10       25     3  34    2.14   388.9    7.1      23.094
2012   10       25     3  43    2.14   388.8    7.1      23.077
2012   10       25     3  53    2.13   388.7    7.1      23.060
2012   10       25     4   3    2.13   388.7    7.1      23.043
2012   10       25     4  13    2.13   388.6    7.1      23.026
2012   10       25     4  23    2.13   388.5    7.1      23.009
2012   10       25     4  33    2.13   388.4    7.1      22.992
2012   10       25     4  43    2.13   388.3    7.1      22.975
2012   10       25     4  52    2.13   388.2    7.1      22.958
2012   10       25     5   2    2.13   388.2    7.1      22.941
2012   10       25     5  12    2.13   388.1    7.1      22.925
2012   10       25     5  22    2.12   388.0    7.1      22.908
2012   10       25     5  32    2.12   387.9    7.1      22.892
2012   10       25     5  42    2.12   387.8    7.1      22.876
2012   10       25     5  52    2.12   387.8    7.1      22.860
2012   10       25     6   1    2.12   387.7    7.1      22.844
2012   10       25     6  11    2.12   387.6    7.1      22.828
2012   10       25     6  21    2.12   387.5    7.1      22.812
2012   10       25     6  31    2.12   387.4    7.1      22.797
2012   10       25     6  41    2.12   387.3    7.1      22.782
2012   10       25     6  51    2.12   387.3    7.1      22.767
2012   10       25     7   1    2.11   387.2    7.1      22.752
2012   10       25     7  10    2.11   387.1    7.1      22.737
2012   10       25     7  20    2.11   387.0    7.1      22.723
2012   10       25     7  30    2.11   386.9    7.1      22.708
2012   10       25     7  40    2.11   386.8    7.1      22.694
2012   10       25     7  50    2.11   386.8    7.1      22.680
2012   10       25     8   0    2.11   386.7    7.1      22.666
2012   10       25     8  10    2.11   386.6    7.1      22.652
2012   10       25     8  19    2.11   386.5    7.1      22.638
2012   10       25     8  29    2.11   386.4    7.1      22.624
2012   10       25     8  39    2.11   386.3    7.1      22.611
2012   10       25     8  49    2.11   386.3    7.1      22.597
2012   10       25     8  59    2.11   386.2    7.1      22.584
2012   10       25     9   9    2.10   386.1    7.1      22.570
2012   10       25     9  18    2.10   386.0    7.1      22.556
2012   10       25     9  28    2.10   385.9    7.1      22.543
2012   10       25     9  38    2.10   385.8    7.1      22.529
2012   10       25     9  48    2.10   385.7    7.1      22.516
2012   10       25     9  58    2.10   385.7    7.1      22.502
2012   10       25    10   8    2.10   385.6    7.1      22.488
2012   10       25    10  17    2.10   385.5    7.1      22.475
2012   10       25    10  27    2.10   385.4    7.1      22.461
2012   10       25    10  37    2.10   385.3    7.1      22.447
2012   10       25    10  47    2.10   385.2    7.1      22.433
2012   10       25    10  57    2.10   385.1    7.1      22.419
2012   10       25    11   7    2.10   385.0    7.1      22.406
2012   10       25    11  17    2.09   384.9    7.1      22.392
2012   10       25    11  26    2.09   384.8    7.1      22.378
2012   10       25    11  36    2.09   384.8    7.1      22.364
2012   10       25    11  46    2.09   384.7    7.1      22.350
2012   10       25    11  56    2.09   384.6    7.1      22.337
2012   10       25    12   6    2.09   384.5    7.1      22.323
2012   10       25    12  16    2.09   384.4    7.1      22.309
2012   10       25    12  26    2.09   384.3    7.1      22.296
2012   10       25    12  35    2.09   384.2    7.1      22.282
2012   10       25    12  45    2.09   384.1    7.1      22.269
2012   10       25    12  55    2.09   384.0    7.1      22.255
2012   10       25    13   5    2.09   383.9    7.1      22.242
2012   10       25    13  15    2.09   383.8    7.1      22.228
2012   10       25    13  25    2.09   383.7    7.1      22.215
2012   10       25    13  34    2.08   383.6    7.1      22.202
2012   10       25    13  44    2.08   383.5    7.1      22.188
2012   10       25    13  54    2.08   383.4    7.1      22.175
2012   10       25    14   4    2.08   383.4    7.1      22.162
2012   10       25    14  14    2.08   383.3    7.1      22.149
2012   10       25    14  24    2.08   383.2    7.1      22.136
2012   10       25    14  34    2.08   383.1    7.1      22.124
2012   10       25    14  43    2.08   383.0    7.1      22.111
2012   10       25    14  53    2.08   382.9    7.1      22.098
2012   10       25    15   3    2.08   382.8    7.1      22.085
2012   10       25    15  13    2.08   382.7    7.1      22.073
2012   10       25    15  23    2.08   382.6    7.1      22.060
2012   10       25    15  33    2.08   382.5    7.1      22.048
2012   10       25    15  43    2.08   382.4    7.1      22.036
2012   10       25    15  52    2.08   382.3    7.1      22.023
2012   10       25    16   2    2.08   382.2    7.1      22.011
2012   10       25    16  12    2.08   382.1    7.1      21.999
2012   10       25    16  22    2.08   382.0    7.1      21.986
2012   10       25    16  32    2.08   381.9    7.1      21.974
2012   10       25    16  42    2.07   381.9    7.1      21.961
2012   10       25    16  51    2.07   381.8    7.1      21.949
2012   10       25    17   1    2.07   381.7    7.1      21.936
2012   10       25    17  11    2.07   381.6    7.1      21.924
2012   10       25    17  21    2.07   381.5    7.1      21.911
2012   10       25    17  31    2.07   381.4    7.1      21.899
2012   10       25    17  41    2.07   381.3    7.1      21.886
2012   10       25    17  50    2.07   381.2    7.1      21.874
2012   10       25    18   0    2.07   381.1    7.1      21.861
2012   10       25    18  10    2.07   381.0    7.1      21.848
2012   10       25    18  20    2.07   380.9    7.1      21.836
2012   10       25    18  30    2.07   380.8    7.1      21.823
2012   10       25    18  40    2.07   380.7    7.1      21.810
2012   10       25    18  50    2.07   380.6    7.1      21.798
2012   10       25    18  59    2.07   380.4    7.1      21.785
2012   10       25    19   9    2.07   380.3    7.1      21.773
2012   10       25    19  19    2.07   380.2    7.1      21.760
2012   10       25    19  29    2.07   380.1    7.1      21.748
2012   10       25    19  39    2.07   380.0    7.1      21.736
2012   10       25    19  49    2.07   379.9    7.1      21.724
2012   10       25    19  59    2.07   379.8    7.1      21.712
2012   10       25    20   8    2.07   379.7    7.1      21.700
2012   10       25    20  18    2.07   379.6    7.1      21.688
2012   10       25    20  28    2.07   379.5    7.1      21.677
2012   10       25    20  38    2.06   379.3    7.2      21.665
2012   10       25    20  48    2.06   379.2    7.2      21.654
2012   10       25    20  58    2.06   379.1    7.2      21.643
2012   10       25    21   7    2.06   379.0    7.2      21.633
2012   10       25    21  17    2.06   378.9    7.2      21.622
2012   10       25    21  27    2.06   378.8    7.2      21.612
2012   10       25    21  37    2.06   378.7    7.2      21.602
2012   10       25    21  47    2.06   378.5    7.2      21.592
2012   10       25    21  57    2.06   378.4    7.2      21.583
2012   10       25    22   7    2.06   378.3    7.2      21.573
2012   10       25    22  16    2.06   378.2    7.2      21.564
2012   10       25    22  26    2.06   378.1    7.2      21.555
2012   10       25    22  36    2.06   378.0    7.2      21.546
2012   10       25    22  46    2.06   377.8    7.2      21.538
2012   10       25    22  56    2.06   377.7    7.2      21.530
2012   10       25    23   6    2.06   377.6    7.2      21.521
2012   10       25    23  16    2.06   377.5    7.2      21.513
2012   10       25    23  25    2.06   377.4    7.2      21.505
2012   10       25    23  35    2.06   377.3    7.2      21.498
2012   10       25    23  45    2.06   377.1    7.2      21.490
2012   10       25    23  55    2.06   377.0    7.2      21.482
2012   10       26     0   5    2.06   376.9    7.2      21.475
2012   10       26     0  15    2.06   376.8    7.2      21.468
2012   10       26     0  24    2.06   376.7    7.2      21.460
2012   10       26     0  34    2.07   376.5    7.2      21.453
2012   10       26     0  44    2.07   376.4    7.2      21.446
2012   10       26     0  54    2.07   376.3    7.2      21.439
2012   10       26     1   4    2.07   376.2    7.3      21.432
2012   10       26     1  14    2.07   376.1    7.3      21.424
2012   10       26     1  23    2.07   376.0    7.3      21.417
2012   10       26     1  33    2.07   375.8    7.3      21.410
2012   10       26     1  43    2.07   375.7    7.3      21.403
2012   10       26     1  53    2.07   375.6    7.3      21.396
2012   10       26     2   3    2.07   375.5    7.3      21.389
2012   10       26     2  13    2.07   375.4    7.3      21.381
2012   10       26     2  23    2.07   375.2    7.3      21.374
2012   10       26     2  32    2.07   375.1    7.3      21.367
2012   10       26     2  42    2.07   375.0    7.3      21.360
2012   10       26     2  52    2.07   374.9    7.3      21.353
2012   10       26     3   2    2.07   374.8    7.3      21.346
2012   10       26     3  12    2.07   374.6    7.3      21.339
2012   10       26     3  22    2.07   374.5    7.3      21.332
2012   10       26     3  32    2.07   374.4    7.3      21.325
2012   10       26     3  41    2.07   374.3    7.3      21.318
2012   10       26     3  51    2.07   374.2    7.3      21.311
2012   10       26     4   1    2.07   374.0    7.3      21.304
2012   10       26     4  11    2.08   373.9    7.4      21.298
2012   10       26     4  21    2.08   373.8    7.4      21.291
2012   10       26     4  31    2.08   373.7    7.4      21.285
2012   10       26     4  40    2.08   373.6    7.4      21.279
2012   10       26     4  50    2.08   373.4    7.4      21.273
2012   10       26     5   0    2.08   373.3    7.4      21.268
2012   10       26     5  10    2.08   373.2    7.4      21.262
2012   10       26     5  20    2.08   373.1    7.4      21.257
2012   10       26     5  30    2.08   373.0    7.4      21.252
2012   10       26     5  40    2.08   372.8    7.4      21.248
2012   10       26     5  49    2.08   372.7    7.4      21.244
2012   10       26     5  59    2.08   372.6    7.4      21.240
2012   10       26     6   9    2.09   372.5    7.4      21.236
2012   10       26     6  19    2.09   372.4    7.4      21.232
2012   10       26     6  29    2.09   372.2    7.4      21.229
2012   10       26     6  39    2.09   372.1    7.4      21.226
2012   10       26     6  49    2.09   372.0    7.5      21.224
2012   10       26     6  58    2.09   371.9    7.5      21.221
2012   10       26     7   8    2.09   371.8    7.5      21.219
2012   10       26     7  18    2.09   371.7    7.5      21.218
2012   10       26     7  28    2.10   371.6    7.5      21.216
2012   10       26     7  38    2.10   371.4    7.5      21.215
2012   10       26     7  48    2.10   371.3    7.5      21.214
2012   10       26     7  57    2.10   371.2    7.5      21.214
2012   10       26     8   7    2.10   371.1    7.5      21.213
2012   10       26     8  17    2.10   371.0    7.5      21.213
2012   10       26     8  27    2.10   370.9    7.5      21.213
2012   10       26     8  37    2.11   370.8    7.5      21.214
2012   10       26     8  47    2.11   370.7    7.6      21.214
2012   10       26     8  56    2.11   370.6    7.6      21.215
2012   10       26     9   6    2.11   370.5    7.6      21.216
2012   10       26     9  16    2.11   370.4    7.6      21.217
2012   10       26     9  26    2.11   370.3    7.6      21.219
2012   10       26     9  36    2.12   370.2    7.6      21.220
2012   10       26     9  46    2.12   370.1    7.6      21.222
2012   10       26     9  56    2.12   370.0    7.6      21.224
2012   10       26    10   5    2.12   369.9    7.6      21.226
2012   10       26    10  15    2.12   369.8    7.6      21.228
2012   10       26    10  25    2.12   369.7    7.6      21.230
2012   10       26    10  35    2.13   369.6    7.6      21.233
2012   10       26    10  45    2.13   369.5    7.7      21.236
2012   10       26    10  55    2.13   369.4    7.7      21.239
2012   10       26    11   5    2.13   369.3    7.7      21.242
2012   10       26    11  14    2.13   369.2    7.7      21.245
2012   10       26    11  24    2.14   369.1    7.7      21.248
2012   10       26    11  34    2.14   369.0    7.7      21.252
2012   10       26    11  44    2.14   368.9    7.7      21.255
2012   10       26    11  54    2.14   368.8    7.7      21.259
2012   10       26    12   4    2.14   368.7    7.7      21.263
2012   10       26    12  13    2.15   368.6    7.7      21.267
2012   10       26    12  23    2.15   368.5    7.8      21.272
2012   10       26    12  33    2.15   368.4    7.8      21.276
2012   10       26    12  43    2.15   368.4    7.8      21.280
2012   10       26    12  53    2.15   368.3    7.8      21.285
2012   10       26    13   3    2.16   368.2    7.8      21.290
2012   10       26    13  13    2.16   368.1    7.8      21.295
2012   10       26    13  22    2.16   368.0    7.8      21.300
2012   10       26    13  32    2.16   367.9    7.8      21.306
2012   10       26    13  42    2.16   367.9    7.8      21.311
2012   10       26    13  52    2.17   367.8    7.8      21.317
2012   10       26    14   2    2.17   367.7    7.9      21.323
2012   10       26    14  12    2.17   367.6    7.9      21.329
2012   10       26    14  22    2.17   367.5    7.9      21.335
2012   10       26    14  31    2.17   367.5    7.9      21.342
2012   10       26    14  41    2.18   367.4    7.9      21.348
2012   10       26    14  51    2.18   367.3    7.9      21.355
2012   10       26    15   1    2.18   367.2    7.9      21.363
2012   10       26    15  11    2.18   367.2    7.9      21.370
2012   10       26    15  21    2.19   367.1    7.9      21.378
2012   10       26    15  30    2.19   367.0    7.9      21.386
2012   10       26    15  40    2.19   367.0    8.0      21.394
2012   10       26    15  50    2.19   366.9    8.0      21.403
2012   10       26    16   0    2.19   366.8    8.0      21.411
2012   10       26    16  10    2.20   366.8    8.0      21.420
2012   10       26    16  20    2.20   366.7    8.0      21.430
2012   10       26    16  29    2.20   366.6    8.0      21.439
2012   10       26    16  39    2.20   366.6    8.0      21.449
2012   10       26    16  49    2.21   366.5    8.0      21.459
2012   10       26    16  59    2.21   366.4    8.0      21.469
2012   10       26    17   9    2.21   366.4    8.0      21.480
2012   10       26    17  19    2.21   366.3    8.1      21.491
2012   10       26    17  29    2.21   366.3    8.1      21.501
2012   10       26    17  38    2.22   366.2    8.1      21.513
2012   10       26    17  48    2.22   366.2    8.1      21.524
2012   10       26    17  58    2.22   366.1    8.1      21.535
2012   10       26    18   8    2.22   366.1    8.1      21.547
2012   10       26    18  18    2.23   366.0    8.1      21.559
2012   10       26    18  28    2.23   366.0    8.1      21.571
2012   10       26    18  38    2.23   365.9    8.1      21.583
2012   10       26    18  47    2.23   365.9    8.2      21.595
2012   10       26    18  57    2.23   365.8    8.2      21.608
2012   10       26    19   7    2.24   365.8    8.2      21.620
2012   10       26    19  17    2.24   365.7    8.2      21.632
2012   10       26    19  27    2.24   365.7    8.2      21.645
2012   10       26    19  37    2.24   365.6    8.2      21.657
2012   10       26    19  47    2.24   365.6    8.2      21.670
2012   10       26    19  56    2.25   365.6    8.2      21.682
2012   10       26    20   6    2.25   365.5    8.2      21.695
2012   10       26    20  16    2.25   365.5    8.2      21.708
2012   10       26    20  26    2.25   365.4    8.3      21.720
2012   10       26    20  36    2.25   365.4    8.3      21.733
2012   10       26    20  46    2.26   365.4    8.3      21.746
2012   10       26    20  55    2.26   365.3    8.3      21.760
2012   10       26    21   5    2.26   365.3    8.3      21.774
2012   10       26    21  15    2.26   365.3    8.3      21.788
2012   10       26    21  25    2.26   365.2    8.3      21.803
2012   10       26    21  35    2.27   365.2    8.3      21.818
2012   10       26    21  45    2.27   365.2    8.3      21.833
2012   10       26    21  55    2.27   365.2    8.4      21.848
2012   10       26    22   4    2.27   365.1    8.4      21.864
2012   10       26    22  14    2.27   365.1    8.4      21.879
2012   10       26    22  24    2.28   365.1    8.4      21.895
2012   10       26    22  34    2.28   365.1    8.4      21.910
2012   10       26    22  44    2.28   365.1    8.4      21.925
2012   10       26    22  54    2.28   365.0    8.4      21.940
2012   10       26    23   3    2.28   365.0    8.4      21.954
2012   10       26    23  13    2.29   365.0    8.4      21.968
2012   10       26    23  23    2.29   365.0    8.4      21.983
2012   10       26    23  33    2.29   365.0    8.4      21.997
2012   10       26    23  43    2.29   364.9    8.5      22.010
2012   10       26    23  53    2.29   364.9    8.5      22.024
2012   10       27     0   2    2.29   364.9    8.5      22.037
2012   10       27     0  12    2.30   364.9    8.5      22.051
2012   10       27     0  22    2.30   364.9    8.5      22.064
2012   10       27     0  32    2.30   364.9    8.5      22.077
2012   10       27     0  42    2.30   364.9    8.5      22.090
2012   10       27     0  52    2.30   364.8    8.5      22.102
2012   10       27     1   2    2.30   364.8    8.5      22.115
2012   10       27     1  11    2.30   364.8    8.5      22.127
2012   10       27     1  21    2.31   364.8    8.5      22.139
2012   10       27     1  31    2.31   364.8    8.5      22.151
2012   10       27     1  41    2.31   364.8    8.5      22.163
2012   10       27     1  51    2.31   364.8    8.6      22.175
2012   10       27     2   1    2.31   364.8    8.6      22.187
2012   10       27     2  11    2.31   364.7    8.6      22.198
2012   10       27     2  20    2.31   364.7    8.6      22.209
2012   10       27     2  30    2.31   364.7    8.6      22.221
2012   10       27     2  40    2.31   364.7    8.6      22.232
2012   10       27     2  50    2.32   364.7    8.6      22.243
2012   10       27     3   0    2.32   364.7    8.6      22.253
2012   10       27     3  10    2.32   364.7    8.6      22.264
2012   10       27     3  20    2.32   364.7    8.6      22.275
2012   10       27     3  29    2.32   364.7    8.6      22.285
2012   10       27     3  39    2.32   364.7    8.6      22.296
2012   10       27     3  49    2.32   364.7    8.6      22.306
2012   10       27     3  59    2.32   364.7    8.6      22.317
2012   10       27     4   9    2.32   364.6    8.6      22.328
2012   10       27     4  19    2.33   364.6    8.7      22.339
2012   10       27     4  28    2.33   364.6    8.7      22.351
2012   10       27     4  38    2.33   364.6    8.7      22.363
2012   10       27     4  48    2.33   364.6    8.7      22.375
2012   10       27     4  58    2.33   364.6    8.7      22.388
2012   10       27     5   8    2.33   364.6    8.7      22.401
2012   10       27     5  18    2.33   364.7    8.7      22.414
2012   10       27     5  28    2.33   364.7    8.7      22.428
2012   10       27     5  37    2.33   364.7    8.7      22.441
2012   10       27     5  47    2.33   364.7    8.7      22.454
2012   10       27     5  57    2.33   364.7    8.7      22.467
2012   10       27     6   7    2.34   364.7    8.7      22.480
2012   10       27     6  17    2.34   364.7    8.7      22.493
2012   10       27     6  27    2.34   364.7    8.7      22.505
2012   10       27     6  36    2.34   364.7    8.7      22.518
2012   10       27     6  46    2.34   364.7    8.7      22.530
2012   10       27     6  56    2.34   364.7    8.7      22.541
2012   10       27     7   6    2.34   364.7    8.7      22.553
2012   10       27     7  16    2.34   364.8    8.7      22.564
2012   10       27     7  26    2.34   364.8    8.8      22.575
2012   10       27     7  36    2.34   364.8    8.8      22.585
2012   10       27     7  45    2.34   364.8    8.8      22.595
2012   10       27     7  55    2.34   364.8    8.8      22.605
2012   10       27     8   5    2.34   364.8    8.8      22.614
2012   10       27     8  15    2.34   364.8    8.8      22.623
2012   10       27     8  25    2.34   364.8    8.8      22.631
2012   10       27     8  35    2.34   364.8    8.8      22.639
2012   10       27     8  45    2.34   364.8    8.8      22.646
2012   10       27     8  54    2.34   364.8    8.8      22.653
2012   10       27     9   4    2.34   364.8    8.8      22.659
2012   10       27     9  14    2.34   364.8    8.8      22.666
2012   10       27     9  24    2.34   364.8    8.8      22.672
2012   10       27     9  34    2.34   364.8    8.8      22.677
2012   10       27     9  44    2.34   364.8    8.8      22.683
2012   10       27     9  53    2.34   364.8    8.8      22.688
2012   10       27    10   3    2.34   364.8    8.8      22.692
2012   10       27    10  13    2.34   364.8    8.8      22.697
2012   10       27    10  23    2.34   364.8    8.8      22.701
2012   10       27    10  33    2.34   364.8    8.8      22.705
2012   10       27    10  43    2.34   364.8    8.8      22.709
2012   10       27    10  53    2.34   364.8    8.8      22.713
2012   10       27    11   2    2.34   364.8    8.8      22.717
2012   10       27    11  12    2.34   364.8    8.8      22.720
2012   10       27    11  22    2.34   364.8    8.8      22.723
2012   10       27    11  32    2.34   364.8    8.8      22.727
2012   10       27    11  42    2.34   364.8    8.8      22.730
2012   10       27    11  52    2.34   364.8    8.8      22.734
2012   10       27    12   1    2.34   364.8    8.8      22.737
2012   10       27    12  11    2.34   364.8    8.8      22.741
2012   10       27    12  21    2.34   364.8    8.8      22.744
2012   10       27    12  31    2.34   364.8    8.8      22.748
2012   10       27    12  41    2.34   364.8    8.8      22.752
2012   10       27    12  51    2.34   364.8    8.8      22.756
2012   10       27    13   1    2.34   364.7    8.8      22.760
2012   10       27    13  10    2.34   364.7    8.8      22.765
2012   10       27    13  20    2.34   364.7    8.8      22.769
2012   10       27    13  30    2.34   364.7    8.8      22.774
2012   10       27    13  40    2.34   364.7    8.8      22.779
2012   10       27    13  50    2.34   364.7    8.8      22.784
2012   10       27    14   0    2.34   364.7    8.8      22.789
2012   10       27    14   9    2.34   364.7    8.8      22.794
2012   10       27    14  19    2.34   364.7    8.8      22.800
2012   10       27    14  29    2.34   364.7    8.8      22.805
2012   10       27    14  39    2.34   364.7    8.8      22.810
2012   10       27    14  49    2.34   364.7    8.8      22.815
2012   10       27    14  59    2.34   364.7    8.8      22.820
2012   10       27    15   9    2.34   364.7    8.8      22.824
2012   10       27    15  18    2.34   364.7    8.8      22.828
2012   10       27    15  28    2.34   364.7    8.8      22.831
2012   10       27    15  38    2.34   364.7    8.8      22.834
2012   10       27    15  48    2.34   364.6    8.8      22.837
2012   10       27    15  58    2.33   364.6    8.8      22.838
2012   10       27    16   8    2.33   364.6    8.8      22.840
2012   10       27    16  18    2.33   364.6    8.8      22.840
2012   10       27    16  27    2.33   364.6    8.8      22.841
2012   10       27    16  37    2.33   364.6    8.8      22.841
2012   10       27    16  47    2.33   364.6    8.8      22.840
2012   10       27    16  57    2.33   364.6    8.8      22.840
2012   10       27    17   7    2.33   364.5    8.8      22.839
2012   10       27    17  17    2.33   364.5    8.8      22.837
2012   10       27    17  26    2.33   364.5    8.8      22.835
2012   10       27    17  36    2.33   364.5    8.8      22.833
2012   10       27    17  46    2.33   364.5    8.8      22.831
2012   10       27    17  56    2.33   364.5    8.8      22.828
2012   10       27    18   6    2.33   364.4    8.8      22.826
2012   10       27    18  16    2.33   364.4    8.8      22.822
2012   10       27    18  26    2.32   364.4    8.8      22.819
2012   10       27    18  35    2.32   364.4    8.8      22.816
2012   10       27    18  45    2.32   364.4    8.8      22.812
2012   10       27    18  55    2.32   364.3    8.8      22.808
2012   10       27    19   5    2.32   364.3    8.8      22.804
2012   10       27    19  15    2.32   364.3    8.8      22.800
2012   10       27    19  25    2.32   364.3    8.8      22.796
2012   10       27    19  34    2.32   364.2    8.8      22.792
2012   10       27    19  44    2.32   364.2    8.8      22.788
2012   10       27    19  54    2.32   364.2    8.8      22.784
2012   10       27    20   4    2.32   364.1    8.8      22.779
2012   10       27    20  14    2.32   364.1    8.8      22.775
2012   10       27    20  24    2.32   364.1    8.8      22.771
2012   10       27    20  34    2.31   364.1    8.8      22.767
2012   10       27    20  43    2.31   364.0    8.8      22.763
2012   10       27    20  53    2.31   364.0    8.8      22.759
2012   10       27    21   3    2.31   364.0    8.8      22.755
2012   10       27    21  13    2.31   363.9    8.8      22.751
2012   10       27    21  23    2.31   363.9    8.8      22.748
2012   10       27    21  33    2.31   363.9    8.8      22.744
2012   10       27    21  42    2.31   363.8    8.8      22.741
2012   10       27    21  52    2.31   363.8    8.8      22.737
2012   10       27    22   2    2.31   363.8    8.8      22.734
2012   10       27    22  12    2.31   363.7    8.8      22.731
2012   10       27    22  22    2.31   363.7    8.8      22.727
2012   10       27    22  32    2.31   363.7    8.8      22.723
2012   10       27    22  42    2.30   363.6    8.8      22.720
2012   10       27    22  51    2.30   363.6    8.8      22.716
2012   10       27    23   1    2.30   363.6    8.8      22.711
2012   10       27    23  11    2.30   363.5    8.8      22.707
2012   10       27    23  21    2.30   363.5    8.8      22.702
2012   10       27    23  31    2.30   363.5    8.8      22.696
2012   10       27    23  41    2.30   363.4    8.8      22.691
2012   10       27    23  51    2.30   363.4    8.8      22.684
2012   10       28     0   0    2.30   363.4    8.8      22.678
