year    month   day   hour  minute  B_enl V_enl   n_enl       T_enl
[year] [month] [day] [hour][minute] [nT]  [km/s]  [cm-3]      [kK]
2012   10        4     0   8    2.60   366.0   11.4      28.382
2012   10        4     0  18    2.59   366.3   11.3      28.400
2012   10        4     0  27    2.59   366.5   11.3      28.416
2012   10        4     0  37    2.59   366.7   11.3      28.431
2012   10        4     0  46    2.59   366.9   11.3      28.445
2012   10        4     0  56    2.59   367.2   11.2      28.457
2012   10        4     1   6    2.58   367.4   11.2      28.467
2012   10        4     1  15    2.58   367.7   11.2      28.475
2012   10        4     1  25    2.58   367.9   11.2      28.481
2012   10        4     1  34    2.58   368.2   11.1      28.486
2012   10        4     1  44    2.57   368.4   11.1      28.489
2012   10        4     1  53    2.57   368.6   11.1      28.489
2012   10        4     2   3    2.57   368.9   11.0      28.486
2012   10        4     2  12    2.56   369.1   11.0      28.481
2012   10        4     2  22    2.56   369.4   10.9      28.474
2012   10        4     2  32    2.55   369.6   10.9      28.464
2012   10        4     2  41    2.55   369.8   10.9      28.451
2012   10        4     2  51    2.55   370.0   10.8      28.436
2012   10        4     3   0    2.54   370.2   10.8      28.417
2012   10        4     3  10    2.54   370.4   10.7      28.396
2012   10        4     3  19    2.53   370.6   10.7      28.373
2012   10        4     3  29    2.53   370.8   10.7      28.346
2012   10        4     3  38    2.52   371.0   10.6      28.316
2012   10        4     3  48    2.52   371.2   10.6      28.284
2012   10        4     3  57    2.51   371.4   10.5      28.249
2012   10        4     4   7    2.51   371.5   10.5      28.211
2012   10        4     4  16    2.50   371.7   10.4      28.172
2012   10        4     4  26    2.50   371.8   10.4      28.134
2012   10        4     4  35    2.49   371.9   10.3      28.097
2012   10        4     4  45    2.48   372.1   10.3      28.060
2012   10        4     4  54    2.48   372.2   10.3      28.024
2012   10        4     5   4    2.47   372.4   10.2      27.989
2012   10        4     5  13    2.47   372.5   10.2      27.954
2012   10        4     5  23    2.46   372.7   10.2      27.919
2012   10        4     5  33    2.46   372.8   10.1      27.884
2012   10        4     5  42    2.45   372.9   10.1      27.849
2012   10        4     5  52    2.45   373.1   10.0      27.814
2012   10        4     6   1    2.44   373.2   10.0      27.780
2012   10        4     6  11    2.44   373.3   10.0      27.745
2012   10        4     6  20    2.43   373.5    9.9      27.710
2012   10        4     6  30    2.43   373.6    9.9      27.675
2012   10        4     6  39    2.42   373.7    9.9      27.639
2012   10        4     6  49    2.42   373.9    9.8      27.604
2012   10        4     6  58    2.41   374.0    9.8      27.568
2012   10        4     7   8    2.41   374.1    9.8      27.532
2012   10        4     7  17    2.40   374.2    9.7      27.495
2012   10        4     7  27    2.39   374.4    9.7      27.459
2012   10        4     7  37    2.39   374.5    9.7      27.421
2012   10        4     7  46    2.38   374.6    9.6      27.383
2012   10        4     7  56    2.38   374.7    9.6      27.345
2012   10        4     8   5    2.37   374.9    9.6      27.306
2012   10        4     8  15    2.37   375.0    9.5      27.266
2012   10        4     8  24    2.36   375.1    9.5      27.226
2012   10        4     8  34    2.36   375.3    9.5      27.185
2012   10        4     8  43    2.35   375.4    9.4      27.143
2012   10        4     8  53    2.34   375.5    9.4      27.102
2012   10        4     9   3    2.34   375.7    9.4      27.059
2012   10        4     9  12    2.33   375.8    9.3      27.015
2012   10        4     9  22    2.32   375.9    9.3      26.969
2012   10        4     9  31    2.32   376.0    9.3      26.922
2012   10        4     9  41    2.31   376.2    9.2      26.874
2012   10        4     9  50    2.31   376.3    9.2      26.823
2012   10        4    10   0    2.30   376.4    9.1      26.771
2012   10        4    10   9    2.29   376.5    9.1      26.716
2012   10        4    10  19    2.28   376.6    9.1      26.658
2012   10        4    10  28    2.28   376.8    9.0      26.598
2012   10        4    10  38    2.27   376.9    9.0      26.536
2012   10        4    10  47    2.26   377.0    8.9      26.470
2012   10        4    10  57    2.26   377.0    8.9      26.401
2012   10        4    11   7    2.25   377.1    8.9      26.329
2012   10        4    11  16    2.24   377.2    8.8      26.255
2012   10        4    11  26    2.23   377.2    8.8      26.178
2012   10        4    11  35    2.23   377.3    8.7      26.102
2012   10        4    11  45    2.22   377.3    8.7      26.027
2012   10        4    11  54    2.21   377.3    8.7      25.955
2012   10        4    12   4    2.21   377.4    8.6      25.884
2012   10        4    12  13    2.20   377.4    8.6      25.814
2012   10        4    12  23    2.19   377.4    8.6      25.745
2012   10        4    12  32    2.19   377.5    8.5      25.677
2012   10        4    12  42    2.18   377.5    8.5      25.610
2012   10        4    12  51    2.17   377.5    8.5      25.543
2012   10        4    13   1    2.17   377.5    8.4      25.477
2012   10        4    13  10    2.16   377.5    8.4      25.411
2012   10        4    13  20    2.16   377.5    8.4      25.345
2012   10        4    13  29    2.15   377.5    8.3      25.279
2012   10        4    13  39    2.14   377.5    8.3      25.214
2012   10        4    13  48    2.14   377.5    8.3      25.148
2012   10        4    13  58    2.13   377.5    8.3      25.082
2012   10        4    14   8    2.13   377.5    8.2      25.016
2012   10        4    14  17    2.12   377.5    8.2      24.950
2012   10        4    14  27    2.12   377.5    8.2      24.884
2012   10        4    14  36    2.11   377.5    8.2      24.819
2012   10        4    14  46    2.10   377.4    8.1      24.754
2012   10        4    14  55    2.10   377.4    8.1      24.690
2012   10        4    15   5    2.09   377.4    8.1      24.627
2012   10        4    15  14    2.09   377.4    8.1      24.564
2012   10        4    15  24    2.08   377.3    8.1      24.503
2012   10        4    15  34    2.08   377.3    8.0      24.443
2012   10        4    15  43    2.07   377.3    8.0      24.385
2012   10        4    15  53    2.07   377.2    8.0      24.327
2012   10        4    16   2    2.06   377.2    8.0      24.271
2012   10        4    16  12    2.05   377.1    8.0      24.216
2012   10        4    16  21    2.05   377.1    7.9      24.163
2012   10        4    16  31    2.04   377.1    7.9      24.110
2012   10        4    16  40    2.04   377.0    7.9      24.057
2012   10        4    16  50    2.03   377.0    7.9      24.005
2012   10        4    16  59    2.03   376.9    7.9      23.953
2012   10        4    17   9    2.02   376.9    7.9      23.901
2012   10        4    17  19    2.02   376.8    7.8      23.849
2012   10        4    17  28    2.01   376.8    7.8      23.796
2012   10        4    17  38    2.01   376.7    7.8      23.744
2012   10        4    17  47    2.00   376.6    7.8      23.692
2012   10        4    17  57    2.00   376.6    7.8      23.641
2012   10        4    18   6    1.99   376.5    7.7      23.589
2012   10        4    18  16    1.99   376.5    7.7      23.538
2012   10        4    18  25    1.98   376.4    7.7      23.487
2012   10        4    18  35    1.98   376.4    7.7      23.436
2012   10        4    18  44    1.98   376.3    7.7      23.386
2012   10        4    18  54    1.97   376.2    7.7      23.336
2012   10        4    19   3    1.97   376.2    7.6      23.287
2012   10        4    19  13    1.96   376.1    7.6      23.238
2012   10        4    19  22    1.96   376.0    7.6      23.189
2012   10        4    19  32    1.95   376.0    7.6      23.141
2012   10        4    19  41    1.95   375.9    7.6      23.092
2012   10        4    19  51    1.95   375.8    7.6      23.044
2012   10        4    20   0    1.94   375.8    7.5      22.996
2012   10        4    20  10    1.94   375.7    7.5      22.948
2012   10        4    20  20    1.93   375.6    7.5      22.899
2012   10        4    20  29    1.93   375.5    7.5      22.850
2012   10        4    20  39    1.93   375.4    7.5      22.801
2012   10        4    20  48    1.92   375.3    7.5      22.752
2012   10        4    20  58    1.92   375.2    7.5      22.702
2012   10        4    21   7    1.92   375.1    7.4      22.653
2012   10        4    21  17    1.91   375.0    7.4      22.603
2012   10        4    21  26    1.91   374.9    7.4      22.553
2012   10        4    21  36    1.90   374.8    7.4      22.503
2012   10        4    21  45    1.90   374.7    7.4      22.454
2012   10        4    21  55    1.90   374.6    7.4      22.405
2012   10        4    22   4    1.89   374.5    7.4      22.357
2012   10        4    22  14    1.89   374.4    7.4      22.310
2012   10        4    22  24    1.89   374.3    7.4      22.265
2012   10        4    22  33    1.88   374.2    7.4      22.221
2012   10        4    22  43    1.88   374.1    7.4      22.179
2012   10        4    22  52    1.88   374.0    7.3      22.139
2012   10        4    23   2    1.88   373.9    7.3      22.100
2012   10        4    23  11    1.87   373.8    7.3      22.064
2012   10        4    23  21    1.87   373.6    7.3      22.028
2012   10        4    23  31    1.87   373.5    7.3      21.995
2012   10        4    23  40    1.86   373.4    7.3      21.963
2012   10        4    23  50    1.86   373.3    7.3      21.932
2012   10        4    23  59    1.86   373.2    7.3      21.902
2012   10        5     0   9    1.86   373.1    7.3      21.872
2012   10        5     0  18    1.85   373.0    7.3      21.842
2012   10        5     0  28    1.85   372.9    7.3      21.811
2012   10        5     0  37    1.85   372.8    7.3      21.779
2012   10        5     0  47    1.85   372.6    7.3      21.747
2012   10        5     0  56    1.84   372.5    7.3      21.714
2012   10        5     1   6    1.84   372.4    7.3      21.681
2012   10        5     1  15    1.84   372.3    7.2      21.647
2012   10        5     1  25    1.84   372.2    7.2      21.613
2012   10        5     1  34    1.83   372.1    7.2      21.579
2012   10        5     1  44    1.83   372.0    7.2      21.544
2012   10        5     1  54    1.83   371.8    7.2      21.509
2012   10        5     2   3    1.83   371.7    7.2      21.474
2012   10        5     2  13    1.82   371.6    7.2      21.439
2012   10        5     2  22    1.82   371.5    7.2      21.404
2012   10        5     2  32    1.82   371.4    7.2      21.368
2012   10        5     2  41    1.82   371.2    7.2      21.332
2012   10        5     2  51    1.81   371.1    7.2      21.297
2012   10        5     3   0    1.81   371.0    7.2      21.261
2012   10        5     3  10    1.81   370.9    7.2      21.225
2012   10        5     3  19    1.81   370.8    7.1      21.189
2012   10        5     3  29    1.81   370.6    7.1      21.152
2012   10        5     3  38    1.80   370.5    7.1      21.116
2012   10        5     3  48    1.80   370.4    7.1      21.079
2012   10        5     3  57    1.80   370.2    7.1      21.043
2012   10        5     4   7    1.80   370.1    7.1      21.006
2012   10        5     4  16    1.79   370.0    7.1      20.970
2012   10        5     4  26    1.79   369.8    7.1      20.934
2012   10        5     4  36    1.79   369.7    7.1      20.897
2012   10        5     4  45    1.79   369.6    7.1      20.861
2012   10        5     4  55    1.79   369.4    7.1      20.826
2012   10        5     5   4    1.78   369.3    7.1      20.791
2012   10        5     5  14    1.78   369.1    7.1      20.756
2012   10        5     5  23    1.78   369.0    7.1      20.721
2012   10        5     5  33    1.78   368.9    7.1      20.687
2012   10        5     5  42    1.78   368.7    7.0      20.654
2012   10        5     5  52    1.77   368.6    7.0      20.622
2012   10        5     6   1    1.77   368.4    7.0      20.590
2012   10        5     6  11    1.77   368.3    7.0      20.559
2012   10        5     6  21    1.77   368.1    7.0      20.529
2012   10        5     6  30    1.77   368.0    7.0      20.499
2012   10        5     6  40    1.77   367.8    7.0      20.470
2012   10        5     6  49    1.76   367.7    7.0      20.443
2012   10        5     6  59    1.76   367.5    7.0      20.416
2012   10        5     7   8    1.76   367.4    7.0      20.390
2012   10        5     7  18    1.76   367.2    7.0      20.364
2012   10        5     7  27    1.76   367.1    7.0      20.339
2012   10        5     7  37    1.76   366.9    7.0      20.315
2012   10        5     7  47    1.76   366.8    7.0      20.290
2012   10        5     7  56    1.75   366.6    7.0      20.266
2012   10        5     8   6    1.75   366.5    7.0      20.242
2012   10        5     8  15    1.75   366.3    7.0      20.218
2012   10        5     8  25    1.75   366.2    7.0      20.194
2012   10        5     8  34    1.75   366.0    7.0      20.170
2012   10        5     8  44    1.75   365.8    7.0      20.147
2012   10        5     8  53    1.75   365.7    7.0      20.124
2012   10        5     9   3    1.75   365.5    7.0      20.102
2012   10        5     9  12    1.75   365.4    7.0      20.079
2012   10        5     9  22    1.75   365.2    7.0      20.057
2012   10        5     9  31    1.74   365.1    7.0      20.035
2012   10        5     9  41    1.74   364.9    7.0      20.014
2012   10        5     9  50    1.74   364.8    7.0      19.993
2012   10        5    10   0    1.74   364.6    7.0      19.973
2012   10        5    10   9    1.74   364.5    7.0      19.953
2012   10        5    10  18    1.74   364.3    7.0      19.934
2012   10        5    10  27    1.74   364.2    7.0      19.915
2012   10        5    10  37    1.74   364.0    7.0      19.895
2012   10        5    10  46    1.74   363.9    7.0      19.875
2012   10        5    10  55    1.74   363.7    7.0      19.855
2012   10        5    11   4    1.73   363.6    7.0      19.835
2012   10        5    11  13    1.73   363.4    7.0      19.814
2012   10        5    11  22    1.73   363.3    7.0      19.793
2012   10        5    11  30    1.73   363.1    7.0      19.772
2012   10        5    11  39    1.73   363.0    7.0      19.751
2012   10        5    11  48    1.73   362.9    7.0      19.729
2012   10        5    11  57    1.73   362.7    7.0      19.707
2012   10        5    12   6    1.73   362.6    7.0      19.685
2012   10        5    12  15    1.73   362.4    7.0      19.663
2012   10        5    12  24    1.73   362.3    7.0      19.640
2012   10        5    12  33    1.73   362.1    7.0      19.618
2012   10        5    12  42    1.72   362.0    7.0      19.595
2012   10        5    12  51    1.72   361.8    7.0      19.572
2012   10        5    13   0    1.72   361.7    7.0      19.548
2012   10        5    13   9    1.72   361.5    7.0      19.525
2012   10        5    13  18    1.72   361.3    7.0      19.501
2012   10        5    13  27    1.72   361.2    7.0      19.477
2012   10        5    13  36    1.72   361.0    7.0      19.454
2012   10        5    13  45    1.72   360.9    7.0      19.430
2012   10        5    13  54    1.72   360.7    7.0      19.406
2012   10        5    14   3    1.72   360.6    7.0      19.382
2012   10        5    14  12    1.72   360.4    7.0      19.359
2012   10        5    14  21    1.71   360.2    7.0      19.336
2012   10        5    14  30    1.71   360.1    7.0      19.312
2012   10        5    14  39    1.71   359.9    7.0      19.289
2012   10        5    14  48    1.71   359.7    7.0      19.267
2012   10        5    14  56    1.71   359.6    7.0      19.244
2012   10        5    15   5    1.71   359.4    7.0      19.222
2012   10        5    15  14    1.71   359.2    7.0      19.200
2012   10        5    15  23    1.71   359.1    7.0      19.179
2012   10        5    15  32    1.71   358.9    7.0      19.158
2012   10        5    15  41    1.71   358.7    7.0      19.137
2012   10        5    15  50    1.71   358.6    7.0      19.117
2012   10        5    15  59    1.71   358.4    7.0      19.097
2012   10        5    16   8    1.71   358.2    7.0      19.078
2012   10        5    16  17    1.71   358.1    7.0      19.059
2012   10        5    16  27    1.71   357.9    7.0      19.040
2012   10        5    16  36    1.71   357.7    7.0      19.022
2012   10        5    16  45    1.71   357.6    7.0      19.004
2012   10        5    16  54    1.71   357.4    7.0      18.986
2012   10        5    17   3    1.70   357.2    7.0      18.969
2012   10        5    17  12    1.70   357.0    7.0      18.952
2012   10        5    17  21    1.70   356.9    7.0      18.936
2012   10        5    17  30    1.70   356.7    7.0      18.920
2012   10        5    17  39    1.70   356.5    7.0      18.905
2012   10        5    17  48    1.70   356.3    7.0      18.889
2012   10        5    17  57    1.70   356.2    7.0      18.873
2012   10        5    18   6    1.70   356.0    7.0      18.858
2012   10        5    18  15    1.70   355.8    7.0      18.842
2012   10        5    18  24    1.70   355.6    7.0      18.827
2012   10        5    18  33    1.70   355.5    7.0      18.812
2012   10        5    18  43    1.70   355.3    7.0      18.797
2012   10        5    18  52    1.70   355.1    7.0      18.782
2012   10        5    19   1    1.70   355.0    7.0      18.767
2012   10        5    19  10    1.70   354.8    7.0      18.753
2012   10        5    19  19    1.70   354.6    7.0      18.740
2012   10        5    19  28    1.70   354.5    7.0      18.726
2012   10        5    19  37    1.70   354.3    7.0      18.713
2012   10        5    19  46    1.70   354.1    7.1      18.701
2012   10        5    19  55    1.70   354.0    7.1      18.689
2012   10        5    20   4    1.70   353.8    7.1      18.677
2012   10        5    20  13    1.70   353.6    7.1      18.665
2012   10        5    20  22    1.70   353.5    7.1      18.654
2012   10        5    20  31    1.70   353.3    7.1      18.643
2012   10        5    20  41    1.70   353.1    7.1      18.633
2012   10        5    20  50    1.70   353.0    7.1      18.623
2012   10        5    20  59    1.71   352.8    7.1      18.613
2012   10        5    21   8    1.71   352.6    7.1      18.603
2012   10        5    21  17    1.71   352.5    7.1      18.594
2012   10        5    21  26    1.71   352.3    7.1      18.584
2012   10        5    21  35    1.71   352.1    7.1      18.575
2012   10        5    21  45    1.71   352.0    7.1      18.566
2012   10        5    21  54    1.71   351.8    7.1      18.557
2012   10        5    22   3    1.71   351.6    7.2      18.548
2012   10        5    22  12    1.71   351.5    7.2      18.540
2012   10        5    22  21    1.71   351.3    7.2      18.531
2012   10        5    22  30    1.71   351.1    7.2      18.522
2012   10        5    22  40    1.71   351.0    7.2      18.513
2012   10        5    22  49    1.71   350.8    7.2      18.504
2012   10        5    22  58    1.71   350.6    7.2      18.495
2012   10        5    23   7    1.71   350.5    7.2      18.486
2012   10        5    23  16    1.71   350.3    7.2      18.477
2012   10        5    23  26    1.71   350.1    7.2      18.468
2012   10        5    23  35    1.71   349.9    7.2      18.458
2012   10        5    23  44    1.71   349.8    7.2      18.449
2012   10        5    23  53    1.72   349.6    7.2      18.439
2012   10        6     0   3    1.72   349.4    7.3      18.430
2012   10        6     0  12    1.72   349.3    7.3      18.420
2012   10        6     0  21    1.72   349.1    7.3      18.411
2012   10        6     0  30    1.72   348.9    7.3      18.401
2012   10        6     0  40    1.72   348.7    7.3      18.392
2012   10        6     0  49    1.72   348.6    7.3      18.383
2012   10        6     0  58    1.72   348.4    7.3      18.375
2012   10        6     1   8    1.72   348.2    7.3      18.367
2012   10        6     1  17    1.72   348.0    7.3      18.359
2012   10        6     1  26    1.72   347.9    7.3      18.351
2012   10        6     1  35    1.72   347.7    7.3      18.344
2012   10        6     1  45    1.72   347.5    7.3      18.338
2012   10        6     1  54    1.73   347.3    7.4      18.331
2012   10        6     2   3    1.73   347.2    7.4      18.326
2012   10        6     2  13    1.73   347.0    7.4      18.321
2012   10        6     2  22    1.73   346.8    7.4      18.316
2012   10        6     2  32    1.73   346.7    7.4      18.312
2012   10        6     2  41    1.73   346.5    7.4      18.309
2012   10        6     2  50    1.73   346.3    7.4      18.306
2012   10        6     3   0    1.73   346.1    7.4      18.304
2012   10        6     3   9    1.74   346.0    7.4      18.303
2012   10        6     3  19    1.74   345.8    7.5      18.302
2012   10        6     3  28    1.74   345.6    7.5      18.302
2012   10        6     3  38    1.74   345.5    7.5      18.303
2012   10        6     3  47    1.74   345.3    7.5      18.304
2012   10        6     3  57    1.74   345.1    7.5      18.306
2012   10        6     4   6    1.75   345.0    7.5      18.309
2012   10        6     4  16    1.75   344.8    7.6      18.312
2012   10        6     4  25    1.75   344.7    7.6      18.316
2012   10        6     4  35    1.75   344.5    7.6      18.321
2012   10        6     4  44    1.75   344.4    7.6      18.327
2012   10        6     4  54    1.76   344.2    7.6      18.333
2012   10        6     5   3    1.76   344.0    7.7      18.340
2012   10        6     5  13    1.76   343.9    7.7      18.348
2012   10        6     5  22    1.76   343.7    7.7      18.357
2012   10        6     5  32    1.77   343.6    7.7      18.366
2012   10        6     5  41    1.77   343.5    7.7      18.376
2012   10        6     5  51    1.77   343.3    7.8      18.387
2012   10        6     6   0    1.77   343.2    7.8      18.399
2012   10        6     6  10    1.78   343.1    7.8      18.412
2012   10        6     6  20    1.78   342.9    7.8      18.426
2012   10        6     6  29    1.78   342.8    7.9      18.441
2012   10        6     6  39    1.78   342.7    7.9      18.457
2012   10        6     6  48    1.79   342.6    7.9      18.473
2012   10        6     6  58    1.79   342.4    7.9      18.490
2012   10        6     7   7    1.79   342.3    7.9      18.507
2012   10        6     7  17    1.79   342.2    8.0      18.523
2012   10        6     7  26    1.80   342.1    8.0      18.538
2012   10        6     7  36    1.80   342.0    8.0      18.553
2012   10        6     7  46    1.80   341.9    8.0      18.568
2012   10        6     7  55    1.80   341.8    8.0      18.582
2012   10        6     8   5    1.81   341.6    8.0      18.595
2012   10        6     8  14    1.81   341.5    8.1      18.609
2012   10        6     8  24    1.81   341.4    8.1      18.622
2012   10        6     8  33    1.81   341.3    8.1      18.635
2012   10        6     8  43    1.82   341.2    8.1      18.647
2012   10        6     8  52    1.82   341.1    8.1      18.659
2012   10        6     9   2    1.82   341.0    8.2      18.671
2012   10        6     9  12    1.82   340.9    8.2      18.682
2012   10        6     9  21    1.82   340.8    8.2      18.693
2012   10        6     9  31    1.83   340.7    8.2      18.704
2012   10        6     9  40    1.83   340.5    8.2      18.715
2012   10        6     9  50    1.83   340.4    8.2      18.725
2012   10        6     9  59    1.83   340.3    8.2      18.735
2012   10        6    10   9    1.84   340.2    8.3      18.746
2012   10        6    10  19    1.84   340.1    8.3      18.755
2012   10        6    10  28    1.84   340.0    8.3      18.765
2012   10        6    10  38    1.84   339.9    8.3      18.775
2012   10        6    10  47    1.84   339.8    8.3      18.785
2012   10        6    10  57    1.85   339.7    8.3      18.794
2012   10        6    11   6    1.85   339.6    8.4      18.804
2012   10        6    11  16    1.85   339.5    8.4      18.813
2012   10        6    11  25    1.85   339.4    8.4      18.823
2012   10        6    11  35    1.86   339.3    8.4      18.833
2012   10        6    11  44    1.86   339.2    8.4      18.842
2012   10        6    11  54    1.86   339.1    8.4      18.852
2012   10        6    12   4    1.86   339.0    8.5      18.863
2012   10        6    12  13    1.87   338.9    8.5      18.873
2012   10        6    12  23    1.87   338.8    8.5      18.884
2012   10        6    12  32    1.87   338.8    8.5      18.895
2012   10        6    12  42    1.87   338.7    8.5      18.907
2012   10        6    12  51    1.88   338.6    8.6      18.919
2012   10        6    13   1    1.88   338.5    8.6      18.932
2012   10        6    13  10    1.88   338.4    8.6      18.946
2012   10        6    13  20    1.89   338.3    8.6      18.960
2012   10        6    13  30    1.89   338.3    8.6      18.975
2012   10        6    13  39    1.89   338.2    8.7      18.991
2012   10        6    13  49    1.89   338.1    8.7      19.007
2012   10        6    13  58    1.90   338.1    8.7      19.025
2012   10        6    14   8    1.90   338.0    8.7      19.043
2012   10        6    14  17    1.90   337.9    8.7      19.062
2012   10        6    14  27    1.90   337.9    8.7      19.080
2012   10        6    14  36    1.91   337.8    8.8      19.097
2012   10        6    14  46    1.91   337.8    8.8      19.114
2012   10        6    14  56    1.91   337.7    8.8      19.131
2012   10        6    15   5    1.91   337.6    8.8      19.147
2012   10        6    15  15    1.92   337.6    8.8      19.162
2012   10        6    15  24    1.92   337.5    8.8      19.177
2012   10        6    15  34    1.92   337.5    8.9      19.192
2012   10        6    15  43    1.92   337.4    8.9      19.206
2012   10        6    15  53    1.92   337.3    8.9      19.220
2012   10        6    16   2    1.93   337.3    8.9      19.233
2012   10        6    16  12    1.93   337.2    8.9      19.247
2012   10        6    16  22    1.93   337.2    8.9      19.260
2012   10        6    16  31    1.93   337.1    8.9      19.272
2012   10        6    16  41    1.93   337.1    8.9      19.285
2012   10        6    16  50    1.94   337.0    9.0      19.297
2012   10        6    17   0    1.94   336.9    9.0      19.309
2012   10        6    17   9    1.94   336.9    9.0      19.320
2012   10        6    17  19    1.94   336.8    9.0      19.332
2012   10        6    17  28    1.94   336.8    9.0      19.343
2012   10        6    17  38    1.95   336.7    9.0      19.354
2012   10        6    17  47    1.95   336.7    9.0      19.365
2012   10        6    17  57    1.95   336.6    9.0      19.375
2012   10        6    18   7    1.95   336.6    9.1      19.386
2012   10        6    18  16    1.95   336.5    9.1      19.396
2012   10        6    18  26    1.95   336.5    9.1      19.406
2012   10        6    18  35    1.96   336.4    9.1      19.416
2012   10        6    18  45    1.96   336.4    9.1      19.426
2012   10        6    18  54    1.96   336.3    9.1      19.435
2012   10        6    19   4    1.96   336.3    9.1      19.445
2012   10        6    19  13    1.96   336.2    9.1      19.454
2012   10        6    19  23    1.96   336.2    9.1      19.463
2012   10        6    19  33    1.97   336.1    9.2      19.472
2012   10        6    19  42    1.97   336.1    9.2      19.481
2012   10        6    19  52    1.97   336.1    9.2      19.489
2012   10        6    20   1    1.97   336.0    9.2      19.498
2012   10        6    20  11    1.97   336.0    9.2      19.506
2012   10        6    20  20    1.97   335.9    9.2      19.515
2012   10        6    20  30    1.98   335.9    9.2      19.523
2012   10        6    20  39    1.98   335.8    9.2      19.531
2012   10        6    20  49    1.98   335.8    9.2      19.539
2012   10        6    20  58    1.98   335.8    9.2      19.546
2012   10        6    21   8    1.98   335.7    9.2      19.554
2012   10        6    21  18    1.98   335.7    9.3      19.561
2012   10        6    21  27    1.98   335.6    9.3      19.569
2012   10        6    21  37    1.99   335.6    9.3      19.576
2012   10        6    21  46    1.99   335.5    9.3      19.583
2012   10        6    21  56    1.99   335.5    9.3      19.590
2012   10        6    22   5    1.99   335.5    9.3      19.597
2012   10        6    22  15    1.99   335.4    9.3      19.604
2012   10        6    22  25    1.99   335.4    9.3      19.610
2012   10        6    22  34    1.99   335.3    9.3      19.617
2012   10        6    22  44    1.99   335.3    9.3      19.623
2012   10        6    22  53    2.00   335.3    9.3      19.630
2012   10        6    23   3    2.00   335.2    9.3      19.636
2012   10        6    23  12    2.00   335.2    9.4      19.642
2012   10        6    23  22    2.00   335.1    9.4      19.648
2012   10        6    23  31    2.00   335.1    9.4      19.654
2012   10        6    23  41    2.00   335.1    9.4      19.660
2012   10        6    23  50    2.00   335.0    9.4      19.666
2012   10        7     0   0    2.00   335.0    9.4      19.672
2012   10        7     0  10    2.01   334.9    9.4      19.677
2012   10        7     0  19    2.01   334.9    9.4      19.683
2012   10        7     0  29    2.01   334.9    9.4      19.689
2012   10        7     0  38    2.01   334.8    9.4      19.695
2012   10        7     0  48    2.01   334.8    9.4      19.700
2012   10        7     0  57    2.01   334.8    9.4      19.706
2012   10        7     1   7    2.01   334.7    9.4      19.711
2012   10        7     1  16    2.01   334.7    9.4      19.717
2012   10        7     1  26    2.01   334.6    9.4      19.723
2012   10        7     1  35    2.01   334.6    9.5      19.728
2012   10        7     1  45    2.02   334.6    9.5      19.734
2012   10        7     1  55    2.02   334.5    9.5      19.739
2012   10        7     2   4    2.02   334.5    9.5      19.745
2012   10        7     2  14    2.02   334.5    9.5      19.750
2012   10        7     2  23    2.02   334.4    9.5      19.755
2012   10        7     2  33    2.02   334.4    9.5      19.761
2012   10        7     2  42    2.02   334.3    9.5      19.766
2012   10        7     2  52    2.02   334.3    9.5      19.771
2012   10        7     3   1    2.02   334.3    9.5      19.776
2012   10        7     3  11    2.02   334.2    9.5      19.781
2012   10        7     3  21    2.02   334.2    9.5      19.786
2012   10        7     3  30    2.02   334.2    9.5      19.791
2012   10        7     3  40    2.03   334.1    9.5      19.796
2012   10        7     3  49    2.03   334.1    9.5      19.800
2012   10        7     3  59    2.03   334.1    9.5      19.805
2012   10        7     4   8    2.03   334.0    9.6      19.809
2012   10        7     4  18    2.03   334.0    9.6      19.813
2012   10        7     4  27    2.03   333.9    9.6      19.817
2012   10        7     4  37    2.03   333.9    9.6      19.821
2012   10        7     4  47    2.03   333.9    9.6      19.825
2012   10        7     4  56    2.03   333.8    9.6      19.829
2012   10        7     5   6    2.03   333.8    9.6      19.833
2012   10        7     5  15    2.03   333.8    9.6      19.836
2012   10        7     5  25    2.03   333.7    9.6      19.839
2012   10        7     5  34    2.03   333.7    9.6      19.842
2012   10        7     5  44    2.03   333.7    9.6      19.846
2012   10        7     5  53    2.03   333.6    9.6      19.848
2012   10        7     6   3    2.04   333.6    9.6      19.851
2012   10        7     6  12    2.04   333.6    9.6      19.854
2012   10        7     6  22    2.04   333.5    9.6      19.857
2012   10        7     6  32    2.04   333.5    9.6      19.859
2012   10        7     6  41    2.04   333.5    9.6      19.861
2012   10        7     6  51    2.04   333.4    9.6      19.864
2012   10        7     7   0    2.04   333.4    9.6      19.866
2012   10        7     7  10    2.04   333.3    9.6      19.868
2012   10        7     7  19    2.04   333.3    9.7      19.870
2012   10        7     7  29    2.04   333.3    9.7      19.872
2012   10        7     7  38    2.04   333.2    9.7      19.874
2012   10        7     7  48    2.04   333.2    9.7      19.876
2012   10        7     7  57    2.04   333.2    9.7      19.878
2012   10        7     8   7    2.04   333.1    9.7      19.880
2012   10        7     8  17    2.04   333.1    9.7      19.882
2012   10        7     8  26    2.04   333.1    9.7      19.884
2012   10        7     8  36    2.04   333.0    9.7      19.886
2012   10        7     8  45    2.04   333.0    9.7      19.887
2012   10        7     8  55    2.05   333.0    9.7      19.889
2012   10        7     9   4    2.05   332.9    9.7      19.891
2012   10        7     9  14    2.05   332.9    9.7      19.893
2012   10        7     9  23    2.05   332.9    9.7      19.895
2012   10        7     9  33    2.05   332.8    9.7      19.897
2012   10        7     9  42    2.05   332.8    9.7      19.899
2012   10        7     9  52    2.05   332.8    9.7      19.901
2012   10        7    10   2    2.05   332.7    9.7      19.903
2012   10        7    10  11    2.05   332.7    9.7      19.904
2012   10        7    10  21    2.05   332.7    9.7      19.906
2012   10        7    10  30    2.05   332.6    9.7      19.908
2012   10        7    10  40    2.05   332.6    9.7      19.910
2012   10        7    10  49    2.05   332.6    9.7      19.912
2012   10        7    10  59    2.05   332.5    9.7      19.914
2012   10        7    11   8    2.05   332.5    9.7      19.916
2012   10        7    11  18    2.05   332.5    9.7      19.917
2012   10        7    11  28    2.05   332.4    9.8      19.919
2012   10        7    11  37    2.05   332.4    9.8      19.921
2012   10        7    11  47    2.05   332.4    9.8      19.922
2012   10        7    11  56    2.05   332.3    9.8      19.924
2012   10        7    12   6    2.05   332.3    9.8      19.925
2012   10        7    12  15    2.05   332.3    9.8      19.926
2012   10        7    12  25    2.05   332.2    9.8      19.927
2012   10        7    12  34    2.05   332.2    9.8      19.929
2012   10        7    12  44    2.06   332.1    9.8      19.930
2012   10        7    12  54    2.06   332.1    9.8      19.930
2012   10        7    13   3    2.06   332.1    9.8      19.931
2012   10        7    13  13    2.06   332.0    9.8      19.932
2012   10        7    13  22    2.06   332.0    9.8      19.932
2012   10        7    13  32    2.06   332.0    9.8      19.933
2012   10        7    13  41    2.06   331.9    9.8      19.933
2012   10        7    13  51    2.06   331.9    9.8      19.934
2012   10        7    14   0    2.06   331.9    9.8      19.934
2012   10        7    14  10    2.06   331.8    9.8      19.934
2012   10        7    14  19    2.06   331.8    9.8      19.934
2012   10        7    14  29    2.06   331.8    9.8      19.934
2012   10        7    14  38    2.06   331.7    9.8      19.934
2012   10        7    14  48    2.06   331.7    9.8      19.934
2012   10        7    14  58    2.06   331.7    9.8      19.933
2012   10        7    15   7    2.06   331.6    9.8      19.933
2012   10        7    15  17    2.06   331.6    9.8      19.932
2012   10        7    15  26    2.06   331.6    9.8      19.932
2012   10        7    15  36    2.06   331.5    9.8      19.932
2012   10        7    15  45    2.06   331.5    9.8      19.931
2012   10        7    15  55    2.06   331.5    9.8      19.931
2012   10        7    16   4    2.06   331.4    9.8      19.930
2012   10        7    16  14    2.06   331.4    9.8      19.930
2012   10        7    16  23    2.06   331.4    9.8      19.929
2012   10        7    16  33    2.06   331.3    9.8      19.929
2012   10        7    16  43    2.06   331.3    9.8      19.928
2012   10        7    16  52    2.06   331.2    9.9      19.928
2012   10        7    17   2    2.06   331.2    9.9      19.927
2012   10        7    17  11    2.06   331.2    9.9      19.927
2012   10        7    17  21    2.06   331.1    9.9      19.927
2012   10        7    17  30    2.06   331.1    9.9      19.926
2012   10        7    17  40    2.06   331.1    9.9      19.926
2012   10        7    17  49    2.06   331.0    9.9      19.926
2012   10        7    17  59    2.06   331.0    9.9      19.925
2012   10        7    18   9    2.06   331.0    9.9      19.925
2012   10        7    18  18    2.06   330.9    9.9      19.925
2012   10        7    18  28    2.06   330.9    9.9      19.925
2012   10        7    18  37    2.06   330.9    9.9      19.924
2012   10        7    18  47    2.07   330.8    9.9      19.924
2012   10        7    18  56    2.07   330.8    9.9      19.924
2012   10        7    19   6    2.07   330.8    9.9      19.924
2012   10        7    19  15    2.07   330.7    9.9      19.924
2012   10        7    19  25    2.07   330.7    9.9      19.924
2012   10        7    19  34    2.07   330.7    9.9      19.923
2012   10        7    19  44    2.07   330.6    9.9      19.923
2012   10        7    19  54    2.07   330.6    9.9      19.923
2012   10        7    20   3    2.07   330.6    9.9      19.923
2012   10        7    20  13    2.07   330.5    9.9      19.923
2012   10        7    20  22    2.07   330.5    9.9      19.922
2012   10        7    20  32    2.07   330.5    9.9      19.922
2012   10        7    20  41    2.07   330.4    9.9      19.922
2012   10        7    20  51    2.07   330.4    9.9      19.921
2012   10        7    21   0    2.07   330.4    9.9      19.921
2012   10        7    21  10    2.07   330.3    9.9      19.920
2012   10        7    21  19    2.07   330.3    9.9      19.920
2012   10        7    21  29    2.07   330.3    9.9      19.920
2012   10        7    21  38    2.07   330.2    9.9      19.919
2012   10        7    21  48    2.07   330.2    9.9      19.918
2012   10        7    21  58    2.07   330.2    9.9      19.918
2012   10        7    22   7    2.07   330.1    9.9      19.917
2012   10        7    22  17    2.07   330.1    9.9      19.917
2012   10        7    22  26    2.07   330.1    9.9      19.916
2012   10        7    22  36    2.07   330.0    9.9      19.916
2012   10        7    22  45    2.07   330.0   10.0      19.915
2012   10        7    22  55    2.07   329.9   10.0      19.914
2012   10        7    23   4    2.07   329.9   10.0      19.914
2012   10        7    23  14    2.07   329.9   10.0      19.913
2012   10        7    23  23    2.07   329.8   10.0      19.913
2012   10        7    23  33    2.07   329.8   10.0      19.912
2012   10        7    23  43    2.07   329.8   10.0      19.911
2012   10        7    23  52    2.07   329.7   10.0      19.911
2012   10        8     0   2    2.07   329.7   10.0      19.910
2012   10        8     0  11    2.07   329.7   10.0      19.910
2012   10        8     0  21    2.07   329.6   10.0      19.910
2012   10        8     0  30    2.07   329.6   10.0      19.909
2012   10        8     0  40    2.07   329.6   10.0      19.909
2012   10        8     0  49    2.07   329.5   10.0      19.909
2012   10        8     0  59    2.07   329.5   10.0      19.908
2012   10        8     1   9    2.07   329.5   10.0      19.908
2012   10        8     1  18    2.07   329.5   10.0      19.908
2012   10        8     1  28    2.07   329.4   10.0      19.908
2012   10        8     1  37    2.07   329.4   10.0      19.908
2012   10        8     1  47    2.07   329.4   10.0      19.908
2012   10        8     1  56    2.07   329.3   10.0      19.908
2012   10        8     2   6    2.07   329.3   10.0      19.908
2012   10        8     2  15    2.07   329.3   10.0      19.908
2012   10        8     2  25    2.07   329.2   10.0      19.908
2012   10        8     2  34    2.07   329.2   10.0      19.908
2012   10        8     2  44    2.07   329.2   10.0      19.909
2012   10        8     2  54    2.07   329.1   10.0      19.909
2012   10        8     3   3    2.07   329.1   10.0      19.909
2012   10        8     3  13    2.07   329.1   10.0      19.909
2012   10        8     3  22    2.07   329.0   10.0      19.909
2012   10        8     3  32    2.07   329.0   10.0      19.909
2012   10        8     3  41    2.07   329.0   10.0      19.909
2012   10        8     3  51    2.07   329.0   10.0      19.910
2012   10        8     4   0    2.07   328.9   10.0      19.910
2012   10        8     4  10    2.07   328.9   10.0      19.910
2012   10        8     4  19    2.07   328.9   10.0      19.910
2012   10        8     4  29    2.07   328.8   10.0      19.910
2012   10        8     4  38    2.07   328.8   10.0      19.910
2012   10        8     4  48    2.07   328.8   10.0      19.909
2012   10        8     4  57    2.07   328.7   10.1      19.909
2012   10        8     5   7    2.07   328.7   10.1      19.909
2012   10        8     5  17    2.08   328.7   10.1      19.909
2012   10        8     5  26    2.08   328.7   10.1      19.909
2012   10        8     5  36    2.08   328.6   10.1      19.908
2012   10        8     5  45    2.08   328.6   10.1      19.908
2012   10        8     5  55    2.08   328.6   10.1      19.908
2012   10        8     6   4    2.08   328.5   10.1      19.908
2012   10        8     6  14    2.08   328.5   10.1      19.909
2012   10        8     6  23    2.08   328.5   10.1      19.909
2012   10        8     6  33    2.08   328.5   10.1      19.910
2012   10        8     6  42    2.08   328.4   10.1      19.912
2012   10        8     6  52    2.08   328.4   10.1      19.914
2012   10        8     7   2    2.08   328.4   10.1      19.916
2012   10        8     7  11    2.08   328.4   10.1      19.920
2012   10        8     7  21    2.08   328.4   10.1      19.925
2012   10        8     7  30    2.08   328.3   10.1      19.932
2012   10        8     7  40    2.08   328.3   10.1      19.942
2012   10        8     7  49    2.08   328.3   10.1      19.955
2012   10        8     7  59    2.08   328.3   10.1      19.974
2012   10        8     8   8    2.08   328.3   10.1      19.999
2012   10        8     8  18    2.08   328.3   10.1      20.035
2012   10        8     8  28    2.08   328.4   10.1      20.085
2012   10        8     8  37    2.08   328.4   10.1      20.154
2012   10        8     8  47    2.08   328.5   10.2      20.249
2012   10        8     8  56    2.09   328.6   10.2      20.380
2012   10        8     9   6    2.09   328.7   10.2      20.559
2012   10        8     9  15    2.10   328.9   10.3      20.801
2012   10        8     9  25    2.10   329.1   10.3      21.129
2012   10        8     9  34    2.11   329.5   10.4      21.567
2012   10        8     9  44    2.12   330.0   10.5      22.145
2012   10        8     9  53    2.14   330.6   10.6      22.898
2012   10        8    10   3    2.16   331.3   10.8      23.888
2012   10        8    10  13    2.18   332.4   10.9      25.144
2012   10        8    10  22    2.21   333.6   11.2      26.714
2012   10        8    10  32    2.24   335.1   11.4      28.645
2012   10        8    10  41    2.28   337.0   11.8      31.025
2012   10        8    10  51    2.33   339.2   12.2      33.837
2012   10        8    11   0    2.39   341.8   12.7      37.146
2012   10        8    11  10    2.46   344.7   13.3      40.909
2012   10        8    11  19    2.55   348.0   14.0      45.144
2012   10        8    11  29    2.65   351.7   14.8      49.860
2012   10        8    11  38    2.77   355.7   15.7      54.963
2012   10        8    11  48    2.90   359.8   16.7      60.260
2012   10        8    11  57    3.05   364.0   17.9      65.591
2012   10        8    12   7    3.22   368.4   19.2      71.034
2012   10        8    12  16    3.41   372.8   20.5      76.467
2012   10        8    12  26    3.60   377.0   21.9      81.660
2012   10        8    12  35    3.79   381.3   23.3      86.647
2012   10        8    12  45    3.98   385.0   24.7      90.935
2012   10        8    12  55    4.17   388.4   26.0      94.763
2012   10        8    13   4    4.34   391.5   27.2      98.146
2012   10        8    13  14    4.51   394.4   28.4     101.138
2012   10        8    13  23    4.66   397.1   29.4     103.778
2012   10        8    13  33    4.79   399.5   30.3     106.020
2012   10        8    13  42    4.90   401.5   31.1     107.776
2012   10        8    13  52    5.00   403.2   31.7     109.147
2012   10        8    14   1    5.08   404.7   32.3     110.183
2012   10        8    14  11    5.14   406.0   32.7     110.958
2012   10        8    14  20    5.20   407.0   33.1     111.494
2012   10        8    14  30    5.24   407.9   33.3     111.847
2012   10        8    14  40    5.28   408.7   33.6     112.056
2012   10        8    14  49    5.30   409.3   33.7     112.150
2012   10        8    14  59    5.32   409.9   33.8     112.159
2012   10        8    15   8    5.33   410.3   33.9     112.103
2012   10        8    15  18    5.34   410.6   33.9     111.973
2012   10        8    15  27    5.34   410.9   33.9     111.783
2012   10        8    15  37    5.34   411.1   33.9     111.546
2012   10        8    15  46    5.34   411.3   33.8     111.250
2012   10        8    15  56    5.33   411.5   33.7     110.908
2012   10        8    16   6    5.31   411.6   33.6     110.512
2012   10        8    16  15    5.29   411.7   33.5     110.046
2012   10        8    16  25    5.27   411.7   33.3     109.507
2012   10        8    16  34    5.24   411.7   33.1     108.894
2012   10        8    16  44    5.21   411.6   32.9     108.195
2012   10        8    16  53    5.18   411.6   32.6     107.410
2012   10        8    17   3    5.13   411.4   32.3     106.537
2012   10        8    17  12    5.09   411.3   32.0     105.586
2012   10        8    17  22    5.04   411.1   31.7     104.560
2012   10        8    17  31    4.99   410.8   31.3     103.454
2012   10        8    17  41    4.93   410.5   30.9     102.280
2012   10        8    17  50    4.87   410.1   30.5     101.056
2012   10        8    18   0    4.81   409.8   30.1      99.792
2012   10        8    18   9    4.74   409.3   29.6      98.521
2012   10        8    18  19    4.68   408.9   29.1      97.268
2012   10        8    18  29    4.61   408.4   28.7      96.031
2012   10        8    18  38    4.54   408.0   28.2      94.796
2012   10        8    18  48    4.47   407.5   27.7      93.579
2012   10        8    18  57    4.40   407.0   27.2      92.383
2012   10        8    19   7    4.32   406.6   26.7      91.221
2012   10        8    19  16    4.25   406.1   26.2      90.118
2012   10        8    19  26    4.18   405.6   25.7      89.073
2012   10        8    19  35    4.11   405.2   25.2      88.069
2012   10        8    19  45    4.03   404.7   24.7      87.103
2012   10        8    19  54    3.96   404.3   24.3      86.162
2012   10        8    20   4    3.89   403.9   23.8      85.246
2012   10        8    20  13    3.82   403.4   23.3      84.346
2012   10        8    20  23    3.75   403.0   22.8      83.465
2012   10        8    20  32    3.67   402.6   22.4      82.593
2012   10        8    20  42    3.60   402.2   21.9      81.741
2012   10        8    20  52    3.53   401.7   21.5      80.898
2012   10        8    21   1    3.46   401.3   21.0      80.077
2012   10        8    21  11    3.39   400.9   20.6      79.267
2012   10        8    21  20    3.33   400.5   20.1      78.480
2012   10        8    21  30    3.26   400.0   19.7      77.705
2012   10        8    21  39    3.19   399.6   19.3      76.950
2012   10        8    21  49    3.13   399.2   18.9      76.208
2012   10        8    21  58    3.06   398.7   18.5      75.487
2012   10        8    22   8    3.00   398.3   18.1      74.782
2012   10        8    22  17    2.94   397.9   17.7      74.100
2012   10        8    22  27    2.87   397.4   17.3      73.437
2012   10        8    22  37    2.81   397.0   16.9      72.793
2012   10        8    22  46    2.76   396.6   16.6      72.165
2012   10        8    22  56    2.70   396.2   16.2      71.555
2012   10        8    23   5    2.64   395.7   15.9      70.960
2012   10        8    23  15    2.59   395.3   15.5      70.381
2012   10        8    23  24    2.53   394.9   15.2      69.816
2012   10        8    23  34    2.48   394.5   14.9      69.265
2012   10        8    23  43    2.43   394.0   14.6      68.727
2012   10        8    23  53    2.38   393.6   14.3      68.202
2012   10        9     0   2    2.33   393.2   14.0      67.689
2012   10        9     0  12    2.29   392.8   13.7      67.187
2012   10        9     0  22    2.24   392.4   13.4      66.695
2012   10        9     0  31    2.20   391.9   13.1      66.215
2012   10        9     0  41    2.15   391.5   12.8      65.744
2012   10        9     0  50    2.11   391.1   12.6      65.283
2012   10        9     1   0    2.07   390.7   12.3      64.830
2012   10        9     1   9    2.03   390.3   12.1      64.387
2012   10        9     1  19    1.99   389.8   11.8      63.952
2012   10        9     1  28    1.96   389.4   11.6      63.525
2012   10        9     1  38    1.92   389.0   11.3      63.105
2012   10        9     1  47    1.88   388.6   11.1      62.692
2012   10        9     1  57    1.85   388.2   10.9      62.286
2012   10        9     2   6    1.82   387.8   10.7      61.887
2012   10        9     2  16    1.79   387.3   10.5      61.492
2012   10        9     2  25    1.76   386.9   10.3      61.104
2012   10        9     2  35    1.73   386.5   10.1      60.719
2012   10        9     2  44    1.70   386.1    9.9      60.341
2012   10        9     2  54    1.68   385.7    9.7      59.965
2012   10        9     3   3    1.65   385.3    9.5      59.594
2012   10        9     3  13    1.63   384.9    9.3      59.225
2012   10        9     3  22    1.60   384.5    9.1      58.860
2012   10        9     3  32    1.58   384.1    9.0      58.495
2012   10        9     3  42    1.56   383.7    8.8      58.134
2012   10        9     3  51    1.54   383.3    8.6      57.772
2012   10        9     4   1    1.52   382.9    8.5      57.413
2012   10        9     4  10    1.50   382.5    8.3      57.052
2012   10        9     4  20    1.48   382.1    8.2      56.693
2012   10        9     4  29    1.47   381.7    8.0      56.331
2012   10        9     4  39    1.45   381.4    7.9      55.970
2012   10        9     4  48    1.44   381.0    7.7      55.606
2012   10        9     4  58    1.42   380.7    7.6      55.241
2012   10        9     5   8    1.41   380.3    7.4      54.872
2012   10        9     5  17    1.40   380.0    7.3      54.502
2012   10        9     5  27    1.39   379.6    7.2      54.128
2012   10        9     5  36    1.38   379.3    7.0      53.750
2012   10        9     5  46    1.37   379.0    6.9      53.368
2012   10        9     5  55    1.36   378.7    6.8      52.982
2012   10        9     6   5    1.35   378.4    6.6      52.591
2012   10        9     6  14    1.34   378.1    6.5      52.195
2012   10        9     6  24    1.33   377.9    6.4      51.794
2012   10        9     6  33    1.33   377.6    6.3      51.388
2012   10        9     6  43    1.32   377.4    6.2      50.975
2012   10        9     6  53    1.32   377.1    6.0      50.557
2012   10        9     7   2    1.31   376.9    5.9      50.131
2012   10        9     7  12    1.31   376.7    5.8      49.700
2012   10        9     7  21    1.31   376.5    5.7      49.261
2012   10        9     7  31    1.30   376.3    5.6      48.816
2012   10        9     7  40    1.30   376.1    5.5      48.363
2012   10        9     7  50    1.30   375.9    5.4      47.902
2012   10        9     7  59    1.30   375.8    5.3      47.432
2012   10        9     8   9    1.30   375.6    5.1      46.955
2012   10        9     8  18    1.30   375.5    5.0      46.468
2012   10        9     8  28    1.30   375.4    4.9      45.973
2012   10        9     8  37    1.30   375.2    4.8      45.467
2012   10        9     8  47    1.30   375.1    4.7      44.954
2012   10        9     8  56    1.31   375.1    4.6      44.429
2012   10        9     9   6    1.31   375.0    4.5      43.895
2012   10        9     9  15    1.31   374.9    4.4      43.348
2012   10        9     9  25    1.32   374.9    4.3      42.792
2012   10        9     9  34    1.32   374.8    4.2      42.224
2012   10        9     9  44    1.32   374.8    4.1      41.646
2012   10        9     9  53    1.33   374.9    4.1      41.055
2012   10        9    10   3    1.33   374.9    4.0      40.453
2012   10        9    10  13    1.34   375.0    3.9      39.837
2012   10        9    10  22    1.34   375.0    3.8      39.211
2012   10        9    10  32    1.35   375.1    3.7      38.568
2012   10        9    10  41    1.36   375.2    3.6      37.916
2012   10        9    10  51    1.36   375.4    3.5      37.250
2012   10        9    11   0    1.37   375.5    3.4      36.577
2012   10        9    11  10    1.37   375.7    3.3      35.890
2012   10        9    11  19    1.38   375.9    3.2      35.198
2012   10        9    11  29    1.39   376.1    3.2      34.492
2012   10        9    11  38    1.39   376.3    3.1      33.783
2012   10        9    11  48    1.40   376.5    3.0      33.062
2012   10        9    11  57    1.40   376.7    2.9      32.340
2012   10        9    12   7    1.41   376.9    2.8      31.609
2012   10        9    12  17    1.41   377.2    2.8      30.878
2012   10        9    12  26    1.42   377.4    2.7      30.142
2012   10        9    12  36    1.43   377.6    2.6      29.409
2012   10        9    12  45    1.43   377.8    2.6      28.675
2012   10        9    12  55    1.44   378.1    2.5      27.946
2012   10        9    13   4    1.44   378.3    2.4      27.222
2012   10        9    13  14    1.45   378.5    2.4      26.505
2012   10        9    13  23    1.45   378.8    2.3      25.795
2012   10        9    13  33    1.46   379.0    2.3      25.097
2012   10        9    13  42    1.46   379.2    2.2      24.408
2012   10        9    13  52    1.47   379.4    2.1      23.733
2012   10        9    14   2    1.47   379.6    2.1      23.070
2012   10        9    14  11    1.47   379.8    2.1      22.423
2012   10        9    14  21    1.48   380.0    2.0      21.790
2012   10        9    14  30    1.48   380.2    2.0      21.175
2012   10        9    14  40    1.49   380.3    1.9      20.576
2012   10        9    14  49    1.49   380.5    1.9      19.996
2012   10        9    14  59    1.49   380.6    1.8      19.434
2012   10        9    15   8    1.50   380.8    1.8      18.892
2012   10        9    15  18    1.50   380.9    1.8      18.368
2012   10        9    15  27    1.51   381.0    1.7      17.865
2012   10        9    15  37    1.51   381.1    1.7      17.382
2012   10        9    15  46    1.51   381.2    1.7      16.921
2012   10        9    15  56    1.52   381.3    1.7      16.478
2012   10        9    16   5    1.52   381.3    1.6      16.058
2012   10        9    16  15    1.52   381.4    1.6      15.654
2012   10        9    16  24    1.53   381.4    1.6      15.272
2012   10        9    16  34    1.53   381.4    1.6      14.908
2012   10        9    16  43    1.53   381.4    1.6      14.564
2012   10        9    16  53    1.54   381.4    1.5      14.238
2012   10        9    17   2    1.54   381.4    1.5      13.931
2012   10        9    17  12    1.54   381.4    1.5      13.640
2012   10        9    17  21    1.55   381.3    1.5      13.369
2012   10        9    17  31    1.55   381.3    1.5      13.112
2012   10        9    17  40    1.55   381.2    1.5      12.874
2012   10        9    17  50    1.56   381.2    1.5      12.649
2012   10        9    17  59    1.56   381.1    1.5      12.441
2012   10        9    18   9    1.56   381.1    1.4      12.246
2012   10        9    18  19    1.56   381.0    1.4      12.066
2012   10        9    18  28    1.57   380.9    1.4      11.898
2012   10        9    18  38    1.57   380.8    1.4      11.744
2012   10        9    18  47    1.57   380.7    1.4      11.601
2012   10        9    18  57    1.57   380.7    1.4      11.469
2012   10        9    19   6    1.58   380.6    1.4      11.348
2012   10        9    19  16    1.58   380.5    1.4      11.237
2012   10        9    19  25    1.58   380.4    1.4      11.135
2012   10        9    19  35    1.58   380.3    1.4      11.042
2012   10        9    19  44    1.59   380.2    1.4      10.957
2012   10        9    19  54    1.59   380.2    1.4      10.879
2012   10        9    20   4    1.59   380.0    1.4      10.808
2012   10        9    20  13    1.59   379.9    1.4      10.741
2012   10        9    20  23    1.59   379.7    1.4      10.678
2012   10        9    20  32    1.60   379.6    1.4      10.619
2012   10        9    20  42    1.60   379.3    1.4      10.561
2012   10        9    20  51    1.60   379.1    1.4      10.504
2012   10        9    21   1    1.60   378.8    1.4      10.447
2012   10        9    21  10    1.60   378.5    1.4      10.390
2012   10        9    21  20    1.60   378.2    1.4      10.331
2012   10        9    21  29    1.61   377.9    1.4      10.273
2012   10        9    21  39    1.61   377.5    1.4      10.214
2012   10        9    21  49    1.61   377.2    1.4      10.156
2012   10        9    21  58    1.61   376.8    1.4      10.101
2012   10        9    22   8    1.61   376.4    1.4      10.048
2012   10        9    22  17    1.61   376.0    1.4      10.000
2012   10        9    22  27    1.61   375.6    1.5       9.958
2012   10        9    22  36    1.62   375.2    1.5       9.921
2012   10        9    22  46    1.62   374.8    1.5       9.891
2012   10        9    22  55    1.62   374.4    1.5       9.869
2012   10        9    23   5    1.62   374.0    1.5       9.853
2012   10        9    23  14    1.62   373.7    1.6       9.846
2012   10        9    23  24    1.62   373.3    1.6       9.845
2012   10        9    23  33    1.62   372.9    1.6       9.852
2012   10        9    23  42    1.62   372.6    1.6       9.865
2012   10        9    23  52    1.62   372.3    1.7       9.884
2012   10       10     0   1    1.62   371.9    1.7       9.908
2012   10       10     0  11    1.63   371.6    1.8       9.938
2012   10       10     0  20    1.63   371.3    1.8       9.971
2012   10       10     0  30    1.63   371.0    1.8      10.008
2012   10       10     0  39    1.63   370.7    1.9      10.048
2012   10       10     0  49    1.63   370.4    1.9      10.090
2012   10       10     0  59    1.63   370.1    2.0      10.133
2012   10       10     1   8    1.63   369.8    2.0      10.178
2012   10       10     1  18    1.63   369.5    2.1      10.224
2012   10       10     1  27    1.63   369.2    2.1      10.269
2012   10       10     1  37    1.63   369.0    2.2      10.315
2012   10       10     1  46    1.63   368.7    2.2      10.360
2012   10       10     1  56    1.63   368.4    2.3      10.405
2012   10       10     2   5    1.63   368.1    2.3      10.450
2012   10       10     2  15    1.63   367.8    2.4      10.493
2012   10       10     2  24    1.63   367.5    2.4      10.535
2012   10       10     2  34    1.64   367.2    2.5      10.576
2012   10       10     2  43    1.64   366.9    2.5      10.617
2012   10       10     2  53    1.64   366.5    2.6      10.655
2012   10       10     3   3    1.64   366.2    2.7      10.694
2012   10       10     3  12    1.64   365.9    2.7      10.731
2012   10       10     3  22    1.64   365.6    2.8      10.767
2012   10       10     3  31    1.64   365.3    2.8      10.802
2012   10       10     3  41    1.64   364.9    2.9      10.836
2012   10       10     3  50    1.64   364.6    2.9      10.870
2012   10       10     4   0    1.64   364.3    3.0      10.904
2012   10       10     4   9    1.64   363.9    3.0      10.937
2012   10       10     4  19    1.64   363.6    3.1      10.971
2012   10       10     4  29    1.64   363.3    3.1      11.004
2012   10       10     4  38    1.64   363.0    3.2      11.038
2012   10       10     4  48    1.64   362.6    3.2      11.072
2012   10       10     4  57    1.64   362.3    3.3      11.106
2012   10       10     5   7    1.64   362.0    3.4      11.141
2012   10       10     5  16    1.65   361.7    3.4      11.176
2012   10       10     5  26    1.65   361.4    3.5      11.213
2012   10       10     5  35    1.65   361.0    3.5      11.250
2012   10       10     5  45    1.65   360.7    3.6      11.288
2012   10       10     5  54    1.65   360.4    3.6      11.327
2012   10       10     6   4    1.65   360.1    3.7      11.367
2012   10       10     6  13    1.65   359.8    3.7      11.409
2012   10       10     6  23    1.65   359.5    3.8      11.452
2012   10       10     6  32    1.66   359.2    3.8      11.496
2012   10       10     6  42    1.66   358.9    3.9      11.541
2012   10       10     6  51    1.66   358.6    4.0      11.588
2012   10       10     7   1    1.66   358.3    4.0      11.636
2012   10       10     7  10    1.66   358.0    4.1      11.687
2012   10       10     7  20    1.66   357.7    4.1      11.738
2012   10       10     7  29    1.67   357.4    4.2      11.792
2012   10       10     7  39    1.67   357.1    4.3      11.847
2012   10       10     7  48    1.67   356.8    4.3      11.904
2012   10       10     7  58    1.67   356.6    4.4      11.963
2012   10       10     8   7    1.67   356.3    4.4      12.024
2012   10       10     8  17    1.68   356.0    4.5      12.086
2012   10       10     8  26    1.68   355.7    4.6      12.151
2012   10       10     8  36    1.68   355.5    4.6      12.217
2012   10       10     8  45    1.68   355.2    4.7      12.286
2012   10       10     8  55    1.69   355.0    4.8      12.356
2012   10       10     9   4    1.69   354.7    4.8      12.429
2012   10       10     9  14    1.69   354.5    4.9      12.503
2012   10       10     9  23    1.69   354.2    5.0      12.579
2012   10       10     9  33    1.70   354.0    5.0      12.657
2012   10       10     9  43    1.70   353.7    5.1      12.738
2012   10       10     9  52    1.70   353.5    5.2      12.820
2012   10       10    10   2    1.71   353.2    5.2      12.904
2012   10       10    10  11    1.71   353.0    5.3      12.990
2012   10       10    10  21    1.71   352.8    5.4      13.079
2012   10       10    10  30    1.72   352.6    5.4      13.169
2012   10       10    10  40    1.72   352.3    5.5      13.261
2012   10       10    10  49    1.72   352.1    5.6      13.355
2012   10       10    10  59    1.73   351.9    5.7      13.451
2012   10       10    11   9    1.73   351.7    5.7      13.548
2012   10       10    11  18    1.74   351.5    5.8      13.648
2012   10       10    11  28    1.74   351.3    5.9      13.750
2012   10       10    11  37    1.74   351.1    6.0      13.853
2012   10       10    11  47    1.75   350.9    6.0      13.959
2012   10       10    11  56    1.75   350.7    6.1      14.066
2012   10       10    12   6    1.76   350.5    6.2      14.175
2012   10       10    12  15    1.76   350.3    6.3      14.286
2012   10       10    12  25    1.77   350.1    6.4      14.399
2012   10       10    12  34    1.77   349.9    6.4      14.514
2012   10       10    12  44    1.78   349.7    6.5      14.631
2012   10       10    12  53    1.78   349.6    6.6      14.749
2012   10       10    13   3    1.79   349.4    6.7      14.869
2012   10       10    13  12    1.79   349.3    6.8      14.991
2012   10       10    13  22    1.80   349.1    6.9      15.115
2012   10       10    13  32    1.80   349.0    7.0      15.241
2012   10       10    13  41    1.81   348.8    7.1      15.368
2012   10       10    13  50    1.82   348.7    7.2      15.498
2012   10       10    14   0    1.82   348.5    7.3      15.628
2012   10       10    14   9    1.83   348.4    7.4      15.763
2012   10       10    14  19    1.84   348.3    7.5      15.899
2012   10       10    14  28    1.84   348.2    7.6      16.038
2012   10       10    14  38    1.85   348.1    7.7      16.180
2012   10       10    14  47    1.86   348.0    7.8      16.326
2012   10       10    14  57    1.87   348.0    7.9      16.475
2012   10       10    15   6    1.88   347.9    8.0      16.628
2012   10       10    15  16    1.88   347.9    8.1      16.785
2012   10       10    15  25    1.89   347.8    8.2      16.948
2012   10       10    15  35    1.90   347.8    8.3      17.114
2012   10       10    15  44    1.91   347.8    8.4      17.285
2012   10       10    15  54    1.92   347.8    8.5      17.458
2012   10       10    16   4    1.93   347.7    8.6      17.635
2012   10       10    16  13    1.94   347.7    8.7      17.814
2012   10       10    16  23    1.95   347.7    8.8      17.995
2012   10       10    16  32    1.96   347.7    8.9      18.177
2012   10       10    16  42    1.97   347.6    9.0      18.360
2012   10       10    16  51    1.98   347.6    9.1      18.544
2012   10       10    17   1    1.99   347.6    9.2      18.729
2012   10       10    17  10    2.00   347.6    9.3      18.912
2012   10       10    17  20    2.02   347.6    9.4      19.097
2012   10       10    17  29    2.03   347.5    9.5      19.280
2012   10       10    17  39    2.04   347.5    9.6      19.463
2012   10       10    17  49    2.05   347.5    9.6      19.646
2012   10       10    17  58    2.06   347.5    9.7      19.827
2012   10       10    18   8    2.07   347.4    9.8      20.008
2012   10       10    18  17    2.09   347.4    9.9      20.187
2012   10       10    18  27    2.10   347.4   10.0      20.366
2012   10       10    18  36    2.11   347.3   10.1      20.543
2012   10       10    18  46    2.12   347.3   10.2      20.719
2012   10       10    18  55    2.14   347.3   10.3      20.895
2012   10       10    19   5    2.15   347.2   10.3      21.069
2012   10       10    19  14    2.16   347.2   10.4      21.242
2012   10       10    19  24    2.17   347.2   10.5      21.414
2012   10       10    19  34    2.19   347.2   10.6      21.586
2012   10       10    19  43    2.20   347.1   10.7      21.756
2012   10       10    19  53    2.21   347.1   10.8      21.927
2012   10       10    20   2    2.23   347.1   10.9      22.097
2012   10       10    20  12    2.24   347.0   10.9      22.266
2012   10       10    20  21    2.25   347.0   11.0      22.435
2012   10       10    20  31    2.27   347.0   11.1      22.604
2012   10       10    20  40    2.28   346.9   11.2      22.773
2012   10       10    20  50    2.30   346.9   11.3      22.945
2012   10       10    20  59    2.31   346.9   11.4      23.116
2012   10       10    21   9    2.32   346.9   11.5      23.290
2012   10       10    21  18    2.34   346.9   11.6      23.465
2012   10       10    21  28    2.36   346.9   11.7      23.646
2012   10       10    21  37    2.37   346.9   11.8      23.830
2012   10       10    21  47    2.39   346.9   11.9      24.018
2012   10       10    21  56    2.40   346.9   12.0      24.212
2012   10       10    22   6    2.42   347.0   12.1      24.414
2012   10       10    22  15    2.43   347.0   12.2      24.621
2012   10       10    22  25    2.45   347.1   12.3      24.834
2012   10       10    22  34    2.47   347.1   12.4      25.051
2012   10       10    22  44    2.48   347.2   12.5      25.270
2012   10       10    22  53    2.50   347.3   12.6      25.488
2012   10       10    23   3    2.51   347.4   12.7      25.705
2012   10       10    23  12    2.53   347.5   12.8      25.920
2012   10       10    23  22    2.54   347.6   12.9      26.137
2012   10       10    23  31    2.56   347.7   13.0      26.353
2012   10       10    23  41    2.57   347.8   13.1      26.570
2012   10       10    23  50    2.59   347.9   13.2      26.785
2012   10       11     0   0    2.60   348.1   13.2      26.998
2012   10       11     0   9    2.62   348.2   13.3      27.203
2012   10       11     0  19    2.63   348.3   13.4      27.402
2012   10       11     0  29    2.64   348.5   13.5      27.594
2012   10       11     0  38    2.66   348.6   13.5      27.781
2012   10       11     0  48    2.67   348.7   13.6      27.962
2012   10       11     0  57    2.68   348.9   13.7      28.138
2012   10       11     1   7    2.69   349.0   13.7      28.308
2012   10       11     1  16    2.70   349.1   13.8      28.475
2012   10       11     1  26    2.72   349.3   13.9      28.636
2012   10       11     1  35    2.73   349.4   13.9      28.793
2012   10       11     1  45    2.74   349.6   14.0      28.946
2012   10       11     1  54    2.75   349.7   14.0      29.095
2012   10       11     2   4    2.76   349.9   14.1      29.240
2012   10       11     2  14    2.77   350.0   14.1      29.381
2012   10       11     2  23    2.78   350.2   14.2      29.518
2012   10       11     2  33    2.79   350.3   14.2      29.651
2012   10       11     2  42    2.80   350.5   14.3      29.782
2012   10       11     2  52    2.81   350.6   14.3      29.909
2012   10       11     3   1    2.82   350.8   14.3      30.032
2012   10       11     3  11    2.83   350.9   14.4      30.153
2012   10       11     3  20    2.84   351.1   14.4      30.272
2012   10       11     3  30    2.85   351.3   14.5      30.388
2012   10       11     3  39    2.85   351.4   14.5      30.501
2012   10       11     3  49    2.86   351.6   14.5      30.613
2012   10       11     3  58    2.87   351.7   14.6      30.724
2012   10       11     4   8    2.88   351.9   14.6      30.837
2012   10       11     4  17    2.89   352.1   14.7      30.948
2012   10       11     4  27    2.90   352.3   14.7      31.058
2012   10       11     4  36    2.90   352.4   14.7      31.167
2012   10       11     4  46    2.91   352.6   14.8      31.281
2012   10       11     4  55    2.92   352.8   14.8      31.396
2012   10       11     5   5    2.93   353.0   14.8      31.513
2012   10       11     5  14    2.93   353.3   14.9      31.632
2012   10       11     5  24    2.94   353.5   14.9      31.754
2012   10       11     5  33    2.94   353.7   14.9      31.874
2012   10       11     5  43    2.95   354.0   15.0      31.991
2012   10       11     5  52    2.96   354.2   15.0      32.103
2012   10       11     6   2    2.96   354.5   15.0      32.211
2012   10       11     6  11    2.97   354.7   15.0      32.315
2012   10       11     6  21    2.97   355.0   15.0      32.415
2012   10       11     6  30    2.97   355.2   15.0      32.512
2012   10       11     6  40    2.98   355.5   15.0      32.605
2012   10       11     6  49    2.98   355.7   15.0      32.695
2012   10       11     6  59    2.98   356.0   15.0      32.782
2012   10       11     7   9    2.99   356.2   15.0      32.866
2012   10       11     7  18    2.99   356.5   15.0      32.947
2012   10       11     7  28    2.99   356.8   15.0      33.025
2012   10       11     7  37    2.99   357.0   15.0      33.101
2012   10       11     7  47    2.99   357.3   15.0      33.173
2012   10       11     7  56    2.99   357.6   14.9      33.243
2012   10       11     8   6    2.99   357.9   14.9      33.310
2012   10       11     8  15    3.00   358.2   14.9      33.374
2012   10       11     8  25    3.00   358.5   14.9      33.435
2012   10       11     8  35    3.00   358.8   14.9      33.493
2012   10       11     8  44    3.00   359.1   14.8      33.549
2012   10       11     8  54    2.99   359.4   14.8      33.602
2012   10       11     9   3    2.99   359.7   14.8      33.652
2012   10       11     9  13    2.99   360.0   14.7      33.701
2012   10       11     9  22    2.99   360.3   14.7      33.747
2012   10       11     9  32    2.99   360.6   14.7      33.791
2012   10       11     9  41    2.99   361.0   14.6      33.833
2012   10       11     9  51    2.99   361.3   14.6      33.874
2012   10       11    10   0    2.98   361.7   14.6      33.914
2012   10       11    10  10    2.98   362.1   14.5      33.952
2012   10       11    10  19    2.98   362.4   14.5      33.990
2012   10       11    10  29    2.98   362.8   14.4      34.029
2012   10       11    10  39    2.97   363.2   14.4      34.066
2012   10       11    10  48    2.97   363.6   14.3      34.101
2012   10       11    10  58    2.97   364.0   14.3      34.135
2012   10       11    11   7    2.96   364.4   14.2      34.166
2012   10       11    11  17    2.96   364.8   14.2      34.192
2012   10       11    11  26    2.95   365.2   14.1      34.210
2012   10       11    11  36    2.95   365.6   14.0      34.220
2012   10       11    11  45    2.94   366.0   13.9      34.222
2012   10       11    11  54    2.93   366.4   13.9      34.217
2012   10       11    12   4    2.93   366.8   13.8      34.206
2012   10       11    12  13    2.92   367.1   13.7      34.181
2012   10       11    12  23    2.91   367.4   13.6      34.145
2012   10       11    12  32    2.90   367.8   13.5      34.101
2012   10       11    12  42    2.89   368.1   13.4      34.051
2012   10       11    12  51    2.88   368.3   13.3      33.993
2012   10       11    13   1    2.87   368.6   13.3      33.932
2012   10       11    13  11    2.87   368.9   13.2      33.877
2012   10       11    13  20    2.86   369.1   13.1      33.826
2012   10       11    13  30    2.85   369.4   13.0      33.777
2012   10       11    13  39    2.84   369.7   13.0      33.731
2012   10       11    13  49    2.83   370.0   12.9      33.686
2012   10       11    13  58    2.82   370.3   12.8      33.642
2012   10       11    14   8    2.82   370.6   12.7      33.600
2012   10       11    14  17    2.81   370.9   12.7      33.559
2012   10       11    14  27    2.80   371.2   12.6      33.518
2012   10       11    14  36    2.79   371.4   12.5      33.476
2012   10       11    14  46    2.79   371.7   12.5      33.435
2012   10       11    14  55    2.78   372.0   12.4      33.394
2012   10       11    15   5    2.77   372.3   12.4      33.353
2012   10       11    15  15    2.76   372.6   12.3      33.312
2012   10       11    15  24    2.75   372.9   12.2      33.271
2012   10       11    15  34    2.74   373.2   12.2      33.230
2012   10       11    15  43    2.74   373.5   12.1      33.190
2012   10       11    15  53    2.73   373.9   12.1      33.151
2012   10       11    16   2    2.72   374.2   12.0      33.112
2012   10       11    16  12    2.71   374.6   11.9      33.075
2012   10       11    16  21    2.70   374.9   11.9      33.039
2012   10       11    16  31    2.69   375.3   11.8      33.002
2012   10       11    16  40    2.68   375.6   11.7      32.964
2012   10       11    16  50    2.67   376.0   11.7      32.922
2012   10       11    17   0    2.66   376.4   11.6      32.877
2012   10       11    17   9    2.65   376.7   11.5      32.827
2012   10       11    17  19    2.64   377.1   11.5      32.768
2012   10       11    17  28    2.63   377.4   11.4      32.698
2012   10       11    17  38    2.62   377.8   11.3      32.618
2012   10       11    17  47    2.61   378.1   11.2      32.528
2012   10       11    17  57    2.60   378.4   11.1      32.430
2012   10       11    18   6    2.58   378.7   11.0      32.318
2012   10       11    18  16    2.57   379.0   10.9      32.193
2012   10       11    18  25    2.56   379.3   10.8      32.057
2012   10       11    18  35    2.55   379.5   10.7      31.914
2012   10       11    18  44    2.54   379.7   10.7      31.762
2012   10       11    18  54    2.52   379.9   10.6      31.607
2012   10       11    19   3    2.51   380.0   10.5      31.458
2012   10       11    19  13    2.50   380.2   10.4      31.315
2012   10       11    19  22    2.49   380.4   10.3      31.175
2012   10       11    19  32    2.48   380.6   10.3      31.041
2012   10       11    19  41    2.47   380.7   10.2      30.909
2012   10       11    19  51    2.46   380.9   10.1      30.781
2012   10       11    20   0    2.45   381.1   10.1      30.655
2012   10       11    20  10    2.44   381.3   10.0      30.532
2012   10       11    20  19    2.43   381.4    9.9      30.411
2012   10       11    20  29    2.42   381.6    9.9      30.293
2012   10       11    20  38    2.41   381.7    9.8      30.175
2012   10       11    20  48    2.40   381.9    9.8      30.059
2012   10       11    20  57    2.39   382.0    9.7      29.944
2012   10       11    21   7    2.39   382.2    9.6      29.831
2012   10       11    21  16    2.38   382.3    9.6      29.718
2012   10       11    21  26    2.37   382.4    9.5      29.607
2012   10       11    21  35    2.36   382.5    9.5      29.496
2012   10       11    21  45    2.35   382.7    9.4      29.387
2012   10       11    21  55    2.34   382.8    9.4      29.278
2012   10       11    22   4    2.33   382.9    9.3      29.171
2012   10       11    22  14    2.32   383.0    9.3      29.064
2012   10       11    22  23    2.31   383.1    9.3      28.959
2012   10       11    22  33    2.30   383.2    9.2      28.854
2012   10       11    22  42    2.29   383.3    9.2      28.751
2012   10       11    22  52    2.29   383.4    9.1      28.648
2012   10       11    23   1    2.28   383.5    9.1      28.546
2012   10       11    23  11    2.27   383.6    9.0      28.446
2012   10       11    23  21    2.26   383.6    9.0      28.346
2012   10       11    23  30    2.25   383.7    9.0      28.248
2012   10       11    23  40    2.24   383.8    8.9      28.151
2012   10       11    23  49    2.23   383.8    8.9      28.055
2012   10       11    23  59    2.23   383.9    8.8      27.962
2012   10       12     0   8    2.22   383.9    8.8      27.869
2012   10       12     0  18    2.21   384.0    8.8      27.779
2012   10       12     0  27    2.20   384.0    8.7      27.690
2012   10       12     0  37    2.19   384.0    8.7      27.603
2012   10       12     0  46    2.19   384.1    8.7      27.518
2012   10       12     0  56    2.18   384.1    8.7      27.435
2012   10       12     1   5    2.17   384.1    8.6      27.354
2012   10       12     1  15    2.17   384.1    8.6      27.274
2012   10       12     1  25    2.16   384.1    8.6      27.196
2012   10       12     1  34    2.15   384.1    8.5      27.120
2012   10       12     1  44    2.15   384.1    8.5      27.046
2012   10       12     1  53    2.14   384.1    8.5      26.974
2012   10       12     2   3    2.13   384.1    8.5      26.904
2012   10       12     2  12    2.13   384.1    8.4      26.836
2012   10       12     2  21    2.12   384.1    8.4      26.771
2012   10       12     2  31    2.12   384.1    8.4      26.708
2012   10       12     2  40    2.11   384.1    8.4      26.647
2012   10       12     2  50    2.10   384.1    8.4      26.588
2012   10       12     2  59    2.10   384.1    8.4      26.531
2012   10       12     3   9    2.09   384.1    8.3      26.477
2012   10       12     3  18    2.09   384.1    8.3      26.424
2012   10       12     3  28    2.08   384.0    8.3      26.373
2012   10       12     3  37    2.08   384.0    8.3      26.324
2012   10       12     3  47    2.07   384.0    8.3      26.276
2012   10       12     3  56    2.07   384.0    8.2      26.229
2012   10       12     4   6    2.06   384.0    8.2      26.184
2012   10       12     4  16    2.06   384.0    8.2      26.139
2012   10       12     4  25    2.05   384.0    8.2      26.095
2012   10       12     4  35    2.05   384.0    8.2      26.051
2012   10       12     4  44    2.04   384.0    8.2      26.007
2012   10       12     4  54    2.04   384.0    8.2      25.963
2012   10       12     5   3    2.04   384.0    8.1      25.920
2012   10       12     5  13    2.03   384.0    8.1      25.875
2012   10       12     5  22    2.03   384.0    8.1      25.830
2012   10       12     5  32    2.02   384.0    8.1      25.785
2012   10       12     5  41    2.02   384.0    8.1      25.740
2012   10       12     5  51    2.01   384.0    8.1      25.694
2012   10       12     6   1    2.01   384.0    8.1      25.649
2012   10       12     6  10    2.01   384.0    8.1      25.604
2012   10       12     6  20    2.00   384.0    8.0      25.559
2012   10       12     6  29    2.00   384.0    8.0      25.514
2012   10       12     6  39    1.99   384.0    8.0      25.470
2012   10       12     6  48    1.99   384.0    8.0      25.426
2012   10       12     6  58    1.98   384.0    8.0      25.382
2012   10       12     7   7    1.98   384.0    8.0      25.339
2012   10       12     7  17    1.98   384.0    8.0      25.297
2012   10       12     7  26    1.97   384.0    7.9      25.256
2012   10       12     7  36    1.97   384.0    7.9      25.215
2012   10       12     7  46    1.97   383.9    7.9      25.175
2012   10       12     7  55    1.96   383.9    7.9      25.135
2012   10       12     8   5    1.96   383.9    7.9      25.096
2012   10       12     8  14    1.96   383.9    7.9      25.058
2012   10       12     8  24    1.95   383.9    7.9      25.020
2012   10       12     8  33    1.95   383.8    7.9      24.983
2012   10       12     8  43    1.95   383.8    7.9      24.946
2012   10       12     8  52    1.94   383.8    7.8      24.911
2012   10       12     9   2    1.94   383.8    7.8      24.876
2012   10       12     9  11    1.94   383.7    7.8      24.843
2012   10       12     9  21    1.93   383.7    7.8      24.810
2012   10       12     9  30    1.93   383.7    7.8      24.779
2012   10       12     9  40    1.93   383.7    7.8      24.749
2012   10       12     9  49    1.92   383.6    7.8      24.720
2012   10       12     9  59    1.92   383.6    7.8      24.693
2012   10       12    10   8    1.92   383.6    7.8      24.666
2012   10       12    10  18    1.92   383.6    7.8      24.641
2012   10       12    10  27    1.91   383.5    7.8      24.617
2012   10       12    10  37    1.91   383.5    7.7      24.593
2012   10       12    10  46    1.91   383.5    7.7      24.571
2012   10       12    10  56    1.90   383.4    7.7      24.549
2012   10       12    11   5    1.90   383.4    7.7      24.527
2012   10       12    11  15    1.90   383.4    7.7      24.506
2012   10       12    11  24    1.90   383.4    7.7      24.485
2012   10       12    11  34    1.89   383.3    7.7      24.464
2012   10       12    11  43    1.89   383.3    7.7      24.444
2012   10       12    11  53    1.89   383.3    7.7      24.422
2012   10       12    12   2    1.89   383.2    7.7      24.401
2012   10       12    12  12    1.88   383.2    7.7      24.379
2012   10       12    12  21    1.88   383.2    7.7      24.356
2012   10       12    12  31    1.88   383.1    7.7      24.333
2012   10       12    12  41    1.88   383.1    7.7      24.309
2012   10       12    12  50    1.87   383.1    7.7      24.285
2012   10       12    13   0    1.87   383.0    7.7      24.261
2012   10       12    13   9    1.87   383.0    7.7      24.237
2012   10       12    13  19    1.87   383.0    7.6      24.213
2012   10       12    13  28    1.86   382.9    7.6      24.188
2012   10       12    13  38    1.86   382.9    7.6      24.164
2012   10       12    13  47    1.86   382.9    7.6      24.139
2012   10       12    13  57    1.86   382.8    7.6      24.115
2012   10       12    14   7    1.85   382.8    7.6      24.091
2012   10       12    14  16    1.85   382.8    7.6      24.067
2012   10       12    14  26    1.85   382.7    7.6      24.044
2012   10       12    14  35    1.85   382.7    7.6      24.021
2012   10       12    14  45    1.85   382.6    7.6      23.998
2012   10       12    14  54    1.84   382.6    7.6      23.976
2012   10       12    15   4    1.84   382.6    7.6      23.954
2012   10       12    15  13    1.84   382.5    7.6      23.933
2012   10       12    15  23    1.84   382.5    7.6      23.912
2012   10       12    15  32    1.83   382.4    7.6      23.892
2012   10       12    15  42    1.83   382.4    7.6      23.873
2012   10       12    15  51    1.83   382.3    7.6      23.854
2012   10       12    16   1    1.83   382.3    7.6      23.835
2012   10       12    16  10    1.83   382.3    7.6      23.817
2012   10       12    16  20    1.82   382.2    7.6      23.800
2012   10       12    16  29    1.82   382.2    7.5      23.783
2012   10       12    16  39    1.82   382.1    7.5      23.767
2012   10       12    16  48    1.82   382.1    7.5      23.751
2012   10       12    16  58    1.82   382.0    7.5      23.735
2012   10       12    17   7    1.81   382.0    7.5      23.720
2012   10       12    17  17    1.81   381.9    7.5      23.705
2012   10       12    17  26    1.81   381.9    7.5      23.689
2012   10       12    17  36    1.81   381.8    7.5      23.674
2012   10       12    17  45    1.81   381.7    7.5      23.659
2012   10       12    17  55    1.81   381.7    7.5      23.644
2012   10       12    18   4    1.80   381.6    7.5      23.629
2012   10       12    18  14    1.80   381.6    7.5      23.614
2012   10       12    18  23    1.80   381.5    7.5      23.599
2012   10       12    18  33    1.80   381.4    7.5      23.583
2012   10       12    18  42    1.80   381.4    7.5      23.568
2012   10       12    18  52    1.80   381.3    7.5      23.552
2012   10       12    19   2    1.79   381.3    7.5      23.536
2012   10       12    19  11    1.79   381.2    7.5      23.520
2012   10       12    19  21    1.79   381.1    7.5      23.504
2012   10       12    19  30    1.79   381.1    7.5      23.487
2012   10       12    19  40    1.79   381.0    7.5      23.471
2012   10       12    19  49    1.79   380.9    7.5      23.454
2012   10       12    19  59    1.79   380.9    7.5      23.437
2012   10       12    20   8    1.78   380.8    7.5      23.420
2012   10       12    20  18    1.78   380.7    7.5      23.403
2012   10       12    20  27    1.78   380.7    7.5      23.386
2012   10       12    20  37    1.78   380.6    7.5      23.369
2012   10       12    20  47    1.78   380.5    7.5      23.352
2012   10       12    20  56    1.78   380.4    7.5      23.336
2012   10       12    21   6    1.78   380.4    7.5      23.319
2012   10       12    21  15    1.77   380.3    7.5      23.302
2012   10       12    21  25    1.77   380.2    7.5      23.286
2012   10       12    21  34    1.77   380.2    7.5      23.270
2012   10       12    21  44    1.77   380.1    7.5      23.254
2012   10       12    21  53    1.77   380.0    7.5      23.238
2012   10       12    22   3    1.77   380.0    7.5      23.223
2012   10       12    22  12    1.77   379.9    7.5      23.208
2012   10       12    22  22    1.76   379.8    7.5      23.193
2012   10       12    22  32    1.76   379.8    7.5      23.179
2012   10       12    22  41    1.76   379.7    7.5      23.165
2012   10       12    22  51    1.76   379.6    7.5      23.151
2012   10       12    23   0    1.76   379.5    7.5      23.138
2012   10       12    23  10    1.76   379.5    7.5      23.125
2012   10       12    23  19    1.76   379.4    7.5      23.112
2012   10       12    23  29    1.76   379.3    7.5      23.099
2012   10       12    23  38    1.76   379.3    7.5      23.087
2012   10       12    23  48    1.75   379.2    7.5      23.075
2012   10       12    23  57    1.75   379.1    7.5      23.063
2012   10       13     0   7    1.75   379.1    7.5      23.052
2012   10       13     0  16    1.75   379.0    7.5      23.041
2012   10       13     0  26    1.75   378.9    7.5      23.030
2012   10       13     0  35    1.75   378.8    7.5      23.019
2012   10       13     0  45    1.75   378.8    7.5      23.008
2012   10       13     0  54    1.75   378.7    7.5      22.997
2012   10       13     1   4    1.75   378.6    7.5      22.987
2012   10       13     1  13    1.74   378.5    7.5      22.976
2012   10       13     1  23    1.74   378.5    7.5      22.966
2012   10       13     1  32    1.74   378.4    7.5      22.956
2012   10       13     1  42    1.74   378.3    7.5      22.945
2012   10       13     1  51    1.74   378.2    7.5      22.935
2012   10       13     2   1    1.74   378.2    7.5      22.925
2012   10       13     2  10    1.74   378.1    7.5      22.915
2012   10       13     2  20    1.74   378.0    7.5      22.905
2012   10       13     2  29    1.74   377.9    7.5      22.895
2012   10       13     2  39    1.74   377.8    7.5      22.885
2012   10       13     2  48    1.74   377.7    7.5      22.875
2012   10       13     2  58    1.74   377.6    7.5      22.866
2012   10       13     3   7    1.73   377.5    7.5      22.856
2012   10       13     3  17    1.73   377.5    7.5      22.847
2012   10       13     3  27    1.73   377.4    7.5      22.838
2012   10       13     3  36    1.73   377.3    7.5      22.829
2012   10       13     3  46    1.73   377.2    7.5      22.820
2012   10       13     3  55    1.73   377.1    7.5      22.812
2012   10       13     4   5    1.73   377.0    7.5      22.804
2012   10       13     4  14    1.73   376.9    7.5      22.796
2012   10       13     4  24    1.73   376.8    7.5      22.789
2012   10       13     4  33    1.73   376.7    7.5      22.782
2012   10       13     4  43    1.73   376.6    7.6      22.776
2012   10       13     4  53    1.73   376.5    7.6      22.770
2012   10       13     5   2    1.73   376.5    7.6      22.765
2012   10       13     5  12    1.73   376.4    7.6      22.760
2012   10       13     5  21    1.73   376.3    7.6      22.755
2012   10       13     5  31    1.73   376.2    7.6      22.751
2012   10       13     5  40    1.73   376.1    7.6      22.747
2012   10       13     5  50    1.73   376.0    7.6      22.743
2012   10       13     5  59    1.73   375.9    7.6      22.740
2012   10       13     6   9    1.72   375.8    7.6      22.738
2012   10       13     6  18    1.72   375.7    7.6      22.735
2012   10       13     6  28    1.72   375.7    7.6      22.733
2012   10       13     6  37    1.72   375.6    7.6      22.731
2012   10       13     6  47    1.72   375.5    7.6      22.729
2012   10       13     6  56    1.72   375.4    7.6      22.728
2012   10       13     7   6    1.72   375.3    7.6      22.726
2012   10       13     7  15    1.72   375.2    7.6      22.725
2012   10       13     7  25    1.72   375.2    7.7      22.725
2012   10       13     7  34    1.72   375.1    7.7      22.724
2012   10       13     7  44    1.72   375.0    7.7      22.724
2012   10       13     7  53    1.72   374.9    7.7      22.723
2012   10       13     8   3    1.72   374.8    7.7      22.723
2012   10       13     8  12    1.72   374.8    7.7      22.723
2012   10       13     8  22    1.72   374.7    7.7      22.724
2012   10       13     8  31    1.72   374.6    7.7      22.724
2012   10       13     8  41    1.72   374.5    7.7      22.725
2012   10       13     8  50    1.72   374.4    7.7      22.726
2012   10       13     9   0    1.72   374.4    7.7      22.727
2012   10       13     9   9    1.72   374.3    7.7      22.728
2012   10       13     9  19    1.72   374.2    7.7      22.730
2012   10       13     9  28    1.72   374.1    7.7      22.731
2012   10       13     9  38    1.72   374.0    7.7      22.734
2012   10       13     9  47    1.72   374.0    7.8      22.736
2012   10       13     9  57    1.72   373.9    7.8      22.739
2012   10       13    10   7    1.72   373.8    7.8      22.741
2012   10       13    10  16    1.72   373.7    7.8      22.745
2012   10       13    10  26    1.72   373.7    7.8      22.748
2012   10       13    10  35    1.72   373.6    7.8      22.753
2012   10       13    10  45    1.72   373.5    7.8      22.757
2012   10       13    10  54    1.72   373.4    7.8      22.763
2012   10       13    11   4    1.72   373.3    7.8      22.769
2012   10       13    11  13    1.72   373.3    7.8      22.776
2012   10       13    11  23    1.72   373.2    7.9      22.783
2012   10       13    11  33    1.72   373.1    7.9      22.792
2012   10       13    11  42    1.73   373.0    7.9      22.802
2012   10       13    11  52    1.73   373.0    7.9      22.813
2012   10       13    12   1    1.73   372.9    7.9      22.825
2012   10       13    12  11    1.73   372.8    7.9      22.838
2012   10       13    12  20    1.73   372.8    7.9      22.852
2012   10       13    12  30    1.73   372.7    7.9      22.866
2012   10       13    12  39    1.73   372.7    7.9      22.880
2012   10       13    12  49    1.73   372.6    8.0      22.893
2012   10       13    12  58    1.73   372.5    8.0      22.906
2012   10       13    13   8    1.73   372.5    8.0      22.919
2012   10       13    13  18    1.73   372.4    8.0      22.932
2012   10       13    13  27    1.73   372.4    8.0      22.944
2012   10       13    13  37    1.73   372.3    8.0      22.956
2012   10       13    13  46    1.73   372.3    8.0      22.967
2012   10       13    13  56    1.73   372.2    8.0      22.979
2012   10       13    14   5    1.73   372.2    8.0      22.990
2012   10       13    14  15    1.73   372.1    8.0      23.000
2012   10       13    14  24    1.73   372.1    8.0      23.011
2012   10       13    14  34    1.73   372.0    8.1      23.021
2012   10       13    14  43    1.73   372.0    8.1      23.031
2012   10       13    14  52    1.74   371.9    8.1      23.041
2012   10       13    15   2    1.74   371.9    8.1      23.051
2012   10       13    15  11    1.74   371.8    8.1      23.060
2012   10       13    15  21    1.74   371.8    8.1      23.069
2012   10       13    15  30    1.74   371.7    8.1      23.078
2012   10       13    15  40    1.74   371.7    8.1      23.087
2012   10       13    15  49    1.74   371.6    8.1      23.096
2012   10       13    15  59    1.74   371.6    8.1      23.105
2012   10       13    16   9    1.74   371.6    8.1      23.114
2012   10       13    16  18    1.74   371.5    8.1      23.122
2012   10       13    16  28    1.74   371.5    8.1      23.131
2012   10       13    16  37    1.74   371.4    8.2      23.140
2012   10       13    16  47    1.74   371.4    8.2      23.149
2012   10       13    16  56    1.74   371.3    8.2      23.158
2012   10       13    17   6    1.74   371.3    8.2      23.167
2012   10       13    17  15    1.74   371.3    8.2      23.176
2012   10       13    17  25    1.74   371.2    8.2      23.186
2012   10       13    17  34    1.75   371.2    8.2      23.196
2012   10       13    17  44    1.75   371.2    8.2      23.206
2012   10       13    17  53    1.75   371.1    8.2      23.217
2012   10       13    18   3    1.75   371.1    8.2      23.228
2012   10       13    18  13    1.75   371.1    8.2      23.240
2012   10       13    18  22    1.75   371.0    8.3      23.252
2012   10       13    18  32    1.75   371.0    8.3      23.265
2012   10       13    18  41    1.75   371.0    8.3      23.278
2012   10       13    18  51    1.75   370.9    8.3      23.292
2012   10       13    19   0    1.75   370.9    8.3      23.307
2012   10       13    19  10    1.75   370.9    8.3      23.322
2012   10       13    19  19    1.75   370.9    8.3      23.339
2012   10       13    19  29    1.76   370.9    8.3      23.356
2012   10       13    19  38    1.76   370.9    8.3      23.372
2012   10       13    19  48    1.76   370.8    8.3      23.389
2012   10       13    19  58    1.76   370.8    8.3      23.404
2012   10       13    20   7    1.76   370.8    8.3      23.419
2012   10       13    20  17    1.76   370.8    8.4      23.434
2012   10       13    20  26    1.76   370.8    8.4      23.447
2012   10       13    20  36    1.76   370.8    8.4      23.461
2012   10       13    20  45    1.76   370.8    8.4      23.474
2012   10       13    20  55    1.76   370.8    8.4      23.486
2012   10       13    21   4    1.76   370.7    8.4      23.498
2012   10       13    21  14    1.76   370.7    8.4      23.510
2012   10       13    21  23    1.76   370.7    8.4      23.522
2012   10       13    21  33    1.76   370.7    8.4      23.534
2012   10       13    21  42    1.76   370.7    8.4      23.546
2012   10       13    21  52    1.76   370.7    8.4      23.558
2012   10       13    22   1    1.77   370.7    8.4      23.570
2012   10       13    22  11    1.77   370.7    8.4      23.582
2012   10       13    22  20    1.77   370.7    8.4      23.594
2012   10       13    22  30    1.77   370.7    8.4      23.606
2012   10       13    22  39    1.77   370.7    8.4      23.618
2012   10       13    22  49    1.77   370.7    8.4      23.630
2012   10       13    22  58    1.77   370.7    8.4      23.641
2012   10       13    23   8    1.77   370.7    8.4      23.651
2012   10       13    23  17    1.77   370.7    8.4      23.661
2012   10       13    23  27    1.77   370.7    8.4      23.671
2012   10       13    23  36    1.77   370.7    8.4      23.680
2012   10       13    23  46    1.77   370.7    8.4      23.689
2012   10       13    23  55    1.77   370.7    8.4      23.697
2012   10       14     0   5    1.77   370.7    8.5      23.705
