year    month   day   hour  minute  B_enl V_enl   n_enl       T_enl
[year] [month] [day] [hour][minute] [nT]  [km/s]  [cm-3]      [kK]
2012   10       18     0   7    2.26   349.1   10.0      22.815
2012   10       18     0  17    2.26   349.1   10.0      22.805
2012   10       18     0  26    2.26   349.2   10.0      22.795
2012   10       18     0  36    2.26   349.2   10.0      22.785
2012   10       18     0  46    2.26   349.2   10.0      22.776
2012   10       18     0  56    2.26   349.2   10.0      22.767
2012   10       18     1   5    2.25   349.3   10.0      22.758
2012   10       18     1  15    2.25   349.3   10.0      22.749
2012   10       18     1  24    2.25   349.3   10.0      22.741
2012   10       18     1  34    2.25   349.3   10.0      22.733
2012   10       18     1  44    2.25   349.3    9.9      22.725
2012   10       18     1  54    2.25   349.3    9.9      22.718
2012   10       18     2   3    2.25   349.4    9.9      22.711
2012   10       18     2  13    2.25   349.4    9.9      22.704
2012   10       18     2  22    2.25   349.4    9.9      22.698
2012   10       18     2  32    2.24   349.4    9.9      22.692
2012   10       18     2  42    2.24   349.4    9.9      22.686
2012   10       18     2  51    2.24   349.5    9.9      22.681
2012   10       18     3   1    2.24   349.5    9.9      22.676
2012   10       18     3  11    2.24   349.5    9.9      22.671
2012   10       18     3  20    2.24   349.5    9.9      22.667
2012   10       18     3  30    2.24   349.5    9.9      22.663
2012   10       18     3  39    2.24   349.6    9.9      22.659
2012   10       18     3  49    2.24   349.6    9.9      22.654
2012   10       18     3  59    2.23   349.6    9.9      22.650
2012   10       18     4   8    2.23   349.6    9.9      22.645
2012   10       18     4  18    2.23   349.6    9.9      22.640
2012   10       18     4  27    2.23   349.7    9.9      22.635
2012   10       18     4  37    2.23   349.7    9.9      22.630
2012   10       18     4  47    2.23   349.7    9.9      22.625
2012   10       18     4  56    2.23   349.7    9.9      22.620
2012   10       18     5   6    2.23   349.7    9.9      22.615
2012   10       18     5  15    2.23   349.8    9.9      22.609
2012   10       18     5  25    2.23   349.8    9.8      22.604
2012   10       18     5  35    2.22   349.8    9.8      22.599
2012   10       18     5  44    2.22   349.8    9.8      22.593
2012   10       18     5  54    2.22   349.8    9.8      22.588
2012   10       18     6   4    2.22   349.9    9.8      22.582
2012   10       18     6  13    2.22   349.9    9.8      22.577
2012   10       18     6  23    2.22   349.9    9.8      22.571
2012   10       18     6  33    2.22   349.9    9.8      22.566
2012   10       18     6  42    2.22   349.9    9.8      22.560
2012   10       18     6  52    2.22   350.0    9.8      22.555
2012   10       18     7   2    2.22   350.0    9.8      22.549
2012   10       18     7  11    2.21   350.0    9.8      22.544
2012   10       18     7  21    2.21   350.0    9.8      22.538
2012   10       18     7  30    2.21   350.0    9.8      22.533
2012   10       18     7  40    2.21   350.1    9.8      22.528
2012   10       18     7  50    2.21   350.1    9.8      22.523
2012   10       18     8   0    2.21   350.1    9.8      22.518
2012   10       18     8   9    2.21   350.1    9.8      22.513
2012   10       18     8  19    2.21   350.1    9.7      22.508
2012   10       18     8  28    2.21   350.1    9.7      22.503
2012   10       18     8  38    2.21   350.2    9.7      22.498
2012   10       18     8  48    2.21   350.2    9.7      22.493
2012   10       18     8  58    2.20   350.2    9.7      22.488
2012   10       18     9   7    2.20   350.2    9.7      22.483
2012   10       18     9  17    2.20   350.2    9.7      22.479
2012   10       18     9  26    2.20   350.3    9.7      22.474
2012   10       18     9  36    2.20   350.3    9.7      22.469
2012   10       18     9  46    2.20   350.3    9.7      22.465
2012   10       18     9  55    2.20   350.3    9.7      22.460
2012   10       18    10   5    2.20   350.3    9.7      22.455
2012   10       18    10  15    2.20   350.3    9.7      22.450
2012   10       18    10  24    2.20   350.4    9.7      22.445
2012   10       18    10  34    2.20   350.4    9.7      22.441
2012   10       18    10  44    2.19   350.4    9.7      22.436
2012   10       18    10  53    2.19   350.4    9.7      22.431
2012   10       18    11   3    2.19   350.4    9.7      22.426
2012   10       18    11  12    2.19   350.4    9.7      22.421
2012   10       18    11  22    2.19   350.5    9.7      22.416
2012   10       18    11  32    2.19   350.5    9.7      22.410
2012   10       18    11  41    2.19   350.5    9.7      22.405
2012   10       18    11  51    2.19   350.5    9.6      22.400
2012   10       18    12   0    2.19   350.5    9.6      22.394
2012   10       18    12  10    2.19   350.5    9.6      22.389
2012   10       18    12  20    2.19   350.5    9.6      22.383
2012   10       18    12  29    2.18   350.6    9.6      22.377
2012   10       18    12  39    2.18   350.6    9.6      22.372
2012   10       18    12  48    2.18   350.6    9.6      22.366
2012   10       18    12  58    2.18   350.6    9.6      22.360
2012   10       18    13   8    2.18   350.6    9.6      22.354
2012   10       18    13  17    2.18   350.6    9.6      22.349
2012   10       18    13  27    2.18   350.6    9.6      22.343
2012   10       18    13  37    2.18   350.7    9.6      22.337
2012   10       18    13  46    2.18   350.7    9.6      22.331
2012   10       18    13  56    2.18   350.7    9.6      22.325
2012   10       18    14   6    2.17   350.7    9.6      22.319
2012   10       18    14  15    2.17   350.7    9.6      22.313
2012   10       18    14  25    2.17   350.7    9.6      22.308
2012   10       18    14  34    2.17   350.7    9.6      22.302
2012   10       18    14  44    2.17   350.8    9.6      22.296
2012   10       18    14  54    2.17   350.8    9.6      22.291
2012   10       18    15   4    2.17   350.8    9.5      22.285
2012   10       18    15  13    2.17   350.8    9.5      22.279
2012   10       18    15  23    2.17   350.8    9.5      22.274
2012   10       18    15  32    2.17   350.8    9.5      22.268
2012   10       18    15  42    2.16   350.8    9.5      22.263
2012   10       18    15  52    2.16   350.9    9.5      22.257
2012   10       18    16   2    2.16   350.9    9.5      22.252
2012   10       18    16  11    2.16   350.9    9.5      22.247
2012   10       18    16  21    2.16   350.9    9.5      22.241
2012   10       18    16  30    2.16   350.9    9.5      22.236
2012   10       18    16  40    2.16   350.9    9.5      22.231
2012   10       18    16  50    2.16   350.9    9.5      22.225
2012   10       18    16  59    2.16   350.9    9.5      22.220
2012   10       18    17   9    2.16   351.0    9.5      22.214
2012   10       18    17  19    2.15   351.0    9.5      22.209
2012   10       18    17  28    2.15   351.0    9.5      22.203
2012   10       18    17  38    2.15   351.0    9.5      22.198
2012   10       18    17  48    2.15   351.0    9.5      22.192
2012   10       18    17  57    2.15   351.0    9.4      22.187
2012   10       18    18   7    2.15   351.0    9.4      22.181
2012   10       18    18  16    2.15   351.0    9.4      22.175
2012   10       18    18  26    2.15   351.0    9.4      22.169
2012   10       18    18  36    2.15   351.0    9.4      22.163
2012   10       18    18  45    2.15   351.1    9.4      22.157
2012   10       18    18  55    2.14   351.1    9.4      22.151
2012   10       18    19   4    2.14   351.1    9.4      22.145
2012   10       18    19  14    2.14   351.1    9.4      22.138
2012   10       18    19  24    2.14   351.1    9.4      22.132
2012   10       18    19  33    2.14   351.1    9.4      22.126
2012   10       18    19  43    2.14   351.1    9.4      22.119
2012   10       18    19  52    2.14   351.1    9.4      22.112
2012   10       18    20   2    2.14   351.1    9.4      22.105
2012   10       18    20  12    2.14   351.1    9.4      22.099
2012   10       18    20  21    2.13   351.1    9.4      22.092
2012   10       18    20  31    2.13   351.1    9.4      22.085
2012   10       18    20  41    2.13   351.2    9.4      22.078
2012   10       18    20  50    2.13   351.2    9.4      22.070
2012   10       18    21   0    2.13   351.2    9.3      22.063
2012   10       18    21  10    2.13   351.2    9.3      22.056
2012   10       18    21  19    2.13   351.2    9.3      22.049
2012   10       18    21  29    2.13   351.2    9.3      22.041
2012   10       18    21  38    2.12   351.2    9.3      22.034
2012   10       18    21  48    2.12   351.2    9.3      22.027
2012   10       18    21  58    2.12   351.2    9.3      22.019
2012   10       18    22   7    2.12   351.2    9.3      22.012
2012   10       18    22  17    2.12   351.2    9.3      22.004
2012   10       18    22  27    2.12   351.2    9.3      21.997
2012   10       18    22  36    2.12   351.2    9.3      21.989
2012   10       18    22  46    2.12   351.2    9.3      21.981
2012   10       18    22  56    2.12   351.2    9.3      21.974
2012   10       18    23   6    2.11   351.2    9.3      21.966
2012   10       18    23  15    2.11   351.2    9.3      21.958
2012   10       18    23  25    2.11   351.2    9.3      21.951
2012   10       18    23  34    2.11   351.2    9.3      21.943
2012   10       18    23  44    2.11   351.2    9.2      21.935
2012   10       18    23  54    2.11   351.2    9.2      21.927
2012   10       19     0   3    2.11   351.3    9.2      21.919
2012   10       19     0  13    2.11   351.3    9.2      21.911
2012   10       19     0  23    2.10   351.3    9.2      21.903
2012   10       19     0  32    2.10   351.3    9.2      21.895
2012   10       19     0  42    2.10   351.3    9.2      21.887
2012   10       19     0  52    2.10   351.3    9.2      21.879
2012   10       19     1   1    2.10   351.3    9.2      21.871
2012   10       19     1  11    2.10   351.3    9.2      21.863
2012   10       19     1  21    2.10   351.3    9.2      21.854
2012   10       19     1  30    2.09   351.3    9.2      21.846
2012   10       19     1  40    2.09   351.3    9.2      21.838
2012   10       19     1  49    2.09   351.3    9.2      21.829
2012   10       19     1  59    2.09   351.3    9.2      21.821
2012   10       19     2   8    2.09   351.3    9.2      21.812
2012   10       19     2  18    2.09   351.3    9.1      21.804
2012   10       19     2  28    2.09   351.3    9.1      21.795
2012   10       19     2  37    2.09   351.3    9.1      21.786
2012   10       19     2  47    2.08   351.3    9.1      21.778
2012   10       19     2  57    2.08   351.3    9.1      21.769
2012   10       19     3   6    2.08   351.3    9.1      21.760
2012   10       19     3  16    2.08   351.3    9.1      21.751
2012   10       19     3  25    2.08   351.2    9.1      21.742
2012   10       19     3  35    2.08   351.2    9.1      21.733
2012   10       19     3  45    2.08   351.2    9.1      21.724
2012   10       19     3  54    2.07   351.2    9.1      21.715
2012   10       19     4   4    2.07   351.2    9.1      21.706
2012   10       19     4  14    2.07   351.2    9.1      21.696
2012   10       19     4  23    2.07   351.2    9.1      21.687
2012   10       19     4  33    2.07   351.2    9.1      21.678
2012   10       19     4  42    2.07   351.2    9.1      21.668
2012   10       19     4  52    2.07   351.2    9.1      21.659
2012   10       19     5   2    2.06   351.2    9.0      21.649
2012   10       19     5  11    2.06   351.2    9.0      21.639
2012   10       19     5  21    2.06   351.2    9.0      21.630
2012   10       19     5  31    2.06   351.2    9.0      21.620
2012   10       19     5  40    2.06   351.2    9.0      21.610
2012   10       19     5  50    2.06   351.2    9.0      21.600
2012   10       19     6   0    2.06   351.2    9.0      21.590
2012   10       19     6  10    2.05   351.1    9.0      21.579
2012   10       19     6  19    2.05   351.1    9.0      21.569
2012   10       19     6  29    2.05   351.1    9.0      21.558
2012   10       19     6  38    2.05   351.1    9.0      21.548
2012   10       19     6  48    2.05   351.1    9.0      21.537
2012   10       19     6  58    2.05   351.1    9.0      21.526
2012   10       19     7   7    2.04   351.1    9.0      21.515
2012   10       19     7  17    2.04   351.1    9.0      21.504
2012   10       19     7  27    2.04   351.1    8.9      21.493
2012   10       19     7  36    2.04   351.0    8.9      21.482
2012   10       19     7  46    2.04   351.0    8.9      21.470
2012   10       19     7  56    2.04   351.0    8.9      21.459
2012   10       19     8   5    2.03   351.0    8.9      21.447
2012   10       19     8  15    2.03   351.0    8.9      21.435
2012   10       19     8  25    2.03   351.0    8.9      21.423
2012   10       19     8  34    2.03   351.0    8.9      21.411
2012   10       19     8  44    2.03   350.9    8.9      21.399
2012   10       19     8  53    2.03   350.9    8.9      21.387
2012   10       19     9   3    2.02   350.9    8.9      21.374
2012   10       19     9  13    2.02   350.9    8.9      21.362
2012   10       19     9  22    2.02   350.9    8.9      21.349
2012   10       19     9  32    2.02   350.9    8.9      21.337
2012   10       19     9  41    2.02   350.8    8.9      21.324
2012   10       19     9  51    2.02   350.8    8.8      21.311
2012   10       19    10   1    2.01   350.8    8.8      21.298
2012   10       19    10  10    2.01   350.8    8.8      21.285
2012   10       19    10  20    2.01   350.8    8.8      21.272
2012   10       19    10  30    2.01   350.7    8.8      21.258
2012   10       19    10  39    2.01   350.7    8.8      21.245
2012   10       19    10  49    2.01   350.7    8.8      21.232
2012   10       19    10  58    2.00   350.7    8.8      21.218
2012   10       19    11   8    2.00   350.6    8.8      21.204
2012   10       19    11  18    2.00   350.6    8.8      21.191
2012   10       19    11  27    2.00   350.6    8.8      21.177
2012   10       19    11  37    2.00   350.6    8.8      21.163
2012   10       19    11  46    1.99   350.6    8.8      21.149
2012   10       19    11  56    1.99   350.5    8.8      21.135
2012   10       19    12   6    1.99   350.5    8.7      21.121
2012   10       19    12  15    1.99   350.5    8.7      21.106
2012   10       19    12  25    1.99   350.4    8.7      21.091
2012   10       19    12  35    1.99   350.4    8.7      21.077
2012   10       19    12  45    1.98   350.4    8.7      21.062
2012   10       19    12  54    1.98   350.4    8.7      21.047
2012   10       19    13   4    1.98   350.3    8.7      21.032
2012   10       19    13  14    1.98   350.3    8.7      21.016
2012   10       19    13  23    1.98   350.3    8.7      21.001
2012   10       19    13  33    1.97   350.2    8.7      20.986
2012   10       19    13  42    1.97   350.2    8.7      20.972
2012   10       19    13  51    1.97   350.2    8.7      20.958
2012   10       19    14   0    1.97   350.1    8.7      20.945
2012   10       19    14   8    1.97   350.1    8.7      20.932
2012   10       19    14  17    1.97   350.1    8.6      20.918
2012   10       19    14  25    1.96   350.0    8.6      20.905
2012   10       19    14  34    1.96   350.0    8.6      20.891
2012   10       19    14  42    1.96   350.0    8.6      20.877
2012   10       19    14  51    1.96   349.9    8.6      20.864
2012   10       19    14  59    1.96   349.9    8.6      20.850
2012   10       19    15   8    1.96   349.9    8.6      20.836
2012   10       19    15  16    1.95   349.8    8.6      20.822
2012   10       19    15  25    1.95   349.8    8.6      20.808
2012   10       19    15  33    1.95   349.7    8.6      20.794
2012   10       19    15  42    1.95   349.7    8.6      20.780
2012   10       19    15  50    1.95   349.7    8.6      20.765
2012   10       19    15  59    1.95   349.6    8.6      20.751
2012   10       19    16   7    1.94   349.6    8.6      20.736
2012   10       19    16  15    1.94   349.5    8.6      20.721
2012   10       19    16  24    1.94   349.5    8.5      20.706
2012   10       19    16  32    1.94   349.5    8.5      20.691
2012   10       19    16  41    1.94   349.4    8.5      20.676
2012   10       19    16  49    1.94   349.4    8.5      20.661
2012   10       19    16  58    1.93   349.3    8.5      20.646
2012   10       19    17   6    1.93   349.3    8.5      20.631
2012   10       19    17  15    1.93   349.2    8.5      20.615
2012   10       19    17  23    1.93   349.2    8.5      20.599
2012   10       19    17  32    1.93   349.1    8.5      20.584
2012   10       19    17  40    1.93   349.1    8.5      20.568
2012   10       19    17  49    1.92   349.1    8.5      20.552
2012   10       19    17  57    1.92   349.0    8.5      20.536
2012   10       19    18   6    1.92   349.0    8.5      20.520
2012   10       19    18  14    1.92   348.9    8.5      20.504
2012   10       19    18  23    1.92   348.9    8.5      20.488
2012   10       19    18  31    1.92   348.8    8.4      20.472
2012   10       19    18  40    1.91   348.8    8.4      20.456
2012   10       19    18  48    1.91   348.7    8.4      20.440
2012   10       19    18  56    1.91   348.7    8.4      20.424
2012   10       19    19   5    1.91   348.6    8.4      20.407
2012   10       19    19  13    1.91   348.6    8.4      20.391
2012   10       19    19  22    1.91   348.5    8.4      20.374
2012   10       19    19  30    1.90   348.4    8.4      20.357
2012   10       19    19  39    1.90   348.4    8.4      20.340
2012   10       19    19  48    1.90   348.3    8.4      20.323
2012   10       19    19  56    1.90   348.3    8.4      20.306
2012   10       19    20   5    1.90   348.2    8.4      20.289
2012   10       19    20  13    1.90   348.2    8.4      20.272
2012   10       19    20  22    1.89   348.1    8.4      20.254
2012   10       19    20  30    1.89   348.0    8.4      20.237
2012   10       19    20  39    1.89   348.0    8.4      20.219
2012   10       19    20  48    1.89   347.9    8.3      20.202
2012   10       19    20  56    1.89   347.8    8.3      20.184
2012   10       19    21   5    1.89   347.8    8.3      20.167
2012   10       19    21  13    1.88   347.7    8.3      20.149
2012   10       19    21  22    1.88   347.7    8.3      20.131
2012   10       19    21  31    1.88   347.6    8.3      20.114
2012   10       19    21  39    1.88   347.5    8.3      20.096
2012   10       19    21  48    1.88   347.4    8.3      20.078
2012   10       19    21  57    1.88   347.4    8.3      20.061
2012   10       19    22   6    1.87   347.3    8.3      20.043
2012   10       19    22  14    1.87   347.2    8.3      20.025
2012   10       19    22  23    1.87   347.2    8.3      20.007
2012   10       19    22  32    1.87   347.1    8.3      19.989
2012   10       19    22  41    1.87   347.0    8.3      19.971
2012   10       19    22  49    1.87   346.9    8.3      19.953
2012   10       19    22  58    1.87   346.9    8.3      19.935
2012   10       19    23   7    1.86   346.8    8.3      19.917
2012   10       19    23  16    1.86   346.7    8.3      19.900
2012   10       19    23  25    1.86   346.6    8.3      19.882
2012   10       19    23  34    1.86   346.6    8.3      19.864
2012   10       19    23  43    1.86   346.5    8.2      19.846
2012   10       19    23  52    1.86   346.4    8.2      19.828
2012   10       20     0   1    1.85   346.3    8.2      19.810
2012   10       20     0  10    1.85   346.2    8.2      19.792
2012   10       20     0  19    1.85   346.1    8.2      19.774
2012   10       20     0  28    1.85   346.1    8.2      19.756
2012   10       20     0  37    1.85   346.0    8.2      19.738
2012   10       20     0  46    1.85   345.9    8.2      19.720
2012   10       20     0  55    1.85   345.8    8.2      19.701
2012   10       20     1   4    1.85   345.7    8.2      19.683
2012   10       20     1  13    1.84   345.6    8.2      19.665
2012   10       20     1  22    1.84   345.6    8.2      19.647
2012   10       20     1  31    1.84   345.5    8.2      19.628
2012   10       20     1  40    1.84   345.4    8.2      19.610
2012   10       20     1  49    1.84   345.3    8.2      19.591
2012   10       20     1  58    1.84   345.2    8.2      19.573
2012   10       20     2   7    1.84   345.1    8.2      19.554
2012   10       20     2  16    1.83   345.0    8.2      19.535
2012   10       20     2  25    1.83   344.9    8.2      19.517
2012   10       20     2  34    1.83   344.8    8.2      19.498
2012   10       20     2  43    1.83   344.8    8.2      19.479
2012   10       20     2  52    1.83   344.7    8.2      19.460
2012   10       20     3   1    1.83   344.6    8.2      19.441
2012   10       20     3  11    1.83   344.5    8.1      19.422
2012   10       20     3  20    1.83   344.4    8.1      19.402
2012   10       20     3  29    1.82   344.3    8.1      19.383
2012   10       20     3  38    1.82   344.2    8.1      19.364
2012   10       20     3  47    1.82   344.1    8.1      19.345
2012   10       20     3  56    1.82   344.0    8.1      19.325
2012   10       20     4   6    1.82   343.9    8.1      19.306
2012   10       20     4  15    1.82   343.8    8.1      19.286
2012   10       20     4  24    1.82   343.7    8.1      19.267
2012   10       20     4  33    1.82   343.6    8.1      19.247
2012   10       20     4  43    1.81   343.5    8.1      19.228
2012   10       20     4  52    1.81   343.4    8.1      19.209
2012   10       20     5   1    1.81   343.3    8.1      19.189
2012   10       20     5  11    1.81   343.2    8.1      19.170
2012   10       20     5  20    1.81   343.1    8.1      19.150
2012   10       20     5  29    1.81   343.0    8.1      19.131
2012   10       20     5  39    1.81   342.9    8.1      19.112
2012   10       20     5  48    1.81   342.8    8.1      19.093
2012   10       20     5  57    1.81   342.7    8.1      19.073
2012   10       20     6   7    1.80   342.6    8.1      19.054
2012   10       20     6  16    1.80   342.5    8.1      19.035
2012   10       20     6  25    1.80   342.4    8.1      19.016
2012   10       20     6  35    1.80   342.3    8.1      18.997
2012   10       20     6  44    1.80   342.2    8.1      18.979
2012   10       20     6  54    1.80   342.1    8.1      18.960
2012   10       20     7   3    1.80   342.0    8.1      18.941
2012   10       20     7  13    1.80   341.9    8.1      18.923
2012   10       20     7  22    1.80   341.8    8.1      18.904
2012   10       20     7  32    1.79   341.6    8.1      18.886
2012   10       20     7  41    1.79   341.5    8.1      18.868
2012   10       20     7  51    1.79   341.4    8.1      18.849
2012   10       20     8   0    1.79   341.3    8.1      18.831
2012   10       20     8  10    1.79   341.2    8.1      18.813
2012   10       20     8  20    1.79   341.1    8.1      18.795
2012   10       20     8  29    1.79   341.0    8.1      18.777
2012   10       20     8  39    1.79   340.9    8.1      18.759
2012   10       20     8  48    1.79   340.8    8.1      18.742
2012   10       20     8  58    1.79   340.6    8.1      18.724
2012   10       20     9   8    1.79   340.5    8.1      18.706
2012   10       20     9  17    1.79   340.4    8.1      18.689
2012   10       20     9  27    1.78   340.3    8.1      18.671
2012   10       20     9  36    1.78   340.2    8.1      18.654
2012   10       20     9  46    1.78   340.1    8.1      18.637
2012   10       20     9  56    1.78   340.0    8.1      18.619
2012   10       20    10   5    1.78   339.9    8.1      18.602
2012   10       20    10  15    1.78   339.7    8.1      18.585
2012   10       20    10  25    1.78   339.6    8.1      18.568
2012   10       20    10  34    1.78   339.5    8.1      18.551
2012   10       20    10  44    1.78   339.4    8.1      18.534
2012   10       20    10  53    1.78   339.3    8.1      18.517
2012   10       20    11   3    1.78   339.2    8.1      18.499
2012   10       20    11  13    1.78   339.0    8.1      18.482
2012   10       20    11  22    1.78   338.9    8.1      18.465
2012   10       20    11  32    1.77   338.8    8.1      18.448
2012   10       20    11  42    1.77   338.7    8.1      18.430
2012   10       20    11  51    1.77   338.6    8.1      18.413
2012   10       20    12   1    1.77   338.5    8.1      18.396
2012   10       20    12  11    1.77   338.3    8.1      18.378
2012   10       20    12  20    1.77   338.2    8.1      18.361
2012   10       20    12  30    1.77   338.1    8.1      18.343
2012   10       20    12  40    1.77   338.0    8.1      18.325
2012   10       20    12  49    1.77   337.9    8.1      18.308
2012   10       20    12  59    1.77   337.8    8.0      18.290
2012   10       20    13   9    1.77   337.6    8.0      18.272
2012   10       20    13  18    1.77   337.5    8.0      18.254
2012   10       20    13  28    1.77   337.4    8.0      18.236
2012   10       20    13  38    1.77   337.3    8.0      18.218
2012   10       20    13  47    1.77   337.2    8.0      18.200
2012   10       20    13  57    1.77   337.1    8.0      18.182
2012   10       20    14   6    1.76   336.9    8.0      18.164
2012   10       20    14  16    1.76   336.8    8.0      18.146
2012   10       20    14  26    1.76   336.7    8.0      18.128
2012   10       20    14  35    1.76   336.6    8.0      18.110
2012   10       20    14  45    1.76   336.5    8.0      18.093
2012   10       20    14  55    1.76   336.4    8.0      18.075
2012   10       20    15   4    1.76   336.2    8.0      18.057
2012   10       20    15  14    1.76   336.1    8.0      18.040
2012   10       20    15  23    1.76   336.0    8.0      18.022
2012   10       20    15  33    1.76   335.9    8.0      18.005
2012   10       20    15  43    1.76   335.8    8.0      17.988
2012   10       20    15  52    1.76   335.6    8.0      17.971
2012   10       20    16   2    1.76   335.5    8.0      17.954
2012   10       20    16  12    1.76   335.4    8.0      17.937
2012   10       20    16  21    1.76   335.3    8.0      17.921
2012   10       20    16  31    1.76   335.2    8.0      17.904
2012   10       20    16  40    1.76   335.0    8.0      17.888
2012   10       20    16  50    1.76   334.9    8.0      17.872
2012   10       20    17   0    1.76   334.8    8.0      17.856
2012   10       20    17   9    1.76   334.7    8.0      17.840
2012   10       20    17  19    1.75   334.6    8.0      17.825
2012   10       20    17  28    1.75   334.4    8.0      17.809
2012   10       20    17  38    1.75   334.3    8.0      17.794
2012   10       20    17  48    1.75   334.2    8.1      17.779
2012   10       20    17  57    1.75   334.1    8.1      17.764
2012   10       20    18   7    1.75   334.0    8.1      17.749
2012   10       20    18  17    1.75   333.8    8.1      17.735
2012   10       20    18  26    1.75   333.7    8.1      17.720
2012   10       20    18  36    1.75   333.6    8.1      17.706
2012   10       20    18  46    1.75   333.5    8.1      17.691
2012   10       20    18  55    1.75   333.3    8.1      17.677
2012   10       20    19   5    1.75   333.2    8.1      17.663
2012   10       20    19  15    1.75   333.1    8.1      17.649
2012   10       20    19  24    1.75   333.0    8.1      17.635
2012   10       20    19  34    1.75   332.8    8.1      17.622
2012   10       20    19  44    1.75   332.7    8.1      17.608
2012   10       20    19  53    1.75   332.6    8.1      17.594
2012   10       20    20   3    1.75   332.5    8.1      17.581
2012   10       20    20  12    1.75   332.3    8.1      17.567
2012   10       20    20  22    1.75   332.2    8.1      17.553
2012   10       20    20  32    1.75   332.1    8.1      17.540
2012   10       20    20  41    1.75   332.0    8.1      17.527
2012   10       20    20  51    1.75   331.8    8.1      17.513
2012   10       20    21   1    1.75   331.7    8.1      17.500
2012   10       20    21  10    1.75   331.6    8.1      17.486
2012   10       20    21  20    1.75   331.5    8.1      17.473
2012   10       20    21  30    1.75   331.3    8.1      17.460
2012   10       20    21  39    1.75   331.2    8.1      17.446
2012   10       20    21  49    1.75   331.1    8.1      17.433
2012   10       20    21  59    1.75   331.0    8.1      17.419
2012   10       20    22   8    1.75   330.8    8.1      17.406
2012   10       20    22  18    1.75   330.7    8.1      17.393
2012   10       20    22  27    1.75   330.6    8.1      17.379
2012   10       20    22  37    1.75   330.5    8.1      17.365
2012   10       20    22  47    1.75   330.3    8.1      17.352
2012   10       20    22  56    1.75   330.2    8.1      17.338
2012   10       20    23   6    1.75   330.1    8.1      17.324
2012   10       20    23  16    1.75   330.0    8.1      17.310
2012   10       20    23  25    1.75   329.8    8.1      17.297
2012   10       20    23  35    1.75   329.7    8.1      17.283
2012   10       20    23  44    1.75   329.6    8.1      17.269
2012   10       20    23  54    1.75   329.4    8.1      17.255
2012   10       21     0   4    1.75   329.3    8.1      17.241
2012   10       21     0  13    1.75   329.2    8.1      17.227
2012   10       21     0  23    1.75   329.0    8.1      17.213
2012   10       21     0  32    1.75   328.9    8.1      17.199
2012   10       21     0  42    1.75   328.8    8.1      17.185
2012   10       21     0  52    1.75   328.6    8.1      17.172
2012   10       21     1   1    1.75   328.5    8.1      17.158
2012   10       21     1  11    1.75   328.4    8.1      17.144
2012   10       21     1  20    1.75   328.2    8.1      17.131
2012   10       21     1  30    1.75   328.1    8.1      17.118
2012   10       21     1  40    1.75   328.0    8.1      17.105
2012   10       21     1  49    1.75   327.8    8.1      17.091
2012   10       21     1  59    1.75   327.7    8.1      17.079
2012   10       21     2   9    1.75   327.5    8.2      17.066
2012   10       21     2  18    1.75   327.4    8.2      17.054
2012   10       21     2  28    1.75   327.3    8.2      17.042
2012   10       21     2  38    1.75   327.1    8.2      17.030
2012   10       21     2  47    1.75   327.0    8.2      17.019
2012   10       21     2  57    1.75   326.9    8.2      17.007
2012   10       21     3   7    1.75   326.7    8.2      16.996
2012   10       21     3  16    1.75   326.6    8.2      16.986
2012   10       21     3  26    1.75   326.4    8.2      16.976
2012   10       21     3  36    1.75   326.3    8.2      16.966
2012   10       21     3  45    1.75   326.2    8.2      16.956
2012   10       21     3  55    1.75   326.0    8.2      16.947
2012   10       21     4   5    1.75   325.9    8.2      16.938
2012   10       21     4  14    1.76   325.7    8.2      16.930
2012   10       21     4  24    1.76   325.6    8.2      16.922
2012   10       21     4  33    1.76   325.4    8.2      16.914
2012   10       21     4  43    1.76   325.3    8.2      16.907
2012   10       21     4  53    1.76   325.2    8.3      16.900
2012   10       21     5   2    1.76   325.0    8.3      16.893
2012   10       21     5  12    1.76   324.9    8.3      16.887
2012   10       21     5  22    1.76   324.7    8.3      16.881
2012   10       21     5  31    1.76   324.6    8.3      16.875
2012   10       21     5  41    1.76   324.4    8.3      16.870
2012   10       21     5  50    1.77   324.3    8.3      16.865
2012   10       21     6   0    1.77   324.2    8.3      16.860
2012   10       21     6  10    1.77   324.0    8.3      16.856
2012   10       21     6  19    1.77   323.9    8.3      16.852
2012   10       21     6  29    1.77   323.7    8.4      16.849
2012   10       21     6  39    1.77   323.6    8.4      16.845
2012   10       21     6  48    1.77   323.4    8.4      16.842
2012   10       21     6  58    1.78   323.3    8.4      16.839
2012   10       21     7   7    1.78   323.1    8.4      16.837
2012   10       21     7  17    1.78   323.0    8.4      16.835
2012   10       21     7  27    1.78   322.9    8.4      16.833
2012   10       21     7  36    1.78   322.7    8.4      16.831
2012   10       21     7  46    1.78   322.6    8.5      16.829
2012   10       21     7  55    1.79   322.4    8.5      16.828
2012   10       21     8   5    1.79   322.3    8.5      16.827
2012   10       21     8  15    1.79   322.1    8.5      16.826
2012   10       21     8  24    1.79   322.0    8.5      16.825
2012   10       21     8  34    1.79   321.8    8.5      16.825
2012   10       21     8  44    1.80   321.7    8.5      16.825
2012   10       21     8  53    1.80   321.5    8.6      16.824
2012   10       21     9   3    1.80   321.4    8.6      16.824
2012   10       21     9  13    1.80   321.3    8.6      16.825
2012   10       21     9  22    1.81   321.1    8.6      16.825
2012   10       21     9  32    1.81   321.0    8.6      16.825
2012   10       21     9  41    1.81   320.8    8.6      16.826
2012   10       21     9  51    1.81   320.7    8.7      16.827
2012   10       21    10   1    1.82   320.5    8.7      16.828
2012   10       21    10  10    1.82   320.4    8.7      16.829
2012   10       21    10  20    1.82   320.2    8.7      16.831
2012   10       21    10  30    1.82   320.1    8.7      16.832
2012   10       21    10  39    1.83   319.9    8.7      16.834
2012   10       21    10  49    1.83   319.8    8.8      16.836
2012   10       21    10  59    1.83   319.7    8.8      16.839
2012   10       21    11   8    1.84   319.5    8.8      16.842
2012   10       21    11  18    1.84   319.4    8.8      16.845
2012   10       21    11  28    1.84   319.2    8.8      16.848
2012   10       21    11  37    1.85   319.1    8.9      16.852
2012   10       21    11  47    1.85   318.9    8.9      16.856
2012   10       21    11  57    1.85   318.8    8.9      16.860
2012   10       21    12   6    1.86   318.7    8.9      16.865
2012   10       21    12  16    1.86   318.5    8.9      16.871
2012   10       21    12  25    1.86   318.4    9.0      16.876
2012   10       21    12  35    1.87   318.2    9.0      16.883
2012   10       21    12  45    1.87   318.1    9.0      16.889
2012   10       21    12  54    1.87   318.0    9.0      16.896
2012   10       21    13   4    1.88   317.8    9.0      16.904
2012   10       21    13  14    1.88   317.7    9.1      16.912
2012   10       21    13  23    1.89   317.5    9.1      16.921
2012   10       21    13  33    1.89   317.4    9.1      16.930
2012   10       21    13  42    1.90   317.3    9.1      16.939
2012   10       21    13  52    1.90   317.1    9.2      16.950
2012   10       21    14   2    1.90   317.0    9.2      16.960
2012   10       21    14  11    1.91   316.9    9.2      16.971
2012   10       21    14  21    1.91   316.7    9.2      16.983
2012   10       21    14  30    1.92   316.6    9.3      16.995
2012   10       21    14  40    1.92   316.5    9.3      17.007
2012   10       21    14  50    1.93   316.4    9.3      17.020
2012   10       21    14  59    1.93   316.2    9.4      17.033
2012   10       21    15   9    1.94   316.1    9.4      17.047
2012   10       21    15  18    1.94   316.0    9.4      17.061
2012   10       21    15  28    1.95   315.9    9.4      17.076
2012   10       21    15  38    1.96   315.7    9.5      17.091
2012   10       21    15  47    1.96   315.6    9.5      17.106
2012   10       21    15  57    1.97   315.5    9.5      17.122
2012   10       21    16   7    1.97   315.4    9.6      17.138
2012   10       21    16  16    1.98   315.2    9.6      17.155
2012   10       21    16  26    1.98   315.1    9.6      17.173
2012   10       21    16  36    1.99   315.0    9.7      17.191
2012   10       21    16  45    2.00   314.9    9.7      17.209
2012   10       21    16  55    2.00   314.8    9.7      17.228
2012   10       21    17   4    2.01   314.7    9.8      17.247
2012   10       21    17  14    2.01   314.5    9.8      17.267
2012   10       21    17  24    2.02   314.4    9.9      17.288
2012   10       21    17  33    2.03   314.3    9.9      17.309
2012   10       21    17  43    2.04   314.2    9.9      17.331
2012   10       21    17  53    2.04   314.1   10.0      17.354
2012   10       21    18   2    2.05   314.0   10.0      17.377
2012   10       21    18  12    2.06   313.9   10.1      17.401
2012   10       21    18  22    2.06   313.8   10.1      17.426
2012   10       21    18  31    2.07   313.7   10.1      17.452
2012   10       21    18  41    2.08   313.6   10.2      17.478
2012   10       21    18  51    2.09   313.5   10.2      17.506
2012   10       21    19   0    2.10   313.4   10.3      17.535
2012   10       21    19  10    2.10   313.4   10.3      17.565
2012   10       21    19  20    2.11   313.3   10.4      17.597
2012   10       21    19  29    2.12   313.2   10.4      17.630
2012   10       21    19  39    2.13   313.1   10.5      17.665
2012   10       21    19  48    2.14   313.1   10.5      17.702
2012   10       21    19  58    2.14   313.0   10.6      17.741
2012   10       21    20   8    2.15   313.0   10.6      17.782
2012   10       21    20  17    2.16   312.9   10.7      17.825
2012   10       21    20  27    2.17   312.9   10.7      17.869
2012   10       21    20  37    2.18   312.8   10.8      17.915
2012   10       21    20  46    2.19   312.8   10.8      17.962
2012   10       21    20  56    2.19   312.7   10.9      18.010
2012   10       21    21   5    2.20   312.7   10.9      18.057
2012   10       21    21  15    2.21   312.6   10.9      18.105
2012   10       21    21  25    2.22   312.6   11.0      18.152
2012   10       21    21  34    2.23   312.6   11.0      18.198
2012   10       21    21  44    2.23   312.5   11.1      18.243
2012   10       21    21  53    2.24   312.5   11.1      18.288
2012   10       21    22   3    2.25   312.4   11.2      18.333
2012   10       21    22  13    2.26   312.4   11.2      18.377
2012   10       21    22  22    2.27   312.3   11.2      18.421
2012   10       21    22  32    2.27   312.3   11.3      18.465
2012   10       21    22  41    2.28   312.3   11.3      18.508
2012   10       21    22  51    2.29   312.2   11.4      18.551
2012   10       21    23   1    2.30   312.2   11.4      18.594
2012   10       21    23  10    2.31   312.1   11.5      18.636
2012   10       21    23  20    2.32   312.1   11.5      18.679
2012   10       21    23  30    2.32   312.1   11.6      18.721
2012   10       21    23  39    2.33   312.0   11.6      18.764
2012   10       21    23  49    2.34   312.0   11.7      18.807
2012   10       21    23  59    2.35   312.0   11.7      18.850
2012   10       22     0   8    2.36   311.9   11.8      18.896
2012   10       22     0  18    2.37   311.9   11.8      18.944
2012   10       22     0  27    2.38   311.9   11.9      18.992
2012   10       22     0  37    2.39   311.9   11.9      19.041
2012   10       22     0  47    2.40   311.8   12.0      19.090
2012   10       22     0  56    2.41   311.8   12.1      19.141
2012   10       22     1   6    2.42   311.8   12.1      19.193
2012   10       22     1  16    2.43   311.8   12.2      19.245
2012   10       22     1  25    2.44   311.8   12.3      19.299
2012   10       22     1  35    2.45   311.8   12.3      19.355
2012   10       22     1  45    2.46   311.8   12.4      19.413
2012   10       22     1  54    2.47   311.8   12.5      19.474
2012   10       22     2   4    2.49   311.8   12.6      19.538
2012   10       22     2  14    2.50   311.9   12.6      19.605
2012   10       22     2  23    2.51   311.9   12.7      19.674
2012   10       22     2  33    2.52   311.9   12.8      19.747
2012   10       22     2  42    2.53   312.0   12.9      19.824
2012   10       22     2  52    2.54   312.0   12.9      19.904
2012   10       22     3   2    2.55   312.1   13.0      19.987
2012   10       22     3  11    2.57   312.2   13.1      20.073
2012   10       22     3  21    2.58   312.3   13.1      20.161
2012   10       22     3  31    2.59   312.3   13.2      20.250
2012   10       22     3  40    2.60   312.4   13.3      20.338
2012   10       22     3  50    2.61   312.5   13.3      20.425
2012   10       22     3  59    2.62   312.6   13.4      20.511
2012   10       22     4   9    2.63   312.6   13.5      20.596
2012   10       22     4  19    2.64   312.7   13.5      20.680
2012   10       22     4  28    2.65   312.8   13.6      20.762
2012   10       22     4  38    2.65   312.8   13.6      20.842
2012   10       22     4  48    2.66   312.9   13.7      20.921
2012   10       22     4  57    2.67   313.0   13.7      20.997
2012   10       22     5   7    2.68   313.0   13.8      21.073
2012   10       22     5  16    2.69   313.1   13.8      21.147
2012   10       22     5  26    2.70   313.2   13.9      21.220
2012   10       22     5  36    2.71   313.3   13.9      21.291
2012   10       22     5  45    2.72   313.3   14.0      21.362
2012   10       22     5  55    2.72   313.4   14.0      21.432
2012   10       22     6   4    2.73   313.5   14.1      21.501
2012   10       22     6  14    2.74   313.5   14.1      21.569
2012   10       22     6  24    2.75   313.6   14.2      21.637
2012   10       22     6  33    2.76   313.7   14.2      21.704
2012   10       22     6  43    2.77   313.8   14.3      21.772
2012   10       22     6  52    2.77   313.8   14.3      21.839
2012   10       22     7   2    2.78   313.9   14.3      21.905
2012   10       22     7  12    2.79   314.0   14.4      21.972
2012   10       22     7  21    2.80   314.1   14.4      22.038
2012   10       22     7  31    2.81   314.2   14.5      22.104
2012   10       22     7  41    2.81   314.3   14.5      22.170
2012   10       22     7  50    2.82   314.3   14.6      22.235
2012   10       22     8   0    2.83   314.4   14.6      22.301
2012   10       22     8  10    2.84   314.5   14.7      22.367
2012   10       22     8  19    2.85   314.6   14.7      22.432
2012   10       22     8  29    2.85   314.7   14.8      22.497
2012   10       22     8  39    2.86   314.8   14.8      22.563
2012   10       22     8  48    2.87   314.9   14.9      22.628
2012   10       22     8  58    2.88   315.0   14.9      22.696
2012   10       22     9   8    2.89   315.1   15.0      22.765
2012   10       22     9  17    2.90   315.2   15.0      22.838
2012   10       22     9  27    2.90   315.3   15.1      22.913
2012   10       22     9  36    2.91   315.4   15.1      22.991
2012   10       22     9  46    2.92   315.5   15.2      23.070
2012   10       22     9  56    2.93   315.7   15.2      23.151
2012   10       22    10   5    2.94   315.8   15.3      23.231
2012   10       22    10  15    2.94   315.9   15.3      23.313
2012   10       22    10  25    2.95   316.1   15.4      23.396
2012   10       22    10  34    2.96   316.2   15.4      23.482
2012   10       22    10  44    2.97   316.4   15.5      23.567
2012   10       22    10  53    2.97   316.5   15.5      23.654
2012   10       22    11   3    2.98   316.7   15.6      23.739
2012   10       22    11  13    2.99   316.8   15.6      23.824
2012   10       22    11  22    2.99   316.9   15.6      23.907
2012   10       22    11  32    3.00   317.1   15.7      23.989
2012   10       22    11  42    3.01   317.2   15.7      24.070
2012   10       22    11  51    3.01   317.4   15.7      24.150
2012   10       22    12   1    3.02   317.5   15.8      24.228
2012   10       22    12  10    3.02   317.7   15.8      24.306
2012   10       22    12  20    3.03   317.8   15.8      24.383
2012   10       22    12  30    3.03   318.0   15.8      24.459
2012   10       22    12  39    3.04   318.1   15.9      24.534
2012   10       22    12  49    3.05   318.3   15.9      24.608
2012   10       22    12  58    3.05   318.4   15.9      24.682
2012   10       22    13   8    3.05   318.6   15.9      24.754
2012   10       22    13  18    3.06   318.7   15.9      24.825
2012   10       22    13  27    3.06   318.9   16.0      24.896
2012   10       22    13  37    3.07   319.1   16.0      24.966
2012   10       22    13  46    3.07   319.2   16.0      25.036
2012   10       22    13  56    3.08   319.4   16.0      25.105
2012   10       22    14   6    3.08   319.5   16.0      25.173
2012   10       22    14  15    3.08   319.7   16.0      25.239
2012   10       22    14  25    3.09   319.9   16.0      25.304
2012   10       22    14  35    3.09   320.0   16.1      25.368
2012   10       22    14  44    3.09   320.2   16.1      25.430
2012   10       22    14  54    3.10   320.3   16.1      25.491
2012   10       22    15   3    3.10   320.5   16.1      25.550
2012   10       22    15  13    3.10   320.7   16.1      25.608
2012   10       22    15  23    3.11   320.8   16.1      25.666
2012   10       22    15  32    3.11   321.0   16.1      25.721
2012   10       22    15  42    3.11   321.1   16.1      25.776
2012   10       22    15  52    3.12   321.2   16.1      25.829
2012   10       22    16   1    3.12   321.4   16.1      25.882
2012   10       22    16  11    3.12   321.5   16.1      25.934
2012   10       22    16  21    3.12   321.7   16.1      25.985
2012   10       22    16  30    3.13   321.8   16.1      26.035
2012   10       22    16  40    3.13   322.0   16.1      26.085
2012   10       22    16  50    3.13   322.1   16.2      26.135
2012   10       22    16  59    3.14   322.2   16.2      26.186
2012   10       22    17   9    3.14   322.4   16.2      26.236
2012   10       22    17  18    3.14   322.5   16.2      26.286
2012   10       22    17  28    3.14   322.7   16.2      26.338
2012   10       22    17  38    3.15   322.8   16.2      26.391
2012   10       22    17  47    3.15   323.0   16.2      26.445
2012   10       22    17  57    3.15   323.1   16.2      26.501
2012   10       22    18   7    3.16   323.3   16.2      26.558
2012   10       22    18  16    3.16   323.5   16.2      26.617
2012   10       22    18  26    3.16   323.6   16.2      26.676
2012   10       22    18  35    3.16   323.8   16.3      26.735
2012   10       22    18  45    3.17   323.9   16.3      26.793
2012   10       22    18  55    3.17   324.1   16.3      26.852
2012   10       22    19   4    3.17   324.3   16.3      26.911
2012   10       22    19  14    3.17   324.4   16.3      26.970
2012   10       22    19  23    3.18   324.6   16.3      27.031
2012   10       22    19  33    3.18   324.8   16.3      27.092
2012   10       22    19  43    3.18   325.0   16.3      27.154
2012   10       22    19  52    3.18   325.1   16.3      27.219
2012   10       22    20   2    3.18   325.3   16.3      27.285
2012   10       22    20  12    3.19   325.5   16.4      27.354
2012   10       22    20  21    3.19   325.7   16.4      27.424
2012   10       22    20  31    3.19   325.9   16.4      27.495
2012   10       22    20  40    3.19   326.1   16.4      27.568
2012   10       22    20  50    3.20   326.3   16.4      27.642
2012   10       22    21   0    3.20   326.6   16.4      27.717
2012   10       22    21   9    3.20   326.8   16.4      27.792
2012   10       22    21  19    3.20   327.0   16.4      27.867
2012   10       22    21  28    3.20   327.3   16.4      27.942
2012   10       22    21  38    3.20   327.5   16.4      28.014
2012   10       22    21  48    3.21   327.8   16.4      28.083
2012   10       22    21  57    3.21   328.0   16.4      28.150
2012   10       22    22   7    3.21   328.3   16.4      28.214
2012   10       22    22  16    3.21   328.5   16.4      28.275
2012   10       22    22  26    3.21   328.7   16.4      28.335
2012   10       22    22  36    3.21   329.0   16.4      28.392
2012   10       22    22  45    3.21   329.2   16.4      28.448
2012   10       22    22  55    3.21   329.5   16.4      28.502
2012   10       22    23   5    3.21   329.7   16.4      28.554
2012   10       22    23  14    3.21   329.9   16.4      28.605
2012   10       22    23  24    3.21   330.2   16.4      28.654
2012   10       22    23  34    3.21   330.4   16.4      28.700
2012   10       22    23  43    3.21   330.7   16.3      28.745
2012   10       22    23  53    3.21   330.9   16.3      28.788
2012   10       23     0   3    3.21   331.1   16.3      28.828
2012   10       23     0  12    3.21   331.3   16.3      28.864
2012   10       23     0  22    3.21   331.5   16.3      28.898
2012   10       23     0  31    3.21   331.7   16.3      28.930
2012   10       23     0  41    3.20   332.0   16.2      28.962
2012   10       23     0  51    3.20   332.2   16.2      28.991
2012   10       23     1   0    3.20   332.4   16.2      29.020
2012   10       23     1  10    3.20   332.6   16.2      29.048
2012   10       23     1  20    3.20   332.8   16.2      29.076
2012   10       23     1  29    3.20   333.0   16.1      29.103
2012   10       23     1  39    3.20   333.2   16.1      29.129
2012   10       23     1  48    3.20   333.4   16.1      29.156
2012   10       23     1  58    3.19   333.6   16.1      29.183
2012   10       23     2   8    3.19   333.7   16.1      29.209
2012   10       23     2  17    3.19   333.9   16.0      29.237
2012   10       23     2  27    3.19   334.1   16.0      29.264
2012   10       23     2  37    3.19   334.3   16.0      29.294
2012   10       23     2  46    3.19   334.5   16.0      29.324
2012   10       23     2  56    3.19   334.7   16.0      29.354
2012   10       23     3   5    3.18   334.9   16.0      29.387
2012   10       23     3  15    3.18   335.1   16.0      29.424
2012   10       23     3  24    3.18   335.4   15.9      29.464
2012   10       23     3  34    3.18   335.6   15.9      29.507
2012   10       23     3  44    3.18   335.8   15.9      29.552
2012   10       23     3  53    3.18   336.0   15.9      29.600
2012   10       23     4   3    3.18   336.3   15.9      29.648
2012   10       23     4  13    3.18   336.5   15.9      29.697
2012   10       23     4  22    3.18   336.8   15.9      29.746
2012   10       23     4  32    3.17   337.1   15.9      29.796
2012   10       23     4  41    3.17   337.3   15.9      29.845
2012   10       23     4  51    3.17   337.6   15.9      29.893
2012   10       23     5   1    3.17   337.9   15.9      29.938
2012   10       23     5  10    3.17   338.1   15.8      29.980
2012   10       23     5  20    3.16   338.4   15.8      30.020
2012   10       23     5  29    3.16   338.7   15.8      30.059
2012   10       23     5  39    3.16   338.9   15.8      30.096
2012   10       23     5  49    3.16   339.2   15.8      30.132
2012   10       23     5  58    3.15   339.5   15.7      30.166
2012   10       23     6   8    3.15   339.8   15.7      30.198
2012   10       23     6  18    3.15   340.0   15.7      30.229
2012   10       23     6  27    3.15   340.3   15.7      30.258
2012   10       23     6  37    3.14   340.6   15.6      30.284
2012   10       23     6  46    3.14   340.8   15.6      30.310
2012   10       23     6  56    3.14   341.1   15.6      30.334
2012   10       23     7   6    3.13   341.4   15.5      30.356
2012   10       23     7  15    3.13   341.7   15.5      30.376
2012   10       23     7  25    3.13   341.9   15.5      30.394
2012   10       23     7  35    3.12   342.2   15.4      30.411
2012   10       23     7  44    3.12   342.5   15.4      30.427
2012   10       23     7  54    3.11   342.7   15.4      30.441
2012   10       23     8   4    3.11   343.0   15.3      30.455
2012   10       23     8  13    3.11   343.3   15.3      30.467
2012   10       23     8  23    3.10   343.5   15.2      30.478
2012   10       23     8  32    3.10   343.8   15.2      30.488
2012   10       23     8  42    3.09   344.1   15.2      30.497
2012   10       23     8  52    3.09   344.4   15.1      30.505
2012   10       23     9   1    3.08   344.6   15.1      30.512
2012   10       23     9  11    3.08   344.9   15.0      30.517
2012   10       23     9  20    3.07   345.2   15.0      30.521
2012   10       23     9  30    3.07   345.5   14.9      30.524
2012   10       23     9  40    3.06   345.7   14.9      30.524
2012   10       23     9  49    3.06   346.0   14.8      30.524
2012   10       23     9  59    3.05   346.3   14.8      30.522
2012   10       23    10   8    3.04   346.5   14.7      30.517
2012   10       23    10  18    3.04   346.8   14.7      30.508
2012   10       23    10  28    3.03   347.1   14.6      30.498
2012   10       23    10  37    3.03   347.3   14.6      30.484
2012   10       23    10  47    3.02   347.6   14.5      30.469
2012   10       23    10  56    3.01   347.8   14.4      30.451
2012   10       23    11   6    3.01   348.1   14.4      30.432
2012   10       23    11  16    3.00   348.3   14.3      30.411
2012   10       23    11  25    2.99   348.6   14.3      30.388
2012   10       23    11  35    2.99   348.8   14.2      30.364
2012   10       23    11  44    2.98   349.1   14.1      30.337
2012   10       23    11  54    2.97   349.3   14.1      30.309
2012   10       23    12   4    2.96   349.5   14.0      30.280
2012   10       23    12  13    2.96   349.7   14.0      30.249
2012   10       23    12  23    2.95   350.0   13.9      30.218
2012   10       23    12  33    2.94   350.2   13.8      30.186
2012   10       23    12  42    2.94   350.4   13.8      30.153
2012   10       23    12  52    2.93   350.6   13.7      30.120
2012   10       23    13   1    2.92   350.9   13.7      30.087
2012   10       23    13  11    2.91   351.1   13.6      30.054
2012   10       23    13  21    2.91   351.3   13.5      30.021
2012   10       23    13  30    2.90   351.5   13.5      29.987
2012   10       23    13  40    2.89   351.7   13.4      29.955
2012   10       23    13  49    2.89   351.9   13.4      29.923
2012   10       23    13  59    2.88   352.1   13.3      29.892
2012   10       23    14   9    2.87   352.4   13.3      29.861
2012   10       23    14  18    2.87   352.6   13.2      29.831
2012   10       23    14  28    2.86   352.8   13.2      29.801
2012   10       23    14  38    2.85   353.0   13.1      29.773
2012   10       23    14  47    2.85   353.2   13.1      29.744
2012   10       23    14  57    2.84   353.5   13.0      29.715
2012   10       23    15   6    2.83   353.7   13.0      29.687
2012   10       23    15  16    2.82   353.9   12.9      29.659
2012   10       23    15  26    2.82   354.1   12.9      29.631
2012   10       23    15  35    2.81   354.3   12.8      29.603
2012   10       23    15  45    2.80   354.5   12.8      29.574
2012   10       23    15  55    2.80   354.8   12.7      29.544
2012   10       23    16   4    2.79   355.0   12.7      29.514
2012   10       23    16  14    2.78   355.2   12.6      29.482
2012   10       23    16  23    2.77   355.4   12.6      29.449
2012   10       23    16  33    2.77   355.6   12.5      29.415
2012   10       23    16  43    2.76   355.9   12.5      29.380
2012   10       23    16  52    2.75   356.1   12.4      29.342
2012   10       23    17   2    2.74   356.3   12.4      29.301
2012   10       23    17  11    2.74   356.5   12.3      29.257
2012   10       23    17  21    2.73   356.7   12.2      29.210
2012   10       23    17  31    2.72   356.8   12.2      29.162
2012   10       23    17  40    2.71   357.0   12.1      29.110
2012   10       23    17  50    2.71   357.2   12.1      29.057
2012   10       23    17  59    2.70   357.4   12.0      29.002
2012   10       23    18   9    2.69   357.6   12.0      28.946
2012   10       23    18  19    2.68   357.7   11.9      28.887
2012   10       23    18  28    2.68   357.9   11.9      28.827
2012   10       23    18  38    2.67   358.0   11.8      28.764
2012   10       23    18  47    2.66   358.2   11.7      28.701
2012   10       23    18  57    2.65   358.4   11.7      28.635
2012   10       23    19   7    2.65   358.5   11.6      28.569
2012   10       23    19  16    2.64   358.7   11.6      28.500
2012   10       23    19  26    2.63   358.8   11.5      28.430
2012   10       23    19  35    2.63   359.0   11.5      28.358
2012   10       23    19  45    2.62   359.2   11.4      28.287
2012   10       23    19  55    2.61   359.3   11.4      28.214
2012   10       23    20   4    2.60   359.5   11.3      28.143
2012   10       23    20  14    2.60   359.6   11.3      28.070
2012   10       23    20  23    2.59   359.7   11.2      27.999
2012   10       23    20  33    2.58   359.9   11.2      27.926
2012   10       23    20  43    2.58   360.0   11.1      27.856
2012   10       23    20  52    2.57   360.2   11.1      27.786
2012   10       23    21   2    2.56   360.3   11.0      27.718
2012   10       23    21  11    2.56   360.4   11.0      27.650
2012   10       23    21  21    2.55   360.6   11.0      27.584
2012   10       23    21  31    2.54   360.7   10.9      27.518
2012   10       23    21  40    2.54   360.8   10.9      27.454
2012   10       23    21  50    2.53   360.9   10.8      27.390
2012   10       23    21  59    2.53   361.1   10.8      27.327
2012   10       23    22   9    2.52   361.2   10.8      27.265
2012   10       23    22  19    2.51   361.3   10.7      27.204
2012   10       23    22  28    2.51   361.4   10.7      27.144
2012   10       23    22  38    2.50   361.5   10.6      27.085
2012   10       23    22  48    2.50   361.6   10.6      27.026
2012   10       23    22  57    2.49   361.7   10.6      26.969
2012   10       23    23   7    2.48   361.8   10.5      26.912
2012   10       23    23  16    2.48   361.9   10.5      26.856
2012   10       23    23  26    2.47   362.0   10.5      26.801
2012   10       23    23  36    2.47   362.1   10.4      26.747
2012   10       23    23  45    2.46   362.2   10.4      26.693
2012   10       23    23  55    2.46   362.2   10.4      26.641
2012   10       24     0   5    2.45   362.3   10.3      26.589
2012   10       24     0  14    2.45   362.4   10.3      26.539
2012   10       24     0  24    2.44   362.5   10.3      26.489
2012   10       24     0  33    2.44   362.5   10.3      26.441
2012   10       24     0  43    2.43   362.6   10.2      26.392
2012   10       24     0  53    2.43   362.6   10.2      26.345
2012   10       24     1   2    2.42   362.7   10.2      26.298
2012   10       24     1  12    2.42   362.8   10.2      26.252
2012   10       24     1  21    2.42   362.8   10.1      26.207
2012   10       24     1  31    2.41   362.9   10.1      26.162
2012   10       24     1  41    2.41   363.0   10.1      26.117
2012   10       24     1  50    2.40   363.0   10.1      26.073
2012   10       24     2   0    2.40   363.1   10.0      26.028
2012   10       24     2   9    2.39   363.1   10.0      25.984
2012   10       24     2  19    2.39   363.2   10.0      25.941
2012   10       24     2  29    2.39   363.3   10.0      25.898
2012   10       24     2  38    2.38   363.3   10.0      25.855
2012   10       24     2  48    2.38   363.4   10.0      25.812
2012   10       24     2  57    2.37   363.5    9.9      25.770
2012   10       24     3   7    2.37   363.5    9.9      25.728
2012   10       24     3  17    2.37   363.6    9.9      25.686
2012   10       24     3  26    2.36   363.7    9.9      25.645
2012   10       24     3  36    2.36   363.7    9.9      25.604
2012   10       24     3  45    2.36   363.8    9.8      25.564
2012   10       24     3  55    2.35   363.8    9.8      25.524
2012   10       24     4   4    2.35   363.9    9.8      25.485
2012   10       24     4  14    2.35   364.0    9.8      25.446
2012   10       24     4  24    2.34   364.0    9.8      25.407
2012   10       24     4  33    2.34   364.1    9.8      25.369
2012   10       24     4  43    2.34   364.1    9.7      25.331
2012   10       24     4  52    2.33   364.2    9.7      25.293
2012   10       24     5   2    2.33   364.2    9.7      25.257
2012   10       24     5  12    2.33   364.3    9.7      25.221
2012   10       24     5  21    2.32   364.4    9.7      25.185
2012   10       24     5  31    2.32   364.4    9.7      25.150
2012   10       24     5  40    2.32   364.5    9.6      25.116
2012   10       24     5  50    2.32   364.5    9.6      25.081
2012   10       24     6   0    2.31   364.6    9.6      25.048
2012   10       24     6   9    2.31   364.6    9.6      25.015
2012   10       24     6  19    2.31   364.7    9.6      24.982
2012   10       24     6  29    2.31   364.7    9.6      24.951
2012   10       24     6  38    2.30   364.8    9.6      24.920
2012   10       24     6  48    2.30   364.8    9.5      24.889
2012   10       24     6  57    2.30   364.9    9.5      24.860
2012   10       24     7   7    2.30   364.9    9.5      24.831
2012   10       24     7  17    2.29   364.9    9.5      24.803
2012   10       24     7  26    2.29   365.0    9.5      24.775
2012   10       24     7  36    2.29   365.0    9.5      24.749
2012   10       24     7  45    2.29   365.1    9.5      24.723
2012   10       24     7  55    2.28   365.1    9.5      24.697
2012   10       24     8   5    2.28   365.1    9.4      24.673
2012   10       24     8  14    2.28   365.2    9.4      24.649
2012   10       24     8  24    2.28   365.2    9.4      24.626
2012   10       24     8  33    2.28   365.3    9.4      24.604
2012   10       24     8  43    2.27   365.3    9.4      24.583
2012   10       24     8  53    2.27   365.3    9.4      24.562
2012   10       24     9   2    2.27   365.4    9.4      24.541
2012   10       24     9  12    2.27   365.4    9.4      24.522
2012   10       24     9  21    2.27   365.4    9.4      24.502
2012   10       24     9  31    2.27   365.5    9.4      24.484
2012   10       24     9  41    2.26   365.5    9.4      24.466
2012   10       24     9  50    2.26   365.5    9.3      24.449
2012   10       24    10   0    2.26   365.6    9.3      24.432
2012   10       24    10   9    2.26   365.6    9.3      24.416
2012   10       24    10  19    2.26   365.6    9.3      24.400
2012   10       24    10  28    2.26   365.7    9.3      24.385
2012   10       24    10  38    2.26   365.7    9.3      24.371
2012   10       24    10  48    2.26   365.7    9.3      24.357
2012   10       24    10  57    2.25   365.7    9.3      24.344
2012   10       24    11   7    2.25   365.8    9.3      24.332
2012   10       24    11  16    2.25   365.8    9.3      24.320
2012   10       24    11  26    2.25   365.8    9.3      24.310
2012   10       24    11  35    2.25   365.9    9.3      24.301
2012   10       24    11  45    2.25   365.9    9.3      24.292
2012   10       24    11  55    2.25   365.9    9.3      24.284
2012   10       24    12   4    2.25   365.9    9.3      24.276
2012   10       24    12  14    2.25   366.0    9.3      24.269
2012   10       24    12  23    2.25   366.0    9.3      24.262
2012   10       24    12  33    2.25   366.0    9.3      24.255
2012   10       24    12  42    2.24   366.1    9.3      24.249
2012   10       24    12  52    2.24   366.1    9.3      24.242
2012   10       24    13   2    2.24   366.1    9.3      24.236
2012   10       24    13  11    2.24   366.2    9.3      24.229
2012   10       24    13  21    2.24   366.2    9.2      24.223
2012   10       24    13  31    2.24   366.2    9.2      24.216
2012   10       24    13  40    2.24   366.3    9.2      24.209
2012   10       24    13  50    2.24   366.3    9.2      24.203
2012   10       24    13  59    2.24   366.3    9.2      24.196
2012   10       24    14   9    2.24   366.4    9.2      24.190
2012   10       24    14  19    2.24   366.4    9.2      24.183
2012   10       24    14  28    2.23   366.4    9.2      24.177
2012   10       24    14  38    2.23   366.4    9.2      24.171
2012   10       24    14  47    2.23   366.5    9.2      24.165
2012   10       24    14  57    2.23   366.5    9.2      24.159
2012   10       24    15   7    2.23   366.5    9.2      24.153
2012   10       24    15  16    2.23   366.6    9.2      24.147
2012   10       24    15  26    2.23   366.6    9.2      24.142
2012   10       24    15  36    2.23   366.6    9.2      24.137
2012   10       24    15  45    2.23   366.6    9.2      24.132
2012   10       24    15  55    2.23   366.7    9.2      24.128
2012   10       24    16   4    2.23   366.7    9.2      24.124
2012   10       24    16  14    2.23   366.7    9.2      24.121
2012   10       24    16  24    2.23   366.7    9.2      24.117
2012   10       24    16  33    2.23   366.8    9.2      24.115
2012   10       24    16  43    2.23   366.8    9.2      24.113
2012   10       24    16  52    2.22   366.8    9.2      24.111
2012   10       24    17   2    2.22   366.8    9.2      24.110
2012   10       24    17  11    2.22   366.9    9.2      24.110
2012   10       24    17  21    2.22   366.9    9.2      24.110
2012   10       24    17  31    2.22   366.9    9.2      24.111
2012   10       24    17  40    2.22   366.9    9.2      24.113
2012   10       24    17  50    2.22   367.0    9.2      24.115
2012   10       24    17  59    2.22   367.0    9.2      24.118
2012   10       24    18   9    2.22   367.0    9.2      24.123
2012   10       24    18  19    2.22   367.0    9.2      24.128
2012   10       24    18  28    2.22   367.1    9.2      24.134
2012   10       24    18  38    2.22   367.1    9.2      24.140
2012   10       24    18  47    2.22   367.1    9.2      24.148
2012   10       24    18  57    2.22   367.2    9.2      24.156
2012   10       24    19   6    2.22   367.2    9.2      24.165
2012   10       24    19  16    2.22   367.3    9.2      24.175
2012   10       24    19  25    2.22   367.3    9.2      24.184
2012   10       24    19  35    2.22   367.4    9.2      24.194
2012   10       24    19  45    2.22   367.4    9.2      24.203
2012   10       24    19  54    2.22   367.5    9.2      24.213
2012   10       24    20   4    2.22   367.5    9.2      24.221
2012   10       24    20  13    2.22   367.6    9.2      24.230
2012   10       24    20  23    2.22   367.6    9.2      24.238
2012   10       24    20  33    2.22   367.7    9.2      24.245
2012   10       24    20  42    2.22   367.7    9.2      24.252
2012   10       24    20  52    2.22   367.8    9.2      24.258
2012   10       24    21   2    2.22   367.8    9.2      24.263
2012   10       24    21  11    2.22   367.9    9.2      24.268
2012   10       24    21  21    2.22   367.9    9.2      24.273
2012   10       24    21  30    2.22   368.0    9.2      24.277
2012   10       24    21  40    2.22   368.0    9.2      24.281
2012   10       24    21  50    2.22   368.1    9.2      24.285
2012   10       24    21  59    2.22   368.1    9.2      24.288
2012   10       24    22   9    2.22   368.2    9.2      24.291
2012   10       24    22  18    2.22   368.2    9.2      24.294
2012   10       24    22  28    2.22   368.3    9.2      24.297
2012   10       24    22  38    2.22   368.3    9.2      24.300
2012   10       24    22  47    2.22   368.4    9.2      24.303
2012   10       24    22  57    2.22   368.4    9.2      24.305
2012   10       24    23   7    2.22   368.5    9.2      24.308
2012   10       24    23  16    2.22   368.5    9.2      24.311
2012   10       24    23  26    2.22   368.6    9.2      24.314
2012   10       24    23  35    2.22   368.7    9.2      24.317
2012   10       24    23  45    2.22   368.7    9.2      24.320
2012   10       24    23  54    2.22   368.8    9.2      24.323
2012   10       25     0   4    2.22   368.8    9.2      24.326
2012   10       25     0  14    2.22   368.9    9.2      24.329
2012   10       25     0  23    2.22   368.9    9.1      24.333
2012   10       25     0  33    2.22   369.0    9.1      24.336
2012   10       25     0  42    2.22   369.0    9.1      24.340
2012   10       25     0  52    2.22   369.1    9.1      24.344
2012   10       25     1   2    2.22   369.1    9.1      24.348
2012   10       25     1  11    2.22   369.2    9.1      24.352
2012   10       25     1  21    2.22   369.2    9.1      24.356
2012   10       25     1  30    2.22   369.3    9.1      24.361
2012   10       25     1  40    2.22   369.3    9.1      24.365
2012   10       25     1  49    2.22   369.4    9.1      24.370
2012   10       25     1  59    2.22   369.4    9.1      24.375
2012   10       25     2   9    2.22   369.5    9.1      24.381
2012   10       25     2  18    2.22   369.5    9.1      24.386
2012   10       25     2  28    2.22   369.6    9.1      24.393
2012   10       25     2  37    2.22   369.6    9.1      24.400
2012   10       25     2  47    2.22   369.7    9.1      24.408
2012   10       25     2  56    2.22   369.8    9.1      24.417
2012   10       25     3   6    2.22   369.8    9.1      24.425
2012   10       25     3  16    2.22   369.9    9.1      24.434
2012   10       25     3  25    2.22   369.9    9.1      24.443
2012   10       25     3  35    2.22   370.0    9.1      24.452
2012   10       25     3  44    2.22   370.1    9.1      24.461
2012   10       25     3  54    2.22   370.1    9.1      24.470
2012   10       25     4   4    2.22   370.2    9.1      24.479
2012   10       25     4  13    2.22   370.3    9.1      24.486
2012   10       25     4  23    2.22   370.3    9.1      24.494
2012   10       25     4  33    2.22   370.4    9.1      24.500
2012   10       25     4  42    2.21   370.5    9.1      24.507
2012   10       25     4  52    2.21   370.6    9.1      24.512
2012   10       25     5   1    2.21   370.6    9.1      24.518
2012   10       25     5  11    2.21   370.7    9.1      24.523
2012   10       25     5  21    2.21   370.8    9.1      24.527
2012   10       25     5  30    2.21   370.8    9.1      24.531
2012   10       25     5  40    2.21   370.9    9.1      24.535
2012   10       25     5  49    2.21   371.0    9.1      24.538
2012   10       25     5  59    2.21   371.1    9.1      24.541
2012   10       25     6   9    2.21   371.1    9.0      24.544
2012   10       25     6  18    2.21   371.2    9.0      24.546
2012   10       25     6  28    2.21   371.3    9.0      24.547
2012   10       25     6  37    2.21   371.3    9.0      24.549
2012   10       25     6  47    2.20   371.4    9.0      24.549
2012   10       25     6  57    2.20   371.5    9.0      24.550
2012   10       25     7   6    2.20   371.5    9.0      24.550
2012   10       25     7  16    2.20   371.6    9.0      24.549
2012   10       25     7  25    2.20   371.7    9.0      24.549
2012   10       25     7  35    2.20   371.7    9.0      24.547
2012   10       25     7  45    2.20   371.8    9.0      24.546
2012   10       25     7  54    2.20   371.9    9.0      24.544
2012   10       25     8   4    2.20   371.9    9.0      24.541
2012   10       25     8  13    2.20   372.0    8.9      24.539
2012   10       25     8  23    2.19   372.1    8.9      24.536
2012   10       25     8  33    2.19   372.1    8.9      24.532
2012   10       25     8  42    2.19   372.2    8.9      24.529
2012   10       25     8  52    2.19   372.3    8.9      24.525
2012   10       25     9   1    2.19   372.3    8.9      24.520
2012   10       25     9  11    2.19   372.4    8.9      24.516
2012   10       25     9  20    2.19   372.4    8.9      24.511
2012   10       25     9  30    2.19   372.5    8.9      24.505
2012   10       25     9  40    2.19   372.6    8.9      24.500
2012   10       25     9  49    2.18   372.6    8.9      24.494
2012   10       25     9  59    2.18   372.7    8.8      24.488
2012   10       25    10   8    2.18   372.7    8.8      24.482
2012   10       25    10  18    2.18   372.8    8.8      24.476
2012   10       25    10  27    2.18   372.8    8.8      24.470
2012   10       25    10  37    2.18   372.9    8.8      24.464
2012   10       25    10  47    2.18   372.9    8.8      24.458
2012   10       25    10  56    2.18   373.0    8.8      24.452
2012   10       25    11   6    2.17   373.0    8.8      24.447
2012   10       25    11  15    2.17   373.1    8.8      24.441
2012   10       25    11  25    2.17   373.1    8.8      24.436
2012   10       25    11  35    2.17   373.2    8.8      24.431
2012   10       25    11  44    2.17   373.2    8.8      24.425
2012   10       25    11  54    2.17   373.3    8.7      24.420
2012   10       25    12   4    2.16   373.3    8.7      24.415
2012   10       25    12  13    2.16   373.4    8.7      24.409
2012   10       25    12  23    2.16   373.4    8.7      24.403
2012   10       25    12  32    2.16   373.5    8.7      24.397
2012   10       25    12  42    2.16   373.5    8.7      24.390
2012   10       25    12  52    2.16   373.6    8.7      24.383
2012   10       25    13   1    2.15   373.6    8.7      24.376
2012   10       25    13  11    2.15   373.7    8.7      24.369
2012   10       25    13  20    2.15   373.7    8.7      24.361
2012   10       25    13  30    2.15   373.8    8.6      24.352
2012   10       25    13  40    2.15   373.8    8.6      24.344
2012   10       25    13  49    2.15   373.8    8.6      24.335
2012   10       25    13  59    2.14   373.9    8.6      24.325
2012   10       25    14   8    2.14   373.9    8.6      24.316
2012   10       25    14  18    2.14   374.0    8.6      24.306
2012   10       25    14  28    2.14   374.0    8.6      24.295
2012   10       25    14  37    2.14   374.0    8.6      24.284
2012   10       25    14  47    2.13   374.1    8.6      24.273
2012   10       25    14  56    2.13   374.1    8.6      24.261
2012   10       25    15   6    2.13   374.1    8.5      24.249
2012   10       25    15  16    2.13   374.2    8.5      24.237
2012   10       25    15  25    2.13   374.2    8.5      24.224
2012   10       25    15  35    2.12   374.2    8.5      24.211
2012   10       25    15  44    2.12   374.3    8.5      24.197
2012   10       25    15  54    2.12   374.3    8.5      24.184
2012   10       25    16   3    2.12   374.3    8.5      24.170
2012   10       25    16  13    2.12   374.3    8.5      24.156
2012   10       25    16  23    2.11   374.4    8.5      24.141
2012   10       25    16  32    2.11   374.4    8.4      24.127
2012   10       25    16  42    2.11   374.4    8.4      24.112
2012   10       25    16  51    2.11   374.4    8.4      24.097
2012   10       25    17   1    2.11   374.4    8.4      24.081
2012   10       25    17  10    2.10   374.5    8.4      24.066
2012   10       25    17  20    2.10   374.5    8.4      24.050
2012   10       25    17  30    2.10   374.5    8.4      24.034
2012   10       25    17  39    2.10   374.5    8.4      24.018
2012   10       25    17  49    2.09   374.5    8.4      24.002
2012   10       25    17  58    2.09   374.5    8.4      23.986
2012   10       25    18   8    2.09   374.5    8.3      23.969
2012   10       25    18  18    2.09   374.5    8.3      23.953
2012   10       25    18  27    2.09   374.5    8.3      23.936
2012   10       25    18  37    2.08   374.6    8.3      23.919
2012   10       25    18  46    2.08   374.6    8.3      23.903
2012   10       25    18  56    2.08   374.6    8.3      23.886
2012   10       25    19   6    2.08   374.6    8.3      23.869
2012   10       25    19  15    2.08   374.6    8.3      23.852
2012   10       25    19  25    2.07   374.6    8.3      23.835
2012   10       25    19  35    2.07   374.5    8.3      23.818
2012   10       25    19  44    2.07   374.5    8.3      23.802
2012   10       25    19  54    2.07   374.5    8.2      23.785
2012   10       25    20   3    2.06   374.5    8.2      23.769
2012   10       25    20  13    2.06   374.5    8.2      23.752
2012   10       25    20  23    2.06   374.5    8.2      23.736
2012   10       25    20  32    2.06   374.5    8.2      23.720
2012   10       25    20  42    2.06   374.5    8.2      23.703
2012   10       25    20  51    2.05   374.5    8.2      23.687
2012   10       25    21   1    2.05   374.5    8.2      23.671
2012   10       25    21  11    2.05   374.5    8.2      23.655
2012   10       25    21  20    2.05   374.5    8.2      23.639
2012   10       25    21  30    2.05   374.4    8.2      23.623
2012   10       25    21  39    2.04   374.4    8.2      23.607
2012   10       25    21  49    2.04   374.4    8.2      23.591
2012   10       25    21  59    2.04   374.4    8.2      23.575
2012   10       25    22   8    2.04   374.4    8.1      23.559
2012   10       25    22  18    2.04   374.4    8.1      23.542
2012   10       25    22  27    2.03   374.3    8.1      23.526
2012   10       25    22  37    2.03   374.3    8.1      23.509
2012   10       25    22  47    2.03   374.3    8.1      23.493
2012   10       25    22  56    2.03   374.3    8.1      23.476
2012   10       25    23   6    2.03   374.3    8.1      23.459
2012   10       25    23  15    2.02   374.2    8.1      23.442
2012   10       25    23  25    2.02   374.2    8.1      23.425
2012   10       25    23  34    2.02   374.2    8.1      23.408
2012   10       25    23  44    2.02   374.2    8.1      23.390
2012   10       25    23  53    2.02   374.1    8.1      23.373
2012   10       26     0   3    2.01   374.1    8.1      23.355
2012   10       26     0  13    2.01   374.1    8.1      23.337
2012   10       26     0  22    2.01   374.0    8.0      23.319
2012   10       26     0  32    2.01   374.0    8.0      23.302
2012   10       26     0  41    2.01   374.0    8.0      23.283
2012   10       26     0  51    2.00   374.0    8.0      23.266
2012   10       26     1   1    2.00   373.9    8.0      23.247
2012   10       26     1  10    2.00   373.9    8.0      23.229
2012   10       26     1  20    2.00   373.9    8.0      23.211
2012   10       26     1  29    2.00   373.8    8.0      23.193
2012   10       26     1  39    1.99   373.8    8.0      23.175
2012   10       26     1  49    1.99   373.7    8.0      23.157
2012   10       26     1  58    1.99   373.7    8.0      23.138
2012   10       26     2   8    1.99   373.7    8.0      23.121
2012   10       26     2  17    1.99   373.6    8.0      23.102
2012   10       26     2  27    1.98   373.6    8.0      23.085
2012   10       26     2  37    1.98   373.5    8.0      23.067
2012   10       26     2  46    1.98   373.5    8.0      23.049
2012   10       26     2  56    1.98   373.5    8.0      23.032
2012   10       26     3   5    1.98   373.4    7.9      23.015
2012   10       26     3  15    1.98   373.4    7.9      22.997
2012   10       26     3  25    1.97   373.3    7.9      22.981
2012   10       26     3  34    1.97   373.3    7.9      22.964
2012   10       26     3  44    1.97   373.2    7.9      22.948
2012   10       26     3  54    1.97   373.2    7.9      22.931
2012   10       26     4   3    1.97   373.1    7.9      22.916
2012   10       26     4  13    1.96   373.1    7.9      22.900
2012   10       26     4  22    1.96   373.0    7.9      22.884
2012   10       26     4  32    1.96   373.0    7.9      22.869
2012   10       26     4  42    1.96   372.9    7.9      22.854
2012   10       26     4  51    1.96   372.9    7.9      22.839
2012   10       26     5   1    1.96   372.8    7.9      22.824
2012   10       26     5  10    1.95   372.8    7.9      22.810
2012   10       26     5  20    1.95   372.7    7.9      22.795
2012   10       26     5  30    1.95   372.7    7.9      22.781
2012   10       26     5  39    1.95   372.6    7.9      22.767
2012   10       26     5  49    1.95   372.5    7.9      22.753
2012   10       26     5  58    1.95   372.5    7.9      22.738
2012   10       26     6   8    1.94   372.4    7.9      22.724
2012   10       26     6  17    1.94   372.4    7.9      22.710
2012   10       26     6  27    1.94   372.3    7.9      22.696
2012   10       26     6  37    1.94   372.2    7.9      22.681
2012   10       26     6  46    1.94   372.2    7.9      22.667
2012   10       26     6  56    1.94   372.1    7.9      22.652
2012   10       26     7   5    1.94   372.1    7.9      22.638
2012   10       26     7  15    1.93   372.0    7.9      22.623
2012   10       26     7  24    1.93   371.9    7.9      22.608
2012   10       26     7  34    1.93   371.9    7.9      22.593
2012   10       26     7  44    1.93   371.8    7.9      22.578
2012   10       26     7  53    1.93   371.7    7.9      22.563
2012   10       26     8   3    1.93   371.7    7.9      22.548
2012   10       26     8  12    1.92   371.6    7.9      22.533
2012   10       26     8  22    1.92   371.5    7.8      22.517
2012   10       26     8  31    1.92   371.5    7.8      22.502
2012   10       26     8  41    1.92   371.4    7.8      22.486
2012   10       26     8  51    1.92   371.3    7.8      22.470
2012   10       26     9   0    1.92   371.3    7.8      22.454
2012   10       26     9  10    1.92   371.2    7.8      22.438
2012   10       26     9  20    1.91   371.1    7.8      22.421
2012   10       26     9  29    1.91   371.1    7.8      22.405
2012   10       26     9  39    1.91   371.0    7.8      22.388
2012   10       26     9  48    1.91   370.9    7.8      22.372
2012   10       26     9  58    1.91   370.8    7.8      22.355
2012   10       26    10   8    1.91   370.8    7.8      22.338
2012   10       26    10  17    1.90   370.7    7.8      22.321
2012   10       26    10  27    1.90   370.6    7.8      22.304
2012   10       26    10  36    1.90   370.5    7.8      22.287
2012   10       26    10  46    1.90   370.5    7.8      22.270
2012   10       26    10  56    1.90   370.4    7.8      22.253
2012   10       26    11   5    1.90   370.3    7.8      22.237
2012   10       26    11  15    1.90   370.2    7.8      22.220
2012   10       26    11  24    1.89   370.2    7.8      22.203
2012   10       26    11  34    1.89   370.1    7.8      22.186
2012   10       26    11  44    1.89   370.0    7.8      22.169
2012   10       26    11  53    1.89   369.9    7.8      22.152
2012   10       26    12   3    1.89   369.8    7.8      22.135
2012   10       26    12  13    1.89   369.7    7.8      22.118
2012   10       26    12  22    1.89   369.7    7.8      22.102
2012   10       26    12  32    1.88   369.6    7.8      22.085
2012   10       26    12  41    1.88   369.5    7.8      22.068
2012   10       26    12  51    1.88   369.4    7.8      22.052
2012   10       26    13   0    1.88   369.3    7.8      22.035
2012   10       26    13  10    1.88   369.2    7.8      22.018
2012   10       26    13  20    1.88   369.1    7.8      22.002
2012   10       26    13  29    1.88   369.1    7.8      21.985
2012   10       26    13  39    1.87   369.0    7.8      21.969
2012   10       26    13  48    1.87   368.9    7.8      21.952
2012   10       26    13  58    1.87   368.8    7.8      21.936
2012   10       26    14   7    1.87   368.7    7.8      21.919
2012   10       26    14  17    1.87   368.6    7.8      21.903
2012   10       26    14  27    1.87   368.5    7.8      21.886
2012   10       26    14  36    1.87   368.4    7.8      21.870
2012   10       26    14  46    1.86   368.3    7.8      21.853
2012   10       26    14  55    1.86   368.2    7.8      21.837
2012   10       26    15   5    1.86   368.1    7.8      21.820
2012   10       26    15  14    1.86   368.0    7.8      21.804
2012   10       26    15  24    1.86   367.9    7.8      21.787
2012   10       26    15  34    1.86   367.8    7.8      21.771
2012   10       26    15  43    1.86   367.7    7.8      21.754
2012   10       26    15  53    1.85   367.6    7.8      21.737
2012   10       26    16   2    1.85   367.5    7.8      21.721
2012   10       26    16  12    1.85   367.4    7.8      21.704
2012   10       26    16  22    1.85   367.3    7.8      21.687
2012   10       26    16  31    1.85   367.2    7.8      21.670
2012   10       26    16  41    1.85   367.1    7.8      21.653
2012   10       26    16  51    1.85   367.0    7.8      21.636
2012   10       26    17   0    1.85   366.9    7.8      21.619
2012   10       26    17  10    1.84   366.8    7.8      21.603
2012   10       26    17  19    1.84   366.7    7.7      21.585
2012   10       26    17  29    1.84   366.6    7.7      21.569
2012   10       26    17  39    1.84   366.5    7.7      21.551
2012   10       26    17  48    1.84   366.4    7.7      21.534
2012   10       26    17  58    1.84   366.3    7.7      21.517
2012   10       26    18   7    1.84   366.2    7.7      21.500
2012   10       26    18  17    1.84   366.1    7.7      21.483
2012   10       26    18  27    1.83   365.9    7.7      21.466
2012   10       26    18  36    1.83   365.8    7.7      21.449
2012   10       26    18  46    1.83   365.7    7.7      21.432
2012   10       26    18  55    1.83   365.6    7.7      21.415
2012   10       26    19   5    1.83   365.5    7.7      21.397
2012   10       26    19  15    1.83   365.4    7.7      21.380
2012   10       26    19  24    1.83   365.3    7.7      21.363
2012   10       26    19  34    1.83   365.1    7.7      21.345
2012   10       26    19  43    1.83   365.0    7.7      21.328
2012   10       26    19  53    1.82   364.9    7.7      21.311
2012   10       26    20   3    1.82   364.8    7.7      21.293
2012   10       26    20  12    1.82   364.7    7.7      21.275
2012   10       26    20  22    1.82   364.6    7.7      21.258
2012   10       26    20  31    1.82   364.4    7.7      21.240
2012   10       26    20  41    1.82   364.3    7.7      21.222
2012   10       26    20  51    1.82   364.2    7.7      21.204
2012   10       26    21   0    1.82   364.1    7.7      21.187
2012   10       26    21  10    1.82   363.9    7.7      21.169
2012   10       26    21  19    1.82   363.8    7.7      21.151
2012   10       26    21  29    1.81   363.7    7.7      21.133
2012   10       26    21  38    1.81   363.6    7.7      21.115
2012   10       26    21  48    1.81   363.4    7.7      21.097
2012   10       26    21  57    1.81   363.3    7.7      21.079
2012   10       26    22   7    1.81   363.2    7.7      21.061
2012   10       26    22  17    1.81   363.0    7.7      21.044
2012   10       26    22  26    1.81   362.9    7.7      21.026
2012   10       26    22  36    1.81   362.8    7.8      21.008
2012   10       26    22  45    1.81   362.6    7.8      20.990
2012   10       26    22  55    1.81   362.5    7.8      20.973
2012   10       26    23   5    1.80   362.4    7.8      20.955
2012   10       26    23  14    1.80   362.2    7.8      20.938
2012   10       26    23  24    1.80   362.1    7.8      20.920
2012   10       26    23  33    1.80   362.0    7.8      20.903
2012   10       26    23  43    1.80   361.8    7.8      20.886
2012   10       26    23  53    1.80   361.7    7.8      20.869
2012   10       27     0   2    1.80   361.5    7.8      20.852
2012   10       27     0  12    1.80   361.4    7.8      20.836
2012   10       27     0  22    1.80   361.3    7.8      20.819
2012   10       27     0  31    1.80   361.1    7.8      20.803
2012   10       27     0  41    1.80   361.0    7.8      20.787
2012   10       27     0  50    1.80   360.8    7.8      20.771
2012   10       27     1   0    1.80   360.7    7.8      20.755
2012   10       27     1  10    1.79   360.6    7.8      20.739
2012   10       27     1  19    1.79   360.4    7.8      20.724
2012   10       27     1  29    1.79   360.3    7.8      20.709
2012   10       27     1  38    1.79   360.1    7.8      20.693
2012   10       27     1  48    1.79   360.0    7.8      20.679
2012   10       27     1  58    1.79   359.8    7.8      20.664
2012   10       27     2   7    1.79   359.7    7.8      20.649
2012   10       27     2  17    1.79   359.5    7.8      20.635
2012   10       27     2  26    1.79   359.4    7.8      20.620
2012   10       27     2  36    1.79   359.2    7.8      20.606
2012   10       27     2  46    1.79   359.1    7.8      20.592
2012   10       27     2  55    1.79   358.9    7.8      20.579
2012   10       27     3   5    1.79   358.8    7.8      20.565
2012   10       27     3  14    1.79   358.6    7.8      20.552
2012   10       27     3  24    1.79   358.5    7.8      20.538
2012   10       27     3  34    1.79   358.3    7.9      20.525
2012   10       27     3  43    1.79   358.2    7.9      20.513
2012   10       27     3  53    1.79   358.0    7.9      20.500
2012   10       27     4   2    1.79   357.9    7.9      20.488
2012   10       27     4  12    1.79   357.7    7.9      20.475
2012   10       27     4  21    1.79   357.6    7.9      20.463
2012   10       27     4  31    1.79   357.4    7.9      20.451
2012   10       27     4  41    1.79   357.3    7.9      20.440
2012   10       27     4  50    1.79   357.1    7.9      20.428
2012   10       27     5   0    1.79   357.0    7.9      20.417
2012   10       27     5   9    1.79   356.8    7.9      20.406
2012   10       27     5  19    1.79   356.6    7.9      20.395
2012   10       27     5  28    1.79   356.5    7.9      20.384
2012   10       27     5  38    1.79   356.3    7.9      20.374
2012   10       27     5  48    1.79   356.2    7.9      20.365
2012   10       27     5  57    1.79   356.0    8.0      20.355
2012   10       27     6   7    1.79   355.9    8.0      20.346
2012   10       27     6  16    1.79   355.7    8.0      20.338
2012   10       27     6  26    1.79   355.5    8.0      20.330
2012   10       27     6  36    1.79   355.4    8.0      20.322
2012   10       27     6  45    1.79   355.2    8.0      20.315
2012   10       27     6  55    1.79   355.1    8.0      20.309
2012   10       27     7   4    1.79   354.9    8.0      20.303
2012   10       27     7  14    1.79   354.8    8.0      20.297
2012   10       27     7  24    1.79   354.6    8.1      20.292
2012   10       27     7  33    1.79   354.5    8.1      20.288
2012   10       27     7  43    1.79   354.3    8.1      20.284
2012   10       27     7  52    1.79   354.1    8.1      20.281
2012   10       27     8   2    1.80   354.0    8.1      20.278
2012   10       27     8  12    1.80   353.8    8.1      20.276
2012   10       27     8  21    1.80   353.7    8.1      20.274
2012   10       27     8  31    1.80   353.6    8.1      20.273
2012   10       27     8  41    1.80   353.4    8.2      20.272
2012   10       27     8  50    1.80   353.3    8.2      20.272
2012   10       27     9   0    1.80   353.1    8.2      20.273
2012   10       27     9   9    1.80   353.0    8.2      20.274
2012   10       27     9  19    1.80   352.8    8.2      20.276
2012   10       27     9  29    1.80   352.7    8.2      20.278
2012   10       27     9  38    1.80   352.6    8.2      20.281
2012   10       27     9  48    1.80   352.4    8.3      20.285
2012   10       27     9  57    1.81   352.3    8.3      20.288
2012   10       27    10   7    1.81   352.1    8.3      20.292
2012   10       27    10  17    1.81   352.0    8.3      20.297
2012   10       27    10  26    1.81   351.9    8.3      20.301
2012   10       27    10  36    1.81   351.7    8.3      20.306
2012   10       27    10  45    1.81   351.6    8.4      20.311
2012   10       27    10  55    1.81   351.5    8.4      20.316
2012   10       27    11   4    1.81   351.3    8.4      20.322
2012   10       27    11  14    1.81   351.2    8.4      20.327
2012   10       27    11  24    1.82   351.1    8.4      20.333
2012   10       27    11  33    1.82   350.9    8.4      20.339
2012   10       27    11  43    1.82   350.8    8.4      20.345
2012   10       27    11  52    1.82   350.7    8.5      20.351
2012   10       27    12   2    1.82   350.6    8.5      20.358
2012   10       27    12  11    1.82   350.4    8.5      20.365
2012   10       27    12  21    1.82   350.3    8.5      20.372
2012   10       27    12  31    1.82   350.2    8.5      20.380
2012   10       27    12  40    1.83   350.1    8.6      20.388
2012   10       27    12  50    1.83   350.0    8.6      20.397
2012   10       27    12  59    1.83   349.9    8.6      20.406
2012   10       27    13   9    1.83   349.7    8.6      20.416
2012   10       27    13  18    1.83   349.6    8.6      20.427
2012   10       27    13  28    1.83   349.5    8.6      20.439
2012   10       27    13  38    1.84   349.4    8.7      20.451
2012   10       27    13  47    1.84   349.3    8.7      20.464
2012   10       27    13  57    1.84   349.2    8.7      20.478
2012   10       27    14   7    1.84   349.1    8.7      20.492
2012   10       27    14  16    1.84   349.0    8.7      20.507
2012   10       27    14  26    1.84   349.0    8.8      20.522
2012   10       27    14  35    1.85   348.9    8.8      20.538
2012   10       27    14  45    1.85   348.8    8.8      20.554
2012   10       27    14  55    1.85   348.7    8.8      20.569
2012   10       27    15   4    1.85   348.6    8.8      20.585
2012   10       27    15  14    1.85   348.5    8.8      20.601
2012   10       27    15  24    1.85   348.4    8.9      20.617
2012   10       27    15  33    1.86   348.4    8.9      20.633
2012   10       27    15  43    1.86   348.3    8.9      20.648
2012   10       27    15  52    1.86   348.2    8.9      20.664
2012   10       27    16   2    1.86   348.1    8.9      20.680
2012   10       27    16  12    1.86   348.1    9.0      20.696
2012   10       27    16  21    1.86   348.0    9.0      20.712
2012   10       27    16  31    1.87   347.9    9.0      20.728
2012   10       27    16  40    1.87   347.9    9.0      20.744
2012   10       27    16  50    1.87   347.8    9.0      20.760
2012   10       27    17   0    1.87   347.7    9.0      20.777
2012   10       27    17   9    1.87   347.7    9.1      20.793
2012   10       27    17  19    1.87   347.6    9.1      20.809
2012   10       27    17  28    1.88   347.5    9.1      20.825
2012   10       27    17  38    1.88   347.5    9.1      20.841
2012   10       27    17  47    1.88   347.4    9.1      20.857
2012   10       27    17  57    1.88   347.4    9.1      20.872
2012   10       27    18   7    1.88   347.3    9.2      20.888
2012   10       27    18  16    1.88   347.2    9.2      20.903
2012   10       27    18  26    1.88   347.2    9.2      20.918
2012   10       27    18  35    1.89   347.1    9.2      20.933
2012   10       27    18  45    1.89   347.1    9.2      20.947
2012   10       27    18  55    1.89   347.0    9.2      20.962
2012   10       27    19   4    1.89   347.0    9.2      20.977
2012   10       27    19  14    1.89   346.9    9.3      20.991
2012   10       27    19  23    1.89   346.9    9.3      21.006
2012   10       27    19  33    1.89   346.8    9.3      21.021
2012   10       27    19  42    1.90   346.8    9.3      21.035
2012   10       27    19  52    1.90   346.7    9.3      21.050
2012   10       27    20   1    1.90   346.7    9.3      21.065
2012   10       27    20  11    1.90   346.7    9.3      21.080
2012   10       27    20  21    1.90   346.6    9.4      21.095
2012   10       27    20  30    1.90   346.6    9.4      21.111
2012   10       27    20  40    1.91   346.6    9.4      21.127
2012   10       27    20  49    1.91   346.5    9.4      21.144
2012   10       27    20  59    1.91   346.5    9.4      21.161
2012   10       27    21   9    1.91   346.5    9.4      21.179
2012   10       27    21  18    1.91   346.5    9.4      21.196
2012   10       27    21  28    1.91   346.4    9.4      21.214
2012   10       27    21  37    1.91   346.4    9.5      21.232
2012   10       27    21  47    1.91   346.4    9.5      21.250
2012   10       27    21  57    1.92   346.4    9.5      21.268
2012   10       27    22   6    1.92   346.4    9.5      21.285
2012   10       27    22  16    1.92   346.4    9.5      21.302
2012   10       27    22  26    1.92   346.4    9.5      21.319
2012   10       27    22  35    1.92   346.4    9.5      21.335
2012   10       27    22  45    1.92   346.3    9.5      21.351
2012   10       27    22  54    1.92   346.3    9.5      21.367
2012   10       27    23   4    1.92   346.3    9.5      21.381
2012   10       27    23  14    1.92   346.3    9.6      21.396
2012   10       27    23  23    1.92   346.3    9.6      21.410
2012   10       27    23  33    1.92   346.3    9.6      21.423
2012   10       27    23  42    1.93   346.3    9.6      21.436
2012   10       27    23  52    1.93   346.3    9.6      21.449
2012   10       28     0   2    1.93   346.3    9.6      21.461
