year    month   day   hour  minute  B_enl V_enl   n_enl       T_enl
[year] [month] [day] [hour][minute] [nT]  [km/s]  [cm-3]      [kK]
2012   10        6     0   4    1.53   339.2    6.9      16.508
2012   10        6     0  14    1.53   339.0    6.9      16.484
2012   10        6     0  24    1.53   338.9    6.9      16.461
2012   10        6     0  34    1.53   338.7    6.9      16.438
2012   10        6     0  44    1.53   338.5    6.9      16.415
2012   10        6     0  54    1.52   338.3    6.9      16.392
2012   10        6     1   3    1.52   338.1    6.9      16.369
2012   10        6     1  13    1.52   337.9    6.9      16.347
2012   10        6     1  23    1.52   337.7    6.9      16.325
2012   10        6     1  33    1.52   337.5    6.9      16.303
2012   10        6     1  42    1.52   337.3    6.9      16.282
2012   10        6     1  52    1.52   337.1    6.9      16.260
2012   10        6     2   2    1.52   336.9    6.9      16.240
2012   10        6     2  12    1.52   336.7    7.0      16.219
2012   10        6     2  22    1.52   336.5    7.0      16.198
2012   10        6     2  31    1.52   336.3    7.0      16.178
2012   10        6     2  41    1.52   336.1    7.0      16.158
2012   10        6     2  51    1.52   335.9    7.0      16.138
2012   10        6     3   1    1.52   335.7    7.0      16.118
2012   10        6     3  11    1.52   335.5    7.0      16.098
2012   10        6     3  20    1.51   335.3    7.0      16.078
2012   10        6     3  30    1.51   335.1    7.0      16.058
2012   10        6     3  40    1.51   334.9    7.0      16.038
2012   10        6     3  50    1.51   334.7    7.0      16.017
2012   10        6     4   0    1.51   334.5    7.0      15.997
2012   10        6     4   9    1.51   334.3    7.0      15.976
2012   10        6     4  19    1.51   334.1    7.0      15.955
2012   10        6     4  29    1.51   333.9    7.0      15.933
2012   10        6     4  39    1.51   333.7    7.0      15.912
2012   10        6     4  49    1.51   333.5    7.0      15.890
2012   10        6     4  59    1.51   333.3    7.0      15.869
2012   10        6     5   8    1.51   333.1    7.0      15.847
2012   10        6     5  18    1.51   332.9    7.0      15.825
2012   10        6     5  28    1.51   332.7    7.0      15.802
2012   10        6     5  38    1.51   332.4    7.0      15.780
2012   10        6     5  48    1.51   332.2    7.0      15.758
2012   10        6     5  58    1.50   332.0    7.0      15.735
2012   10        6     6   7    1.50   331.8    7.0      15.713
2012   10        6     6  17    1.50   331.6    7.0      15.691
2012   10        6     6  27    1.50   331.4    7.0      15.668
2012   10        6     6  37    1.50   331.2    7.0      15.646
2012   10        6     6  47    1.50   331.0    7.0      15.624
2012   10        6     6  57    1.50   330.8    7.0      15.602
2012   10        6     7   7    1.50   330.5    7.0      15.580
2012   10        6     7  16    1.50   330.3    7.0      15.559
2012   10        6     7  26    1.50   330.1    7.0      15.537
2012   10        6     7  36    1.50   329.9    7.0      15.516
2012   10        6     7  46    1.50   329.7    7.0      15.496
2012   10        6     7  56    1.50   329.5    7.0      15.476
2012   10        6     8   6    1.50   329.3    7.0      15.456
2012   10        6     8  15    1.50   329.0    7.0      15.436
2012   10        6     8  25    1.50   328.8    7.0      15.417
2012   10        6     8  35    1.50   328.6    7.0      15.398
2012   10        6     8  45    1.50   328.4    7.0      15.380
2012   10        6     8  54    1.50   328.2    7.0      15.362
2012   10        6     9   4    1.50   328.0    7.0      15.344
2012   10        6     9  14    1.50   327.8    7.0      15.327
2012   10        6     9  24    1.50   327.5    7.0      15.310
2012   10        6     9  34    1.50   327.3    7.0      15.293
2012   10        6     9  43    1.50   327.1    7.0      15.277
2012   10        6     9  53    1.50   326.9    7.0      15.261
2012   10        6    10   3    1.50   326.7    7.0      15.246
2012   10        6    10  13    1.50   326.4    7.1      15.230
2012   10        6    10  23    1.50   326.2    7.1      15.216
2012   10        6    10  32    1.50   326.0    7.1      15.201
2012   10        6    10  42    1.50   325.8    7.1      15.187
2012   10        6    10  52    1.50   325.5    7.1      15.173
2012   10        6    11   2    1.50   325.3    7.1      15.159
2012   10        6    11  12    1.50   325.1    7.1      15.145
2012   10        6    11  21    1.50   324.9    7.1      15.132
2012   10        6    11  31    1.50   324.6    7.1      15.119
2012   10        6    11  41    1.50   324.4    7.1      15.106
2012   10        6    11  51    1.50   324.2    7.1      15.094
2012   10        6    12   1    1.50   324.0    7.1      15.082
2012   10        6    12  10    1.50   323.8    7.1      15.071
2012   10        6    12  20    1.50   323.5    7.1      15.060
2012   10        6    12  30    1.50   323.3    7.2      15.049
2012   10        6    12  40    1.50   323.1    7.2      15.038
2012   10        6    12  50    1.50   322.9    7.2      15.028
2012   10        6    13   0    1.50   322.7    7.2      15.019
2012   10        6    13   9    1.50   322.4    7.2      15.010
2012   10        6    13  19    1.50   322.2    7.2      15.001
2012   10        6    13  29    1.51   322.0    7.2      14.992
2012   10        6    13  39    1.51   321.8    7.2      14.983
2012   10        6    13  49    1.51   321.6    7.2      14.975
2012   10        6    13  59    1.51   321.4    7.3      14.967
2012   10        6    14   9    1.51   321.1    7.3      14.960
2012   10        6    14  18    1.51   320.9    7.3      14.952
2012   10        6    14  28    1.51   320.7    7.3      14.945
2012   10        6    14  38    1.51   320.5    7.3      14.938
2012   10        6    14  48    1.51   320.3    7.3      14.930
2012   10        6    14  58    1.51   320.1    7.3      14.923
2012   10        6    15   8    1.51   319.9    7.4      14.916
2012   10        6    15  17    1.52   319.6    7.4      14.909
2012   10        6    15  27    1.52   319.4    7.4      14.902
2012   10        6    15  37    1.52   319.2    7.4      14.895
2012   10        6    15  47    1.52   319.0    7.4      14.888
2012   10        6    15  57    1.52   318.8    7.4      14.881
2012   10        6    16   6    1.52   318.6    7.4      14.874
2012   10        6    16  16    1.52   318.3    7.4      14.867
2012   10        6    16  26    1.52   318.1    7.5      14.860
2012   10        6    16  36    1.52   317.9    7.5      14.853
2012   10        6    16  46    1.52   317.7    7.5      14.846
2012   10        6    16  55    1.53   317.5    7.5      14.839
2012   10        6    17   5    1.53   317.3    7.5      14.832
2012   10        6    17  15    1.53   317.0    7.5      14.826
2012   10        6    17  25    1.53   316.8    7.5      14.819
2012   10        6    17  35    1.53   316.6    7.5      14.813
2012   10        6    17  44    1.53   316.4    7.6      14.807
2012   10        6    17  54    1.53   316.2    7.6      14.802
2012   10        6    18   4    1.53   316.0    7.6      14.796
2012   10        6    18  14    1.54   315.7    7.6      14.792
2012   10        6    18  24    1.54   315.5    7.6      14.787
2012   10        6    18  33    1.54   315.3    7.6      14.783
2012   10        6    18  43    1.54   315.1    7.7      14.780
2012   10        6    18  53    1.54   314.9    7.7      14.777
2012   10        6    19   3    1.54   314.7    7.7      14.775
2012   10        6    19  13    1.55   314.5    7.7      14.773
2012   10        6    19  22    1.55   314.3    7.7      14.772
2012   10        6    19  32    1.55   314.1    7.7      14.771
2012   10        6    19  42    1.55   313.9    7.8      14.771
2012   10        6    19  52    1.56   313.7    7.8      14.771
2012   10        6    20   2    1.56   313.5    7.8      14.772
2012   10        6    20  12    1.56   313.3    7.8      14.774
2012   10        6    20  21    1.56   313.1    7.8      14.776
2012   10        6    20  31    1.56   312.9    7.9      14.778
2012   10        6    20  41    1.57   312.7    7.9      14.781
2012   10        6    20  51    1.57   312.5    7.9      14.785
2012   10        6    21   1    1.57   312.3    7.9      14.789
2012   10        6    21  11    1.57   312.1    8.0      14.794
2012   10        6    21  21    1.58   311.9    8.0      14.799
2012   10        6    21  30    1.58   311.7    8.0      14.804
2012   10        6    21  40    1.58   311.5    8.0      14.810
2012   10        6    21  50    1.59   311.4    8.1      14.817
2012   10        6    22   0    1.59   311.2    8.1      14.823
2012   10        6    22  10    1.59   311.0    8.1      14.830
2012   10        6    22  20    1.59   310.8    8.1      14.838
2012   10        6    22  29    1.60   310.7    8.2      14.845
2012   10        6    22  39    1.60   310.5    8.2      14.853
2012   10        6    22  49    1.60   310.3    8.2      14.861
2012   10        6    22  59    1.61   310.1    8.2      14.869
2012   10        6    23   9    1.61   310.0    8.3      14.877
2012   10        6    23  18    1.61   309.8    8.3      14.886
2012   10        6    23  28    1.62   309.6    8.3      14.895
2012   10        6    23  38    1.62   309.5    8.3      14.904
2012   10        6    23  48    1.62   309.3    8.4      14.913
2012   10        6    23  58    1.62   309.1    8.4      14.923
2012   10        7     0   7    1.63   309.0    8.4      14.933
2012   10        7     0  17    1.63   308.8    8.5      14.944
2012   10        7     0  27    1.63   308.7    8.5      14.955
2012   10        7     0  37    1.64   308.5    8.5      14.966
2012   10        7     0  47    1.64   308.4    8.5      14.978
2012   10        7     0  56    1.64   308.2    8.6      14.990
2012   10        7     1   6    1.65   308.1    8.6      15.002
2012   10        7     1  16    1.65   307.9    8.6      15.014
2012   10        7     1  26    1.65   307.8    8.6      15.026
2012   10        7     1  36    1.65   307.6    8.7      15.037
2012   10        7     1  45    1.66   307.5    8.7      15.049
2012   10        7     1  55    1.66   307.3    8.7      15.061
2012   10        7     2   5    1.66   307.2    8.7      15.072
2012   10        7     2  15    1.67   307.0    8.8      15.083
2012   10        7     2  25    1.67   306.9    8.8      15.094
2012   10        7     2  34    1.67   306.7    8.8      15.105
2012   10        7     2  44    1.68   306.6    8.8      15.115
2012   10        7     2  54    1.68   306.5    8.8      15.125
2012   10        7     3   4    1.68   306.3    8.9      15.135
2012   10        7     3  14    1.68   306.2    8.9      15.145
2012   10        7     3  24    1.69   306.0    8.9      15.155
2012   10        7     3  33    1.69   305.9    8.9      15.165
2012   10        7     3  43    1.69   305.8    9.0      15.175
2012   10        7     3  53    1.70   305.6    9.0      15.184
2012   10        7     4   3    1.70   305.5    9.0      15.194
2012   10        7     4  13    1.70   305.4    9.0      15.204
2012   10        7     4  23    1.71   305.2    9.1      15.214
2012   10        7     4  33    1.71   305.1    9.1      15.224
2012   10        7     4  42    1.71   305.0    9.1      15.233
2012   10        7     4  52    1.72   304.8    9.1      15.244
2012   10        7     5   2    1.72   304.7    9.2      15.254
2012   10        7     5  12    1.72   304.6    9.2      15.264
2012   10        7     5  22    1.73   304.5    9.2      15.275
2012   10        7     5  32    1.73   304.4    9.2      15.285
2012   10        7     5  41    1.73   304.2    9.3      15.296
2012   10        7     5  51    1.74   304.1    9.3      15.307
2012   10        7     6   1    1.74   304.0    9.3      15.318
2012   10        7     6  11    1.75   303.9    9.3      15.330
2012   10        7     6  21    1.75   303.8    9.4      15.341
2012   10        7     6  30    1.75   303.7    9.4      15.353
2012   10        7     6  40    1.76   303.6    9.4      15.365
2012   10        7     6  50    1.76   303.5    9.5      15.378
2012   10        7     7   0    1.76   303.4    9.5      15.391
2012   10        7     7  10    1.77   303.3    9.5      15.404
2012   10        7     7  19    1.77   303.2    9.5      15.417
2012   10        7     7  29    1.77   303.1    9.6      15.431
2012   10        7     7  39    1.78   303.0    9.6      15.446
2012   10        7     7  49    1.78   302.9    9.6      15.461
2012   10        7     7  59    1.78   302.8    9.6      15.476
2012   10        7     8   8    1.79   302.7    9.7      15.491
2012   10        7     8  18    1.79   302.6    9.7      15.507
2012   10        7     8  28    1.79   302.5    9.7      15.523
2012   10        7     8  38    1.80   302.4    9.7      15.539
2012   10        7     8  48    1.80   302.3    9.8      15.555
2012   10        7     8  57    1.80   302.3    9.8      15.571
2012   10        7     9   7    1.80   302.2    9.8      15.587
2012   10        7     9  17    1.81   302.1    9.8      15.602
2012   10        7     9  27    1.81   302.0    9.9      15.618
2012   10        7     9  37    1.81   301.9    9.9      15.633
2012   10        7     9  46    1.82   301.8    9.9      15.648
2012   10        7     9  56    1.82   301.7    9.9      15.663
2012   10        7    10   6    1.82   301.7   10.0      15.677
2012   10        7    10  16    1.83   301.6   10.0      15.691
2012   10        7    10  26    1.83   301.5   10.0      15.705
2012   10        7    10  36    1.83   301.4   10.0      15.719
2012   10        7    10  45    1.83   301.3   10.0      15.733
2012   10        7    10  55    1.84   301.2   10.1      15.746
2012   10        7    11   5    1.84   301.2   10.1      15.759
2012   10        7    11  15    1.84   301.1   10.1      15.772
2012   10        7    11  25    1.85   301.0   10.1      15.785
2012   10        7    11  35    1.85   300.9   10.1      15.798
2012   10        7    11  45    1.85   300.9   10.2      15.810
2012   10        7    11  54    1.85   300.8   10.2      15.823
2012   10        7    12   4    1.86   300.7   10.2      15.835
2012   10        7    12  14    1.86   300.6   10.2      15.847
2012   10        7    12  24    1.86   300.6   10.2      15.859
2012   10        7    12  34    1.87   300.5   10.3      15.871
2012   10        7    12  44    1.87   300.4   10.3      15.883
2012   10        7    12  54    1.87   300.3   10.3      15.895
2012   10        7    13   3    1.87   300.3   10.3      15.907
2012   10        7    13  13    1.88   300.2   10.3      15.919
2012   10        7    13  23    1.88   300.1   10.4      15.931
2012   10        7    13  33    1.88   300.1   10.4      15.943
2012   10        7    13  41    1.89   300.0   10.4      15.954
2012   10        7    13  49    1.89   300.0   10.4      15.965
2012   10        7    13  57    1.89   299.9   10.4      15.975
2012   10        7    14   4    1.89   299.9   10.4      15.986
2012   10        7    14  12    1.89   299.8   10.5      15.996
2012   10        7    14  19    1.90   299.8   10.5      16.007
2012   10        7    14  26    1.90   299.7   10.5      16.017
2012   10        7    14  34    1.90   299.7   10.5      16.028
2012   10        7    14  41    1.90   299.6   10.5      16.038
2012   10        7    14  48    1.90   299.6   10.5      16.049
2012   10        7    14  56    1.90   299.5   10.5      16.059
2012   10        7    15   3    1.91   299.5   10.6      16.070
2012   10        7    15  10    1.91   299.4   10.6      16.081
2012   10        7    15  17    1.91   299.4   10.6      16.091
2012   10        7    15  25    1.91   299.4   10.6      16.102
2012   10        7    15  32    1.91   299.3   10.6      16.112
2012   10        7    15  39    1.92   299.3   10.6      16.123
2012   10        7    15  46    1.92   299.2   10.6      16.134
2012   10        7    15  53    1.92   299.2   10.7      16.145
2012   10        7    16   1    1.92   299.1   10.7      16.155
2012   10        7    16   8    1.92   299.1   10.7      16.166
2012   10        7    16  15    1.92   299.1   10.7      16.177
2012   10        7    16  22    1.93   299.0   10.7      16.187
2012   10        7    16  29    1.93   299.0   10.7      16.198
2012   10        7    16  37    1.93   298.9   10.7      16.209
2012   10        7    16  44    1.93   298.9   10.8      16.220
2012   10        7    16  51    1.93   298.9   10.8      16.230
2012   10        7    16  58    1.93   298.8   10.8      16.241
2012   10        7    17   5    1.94   298.8   10.8      16.252
2012   10        7    17  13    1.94   298.7   10.8      16.262
2012   10        7    17  20    1.94   298.7   10.8      16.273
2012   10        7    17  27    1.94   298.7   10.8      16.283
2012   10        7    17  34    1.94   298.6   10.8      16.294
2012   10        7    17  42    1.94   298.6   10.9      16.305
2012   10        7    17  49    1.95   298.6   10.9      16.315
2012   10        7    17  56    1.95   298.5   10.9      16.326
2012   10        7    18   4    1.95   298.5   10.9      16.336
2012   10        7    18  11    1.95   298.4   10.9      16.347
2012   10        7    18  18    1.95   298.4   10.9      16.357
2012   10        7    18  25    1.95   298.4   10.9      16.367
2012   10        7    18  33    1.96   298.3   10.9      16.378
2012   10        7    18  40    1.96   298.3   10.9      16.388
2012   10        7    18  47    1.96   298.3   11.0      16.398
2012   10        7    18  54    1.96   298.2   11.0      16.408
2012   10        7    19   2    1.96   298.2   11.0      16.418
2012   10        7    19   9    1.96   298.1   11.0      16.428
2012   10        7    19  16    1.97   298.1   11.0      16.438
2012   10        7    19  23    1.97   298.1   11.0      16.448
2012   10        7    19  31    1.97   298.0   11.0      16.458
2012   10        7    19  38    1.97   298.0   11.0      16.468
2012   10        7    19  45    1.97   298.0   11.1      16.478
2012   10        7    19  52    1.97   297.9   11.1      16.487
2012   10        7    20   0    1.97   297.9   11.1      16.497
2012   10        7    20   7    1.98   297.9   11.1      16.507
2012   10        7    20  14    1.98   297.8   11.1      16.517
2012   10        7    20  22    1.98   297.8   11.1      16.526
2012   10        7    20  29    1.98   297.8   11.1      16.536
2012   10        7    20  36    1.98   297.7   11.1      16.545
2012   10        7    20  44    1.98   297.7   11.1      16.555
2012   10        7    20  51    1.98   297.7   11.1      16.564
2012   10        7    20  58    1.99   297.6   11.2      16.574
2012   10        7    21   6    1.99   297.6   11.2      16.583
2012   10        7    21  13    1.99   297.6   11.2      16.593
2012   10        7    21  20    1.99   297.5   11.2      16.602
2012   10        7    21  28    1.99   297.5   11.2      16.612
2012   10        7    21  35    1.99   297.5   11.2      16.621
2012   10        7    21  43    1.99   297.4   11.2      16.631
2012   10        7    21  50    2.00   297.4   11.2      16.640
2012   10        7    21  58    2.00   297.4   11.2      16.649
2012   10        7    22   5    2.00   297.3   11.3      16.659
2012   10        7    22  13    2.00   297.3   11.3      16.668
2012   10        7    22  20    2.00   297.3   11.3      16.678
2012   10        7    22  28    2.00   297.2   11.3      16.687
2012   10        7    22  35    2.00   297.2   11.3      16.696
2012   10        7    22  43    2.01   297.2   11.3      16.706
2012   10        7    22  51    2.01   297.2   11.3      16.715
2012   10        7    22  58    2.01   297.1   11.3      16.724
2012   10        7    23   6    2.01   297.1   11.3      16.734
2012   10        7    23  14    2.01   297.1   11.4      16.743
2012   10        7    23  21    2.01   297.0   11.4      16.753
2012   10        7    23  29    2.01   297.0   11.4      16.762
2012   10        7    23  37    2.01   297.0   11.4      16.771
2012   10        7    23  44    2.02   297.0   11.4      16.781
2012   10        7    23  52    2.02   296.9   11.4      16.790
2012   10        8     0   0    2.02   296.9   11.4      16.799
2012   10        8     0   8    2.02   296.9   11.4      16.809
2012   10        8     0  15    2.02   296.8   11.4      16.818
2012   10        8     0  23    2.02   296.8   11.4      16.827
2012   10        8     0  31    2.02   296.8   11.5      16.836
2012   10        8     0  39    2.02   296.8   11.5      16.845
2012   10        8     0  47    2.03   296.7   11.5      16.854
2012   10        8     0  55    2.03   296.7   11.5      16.863
2012   10        8     1   3    2.03   296.7   11.5      16.872
2012   10        8     1  10    2.03   296.6   11.5      16.881
2012   10        8     1  18    2.03   296.6   11.5      16.890
2012   10        8     1  26    2.03   296.6   11.5      16.899
2012   10        8     1  34    2.03   296.6   11.5      16.907
2012   10        8     1  42    2.03   296.5   11.5      16.916
2012   10        8     1  50    2.04   296.5   11.5      16.924
2012   10        8     1  58    2.04   296.5   11.6      16.933
2012   10        8     2   6    2.04   296.5   11.6      16.941
2012   10        8     2  14    2.04   296.4   11.6      16.949
2012   10        8     2  22    2.04   296.4   11.6      16.957
2012   10        8     2  30    2.04   296.4   11.6      16.965
2012   10        8     2  39    2.04   296.4   11.6      16.973
2012   10        8     2  47    2.04   296.3   11.6      16.981
2012   10        8     2  55    2.04   296.3   11.6      16.989
2012   10        8     3   3    2.05   296.3   11.6      16.996
2012   10        8     3  11    2.05   296.2   11.6      17.004
2012   10        8     3  19    2.05   296.2   11.6      17.011
2012   10        8     3  28    2.05   296.2   11.6      17.019
2012   10        8     3  36    2.05   296.2   11.7      17.026
2012   10        8     3  44    2.05   296.1   11.7      17.033
2012   10        8     3  52    2.05   296.1   11.7      17.041
2012   10        8     4   1    2.05   296.1   11.7      17.048
2012   10        8     4   9    2.05   296.1   11.7      17.055
2012   10        8     4  17    2.06   296.0   11.7      17.062
2012   10        8     4  26    2.06   296.0   11.7      17.069
2012   10        8     4  34    2.06   296.0   11.7      17.076
2012   10        8     4  43    2.06   296.0   11.7      17.083
2012   10        8     4  51    2.06   295.9   11.7      17.090
2012   10        8     5   0    2.06   295.9   11.7      17.097
2012   10        8     5   8    2.06   295.9   11.7      17.104
2012   10        8     5  17    2.06   295.9   11.8      17.111
2012   10        8     5  25    2.06   295.8   11.8      17.117
2012   10        8     5  34    2.06   295.8   11.8      17.124
2012   10        8     5  43    2.07   295.8   11.8      17.131
2012   10        8     5  51    2.07   295.8   11.8      17.138
2012   10        8     6   0    2.07   295.7   11.8      17.145
2012   10        8     6   9    2.07   295.7   11.8      17.152
2012   10        8     6  17    2.07   295.7   11.8      17.158
2012   10        8     6  26    2.07   295.7   11.8      17.165
2012   10        8     6  35    2.07   295.6   11.8      17.172
2012   10        8     6  44    2.07   295.6   11.8      17.179
2012   10        8     6  53    2.07   295.6   11.8      17.186
2012   10        8     7   2    2.07   295.6   11.8      17.193
2012   10        8     7  11    2.08   295.5   11.8      17.200
2012   10        8     7  20    2.08   295.5   11.9      17.207
2012   10        8     7  29    2.08   295.5   11.9      17.214
2012   10        8     7  38    2.08   295.5   11.9      17.221
2012   10        8     7  47    2.08   295.4   11.9      17.228
2012   10        8     7  56    2.08   295.4   11.9      17.235
2012   10        8     8   5    2.08   295.4   11.9      17.242
2012   10        8     8  14    2.08   295.4   11.9      17.248
2012   10        8     8  23    2.08   295.3   11.9      17.255
2012   10        8     8  32    2.08   295.3   11.9      17.262
2012   10        8     8  41    2.08   295.3   11.9      17.268
2012   10        8     8  51    2.09   295.3   11.9      17.275
2012   10        8     9   0    2.09   295.3   11.9      17.281
2012   10        8     9   9    2.09   295.2   11.9      17.287
2012   10        8     9  18    2.09   295.2   11.9      17.293
2012   10        8     9  28    2.09   295.2   12.0      17.299
2012   10        8     9  37    2.09   295.2   12.0      17.305
2012   10        8     9  46    2.09   295.1   12.0      17.311
2012   10        8     9  55    2.09   295.1   12.0      17.316
2012   10        8    10   5    2.09   295.1   12.0      17.322
2012   10        8    10  14    2.09   295.1   12.0      17.327
2012   10        8    10  23    2.09   295.0   12.0      17.333
2012   10        8    10  33    2.09   295.0   12.0      17.338
2012   10        8    10  42    2.10   295.0   12.0      17.343
2012   10        8    10  51    2.10   295.0   12.0      17.348
2012   10        8    11   1    2.10   294.9   12.0      17.353
2012   10        8    11  10    2.10   294.9   12.0      17.357
2012   10        8    11  20    2.10   294.9   12.0      17.362
2012   10        8    11  29    2.10   294.9   12.0      17.366
2012   10        8    11  38    2.10   294.9   12.0      17.371
2012   10        8    11  48    2.10   294.8   12.0      17.375
2012   10        8    11  57    2.10   294.8   12.0      17.379
2012   10        8    12   7    2.10   294.8   12.1      17.383
2012   10        8    12  16    2.10   294.8   12.1      17.388
2012   10        8    12  26    2.10   294.7   12.1      17.392
2012   10        8    12  35    2.10   294.7   12.1      17.396
2012   10        8    12  45    2.10   294.7   12.1      17.400
2012   10        8    12  54    2.11   294.7   12.1      17.404
2012   10        8    13   4    2.11   294.6   12.1      17.407
2012   10        8    13  13    2.11   294.6   12.1      17.411
2012   10        8    13  23    2.11   294.6   12.1      17.415
2012   10        8    13  32    2.11   294.6   12.1      17.419
2012   10        8    13  42    2.11   294.6   12.1      17.423
2012   10        8    13  51    2.11   294.5   12.1      17.427
2012   10        8    14   1    2.11   294.5   12.1      17.431
2012   10        8    14  10    2.11   294.5   12.1      17.435
2012   10        8    14  20    2.11   294.5   12.1      17.438
2012   10        8    14  30    2.11   294.4   12.1      17.442
2012   10        8    14  39    2.11   294.4   12.1      17.446
2012   10        8    14  49    2.11   294.4   12.1      17.450
2012   10        8    14  58    2.11   294.4   12.1      17.454
2012   10        8    15   8    2.11   294.4   12.1      17.458
2012   10        8    15  18    2.11   294.3   12.2      17.462
2012   10        8    15  27    2.12   294.3   12.2      17.466
2012   10        8    15  37    2.12   294.3   12.2      17.470
2012   10        8    15  47    2.12   294.3   12.2      17.474
2012   10        8    15  56    2.12   294.3   12.2      17.477
2012   10        8    16   6    2.12   294.2   12.2      17.481
2012   10        8    16  16    2.12   294.2   12.2      17.485
2012   10        8    16  25    2.12   294.2   12.2      17.489
2012   10        8    16  35    2.12   294.2   12.2      17.493
2012   10        8    16  45    2.12   294.1   12.2      17.496
2012   10        8    16  55    2.12   294.1   12.2      17.500
2012   10        8    17   4    2.12   294.1   12.2      17.504
2012   10        8    17  14    2.12   294.1   12.2      17.507
2012   10        8    17  24    2.12   294.1   12.2      17.511
2012   10        8    17  34    2.12   294.0   12.2      17.514
2012   10        8    17  43    2.12   294.0   12.2      17.517
2012   10        8    17  53    2.12   294.0   12.2      17.521
2012   10        8    18   3    2.12   294.0   12.2      17.524
2012   10        8    18  13    2.12   294.0   12.2      17.527
2012   10        8    18  22    2.12   293.9   12.2      17.530
2012   10        8    18  32    2.13   293.9   12.2      17.533
2012   10        8    18  42    2.13   293.9   12.2      17.535
2012   10        8    18  52    2.13   293.9   12.3      17.538
2012   10        8    19   2    2.13   293.9   12.3      17.541
2012   10        8    19  11    2.13   293.8   12.3      17.543
2012   10        8    19  21    2.13   293.8   12.3      17.546
2012   10        8    19  31    2.13   293.8   12.3      17.548
2012   10        8    19  41    2.13   293.8   12.3      17.550
2012   10        8    19  51    2.13   293.8   12.3      17.553
2012   10        8    20   0    2.13   293.7   12.3      17.555
2012   10        8    20  10    2.13   293.7   12.3      17.557
2012   10        8    20  20    2.13   293.7   12.3      17.559
2012   10        8    20  30    2.13   293.7   12.3      17.561
2012   10        8    20  40    2.13   293.7   12.3      17.563
2012   10        8    20  49    2.13   293.6   12.3      17.565
2012   10        8    20  59    2.13   293.6   12.3      17.567
2012   10        8    21   9    2.13   293.6   12.3      17.569
2012   10        8    21  19    2.13   293.6   12.3      17.571
2012   10        8    21  29    2.13   293.6   12.3      17.573
2012   10        8    21  38    2.13   293.5   12.3      17.575
2012   10        8    21  48    2.13   293.5   12.3      17.577
2012   10        8    21  58    2.13   293.5   12.3      17.579
2012   10        8    22   8    2.13   293.5   12.3      17.580
2012   10        8    22  18    2.13   293.5   12.3      17.582
2012   10        8    22  27    2.14   293.4   12.3      17.584
2012   10        8    22  37    2.14   293.4   12.3      17.586
2012   10        8    22  47    2.14   293.4   12.3      17.588
2012   10        8    22  57    2.14   293.4   12.3      17.590
2012   10        8    23   7    2.14   293.4   12.3      17.592
2012   10        8    23  16    2.14   293.4   12.3      17.594
2012   10        8    23  26    2.14   293.3   12.3      17.596
2012   10        8    23  36    2.14   293.3   12.3      17.597
2012   10        8    23  46    2.14   293.3   12.4      17.599
2012   10        8    23  56    2.14   293.3   12.4      17.601
2012   10        9     0   6    2.14   293.3   12.4      17.603
2012   10        9     0  15    2.14   293.2   12.4      17.605
2012   10        9     0  25    2.14   293.2   12.4      17.607
2012   10        9     0  35    2.14   293.2   12.4      17.609
2012   10        9     0  45    2.14   293.2   12.4      17.610
2012   10        9     0  55    2.14   293.2   12.4      17.612
2012   10        9     1   4    2.14   293.2   12.4      17.614
2012   10        9     1  14    2.14   293.1   12.4      17.616
2012   10        9     1  24    2.14   293.1   12.4      17.617
2012   10        9     1  34    2.14   293.1   12.4      17.619
2012   10        9     1  44    2.14   293.1   12.4      17.621
2012   10        9     1  53    2.14   293.1   12.4      17.622
2012   10        9     2   3    2.14   293.1   12.4      17.624
2012   10        9     2  13    2.14   293.0   12.4      17.625
2012   10        9     2  23    2.14   293.0   12.4      17.627
2012   10        9     2  33    2.14   293.0   12.4      17.628
2012   10        9     2  42    2.14   293.0   12.4      17.630
2012   10        9     2  52    2.14   293.0   12.4      17.631
2012   10        9     3   2    2.14   292.9   12.4      17.633
2012   10        9     3  12    2.15   292.9   12.4      17.634
2012   10        9     3  22    2.15   292.9   12.4      17.635
2012   10        9     3  31    2.15   292.9   12.4      17.637
2012   10        9     3  41    2.15   292.9   12.4      17.638
2012   10        9     3  51    2.15   292.9   12.4      17.639
2012   10        9     4   1    2.15   292.8   12.4      17.640
2012   10        9     4  11    2.15   292.8   12.4      17.641
2012   10        9     4  20    2.15   292.8   12.4      17.643
2012   10        9     4  30    2.15   292.8   12.4      17.644
2012   10        9     4  40    2.15   292.8   12.4      17.645
2012   10        9     4  50    2.15   292.8   12.4      17.646
2012   10        9     4  59    2.15   292.7   12.4      17.647
2012   10        9     5   9    2.15   292.7   12.4      17.648
2012   10        9     5  19    2.15   292.7   12.4      17.649
2012   10        9     5  29    2.15   292.7   12.4      17.651
2012   10        9     5  39    2.15   292.7   12.4      17.652
2012   10        9     5  48    2.15   292.7   12.4      17.653
2012   10        9     5  58    2.15   292.6   12.5      17.654
2012   10        9     6   8    2.15   292.6   12.5      17.655
2012   10        9     6  18    2.15   292.6   12.5      17.656
2012   10        9     6  28    2.15   292.6   12.5      17.657
2012   10        9     6  38    2.15   292.6   12.5      17.658
2012   10        9     6  47    2.15   292.6   12.5      17.660
2012   10        9     6  57    2.15   292.5   12.5      17.661
2012   10        9     7   7    2.15   292.5   12.5      17.662
2012   10        9     7  17    2.15   292.5   12.5      17.663
2012   10        9     7  27    2.15   292.5   12.5      17.664
2012   10        9     7  36    2.15   292.5   12.5      17.666
2012   10        9     7  46    2.15   292.5   12.5      17.667
2012   10        9     7  56    2.15   292.4   12.5      17.668
2012   10        9     8   6    2.16   292.4   12.5      17.669
2012   10        9     8  16    2.16   292.4   12.5      17.671
2012   10        9     8  25    2.16   292.4   12.5      17.672
2012   10        9     8  35    2.16   292.4   12.5      17.674
2012   10        9     8  45    2.16   292.4   12.5      17.675
2012   10        9     8  55    2.16   292.3   12.5      17.676
2012   10        9     9   5    2.16   292.3   12.5      17.678
2012   10        9     9  14    2.16   292.3   12.5      17.679
2012   10        9     9  24    2.16   292.3   12.5      17.681
2012   10        9     9  34    2.16   292.3   12.5      17.682
2012   10        9     9  44    2.16   292.3   12.5      17.684
2012   10        9     9  54    2.16   292.2   12.5      17.685
2012   10        9    10   3    2.16   292.2   12.5      17.687
2012   10        9    10  13    2.16   292.2   12.5      17.689
2012   10        9    10  23    2.16   292.2   12.5      17.690
2012   10        9    10  33    2.16   292.2   12.5      17.692
2012   10        9    10  43    2.16   292.2   12.5      17.694
2012   10        9    10  52    2.16   292.2   12.5      17.696
2012   10        9    11   2    2.16   292.1   12.5      17.697
2012   10        9    11  12    2.16   292.1   12.5      17.699
2012   10        9    11  22    2.16   292.1   12.5      17.701
2012   10        9    11  32    2.16   292.1   12.6      17.703
2012   10        9    11  41    2.17   292.1   12.6      17.705
2012   10        9    11  51    2.17   292.1   12.6      17.707
2012   10        9    12   1    2.17   292.0   12.6      17.709
2012   10        9    12  11    2.17   292.0   12.6      17.711
2012   10        9    12  20    2.17   292.0   12.6      17.714
2012   10        9    12  30    2.17   292.0   12.6      17.716
2012   10        9    12  40    2.17   292.0   12.6      17.718
2012   10        9    12  50    2.17   292.0   12.6      17.720
2012   10        9    13   0    2.17   292.0   12.6      17.723
2012   10        9    13   9    2.17   291.9   12.6      17.725
2012   10        9    13  19    2.17   291.9   12.6      17.728
2012   10        9    13  29    2.17   291.9   12.6      17.730
2012   10        9    13  39    2.17   291.9   12.6      17.733
2012   10        9    13  49    2.17   291.9   12.6      17.736
2012   10        9    13  58    2.18   291.9   12.6      17.738
2012   10        9    14   8    2.18   291.9   12.6      17.741
2012   10        9    14  18    2.18   291.9   12.6      17.744
2012   10        9    14  28    2.18   291.8   12.6      17.747
2012   10        9    14  38    2.18   291.8   12.6      17.750
2012   10        9    14  48    2.18   291.8   12.6      17.753
2012   10        9    14  57    2.18   291.8   12.6      17.757
2012   10        9    15   7    2.18   291.8   12.6      17.760
2012   10        9    15  17    2.18   291.8   12.7      17.763
2012   10        9    15  27    2.18   291.8   12.7      17.767
2012   10        9    15  37    2.18   291.7   12.7      17.770
2012   10        9    15  46    2.19   291.7   12.7      17.774
2012   10        9    15  56    2.19   291.7   12.7      17.778
2012   10        9    16   6    2.19   291.7   12.7      17.782
2012   10        9    16  16    2.19   291.7   12.7      17.786
2012   10        9    16  26    2.19   291.7   12.7      17.790
2012   10        9    16  35    2.19   291.7   12.7      17.795
2012   10        9    16  45    2.19   291.7   12.7      17.799
2012   10        9    16  55    2.19   291.7   12.7      17.804
2012   10        9    17   5    2.20   291.6   12.7      17.809
2012   10        9    17  15    2.20   291.6   12.7      17.814
2012   10        9    17  24    2.20   291.6   12.7      17.819
2012   10        9    17  34    2.20   291.6   12.7      17.824
2012   10        9    17  44    2.20   291.6   12.8      17.829
2012   10        9    17  54    2.20   291.6   12.8      17.835
2012   10        9    18   3    2.20   291.6   12.8      17.841
2012   10        9    18  13    2.21   291.6   12.8      17.847
2012   10        9    18  23    2.21   291.6   12.8      17.853
2012   10        9    18  33    2.21   291.6   12.8      17.859
2012   10        9    18  43    2.21   291.5   12.8      17.866
2012   10        9    18  52    2.21   291.5   12.8      17.872
2012   10        9    19   2    2.21   291.5   12.8      17.879
2012   10        9    19  12    2.22   291.5   12.8      17.886
2012   10        9    19  22    2.22   291.5   12.8      17.894
2012   10        9    19  32    2.22   291.5   12.9      17.901
2012   10        9    19  41    2.22   291.5   12.9      17.909
2012   10        9    19  51    2.22   291.5   12.9      17.917
2012   10        9    20   1    2.23   291.5   12.9      17.925
2012   10        9    20  11    2.23   291.5   12.9      17.934
2012   10        9    20  20    2.23   291.5   12.9      17.943
2012   10        9    20  30    2.23   291.5   12.9      17.951
2012   10        9    20  40    2.23   291.5   12.9      17.961
2012   10        9    20  50    2.24   291.5   12.9      17.970
2012   10        9    21   0    2.24   291.4   13.0      17.980
2012   10        9    21   9    2.24   291.4   13.0      17.990
2012   10        9    21  19    2.24   291.4   13.0      18.000
2012   10        9    21  29    2.25   291.4   13.0      18.010
2012   10        9    21  39    2.25   291.4   13.0      18.021
2012   10        9    21  49    2.25   291.4   13.0      18.032
2012   10        9    21  58    2.25   291.4   13.0      18.043
2012   10        9    22   8    2.26   291.4   13.1      18.055
2012   10        9    22  18    2.26   291.4   13.1      18.067
2012   10        9    22  28    2.26   291.4   13.1      18.079
2012   10        9    22  38    2.26   291.4   13.1      18.092
2012   10        9    22  48    2.27   291.4   13.1      18.105
2012   10        9    22  57    2.27   291.4   13.1      18.118
2012   10        9    23   7    2.27   291.4   13.1      18.132
2012   10        9    23  17    2.28   291.4   13.2      18.146
2012   10        9    23  27    2.28   291.4   13.2      18.160
2012   10        9    23  37    2.28   291.4   13.2      18.175
2012   10        9    23  46    2.29   291.4   13.2      18.190
2012   10        9    23  56    2.29   291.4   13.2      18.205
2012   10       10     0   6    2.29   291.4   13.3      18.221
2012   10       10     0  16    2.30   291.4   13.3      18.238
2012   10       10     0  25    2.30   291.4   13.3      18.254
2012   10       10     0  35    2.31   291.4   13.3      18.271
2012   10       10     0  45    2.31   291.4   13.3      18.289
2012   10       10     0  55    2.31   291.4   13.4      18.306
2012   10       10     1   5    2.32   291.4   13.4      18.325
2012   10       10     1  14    2.32   291.4   13.4      18.343
2012   10       10     1  24    2.33   291.4   13.4      18.362
2012   10       10     1  34    2.33   291.4   13.5      18.382
2012   10       10     1  44    2.34   291.5   13.5      18.401
2012   10       10     1  54    2.34   291.5   13.5      18.421
2012   10       10     2   3    2.35   291.5   13.5      18.442
2012   10       10     2  13    2.35   291.5   13.6      18.463
2012   10       10     2  23    2.35   291.5   13.6      18.484
2012   10       10     2  33    2.36   291.5   13.6      18.506
2012   10       10     2  42    2.36   291.5   13.7      18.527
2012   10       10     2  52    2.37   291.5   13.7      18.550
2012   10       10     3   2    2.38   291.5   13.7      18.572
2012   10       10     3  12    2.38   291.5   13.7      18.595
2012   10       10     3  22    2.39   291.5   13.8      18.618
2012   10       10     3  31    2.39   291.5   13.8      18.642
2012   10       10     3  41    2.40   291.5   13.8      18.665
2012   10       10     3  51    2.40   291.5   13.9      18.689
2012   10       10     4   1    2.41   291.5   13.9      18.714
2012   10       10     4  10    2.41   291.5   13.9      18.738
2012   10       10     4  20    2.42   291.5   14.0      18.763
2012   10       10     4  30    2.43   291.5   14.0      18.788
2012   10       10     4  40    2.43   291.5   14.0      18.814
2012   10       10     4  50    2.44   291.5   14.1      18.840
2012   10       10     4  59    2.45   291.5   14.1      18.867
2012   10       10     5   9    2.45   291.5   14.1      18.894
2012   10       10     5  19    2.46   291.5   14.2      18.922
2012   10       10     5  29    2.47   291.5   14.2      18.950
2012   10       10     5  39    2.47   291.5   14.3      18.980
2012   10       10     5  49    2.48   291.5   14.3      19.010
2012   10       10     5  58    2.49   291.5   14.4      19.041
2012   10       10     6   8    2.50   291.5   14.4      19.073
2012   10       10     6  18    2.50   291.5   14.5      19.107
2012   10       10     6  28    2.51   291.6   14.5      19.141
2012   10       10     6  38    2.52   291.6   14.6      19.177
2012   10       10     6  47    2.53   291.6   14.6      19.215
2012   10       10     6  57    2.54   291.6   14.7      19.254
2012   10       10     7   7    2.55   291.6   14.7      19.295
2012   10       10     7  17    2.56   291.7   14.8      19.337
2012   10       10     7  26    2.57   291.7   14.9      19.382
2012   10       10     7  36    2.58   291.8   14.9      19.429
2012   10       10     7  46    2.59   291.8   15.0      19.478
2012   10       10     7  56    2.60   291.9   15.1      19.531
2012   10       10     8   6    2.61   291.9   15.1      19.585
2012   10       10     8  15    2.62   292.0   15.2      19.643
2012   10       10     8  25    2.63   292.0   15.3      19.703
2012   10       10     8  35    2.64   292.1   15.4      19.768
2012   10       10     8  45    2.65   292.2   15.4      19.835
2012   10       10     8  55    2.66   292.3   15.5      19.906
2012   10       10     9   4    2.67   292.4   15.6      19.981
2012   10       10     9  14    2.69   292.5   15.7      20.060
2012   10       10     9  24    2.70   292.6   15.8      20.142
2012   10       10     9  34    2.71   292.8   15.8      20.229
2012   10       10     9  43    2.72   292.9   15.9      20.317
2012   10       10     9  53    2.73   293.0   16.0      20.408
2012   10       10    10   3    2.74   293.1   16.1      20.499
2012   10       10    10  13    2.75   293.2   16.1      20.590
2012   10       10    10  22    2.76   293.4   16.2      20.681
2012   10       10    10  32    2.77   293.5   16.3      20.772
2012   10       10    10  42    2.78   293.6   16.3      20.861
2012   10       10    10  52    2.79   293.7   16.4      20.951
2012   10       10    11   2    2.80   293.9   16.5      21.040
2012   10       10    11  11    2.81   294.0   16.6      21.129
2012   10       10    11  21    2.82   294.1   16.6      21.217
2012   10       10    11  31    2.83   294.2   16.7      21.306
2012   10       10    11  41    2.84   294.4   16.8      21.394
2012   10       10    11  51    2.85   294.5   16.9      21.483
2012   10       10    12   0    2.86   294.6   16.9      21.572
2012   10       10    12  10    2.88   294.8   17.0      21.661
2012   10       10    12  20    2.89   294.9   17.1      21.751
2012   10       10    12  30    2.90   295.1   17.2      21.841
2012   10       10    12  40    2.91   295.2   17.3      21.932
2012   10       10    12  49    2.92   295.4   17.4      22.024
2012   10       10    12  59    2.93   295.5   17.5      22.119
2012   10       10    13   9    2.95   295.7   17.6      22.217
2012   10       10    13  19    2.96   295.8   17.7      22.316
2012   10       10    13  29    2.97   296.0   17.8      22.419
2012   10       10    13  38    2.99   296.2   17.9      22.523
2012   10       10    13  48    3.00   296.4   18.0      22.631
2012   10       10    13  58    3.01   296.6   18.1      22.744
2012   10       10    14   8    3.03   296.8   18.2      22.862
2012   10       10    14  18    3.04   297.0   18.3      22.985
2012   10       10    14  27    3.06   297.2   18.4      23.113
2012   10       10    14  37    3.07   297.4   18.5      23.243
2012   10       10    14  47    3.08   297.6   18.6      23.375
2012   10       10    14  57    3.10   297.8   18.7      23.507
2012   10       10    15   7    3.11   298.1   18.8      23.638
2012   10       10    15  16    3.13   298.3   18.9      23.768
2012   10       10    15  26    3.14   298.5   19.0      23.898
2012   10       10    15  36    3.15   298.7   19.1      24.028
2012   10       10    15  46    3.17   298.9   19.2      24.160
2012   10       10    15  55    3.18   299.2   19.3      24.292
2012   10       10    16   5    3.19   299.4   19.4      24.427
2012   10       10    16  15    3.20   299.7   19.5      24.563
2012   10       10    16  25    3.22   300.0   19.6      24.702
2012   10       10    16  34    3.23   300.2   19.7      24.843
2012   10       10    16  44    3.24   300.5   19.7      24.987
2012   10       10    16  54    3.25   300.8   19.8      25.132
2012   10       10    17   4    3.26   301.1   19.9      25.278
2012   10       10    17  14    3.27   301.4   20.0      25.424
2012   10       10    17  23    3.28   301.7   20.0      25.569
2012   10       10    17  33    3.29   302.0   20.1      25.713
2012   10       10    17  43    3.30   302.3   20.2      25.857
2012   10       10    17  53    3.31   302.6   20.2      25.999
2012   10       10    18   2    3.33   302.9   20.3      26.141
2012   10       10    18  12    3.34   303.1   20.4      26.281
2012   10       10    18  22    3.35   303.4   20.4      26.422
2012   10       10    18  32    3.36   303.8   20.5      26.563
2012   10       10    18  41    3.37   304.1   20.6      26.703
2012   10       10    18  51    3.38   304.4   20.6      26.844
2012   10       10    19   1    3.39   304.7   20.7      26.985
2012   10       10    19  11    3.40   305.0   20.8      27.127
2012   10       10    19  21    3.41   305.3   20.8      27.270
2012   10       10    19  30    3.42   305.6   20.9      27.414
2012   10       10    19  40    3.43   305.9   21.0      27.562
2012   10       10    19  50    3.44   306.2   21.1      27.712
2012   10       10    20   0    3.45   306.6   21.1      27.866
2012   10       10    20  10    3.47   306.9   21.2      28.024
2012   10       10    20  20    3.48   307.3   21.3      28.189
2012   10       10    20  29    3.49   307.6   21.4      28.359
2012   10       10    20  39    3.51   308.0   21.5      28.536
2012   10       10    20  49    3.52   308.4   21.6      28.721
2012   10       10    20  59    3.54   308.8   21.7      28.916
2012   10       10    21   8    3.55   309.2   21.8      29.119
2012   10       10    21  18    3.57   309.6   22.0      29.334
2012   10       10    21  28    3.59   310.0   22.1      29.560
2012   10       10    21  38    3.61   310.5   22.3      29.798
2012   10       10    21  48    3.63   311.0   22.4      30.050
2012   10       10    21  57    3.66   311.5   22.6      30.319
2012   10       10    22   7    3.68   312.0   22.8      30.601
2012   10       10    22  17    3.71   312.5   23.0      30.902
2012   10       10    22  27    3.74   313.1   23.2      31.229
2012   10       10    22  37    3.78   313.8   23.5      31.589
2012   10       10    22  46    3.81   314.5   23.7      31.976
2012   10       10    22  56    3.85   315.2   24.0      32.390
2012   10       10    23   6    3.89   316.0   24.3      32.830
2012   10       10    23  16    3.93   316.9   24.6      33.317
2012   10       10    23  25    3.98   317.9   25.0      33.837
2012   10       10    23  35    4.02   319.0   25.3      34.393
2012   10       10    23  45    4.06   320.2   25.6      34.976
2012   10       10    23  55    4.10   321.3   25.9      35.575
2012   10       11     0   4    4.14   322.4   26.1      36.157
2012   10       11     0  14    4.18   323.5   26.4      36.721
2012   10       11     0  24    4.21   324.6   26.6      37.266
2012   10       11     0  34    4.25   325.6   26.9      37.802
2012   10       11     0  44    4.28   326.5   27.1      38.325
2012   10       11     0  53    4.32   327.4   27.3      38.838
2012   10       11     1   3    4.35   328.3   27.5      39.342
2012   10       11     1  13    4.38   329.2   27.7      39.858
2012   10       11     1  23    4.41   330.1   27.9      40.384
2012   10       11     1  32    4.44   330.9   28.1      40.921
2012   10       11     1  42    4.46   331.8   28.2      41.462
2012   10       11     1  52    4.48   332.6   28.4      41.993
2012   10       11     2   2    4.50   333.4   28.5      42.499
2012   10       11     2  11    4.52   334.2   28.6      42.981
2012   10       11     2  21    4.53   335.0   28.7      43.435
2012   10       11     2  31    4.54   335.8   28.7      43.862
2012   10       11     2  41    4.55   336.5   28.7      44.259
2012   10       11     2  51    4.56   337.2   28.7      44.626
2012   10       11     3   0    4.56   337.9   28.7      44.964
2012   10       11     3  10    4.56   338.6   28.7      45.274
2012   10       11     3  20    4.56   339.2   28.6      45.557
2012   10       11     3  30    4.56   339.8   28.6      45.816
2012   10       11     3  40    4.55   340.3   28.5      46.052
2012   10       11     3  50    4.55   340.8   28.4      46.269
2012   10       11     3  59    4.54   341.3   28.3      46.468
2012   10       11     4   9    4.53   341.7   28.2      46.655
2012   10       11     4  19    4.52   342.2   28.1      46.832
2012   10       11     4  29    4.51   342.6   28.0      47.001
2012   10       11     4  38    4.49   343.1   27.9      47.162
2012   10       11     4  48    4.48   343.5   27.8      47.314
2012   10       11     4  58    4.46   343.9   27.7      47.457
2012   10       11     5   8    4.44   344.4   27.6      47.588
2012   10       11     5  18    4.42   344.8   27.4      47.704
2012   10       11     5  27    4.39   345.2   27.3      47.806
2012   10       11     5  37    4.37   345.7   27.1      47.892
2012   10       11     5  47    4.34   346.1   26.9      47.965
2012   10       11     5  57    4.32   346.5   26.8      48.022
2012   10       11     6   7    4.29   346.9   26.6      48.065
2012   10       11     6  16    4.26   347.3   26.4      48.096
2012   10       11     6  26    4.22   347.6   26.2      48.115
2012   10       11     6  36    4.19   348.0   26.0      48.123
2012   10       11     6  46    4.16   348.3   25.7      48.124
2012   10       11     6  55    4.12   348.6   25.5      48.119
2012   10       11     7   5    4.09   349.0   25.3      48.107
2012   10       11     7  15    4.06   349.3   25.0      48.089
2012   10       11     7  25    4.02   349.6   24.8      48.065
2012   10       11     7  34    3.99   349.8   24.5      48.031
2012   10       11     7  44    3.95   350.1   24.2      47.987
2012   10       11     7  54    3.92   350.4   23.9      47.934
2012   10       11     8   4    3.88   350.6   23.7      47.873
2012   10       11     8  13    3.84   350.9   23.4      47.800
2012   10       11     8  23    3.81   351.1   23.1      47.713
2012   10       11     8  33    3.77   351.4   22.8      47.610
2012   10       11     8  43    3.73   351.6   22.5      47.491
2012   10       11     8  52    3.70   351.8   22.2      47.357
2012   10       11     9   2    3.66   352.0   21.9      47.214
2012   10       11     9  12    3.63   352.3   21.5      47.064
2012   10       11     9  22    3.59   352.5   21.2      46.908
2012   10       11     9  32    3.56   352.7   20.9      46.746
2012   10       11     9  41    3.52   352.9   20.6      46.575
2012   10       11     9  51    3.49   353.2   20.3      46.394
2012   10       11    10   1    3.46   353.4   20.0      46.205
2012   10       11    10  11    3.43   353.6   19.7      46.010
2012   10       11    10  21    3.40   353.8   19.4      45.806
2012   10       11    10  30    3.37   354.0   19.1      45.593
2012   10       11    10  40    3.34   354.2   18.9      45.367
2012   10       11    10  50    3.32   354.5   18.6      45.132
2012   10       11    11   0    3.29   354.7   18.3      44.884
2012   10       11    11  10    3.27   354.9   18.1      44.630
2012   10       11    11  19    3.25   355.2   17.8      44.371
2012   10       11    11  29    3.23   355.4   17.6      44.115
2012   10       11    11  39    3.21   355.7   17.3      43.861
2012   10       11    11  49    3.20   356.0   17.1      43.610
2012   10       11    11  59    3.18   356.3   16.9      43.361
2012   10       11    12   8    3.17   356.5   16.7      43.115
2012   10       11    12  18    3.15   356.9   16.5      42.871
2012   10       11    12  28    3.14   357.2   16.3      42.630
2012   10       11    12  38    3.13   357.5   16.1      42.391
2012   10       11    12  47    3.12   357.8   15.9      42.154
2012   10       11    12  57    3.11   358.1   15.8      41.919
2012   10       11    13   7    3.10   358.5   15.6      41.687
2012   10       11    13  17    3.10   358.8   15.4      41.455
2012   10       11    13  27    3.09   359.1   15.3      41.226
2012   10       11    13  36    3.08   359.5   15.1      40.998
2012   10       11    13  46    3.08   359.8   15.0      40.773
2012   10       11    13  56    3.07   360.2   14.8      40.548
2012   10       11    14   6    3.07   360.5   14.7      40.325
2012   10       11    14  15    3.06   360.9   14.5      40.103
2012   10       11    14  25    3.06   361.2   14.4      39.883
2012   10       11    14  35    3.06   361.6   14.2      39.664
2012   10       11    14  45    3.05   361.9   14.1      39.447
2012   10       11    14  54    3.05   362.3   14.0      39.232
2012   10       11    15   4    3.05   362.6   13.9      39.019
2012   10       11    15  14    3.04   363.0   13.7      38.807
2012   10       11    15  24    3.04   363.3   13.6      38.598
2012   10       11    15  33    3.04   363.6   13.5      38.390
2012   10       11    15  43    3.04   364.0   13.4      38.185
2012   10       11    15  53    3.03   364.3   13.3      37.982
2012   10       11    16   3    3.03   364.6   13.2      37.783
2012   10       11    16  12    3.03   365.0   13.1      37.586
2012   10       11    16  22    3.02   365.3   13.0      37.392
2012   10       11    16  32    3.02   365.6   12.9      37.202
2012   10       11    16  42    3.02   365.9   12.8      37.016
2012   10       11    16  51    3.01   366.2   12.7      36.833
2012   10       11    17   1    3.01   366.5   12.6      36.654
2012   10       11    17  11    3.00   366.7   12.5      36.478
2012   10       11    17  21    3.00   367.0   12.4      36.307
2012   10       11    17  31    3.00   367.3   12.4      36.137
2012   10       11    17  40    2.99   367.5   12.3      35.972
2012   10       11    17  50    2.99   367.8   12.2      35.809
2012   10       11    18   0    2.98   368.1   12.1      35.650
2012   10       11    18  10    2.98   368.3   12.1      35.492
2012   10       11    18  20    2.97   368.6   12.0      35.335
2012   10       11    18  29    2.97   368.9   12.0      35.180
2012   10       11    18  39    2.96   369.1   11.9      35.027
2012   10       11    18  49    2.95   369.4   11.8      34.876
2012   10       11    18  59    2.95   369.6   11.8      34.728
2012   10       11    19   9    2.94   369.9   11.7      34.581
2012   10       11    19  18    2.93   370.2   11.7      34.438
2012   10       11    19  28    2.92   370.4   11.7      34.297
2012   10       11    19  38    2.91   370.7   11.6      34.158
2012   10       11    19  48    2.91   370.9   11.6      34.021
2012   10       11    19  57    2.90   371.2   11.5      33.886
2012   10       11    20   7    2.89   371.4   11.5      33.752
2012   10       11    20  17    2.88   371.7   11.5      33.619
2012   10       11    20  27    2.86   371.9   11.4      33.487
2012   10       11    20  37    2.85   372.1   11.4      33.357
2012   10       11    20  46    2.84   372.3   11.4      33.230
2012   10       11    20  56    2.83   372.5   11.4      33.107
2012   10       11    21   6    2.82   372.6   11.3      32.987
2012   10       11    21  16    2.81   372.8   11.3      32.871
2012   10       11    21  25    2.79   373.0   11.3      32.758
2012   10       11    21  35    2.78   373.1   11.3      32.650
2012   10       11    21  45    2.77   373.3   11.3      32.546
2012   10       11    21  55    2.76   373.4   11.3      32.445
2012   10       11    22   4    2.75   373.5   11.2      32.348
2012   10       11    22  14    2.74   373.6   11.2      32.255
2012   10       11    22  24    2.73   373.8   11.2      32.166
2012   10       11    22  34    2.72   373.9   11.2      32.080
2012   10       11    22  43    2.71   374.0   11.2      31.996
2012   10       11    22  53    2.71   374.1   11.2      31.916
2012   10       11    23   3    2.70   374.2   11.2      31.837
2012   10       11    23  12    2.69   374.3   11.2      31.760
2012   10       11    23  22    2.69   374.4   11.2      31.682
2012   10       11    23  32    2.68   374.6   11.2      31.605
2012   10       11    23  42    2.68   374.7   11.2      31.527
2012   10       11    23  51    2.68   374.9   11.2      31.450
2012   10       12     0   1    2.67   375.0   11.2      31.372
2012   10       12     0  11    2.67   375.2   11.2      31.295
2012   10       12     0  21    2.66   375.3   11.2      31.219
2012   10       12     0  31    2.66   375.5   11.2      31.145
2012   10       12     0  40    2.66   375.7   11.2      31.073
2012   10       12     0  50    2.66   375.8   11.2      31.009
2012   10       12     1   0    2.65   376.0   11.3      30.951
2012   10       12     1  10    2.65   376.1   11.3      30.900
2012   10       12     1  20    2.65   376.3   11.3      30.856
2012   10       12     1  29    2.65   376.4   11.3      30.821
2012   10       12     1  39    2.65   376.6   11.3      30.797
2012   10       12     1  49    2.65   376.8   11.4      30.783
2012   10       12     1  59    2.65   377.0   11.4      30.779
2012   10       12     2   9    2.65   377.2   11.4      30.782
2012   10       12     2  18    2.65   377.4   11.4      30.789
2012   10       12     2  28    2.65   377.6   11.4      30.795
2012   10       12     2  38    2.65   377.8   11.4      30.801
2012   10       12     2  48    2.65   378.0   11.4      30.808
2012   10       12     2  57    2.65   378.3   11.4      30.814
2012   10       12     3   7    2.65   378.5   11.4      30.821
2012   10       12     3  17    2.65   378.7   11.5      30.827
2012   10       12     3  27    2.65   378.9   11.5      30.835
2012   10       12     3  37    2.65   379.1   11.5      30.843
2012   10       12     3  46    2.66   379.3   11.5      30.853
2012   10       12     3  56    2.66   379.6   11.5      30.863
2012   10       12     4   6    2.66   379.8   11.5      30.874
2012   10       12     4  16    2.66   380.0   11.5      30.887
2012   10       12     4  25    2.66   380.2   11.5      30.902
2012   10       12     4  35    2.67   380.5   11.5      30.918
2012   10       12     4  45    2.67   380.7   11.5      30.938
2012   10       12     4  55    2.67   380.9   11.5      30.960
2012   10       12     5   4    2.68   381.2   11.5      30.986
2012   10       12     5  14    2.68   381.4   11.5      31.016
2012   10       12     5  24    2.68   381.7   11.5      31.051
2012   10       12     5  34    2.69   381.9   11.5      31.091
2012   10       12     5  43    2.69   382.2   11.5      31.137
2012   10       12     5  53    2.70   382.5   11.5      31.190
2012   10       12     6   3    2.70   382.8   11.6      31.250
2012   10       12     6  13    2.71   383.1   11.6      31.318
2012   10       12     6  22    2.72   383.4   11.6      31.394
2012   10       12     6  32    2.72   383.8   11.6      31.478
2012   10       12     6  42    2.73   384.1   11.7      31.571
2012   10       12     6  51    2.74   384.5   11.7      31.675
2012   10       12     7   1    2.75   384.8   11.7      31.791
2012   10       12     7  11    2.76   385.2   11.8      31.921
2012   10       12     7  21    2.77   385.6   11.8      32.060
2012   10       12     7  31    2.78   386.1   11.9      32.210
2012   10       12     7  40    2.79   386.5   11.9      32.375
2012   10       12     7  50    2.80   386.9   12.0      32.554
2012   10       12     8   0    2.81   387.4   12.1      32.746
2012   10       12     8  10    2.83   387.9   12.1      32.949
2012   10       12     8  20    2.84   388.3   12.2      33.150
2012   10       12     8  29    2.85   388.7   12.2      33.344
2012   10       12     8  39    2.86   389.2   12.2      33.531
2012   10       12     8  49    2.87   389.6   12.3      33.713
2012   10       12     8  59    2.88   390.0   12.3      33.890
2012   10       12     9   9    2.89   390.4   12.4      34.064
2012   10       12     9  18    2.91   390.8   12.4      34.232
2012   10       12     9  28    2.92   391.2   12.4      34.398
2012   10       12     9  38    2.93   391.6   12.5      34.561
2012   10       12     9  48    2.94   392.0   12.5      34.724
2012   10       12     9  58    2.95   392.4   12.5      34.886
2012   10       12    10   7    2.96   392.8   12.5      35.049
2012   10       12    10  17    2.96   393.2   12.6      35.212
2012   10       12    10  27    2.97   393.6   12.6      35.373
2012   10       12    10  37    2.98   394.0   12.6      35.531
2012   10       12    10  46    2.99   394.4   12.6      35.685
2012   10       12    10  56    3.00   394.9   12.6      35.836
2012   10       12    11   6    3.01   395.3   12.6      35.985
2012   10       12    11  16    3.01   395.7   12.6      36.132
2012   10       12    11  25    3.02   396.1   12.6      36.277
2012   10       12    11  35    3.03   396.5   12.6      36.421
2012   10       12    11  45    3.04   397.0   12.7      36.565
2012   10       12    11  55    3.05   397.4   12.7      36.708
2012   10       12    12   5    3.05   397.8   12.7      36.852
2012   10       12    12  14    3.06   398.2   12.7      36.996
2012   10       12    12  24    3.07   398.7   12.7      37.142
2012   10       12    12  34    3.08   399.1   12.7      37.289
2012   10       12    12  44    3.08   399.6   12.7      37.439
2012   10       12    12  53    3.09   400.0   12.7      37.593
2012   10       12    13   3    3.10   400.5   12.8      37.751
2012   10       12    13  13    3.11   400.9   12.8      37.915
2012   10       12    13  22    3.12   401.4   12.8      38.086
2012   10       12    13  32    3.13   401.9   12.9      38.265
2012   10       12    13  42    3.14   402.4   12.9      38.456
2012   10       12    13  52    3.15   402.9   13.0      38.655
2012   10       12    14   1    3.16   403.5   13.0      38.871
2012   10       12    14  11    3.17   404.1   13.1      39.111
2012   10       12    14  21    3.18   404.7   13.2      39.377
2012   10       12    14  31    3.20   405.3   13.3      39.655
2012   10       12    14  40    3.21   406.0   13.4      39.955
2012   10       12    14  50    3.23   406.8   13.5      40.293
2012   10       12    15   0    3.24   407.7   13.6      40.657
2012   10       12    15  10    3.26   408.7   13.7      41.048
2012   10       12    15  20    3.27   409.7   13.7      41.459
2012   10       12    15  29    3.29   410.7   13.8      41.854
2012   10       12    15  39    3.30   411.6   13.9      42.230
2012   10       12    15  49    3.31   412.6   13.9      42.585
2012   10       12    15  59    3.32   413.5   13.9      42.925
2012   10       12    16   9    3.33   414.4   13.9      43.251
2012   10       12    16  18    3.34   415.3   13.9      43.568
2012   10       12    16  28    3.35   416.2   13.9      43.878
2012   10       12    16  38    3.35   417.0   13.9      44.185
2012   10       12    16  48    3.36   417.9   13.9      44.490
2012   10       12    16  58    3.37   418.7   13.9      44.796
2012   10       12    17   7    3.37   419.5   13.9      45.102
2012   10       12    17  17    3.38   420.3   13.9      45.411
2012   10       12    17  27    3.39   421.1   13.8      45.721
2012   10       12    17  37    3.39   422.0   13.8      46.035
2012   10       12    17  46    3.40   422.8   13.8      46.346
2012   10       12    17  56    3.40   423.6   13.8      46.656
2012   10       12    18   6    3.41   424.5   13.7      46.961
2012   10       12    18  16    3.41   425.3   13.7      47.260
2012   10       12    18  26    3.42   426.2   13.7      47.551
2012   10       12    18  35    3.42   427.1   13.6      47.833
2012   10       12    18  45    3.43   427.9   13.6      48.105
2012   10       12    18  55    3.43   428.8   13.5      48.366
2012   10       12    19   5    3.44   429.7   13.5      48.613
2012   10       12    19  14    3.44   430.6   13.5      48.848
2012   10       12    19  24    3.44   431.5   13.4      49.072
2012   10       12    19  34    3.45   432.5   13.4      49.284
2012   10       12    19  44    3.45   433.5   13.3      49.485
2012   10       12    19  53    3.45   434.5   13.3      49.681
2012   10       12    20   3    3.45   435.5   13.2      49.865
2012   10       12    20  13    3.45   436.6   13.2      50.048
2012   10       12    20  23    3.45   437.6   13.1      50.225
2012   10       12    20  32    3.44   438.7   13.1      50.390
2012   10       12    20  42    3.44   439.7   13.0      50.538
2012   10       12    20  52    3.43   440.7   12.9      50.674
2012   10       12    21   1    3.43   441.6   12.8      50.783
2012   10       12    21  11    3.42   442.4   12.8      50.859
2012   10       12    21  21    3.41   443.2   12.7      50.915
2012   10       12    21  31    3.41   443.9   12.6      50.963
2012   10       12    21  40    3.40   444.6   12.6      51.019
2012   10       12    21  50    3.40   445.3   12.6      51.106
2012   10       12    22   0    3.40   446.0   12.5      51.221
2012   10       12    22  10    3.40   446.8   12.5      51.380
2012   10       12    22  20    3.40   447.6   12.5      51.574
2012   10       12    22  29    3.40   448.6   12.5      51.804
2012   10       12    22  39    3.40   449.7   12.5      52.070
2012   10       12    22  49    3.40   450.7   12.5      52.346
2012   10       12    22  59    3.40   451.8   12.5      52.623
2012   10       12    23   9    3.40   452.9   12.5      52.904
2012   10       12    23  18    3.40   454.0   12.4      53.187
2012   10       12    23  28    3.40   455.1   12.4      53.476
2012   10       12    23  38    3.40   456.2   12.4      53.770
2012   10       12    23  48    3.40   457.3   12.3      54.078
2012   10       12    23  58    3.40   458.4   12.3      54.396
2012   10       13     0   7    3.40   459.4   12.3      54.723
2012   10       13     0  17    3.40   460.5   12.2      55.055
2012   10       13     0  27    3.40   461.6   12.2      55.384
2012   10       13     0  37    3.39   462.7   12.1      55.711
2012   10       13     0  47    3.39   463.8   12.1      56.039
2012   10       13     0  56    3.39   464.9   12.0      56.367
2012   10       13     1   6    3.38   466.0   12.0      56.700
2012   10       13     1  16    3.38   467.2   11.9      57.031
2012   10       13     1  26    3.37   468.3   11.8      57.358
2012   10       13     1  35    3.37   469.5   11.8      57.673
2012   10       13     1  45    3.36   470.7   11.7      57.967
2012   10       13     1  55    3.35   471.9   11.6      58.232
2012   10       13     2   5    3.34   473.0   11.5      58.466
2012   10       13     2  14    3.33   474.2   11.4      58.652
2012   10       13     2  24    3.31   475.4   11.2      58.785
2012   10       13     2  34    3.30   476.5   11.1      58.868
2012   10       13     2  44    3.28   477.7   11.0      58.914
2012   10       13     2  53    3.26   478.9   10.8      58.889
2012   10       13     3   3    3.24   480.1   10.7      58.816
2012   10       13     3  13    3.22   481.3   10.5      58.715
2012   10       13     3  23    3.20   482.5   10.4      58.574
2012   10       13     3  32    3.18   483.8   10.2      58.456
2012   10       13     3  42    3.16   485.1   10.1      58.365
2012   10       13     3  52    3.13   486.5    9.9      58.279
2012   10       13     4   2    3.11   487.9    9.7      58.187
2012   10       13     4  11    3.08   489.3    9.6      58.084
2012   10       13     4  21    3.06   490.8    9.4      57.977
2012   10       13     4  31    3.03   492.1    9.3      57.814
2012   10       13     4  41    3.01   493.4    9.1      57.612
2012   10       13     4  50    2.98   494.6    8.9      57.384
2012   10       13     5   0    2.96   495.6    8.8      57.111
2012   10       13     5  10    2.94   496.5    8.7      56.864
2012   10       13     5  20    2.92   497.4    8.6      56.652
2012   10       13     5  29    2.90   498.3    8.4      56.469
2012   10       13     5  39    2.88   499.1    8.3      56.310
2012   10       13     5  49    2.87   499.8    8.3      56.177
2012   10       13     5  59    2.85   500.5    8.2      56.067
2012   10       13     6   9    2.84   501.1    8.1      55.977
2012   10       13     6  18    2.82   501.7    8.0      55.907
2012   10       13     6  28    2.81   502.2    8.0      55.858
2012   10       13     6  38    2.79   502.7    7.9      55.827
2012   10       13     6  48    2.78   503.2    7.9      55.822
2012   10       13     6  58    2.77   503.7    7.8      55.850
2012   10       13     7   7    2.75   504.1    7.8      55.906
2012   10       13     7  17    2.74   504.6    7.8      56.003
2012   10       13     7  27    2.73   505.2    7.7      56.141
2012   10       13     7  37    2.72   505.7    7.7      56.302
2012   10       13     7  47    2.70   506.4    7.6      56.470
2012   10       13     7  56    2.69   507.0    7.6      56.632
2012   10       13     8   6    2.68   507.6    7.6      56.756
2012   10       13     8  16    2.66   508.1    7.5      56.856
2012   10       13     8  26    2.65   508.8    7.5      56.927
2012   10       13     8  35    2.64   509.5    7.4      56.984
2012   10       13     8  45    2.62   510.3    7.4      57.030
2012   10       13     8  55    2.60   511.3    7.3      57.065
2012   10       13     9   5    2.59   512.3    7.3      57.100
2012   10       13     9  14    2.57   513.5    7.2      57.127
2012   10       13     9  24    2.55   514.9    7.1      57.140
2012   10       13     9  34    2.53   516.3    7.0      57.107
2012   10       13     9  44    2.51   517.7    6.9      56.996
2012   10       13     9  54    2.49   519.1    6.8      56.785
2012   10       13    10   3    2.46   520.7    6.7      56.485
2012   10       13    10  13    2.44   522.1    6.6      56.067
2012   10       13    10  23    2.41   523.4    6.4      55.498
2012   10       13    10  33    2.38   524.6    6.3      54.825
2012   10       13    10  42    2.35   525.6    6.1      54.084
2012   10       13    10  52    2.32   526.3    6.0      53.281
2012   10       13    11   2    2.29   527.1    5.9      52.563
2012   10       13    11  11    2.27   527.8    5.7      51.902
2012   10       13    11  21    2.24   528.5    5.6      51.294
2012   10       13    11  31    2.22   529.2    5.5      50.721
2012   10       13    11  41    2.20   529.8    5.5      50.194
2012   10       13    11  50    2.18   530.4    5.4      49.698
2012   10       13    12   0    2.16   530.9    5.3      49.232
2012   10       13    12  10    2.14   531.4    5.2      48.792
2012   10       13    12  20    2.12   531.8    5.2      48.375
2012   10       13    12  29    2.10   532.2    5.1      47.978
2012   10       13    12  39    2.09   532.5    5.0      47.601
2012   10       13    12  49    2.07   532.8    5.0      47.240
2012   10       13    12  59    2.06   533.0    4.9      46.894
2012   10       13    13   9    2.04   533.2    4.9      46.562
2012   10       13    13  18    2.03   533.4    4.8      46.242
2012   10       13    13  28    2.01   533.5    4.8      45.932
2012   10       13    13  38    2.00   533.6    4.7      45.633
2012   10       13    13  48    1.98   533.7    4.7      45.341
2012   10       13    13  58    1.97   533.7    4.7      45.057
2012   10       13    14   7    1.96   533.7    4.6      44.778
2012   10       13    14  17    1.94   533.8    4.6      44.505
2012   10       13    14  27    1.93   533.7    4.6      44.234
2012   10       13    14  37    1.92   533.7    4.5      43.968
2012   10       13    14  47    1.91   533.7    4.5      43.700
2012   10       13    14  56    1.89   533.6    4.5      43.435
2012   10       13    15   6    1.88   533.6    4.4      43.168
2012   10       13    15  16    1.87   533.5    4.4      42.901
2012   10       13    15  26    1.85   533.4    4.4      42.631
2012   10       13    15  35    1.84   533.3    4.3      42.361
2012   10       13    15  45    1.83   533.1    4.3      42.088
2012   10       13    15  55    1.82   533.0    4.3      41.814
2012   10       13    16   5    1.80   532.9    4.3      41.536
2012   10       13    16  15    1.79   532.7    4.2      41.258
2012   10       13    16  24    1.78   532.5    4.2      40.978
2012   10       13    16  34    1.77   532.3    4.2      40.699
2012   10       13    16  44    1.75   532.1    4.2      40.419
2012   10       13    16  54    1.74   531.8    4.1      40.144
2012   10       13    17   3    1.73   531.5    4.1      39.868
2012   10       13    17  13    1.72   531.2    4.1      39.598
2012   10       13    17  23    1.71   530.9    4.1      39.337
2012   10       13    17  33    1.70   530.6    4.1      39.078
2012   10       13    17  42    1.69   530.2    4.0      38.831
2012   10       13    17  52    1.68   529.9    4.0      38.592
2012   10       13    18   2    1.67   529.5    4.0      38.361
2012   10       13    18  12    1.66   529.2    4.0      38.141
2012   10       13    18  21    1.65   528.9    4.0      37.927
2012   10       13    18  31    1.64   528.6    4.0      37.722
2012   10       13    18  41    1.63   528.4    4.0      37.524
2012   10       13    18  50    1.62   528.1    3.9      37.333
2012   10       13    19   0    1.62   527.9    3.9      37.147
2012   10       13    19  10    1.61   527.7    3.9      36.968
2012   10       13    19  20    1.60   527.4    3.9      36.793
2012   10       13    19  29    1.60   527.2    3.9      36.620
2012   10       13    19  39    1.59   527.0    3.9      36.448
2012   10       13    19  49    1.58   526.7    3.9      36.278
2012   10       13    19  59    1.57   526.5    3.8      36.110
2012   10       13    20   9    1.57   526.3    3.8      35.944
2012   10       13    20  18    1.56   526.0    3.8      35.779
2012   10       13    20  28    1.55   525.8    3.8      35.617
2012   10       13    20  38    1.55   525.5    3.8      35.457
2012   10       13    20  48    1.54   525.3    3.8      35.299
2012   10       13    20  58    1.54   525.0    3.8      35.143
2012   10       13    21   7    1.53   524.7    3.7      34.989
2012   10       13    21  17    1.52   524.5    3.7      34.837
2012   10       13    21  27    1.52   524.2    3.7      34.688
2012   10       13    21  37    1.51   523.9    3.7      34.541
2012   10       13    21  47    1.51   523.7    3.7      34.396
2012   10       13    21  56    1.50   523.4    3.7      34.253
2012   10       13    22   6    1.49   523.1    3.7      34.112
2012   10       13    22  16    1.49   522.8    3.7      33.973
2012   10       13    22  26    1.48   522.5    3.6      33.837
2012   10       13    22  35    1.48   522.2    3.6      33.702
2012   10       13    22  45    1.47   522.0    3.6      33.570
2012   10       13    22  55    1.47   521.7    3.6      33.439
2012   10       13    23   5    1.46   521.4    3.6      33.311
2012   10       13    23  15    1.46   521.1    3.6      33.184
2012   10       13    23  24    1.45   520.8    3.6      33.060
2012   10       13    23  34    1.45   520.5    3.6      32.937
2012   10       13    23  44    1.44   520.2    3.6      32.817
2012   10       13    23  54    1.44   519.9    3.6      32.698
2012   10       14     0   3    1.44   519.6    3.6      32.581
2012   10       14     0  13    1.43   519.3    3.5      32.466
2012   10       14     0  23    1.43   519.0    3.5      32.351
2012   10       14     0  33    1.42   518.6    3.5      32.239
2012   10       14     0  42    1.42   518.3    3.5      32.128
2012   10       14     0  52    1.42   517.9    3.5      32.016
2012   10       14     1   2    1.41   517.6    3.5      31.906
2012   10       14     1  12    1.41   517.2    3.5      31.797
2012   10       14     1  21    1.40   516.8    3.5      31.689
2012   10       14     1  31    1.40   516.4    3.5      31.581
2012   10       14     1  41    1.40   516.0    3.5      31.473
2012   10       14     1  51    1.39   515.6    3.5      31.366
2012   10       14     2   0    1.39   515.3    3.5      31.264
2012   10       14     2  10    1.39   514.9    3.5      31.164
2012   10       14     2  20    1.38   514.6    3.5      31.067
2012   10       14     2  29    1.38   514.3    3.5      30.974
2012   10       14     2  39    1.38   513.9    3.5      30.883
2012   10       14     2  49    1.37   513.6    3.5      30.790
2012   10       14     2  59    1.37   513.3    3.5      30.697
2012   10       14     3   9    1.37   512.9    3.5      30.604
2012   10       14     3  18    1.36   512.6    3.5      30.510
2012   10       14     3  28    1.36   512.2    3.4      30.417
2012   10       14     3  38    1.35   511.9    3.4      30.324
2012   10       14     3  48    1.35   511.5    3.4      30.231
2012   10       14     3  58    1.35   511.2    3.4      30.138
2012   10       14     4   7    1.34   510.8    3.4      30.046
2012   10       14     4  17    1.34   510.4    3.4      29.954
2012   10       14     4  27    1.34   510.1    3.4      29.862
2012   10       14     4  37    1.34   509.7    3.4      29.772
2012   10       14     4  47    1.33   509.4    3.4      29.681
2012   10       14     4  56    1.33   509.0    3.4      29.591
2012   10       14     5   6    1.33   508.6    3.4      29.502
2012   10       14     5  16    1.32   508.2    3.4      29.415
2012   10       14     5  26    1.32   507.9    3.4      29.327
2012   10       14     5  35    1.32   507.5    3.4      29.242
2012   10       14     5  45    1.31   507.1    3.4      29.157
2012   10       14     5  55    1.31   506.8    3.4      29.073
2012   10       14     6   5    1.31   506.4    3.4      28.991
2012   10       14     6  15    1.31   506.0    3.4      28.910
2012   10       14     6  24    1.30   505.7    3.4      28.829
2012   10       14     6  34    1.30   505.3    3.4      28.750
2012   10       14     6  44    1.30   504.9    3.4      28.672
2012   10       14     6  54    1.29   504.5    3.4      28.595
2012   10       14     7   3    1.29   504.2    3.3      28.518
2012   10       14     7  13    1.29   503.8    3.3      28.443
2012   10       14     7  23    1.29   503.4    3.3      28.367
2012   10       14     7  33    1.28   503.1    3.3      28.293
2012   10       14     7  43    1.28   502.7    3.3      28.218
2012   10       14     7  52    1.28   502.4    3.3      28.144
2012   10       14     8   2    1.28   502.0    3.3      28.071
2012   10       14     8  12    1.27   501.6    3.3      27.998
2012   10       14     8  21    1.27   501.3    3.3      27.925
2012   10       14     8  31    1.27   500.9    3.3      27.854
2012   10       14     8  41    1.27   500.6    3.3      27.782
2012   10       14     8  51    1.26   500.2    3.3      27.711
2012   10       14     9   0    1.26   499.8    3.3      27.641
2012   10       14     9  10    1.26   499.5    3.3      27.571
2012   10       14     9  20    1.26   499.1    3.3      27.502
2012   10       14     9  30    1.26   498.8    3.3      27.433
2012   10       14     9  39    1.25   498.4    3.3      27.364
2012   10       14     9  49    1.25   498.1    3.3      27.296
2012   10       14     9  59    1.25   497.7    3.3      27.227
2012   10       14    10   9    1.25   497.3    3.3      27.159
2012   10       14    10  18    1.24   496.9    3.3      27.091
2012   10       14    10  28    1.24   496.6    3.3      27.023
2012   10       14    10  38    1.24   496.2    3.3      26.955
2012   10       14    10  48    1.24   495.8    3.3      26.887
2012   10       14    10  58    1.23   495.4    3.3      26.818
2012   10       14    11   7    1.23   495.0    3.3      26.749
2012   10       14    11  17    1.23   494.6    3.3      26.680
2012   10       14    11  27    1.23   494.2    3.3      26.611
2012   10       14    11  37    1.23   493.9    3.3      26.542
2012   10       14    11  47    1.22   493.5    3.3      26.473
2012   10       14    11  56    1.22   493.1    3.3      26.403
2012   10       14    12   6    1.22   492.7    3.3      26.333
2012   10       14    12  16    1.22   492.3    3.3      26.262
2012   10       14    12  26    1.21   491.9    3.3      26.192
2012   10       14    12  36    1.21   491.5    3.3      26.120
2012   10       14    12  45    1.21   491.1    3.3      26.049
2012   10       14    12  55    1.21   490.7    3.3      25.977
2012   10       14    13   5    1.21   490.3    3.3      25.905
2012   10       14    13  15    1.20   489.9    3.3      25.833
2012   10       14    13  24    1.20   489.5    3.3      25.760
2012   10       14    13  34    1.20   489.1    3.3      25.688
2012   10       14    13  44    1.20   488.7    3.3      25.616
2012   10       14    13  54    1.19   488.3    3.3      25.543
2012   10       14    14   3    1.19   487.9    3.3      25.471
2012   10       14    14  13    1.19   487.5    3.3      25.400
2012   10       14    14  23    1.19   487.1    3.3      25.329
2012   10       14    14  33    1.19   486.7    3.3      25.258
2012   10       14    14  43    1.18   486.3    3.2      25.188
2012   10       14    14  52    1.18   485.9    3.2      25.119
2012   10       14    15   2    1.18   485.5    3.2      25.050
2012   10       14    15  12    1.18   485.1    3.2      24.983
2012   10       14    15  22    1.17   484.7    3.2      24.917
2012   10       14    15  31    1.17   484.3    3.2      24.852
2012   10       14    15  41    1.17   483.9    3.2      24.789
2012   10       14    15  51    1.17   483.5    3.2      24.727
2012   10       14    16   0    1.17   483.0    3.2      24.666
2012   10       14    16  10    1.17   482.6    3.2      24.606
2012   10       14    16  20    1.16   482.2    3.2      24.547
2012   10       14    16  30    1.16   481.8    3.2      24.488
2012   10       14    16  39    1.16   481.4    3.2      24.429
2012   10       14    16  49    1.16   481.0    3.2      24.369
2012   10       14    16  59    1.16   480.6    3.2      24.308
2012   10       14    17   9    1.15   480.2    3.2      24.246
2012   10       14    17  18    1.15   479.8    3.2      24.183
2012   10       14    17  28    1.15   479.4    3.2      24.119
2012   10       14    17  38    1.15   479.0    3.2      24.056
2012   10       14    17  48    1.15   478.6    3.2      23.991
2012   10       14    17  58    1.14   478.2    3.2      23.927
2012   10       14    18   7    1.14   477.8    3.2      23.862
2012   10       14    18  17    1.14   477.4    3.2      23.797
2012   10       14    18  27    1.14   477.0    3.2      23.732
2012   10       14    18  37    1.14   476.6    3.2      23.668
2012   10       14    18  47    1.13   476.2    3.2      23.603
2012   10       14    18  56    1.13   475.8    3.2      23.538
2012   10       14    19   6    1.13   475.4    3.2      23.473
2012   10       14    19  16    1.13   475.0    3.2      23.408
2012   10       14    19  26    1.13   474.6    3.2      23.343
2012   10       14    19  36    1.12   474.2    3.2      23.277
2012   10       14    19  45    1.12   473.8    3.2      23.212
2012   10       14    19  55    1.12   473.4    3.2      23.146
2012   10       14    20   5    1.12   473.0    3.2      23.079
2012   10       14    20  15    1.12   472.6    3.2      23.013
2012   10       14    20  24    1.11   472.1    3.2      22.947
2012   10       14    20  34    1.11   471.7    3.2      22.881
2012   10       14    20  44    1.11   471.3    3.2      22.814
2012   10       14    20  54    1.11   470.9    3.2      22.749
2012   10       14    21   4    1.11   470.5    3.2      22.683
2012   10       14    21  13    1.10   470.1    3.2      22.618
2012   10       14    21  23    1.10   469.7    3.2      22.553
2012   10       14    21  33    1.10   469.2    3.2      22.489
2012   10       14    21  43    1.10   468.8    3.2      22.426
2012   10       14    21  52    1.10   468.4    3.2      22.363
2012   10       14    22   2    1.10   468.0    3.2      22.302
2012   10       14    22  12    1.09   467.6    3.2      22.241
2012   10       14    22  22    1.09   467.1    3.2      22.182
2012   10       14    22  31    1.09   466.7    3.2      22.124
2012   10       14    22  41    1.09   466.3    3.2      22.067
2012   10       14    22  51    1.09   465.9    3.2      22.012
2012   10       14    23   1    1.09   465.5    3.2      21.958
2012   10       14    23  10    1.08   465.1    3.2      21.906
2012   10       14    23  20    1.08   464.6    3.2      21.854
2012   10       14    23  30    1.08   464.2    3.2      21.803
2012   10       14    23  39    1.08   463.8    3.2      21.753
2012   10       14    23  49    1.08   463.4    3.2      21.702
2012   10       14    23  59    1.08   463.0    3.2      21.649
2012   10       15     0   9    1.07   462.6    3.2      21.596
2012   10       15     0  18    1.07   462.1    3.2      21.542
2012   10       15     0  28    1.07   461.7    3.2      21.487
2012   10       15     0  38    1.07   461.3    3.2      21.432
2012   10       15     0  48    1.07   460.9    3.2      21.376
2012   10       15     0  58    1.07   460.5    3.2      21.320
2012   10       15     1   7    1.07   460.0    3.2      21.264
2012   10       15     1  17    1.06   459.6    3.2      21.207
2012   10       15     1  27    1.06   459.2    3.2      21.150
2012   10       15     1  37    1.06   458.8    3.2      21.092
2012   10       15     1  46    1.06   458.4    3.2      21.035
2012   10       15     1  56    1.06   457.9    3.2      20.976
2012   10       15     2   6    1.06   457.5    3.2      20.917
2012   10       15     2  16    1.05   457.1    3.2      20.857
2012   10       15     2  26    1.05   456.6    3.2      20.797
2012   10       15     2  36    1.05   456.2    3.2      20.736
2012   10       15     2  45    1.05   455.7    3.2      20.676
2012   10       15     2  55    1.05   455.3    3.2      20.615
2012   10       15     3   5    1.05   454.9    3.2      20.555
2012   10       15     3  15    1.04   454.4    3.2      20.495
2012   10       15     3  24    1.04   454.0    3.2      20.434
2012   10       15     3  34    1.04   453.5    3.2      20.374
2012   10       15     3  44    1.04   453.1    3.2      20.314
2012   10       15     3  54    1.04   452.6    3.2      20.255
2012   10       15     4   4    1.04   452.2    3.2      20.196
2012   10       15     4  13    1.03   451.7    3.2      20.137
2012   10       15     4  23    1.03   451.3    3.2      20.080
2012   10       15     4  33    1.03   450.8    3.2      20.023
2012   10       15     4  43    1.03   450.4    3.2      19.966
2012   10       15     4  52    1.03   449.9    3.2      19.911
2012   10       15     5   2    1.03   449.5    3.2      19.857
2012   10       15     5  12    1.02   449.0    3.2      19.804
2012   10       15     5  22    1.02   448.6    3.2      19.751
2012   10       15     5  31    1.02   448.2    3.2      19.699
2012   10       15     5  41    1.02   447.7    3.2      19.649
2012   10       15     5  51    1.02   447.3    3.2      19.599
2012   10       15     6   1    1.02   446.8    3.2      19.550
2012   10       15     6  10    1.02   446.4    3.2      19.501
2012   10       15     6  20    1.02   445.9    3.2      19.452
2012   10       15     6  30    1.01   445.5    3.2      19.403
2012   10       15     6  40    1.01   445.0    3.2      19.354
2012   10       15     6  49    1.01   444.6    3.2      19.305
2012   10       15     6  59    1.01   444.1    3.2      19.256
2012   10       15     7   9    1.01   443.7    3.2      19.207
2012   10       15     7  18    1.01   443.2    3.2      19.159
2012   10       15     7  28    1.01   442.8    3.2      19.111
2012   10       15     7  38    1.01   442.3    3.2      19.064
2012   10       15     7  48    1.00   441.9    3.2      19.017
2012   10       15     7  58    1.00   441.5    3.2      18.970
2012   10       15     8   7    1.00   441.0    3.2      18.924
2012   10       15     8  17    1.00   440.6    3.2      18.878
2012   10       15     8  27    1.00   440.2    3.2      18.832
2012   10       15     8  37    1.00   439.7    3.2      18.785
2012   10       15     8  46    1.00   439.3    3.2      18.737
2012   10       15     8  56    1.00   438.8    3.2      18.689
2012   10       15     9   6    0.99   438.4    3.2      18.640
2012   10       15     9  16    0.99   437.9    3.2      18.590
2012   10       15     9  26    0.99   437.5    3.2      18.540
2012   10       15     9  35    0.99   437.0    3.2      18.490
2012   10       15     9  45    0.99   436.6    3.2      18.439
2012   10       15     9  55    0.99   436.1    3.2      18.389
2012   10       15    10   5    0.99   435.7    3.2      18.339
2012   10       15    10  15    0.99   435.2    3.2      18.288
2012   10       15    10  24    0.98   434.7    3.2      18.238
2012   10       15    10  34    0.98   434.3    3.2      18.188
2012   10       15    10  44    0.98   433.8    3.2      18.138
2012   10       15    10  54    0.98   433.4    3.2      18.088
2012   10       15    11   4    0.98   432.9    3.2      18.038
2012   10       15    11  13    0.98   432.4    3.2      17.989
2012   10       15    11  23    0.98   432.0    3.2      17.940
2012   10       15    11  33    0.98   431.5    3.2      17.892
2012   10       15    11  43    0.98   431.1    3.2      17.845
2012   10       15    11  52    0.97   430.6    3.2      17.798
2012   10       15    12   2    0.97   430.1    3.2      17.752
2012   10       15    12  12    0.97   429.7    3.2      17.707
2012   10       15    12  22    0.97   429.2    3.2      17.664
2012   10       15    12  31    0.97   428.8    3.2      17.621
2012   10       15    12  41    0.97   428.3    3.2      17.579
2012   10       15    12  51    0.97   427.9    3.2      17.539
2012   10       15    13   1    0.97   427.4    3.2      17.499
2012   10       15    13  10    0.97   427.0    3.2      17.460
2012   10       15    13  20    0.97   426.5    3.2      17.422
2012   10       15    13  30    0.96   426.1    3.2      17.385
2012   10       15    13  40    0.96   425.6    3.2      17.349
2012   10       15    13  49    0.96   425.1    3.2      17.312
2012   10       15    13  59    0.96   424.7    3.2      17.275
2012   10       15    14   9    0.96   424.2    3.2      17.239
2012   10       15    14  19    0.96   423.8    3.2      17.201
2012   10       15    14  28    0.96   423.3    3.2      17.164
2012   10       15    14  38    0.96   422.9    3.2      17.127
2012   10       15    14  48    0.96   422.4    3.2      17.089
2012   10       15    14  58    0.96   421.9    3.2      17.052
2012   10       15    15   7    0.96   421.5    3.2      17.014
2012   10       15    15  17    0.96   421.0    3.2      16.977
2012   10       15    15  27    0.95   420.5    3.2      16.939
2012   10       15    15  37    0.95   420.1    3.2      16.901
2012   10       15    15  46    0.95   419.6    3.2      16.864
2012   10       15    15  56    0.95   419.1    3.2      16.826
2012   10       15    16   6    0.95   418.6    3.2      16.789
2012   10       15    16  16    0.95   418.1    3.2      16.751
2012   10       15    16  26    0.95   417.7    3.2      16.714
2012   10       15    16  35    0.95   417.2    3.2      16.677
2012   10       15    16  45    0.95   416.7    3.2      16.640
2012   10       15    16  55    0.95   416.2    3.2      16.603
2012   10       15    17   5    0.95   415.7    3.2      16.567
2012   10       15    17  15    0.95   415.2    3.2      16.531
2012   10       15    17  24    0.95   414.7    3.3      16.495
2012   10       15    17  34    0.95   414.2    3.3      16.459
2012   10       15    17  44    0.95   413.8    3.3      16.423
2012   10       15    17  54    0.95   413.3    3.3      16.388
2012   10       15    18   4    0.94   412.8    3.3      16.353
2012   10       15    18  13    0.94   412.3    3.3      16.318
2012   10       15    18  23    0.94   411.8    3.3      16.284
2012   10       15    18  33    0.94   411.4    3.3      16.250
2012   10       15    18  43    0.94   410.9    3.3      16.216
2012   10       15    18  52    0.94   410.4    3.3      16.181
2012   10       15    19   2    0.94   409.9    3.3      16.148
2012   10       15    19  12    0.94   409.5    3.3      16.114
2012   10       15    19  22    0.94   409.0    3.3      16.080
2012   10       15    19  31    0.94   408.5    3.3      16.047
2012   10       15    19  41    0.94   408.0    3.3      16.013
2012   10       15    19  51    0.94   407.5    3.3      15.980
2012   10       15    20   1    0.94   407.1    3.3      15.946
2012   10       15    20  11    0.94   406.6    3.3      15.913
2012   10       15    20  20    0.94   406.1    3.3      15.880
2012   10       15    20  30    0.94   405.6    3.3      15.847
2012   10       15    20  40    0.94   405.1    3.3      15.814
2012   10       15    20  50    0.94   404.7    3.3      15.781
2012   10       15    20  59    0.94   404.2    3.3      15.749
2012   10       15    21   9    0.94   403.7    3.3      15.716
2012   10       15    21  19    0.94   403.2    3.3      15.684
2012   10       15    21  28    0.94   402.8    3.3      15.652
2012   10       15    21  38    0.94   402.3    3.3      15.620
2012   10       15    21  48    0.94   401.8    3.3      15.589
2012   10       15    21  58    0.94   401.3    3.3      15.558
2012   10       15    22   7    0.94   400.9    3.3      15.527
2012   10       15    22  17    0.94   400.4    3.4      15.496
2012   10       15    22  27    0.94   399.9    3.4      15.466
2012   10       15    22  37    0.94   399.5    3.4      15.436
2012   10       15    22  46    0.94   399.0    3.4      15.406
2012   10       15    22  56    0.94   398.5    3.4      15.377
2012   10       15    23   6    0.94   398.0    3.4      15.347
2012   10       15    23  16    0.94   397.6    3.4      15.318
2012   10       15    23  26    0.94   397.1    3.4      15.289
2012   10       15    23  35    0.94   396.6    3.4      15.261
2012   10       15    23  45    0.94   396.1    3.4      15.232
2012   10       15    23  55    0.94   395.7    3.4      15.204
2012   10       16     0   5    0.94   395.2    3.4      15.176
