year    month   day   hour  minute  B_enl V_enl   n_enl       T_enl
[year] [month] [day] [hour][minute] [nT]  [km/s]  [cm-3]      [kK]
2012   10       13     0   1    1.49   414.0    6.1      24.467
2012   10       13     0  11    1.49   413.9    6.1      24.480
2012   10       13     0  21    1.49   413.9    6.1      24.492
2012   10       13     0  31    1.49   413.8    6.1      24.504
2012   10       13     0  41    1.49   413.8    6.1      24.516
2012   10       13     0  51    1.49   413.7    6.2      24.528
2012   10       13     1   0    1.50   413.7    6.2      24.539
2012   10       13     1  10    1.50   413.7    6.2      24.551
2012   10       13     1  20    1.50   413.6    6.2      24.563
2012   10       13     1  30    1.50   413.6    6.2      24.574
2012   10       13     1  40    1.50   413.5    6.2      24.586
2012   10       13     1  50    1.50   413.5    6.2      24.598
2012   10       13     2   0    1.50   413.5    6.2      24.609
2012   10       13     2  10    1.50   413.4    6.2      24.622
2012   10       13     2  20    1.50   413.4    6.2      24.634
2012   10       13     2  30    1.51   413.4    6.2      24.646
2012   10       13     2  40    1.51   413.3    6.2      24.658
2012   10       13     2  49    1.51   413.3    6.2      24.671
2012   10       13     2  59    1.51   413.3    6.2      24.683
2012   10       13     3   9    1.51   413.2    6.2      24.696
2012   10       13     3  19    1.51   413.2    6.3      24.708
2012   10       13     3  29    1.51   413.2    6.3      24.721
2012   10       13     3  39    1.51   413.2    6.3      24.734
2012   10       13     3  49    1.51   413.1    6.3      24.747
2012   10       13     3  59    1.51   413.1    6.3      24.760
2012   10       13     4   9    1.51   413.1    6.3      24.774
2012   10       13     4  18    1.52   413.1    6.3      24.788
2012   10       13     4  28    1.52   413.1    6.3      24.802
2012   10       13     4  38    1.52   413.1    6.3      24.816
2012   10       13     4  48    1.52   413.1    6.3      24.830
2012   10       13     4  58    1.52   413.0    6.3      24.843
2012   10       13     5   8    1.52   413.0    6.3      24.857
2012   10       13     5  18    1.52   413.0    6.3      24.869
2012   10       13     5  28    1.52   413.0    6.3      24.882
2012   10       13     5  38    1.52   413.0    6.3      24.893
2012   10       13     5  48    1.52   413.0    6.3      24.904
2012   10       13     5  57    1.52   413.0    6.3      24.915
2012   10       13     6   7    1.52   413.0    6.3      24.925
2012   10       13     6  17    1.52   413.0    6.3      24.934
2012   10       13     6  27    1.52   412.9    6.3      24.943
2012   10       13     6  37    1.52   412.9    6.3      24.951
2012   10       13     6  47    1.52   412.9    6.4      24.959
2012   10       13     6  57    1.52   412.9    6.4      24.967
2012   10       13     7   7    1.52   412.9    6.4      24.974
2012   10       13     7  17    1.52   412.9    6.4      24.980
2012   10       13     7  27    1.52   412.9    6.4      24.986
2012   10       13     7  36    1.52   412.9    6.4      24.992
2012   10       13     7  46    1.52   412.9    6.4      24.998
2012   10       13     7  56    1.53   412.8    6.4      25.003
2012   10       13     8   6    1.53   412.8    6.4      25.008
2012   10       13     8  16    1.53   412.8    6.4      25.012
2012   10       13     8  26    1.53   412.8    6.4      25.017
2012   10       13     8  36    1.53   412.8    6.4      25.021
2012   10       13     8  46    1.53   412.8    6.4      25.025
2012   10       13     8  56    1.53   412.8    6.4      25.029
2012   10       13     9   6    1.53   412.8    6.4      25.033
2012   10       13     9  16    1.53   412.8    6.4      25.037
2012   10       13     9  25    1.53   412.8    6.4      25.041
2012   10       13     9  35    1.53   412.7    6.4      25.044
2012   10       13     9  45    1.53   412.7    6.4      25.047
2012   10       13     9  55    1.53   412.7    6.4      25.051
2012   10       13    10   5    1.53   412.7    6.4      25.053
2012   10       13    10  15    1.53   412.7    6.4      25.056
2012   10       13    10  25    1.53   412.7    6.4      25.059
2012   10       13    10  35    1.53   412.7    6.4      25.061
2012   10       13    10  45    1.53   412.7    6.4      25.064
2012   10       13    10  55    1.53   412.7    6.4      25.066
2012   10       13    11   5    1.53   412.7    6.4      25.068
2012   10       13    11  14    1.53   412.7    6.4      25.070
2012   10       13    11  24    1.53   412.7    6.4      25.072
2012   10       13    11  34    1.53   412.7    6.4      25.074
2012   10       13    11  44    1.53   412.7    6.4      25.076
2012   10       13    11  54    1.52   412.7    6.4      25.078
2012   10       13    12   4    1.52   412.7    6.4      25.079
2012   10       13    12  14    1.52   412.7    6.4      25.080
2012   10       13    12  24    1.52   412.7    6.4      25.081
2012   10       13    12  34    1.52   412.7    6.4      25.081
2012   10       13    12  43    1.52   412.7    6.4      25.081
2012   10       13    12  53    1.52   412.7    6.4      25.080
2012   10       13    13   3    1.52   412.7    6.4      25.080
2012   10       13    13  13    1.52   412.7    6.4      25.078
2012   10       13    13  23    1.52   412.7    6.4      25.077
2012   10       13    13  33    1.52   412.7    6.4      25.075
2012   10       13    13  43    1.52   412.7    6.4      25.073
2012   10       13    13  53    1.52   412.7    6.4      25.070
2012   10       13    14   3    1.52   412.7    6.4      25.067
2012   10       13    14  13    1.52   412.7    6.4      25.064
2012   10       13    14  22    1.52   412.6    6.4      25.061
2012   10       13    14  32    1.52   412.6    6.4      25.057
2012   10       13    14  42    1.52   412.6    6.4      25.053
2012   10       13    14  52    1.52   412.6    6.4      25.049
2012   10       13    15   2    1.52   412.6    6.4      25.044
2012   10       13    15  12    1.52   412.6    6.4      25.039
2012   10       13    15  22    1.51   412.6    6.4      25.034
2012   10       13    15  32    1.51   412.6    6.4      25.029
2012   10       13    15  42    1.51   412.6    6.4      25.023
2012   10       13    15  52    1.51   412.6    6.3      25.017
2012   10       13    16   2    1.51   412.6    6.3      25.011
2012   10       13    16  11    1.51   412.6    6.3      25.004
2012   10       13    16  21    1.51   412.6    6.3      24.997
2012   10       13    16  31    1.51   412.6    6.3      24.990
2012   10       13    16  41    1.51   412.6    6.3      24.982
2012   10       13    16  51    1.51   412.6    6.3      24.974
2012   10       13    17   1    1.51   412.5    6.3      24.966
2012   10       13    17  11    1.51   412.5    6.3      24.958
2012   10       13    17  21    1.50   412.5    6.3      24.949
2012   10       13    17  31    1.50   412.5    6.3      24.940
2012   10       13    17  41    1.50   412.5    6.3      24.931
2012   10       13    17  50    1.50   412.5    6.3      24.921
2012   10       13    18   0    1.50   412.5    6.3      24.912
2012   10       13    18  10    1.50   412.5    6.3      24.901
2012   10       13    18  20    1.50   412.4    6.3      24.891
2012   10       13    18  30    1.50   412.4    6.3      24.880
2012   10       13    18  40    1.50   412.4    6.3      24.869
2012   10       13    18  50    1.49   412.4    6.3      24.858
2012   10       13    19   0    1.49   412.4    6.3      24.847
2012   10       13    19  10    1.49   412.4    6.3      24.835
2012   10       13    19  20    1.49   412.3    6.3      24.823
2012   10       13    19  29    1.49   412.3    6.3      24.810
2012   10       13    19  39    1.49   412.3    6.3      24.798
2012   10       13    19  49    1.49   412.3    6.2      24.785
2012   10       13    19  59    1.49   412.3    6.2      24.771
2012   10       13    20   9    1.48   412.2    6.2      24.758
2012   10       13    20  19    1.48   412.2    6.2      24.744
2012   10       13    20  29    1.48   412.2    6.2      24.729
2012   10       13    20  39    1.48   412.2    6.2      24.715
2012   10       13    20  49    1.48   412.1    6.2      24.700
2012   10       13    20  59    1.48   412.1    6.2      24.685
2012   10       13    21   8    1.48   412.1    6.2      24.669
2012   10       13    21  18    1.47   412.1    6.2      24.653
2012   10       13    21  28    1.47   412.0    6.2      24.637
2012   10       13    21  38    1.47   412.0    6.2      24.621
2012   10       13    21  48    1.47   412.0    6.2      24.604
2012   10       13    21  58    1.47   411.9    6.2      24.587
2012   10       13    22   8    1.47   411.9    6.2      24.569
2012   10       13    22  18    1.47   411.9    6.2      24.551
2012   10       13    22  28    1.46   411.8    6.2      24.533
2012   10       13    22  38    1.46   411.8    6.1      24.515
2012   10       13    22  47    1.46   411.8    6.1      24.496
2012   10       13    22  57    1.46   411.7    6.1      24.476
2012   10       13    23   7    1.46   411.7    6.1      24.457
2012   10       13    23  17    1.45   411.6    6.1      24.436
2012   10       13    23  27    1.45   411.6    6.1      24.416
2012   10       13    23  37    1.45   411.6    6.1      24.395
2012   10       13    23  47    1.45   411.5    6.1      24.374
2012   10       13    23  57    1.45   411.5    6.1      24.352
2012   10       14     0   7    1.45   411.4    6.1      24.330
2012   10       14     0  17    1.44   411.4    6.1      24.307
2012   10       14     0  27    1.44   411.3    6.1      24.284
2012   10       14     0  36    1.44   411.3    6.1      24.261
2012   10       14     0  46    1.44   411.2    6.1      24.237
2012   10       14     0  56    1.44   411.2    6.1      24.213
2012   10       14     1   6    1.43   411.1    6.0      24.189
2012   10       14     1  16    1.43   411.1    6.0      24.165
2012   10       14     1  26    1.43   411.0    6.0      24.140
2012   10       14     1  36    1.43   410.9    6.0      24.115
2012   10       14     1  46    1.43   410.9    6.0      24.090
2012   10       14     1  56    1.42   410.8    6.0      24.064
2012   10       14     2   6    1.42   410.7    6.0      24.039
2012   10       14     2  15    1.42   410.7    6.0      24.013
2012   10       14     2  25    1.42   410.6    6.0      23.987
2012   10       14     2  35    1.42   410.5    6.0      23.961
2012   10       14     2  45    1.41   410.5    6.0      23.934
2012   10       14     2  55    1.41   410.4    6.0      23.908
2012   10       14     3   5    1.41   410.3    6.0      23.881
2012   10       14     3  15    1.41   410.3    6.0      23.854
2012   10       14     3  25    1.41   410.2    5.9      23.827
2012   10       14     3  35    1.40   410.1    5.9      23.800
2012   10       14     3  45    1.40   410.0    5.9      23.773
2012   10       14     3  54    1.40   409.9    5.9      23.745
2012   10       14     4   4    1.40   409.9    5.9      23.717
2012   10       14     4  14    1.39   409.8    5.9      23.689
2012   10       14     4  24    1.39   409.7    5.9      23.661
2012   10       14     4  34    1.39   409.6    5.9      23.632
2012   10       14     4  44    1.39   409.5    5.9      23.603
2012   10       14     4  54    1.39   409.5    5.9      23.574
2012   10       14     5   4    1.38   409.4    5.9      23.545
2012   10       14     5  14    1.38   409.3    5.9      23.515
2012   10       14     5  24    1.38   409.2    5.9      23.485
2012   10       14     5  33    1.38   409.1    5.9      23.454
2012   10       14     5  43    1.38   409.0    5.8      23.423
2012   10       14     5  53    1.37   408.9    5.8      23.392
2012   10       14     6   3    1.37   408.8    5.8      23.360
2012   10       14     6  13    1.37   408.7    5.8      23.328
2012   10       14     6  23    1.37   408.6    5.8      23.296
2012   10       14     6  33    1.36   408.5    5.8      23.263
2012   10       14     6  43    1.36   408.4    5.8      23.230
2012   10       14     6  53    1.36   408.3    5.8      23.196
2012   10       14     7   3    1.36   408.2    5.8      23.162
2012   10       14     7  13    1.36   408.1    5.8      23.127
2012   10       14     7  22    1.35   408.0    5.8      23.093
2012   10       14     7  32    1.35   407.8    5.8      23.057
2012   10       14     7  42    1.35   407.7    5.8      23.022
2012   10       14     7  52    1.35   407.6    5.7      22.985
2012   10       14     8   2    1.34   407.5    5.7      22.949
2012   10       14     8  12    1.34   407.3    5.7      22.912
2012   10       14     8  22    1.34   407.2    5.7      22.875
2012   10       14     8  32    1.34   407.1    5.7      22.838
2012   10       14     8  42    1.33   406.9    5.7      22.801
2012   10       14     8  52    1.33   406.8    5.7      22.763
2012   10       14     9   1    1.33   406.7    5.7      22.726
2012   10       14     9  11    1.33   406.5    5.7      22.688
2012   10       14     9  21    1.33   406.4    5.7      22.651
2012   10       14     9  31    1.32   406.3    5.7      22.613
2012   10       14     9  41    1.32   406.1    5.7      22.576
2012   10       14     9  51    1.32   406.0    5.7      22.539
2012   10       14    10   1    1.32   405.8    5.7      22.501
2012   10       14    10  11    1.31   405.7    5.6      22.464
2012   10       14    10  21    1.31   405.5    5.6      22.427
2012   10       14    10  31    1.31   405.4    5.6      22.390
2012   10       14    10  40    1.31   405.2    5.6      22.354
2012   10       14    10  50    1.31   405.1    5.6      22.317
2012   10       14    11   0    1.30   404.9    5.6      22.280
2012   10       14    11  10    1.30   404.8    5.6      22.244
2012   10       14    11  20    1.30   404.6    5.6      22.207
2012   10       14    11  30    1.30   404.5    5.6      22.171
2012   10       14    11  40    1.30   404.3    5.6      22.135
2012   10       14    11  50    1.29   404.2    5.6      22.099
2012   10       14    12   0    1.29   404.0    5.6      22.063
2012   10       14    12  10    1.29   403.8    5.6      22.027
2012   10       14    12  19    1.29   403.7    5.6      21.991
2012   10       14    12  29    1.29   403.5    5.6      21.955
2012   10       14    12  39    1.28   403.4    5.6      21.919
2012   10       14    12  49    1.28   403.2    5.6      21.883
2012   10       14    12  59    1.28   403.0    5.5      21.847
2012   10       14    13   9    1.28   402.9    5.5      21.811
2012   10       14    13  19    1.28   402.7    5.5      21.775
2012   10       14    13  29    1.27   402.5    5.5      21.739
2012   10       14    13  39    1.27   402.3    5.5      21.703
2012   10       14    13  49    1.27   402.2    5.5      21.667
2012   10       14    13  59    1.27   402.0    5.5      21.631
2012   10       14    14   8    1.27   401.8    5.5      21.595
2012   10       14    14  18    1.26   401.6    5.5      21.559
2012   10       14    14  28    1.26   401.5    5.5      21.522
2012   10       14    14  38    1.26   401.3    5.5      21.485
2012   10       14    14  48    1.26   401.1    5.5      21.448
2012   10       14    14  58    1.26   400.9    5.5      21.411
2012   10       14    15   8    1.26   400.7    5.5      21.373
2012   10       14    15  18    1.25   400.5    5.5      21.335
2012   10       14    15  28    1.25   400.4    5.5      21.297
2012   10       14    15  38    1.25   400.2    5.5      21.259
2012   10       14    15  47    1.25   400.0    5.5      21.220
2012   10       14    15  57    1.25   399.8    5.5      21.181
2012   10       14    16   7    1.24   399.6    5.5      21.143
2012   10       14    16  17    1.24   399.4    5.5      21.104
2012   10       14    16  27    1.24   399.2    5.5      21.065
2012   10       14    16  37    1.24   399.0    5.4      21.026
2012   10       14    16  47    1.24   398.8    5.4      20.987
2012   10       14    16  57    1.24   398.6    5.4      20.948
2012   10       14    17   7    1.23   398.4    5.4      20.909
2012   10       14    17  16    1.23   398.2    5.4      20.870
2012   10       14    17  26    1.23   398.0    5.4      20.831
2012   10       14    17  36    1.23   397.8    5.4      20.793
2012   10       14    17  46    1.23   397.5    5.4      20.754
2012   10       14    17  56    1.23   397.3    5.4      20.715
2012   10       14    18   6    1.22   397.1    5.4      20.677
2012   10       14    18  16    1.22   396.9    5.4      20.638
2012   10       14    18  26    1.22   396.7    5.4      20.600
2012   10       14    18  36    1.22   396.5    5.4      20.562
2012   10       14    18  46    1.22   396.3    5.4      20.523
2012   10       14    18  55    1.22   396.1    5.4      20.485
2012   10       14    19   5    1.21   395.9    5.4      20.447
2012   10       14    19  15    1.21   395.6    5.4      20.409
2012   10       14    19  25    1.21   395.4    5.4      20.372
2012   10       14    19  35    1.21   395.2    5.4      20.334
2012   10       14    19  45    1.21   395.0    5.4      20.297
2012   10       14    19  55    1.21   394.8    5.4      20.260
2012   10       14    20   5    1.21   394.6    5.4      20.223
2012   10       14    20  15    1.20   394.3    5.4      20.186
2012   10       14    20  25    1.20   394.1    5.4      20.149
2012   10       14    20  34    1.20   393.9    5.4      20.113
2012   10       14    20  44    1.20   393.7    5.3      20.076
2012   10       14    20  54    1.20   393.4    5.3      20.040
2012   10       14    21   4    1.20   393.2    5.3      20.005
2012   10       14    21  14    1.20   393.0    5.3      19.969
2012   10       14    21  24    1.19   392.8    5.3      19.933
2012   10       14    21  34    1.19   392.5    5.3      19.898
2012   10       14    21  44    1.19   392.3    5.3      19.862
2012   10       14    21  54    1.19   392.1    5.3      19.827
2012   10       14    22   4    1.19   391.8    5.3      19.792
2012   10       14    22  14    1.19   391.6    5.3      19.756
2012   10       14    22  23    1.19   391.4    5.3      19.721
2012   10       14    22  33    1.18   391.1    5.3      19.685
2012   10       14    22  43    1.18   390.9    5.3      19.650
2012   10       14    22  53    1.18   390.7    5.3      19.614
2012   10       14    23   3    1.18   390.4    5.3      19.578
2012   10       14    23  13    1.18   390.2    5.3      19.542
2012   10       14    23  23    1.18   389.9    5.3      19.506
2012   10       14    23  33    1.18   389.7    5.3      19.471
2012   10       14    23  43    1.18   389.5    5.3      19.435
2012   10       14    23  53    1.17   389.2    5.3      19.399
2012   10       15     0   3    1.17   389.0    5.3      19.363
2012   10       15     0  12    1.17   388.7    5.3      19.328
2012   10       15     0  22    1.17   388.5    5.3      19.292
2012   10       15     0  32    1.17   388.2    5.3      19.257
2012   10       15     0  42    1.17   388.0    5.3      19.221
2012   10       15     0  52    1.17   387.7    5.3      19.186
2012   10       15     1   2    1.17   387.5    5.3      19.151
2012   10       15     1  12    1.17   387.3    5.3      19.115
2012   10       15     1  22    1.16   387.0    5.3      19.080
2012   10       15     1  32    1.16   386.8    5.3      19.045
2012   10       15     1  41    1.16   386.5    5.3      19.010
2012   10       15     1  51    1.16   386.3    5.3      18.975
2012   10       15     2   1    1.16   386.0    5.3      18.941
2012   10       15     2  11    1.16   385.8    5.3      18.906
2012   10       15     2  21    1.16   385.5    5.3      18.871
2012   10       15     2  31    1.16   385.3    5.3      18.837
2012   10       15     2  41    1.16   385.0    5.3      18.802
2012   10       15     2  51    1.15   384.8    5.3      18.767
2012   10       15     3   1    1.15   384.5    5.3      18.733
2012   10       15     3  11    1.15   384.3    5.3      18.699
2012   10       15     3  20    1.15   384.0    5.3      18.664
2012   10       15     3  30    1.15   383.8    5.3      18.630
2012   10       15     3  40    1.15   383.5    5.3      18.596
2012   10       15     3  50    1.15   383.3    5.3      18.562
2012   10       15     4   0    1.15   383.0    5.3      18.527
2012   10       15     4  10    1.15   382.8    5.3      18.493
2012   10       15     4  20    1.15   382.5    5.3      18.459
2012   10       15     4  30    1.14   382.3    5.3      18.426
2012   10       15     4  40    1.14   382.0    5.3      18.392
2012   10       15     4  50    1.14   381.8    5.3      18.358
2012   10       15     5   0    1.14   381.5    5.3      18.325
2012   10       15     5   9    1.14   381.3    5.3      18.291
2012   10       15     5  19    1.14   381.0    5.3      18.258
2012   10       15     5  29    1.14   380.7    5.3      18.224
2012   10       15     5  39    1.14   380.5    5.3      18.191
2012   10       15     5  49    1.14   380.2    5.3      18.158
2012   10       15     5  59    1.14   380.0    5.3      18.125
2012   10       15     6   9    1.14   379.7    5.3      18.092
2012   10       15     6  19    1.13   379.5    5.3      18.059
2012   10       15     6  29    1.13   379.2    5.3      18.026
2012   10       15     6  39    1.13   379.0    5.3      17.993
2012   10       15     6  49    1.13   378.7    5.3      17.960
2012   10       15     6  58    1.13   378.4    5.3      17.927
2012   10       15     7   8    1.13   378.2    5.3      17.895
2012   10       15     7  18    1.13   377.9    5.3      17.862
2012   10       15     7  28    1.13   377.7    5.3      17.830
2012   10       15     7  38    1.13   377.4    5.3      17.797
2012   10       15     7  48    1.13   377.1    5.3      17.765
2012   10       15     7  58    1.13   376.9    5.3      17.733
2012   10       15     8   8    1.13   376.6    5.3      17.700
2012   10       15     8  18    1.13   376.3    5.3      17.668
2012   10       15     8  27    1.12   376.1    5.3      17.636
2012   10       15     8  37    1.12   375.8    5.3      17.604
2012   10       15     8  47    1.12   375.5    5.3      17.573
2012   10       15     8  57    1.12   375.3    5.3      17.541
2012   10       15     9   7    1.12   375.0    5.3      17.510
2012   10       15     9  17    1.12   374.7    5.3      17.478
2012   10       15     9  27    1.12   374.5    5.3      17.447
2012   10       15     9  37    1.12   374.2    5.3      17.415
2012   10       15     9  47    1.12   373.9    5.3      17.384
2012   10       15     9  57    1.12   373.7    5.3      17.353
2012   10       15    10   6    1.12   373.4    5.3      17.323
2012   10       15    10  16    1.12   373.1    5.3      17.292
2012   10       15    10  26    1.12   372.8    5.3      17.261
2012   10       15    10  36    1.12   372.6    5.3      17.231
2012   10       15    10  46    1.11   372.3    5.3      17.200
2012   10       15    10  56    1.11   372.0    5.3      17.170
2012   10       15    11   6    1.11   371.7    5.3      17.140
2012   10       15    11  16    1.11   371.5    5.3      17.111
2012   10       15    11  26    1.11   371.2    5.3      17.081
2012   10       15    11  36    1.11   370.9    5.3      17.052
2012   10       15    11  46    1.11   370.6    5.3      17.023
2012   10       15    11  55    1.11   370.3    5.3      16.995
2012   10       15    12   5    1.11   370.1    5.3      16.967
2012   10       15    12  15    1.11   369.8    5.3      16.939
2012   10       15    12  25    1.11   369.5    5.3      16.912
2012   10       15    12  35    1.11   369.2    5.3      16.885
2012   10       15    12  45    1.11   368.9    5.3      16.858
2012   10       15    12  55    1.11   368.7    5.3      16.832
2012   10       15    13   5    1.11   368.4    5.3      16.806
2012   10       15    13  15    1.11   368.1    5.3      16.780
2012   10       15    13  25    1.11   367.8    5.3      16.755
2012   10       15    13  35    1.11   367.5    5.3      16.730
2012   10       15    13  44    1.11   367.3    5.3      16.705
2012   10       15    13  54    1.11   367.0    5.3      16.681
2012   10       15    14   4    1.11   366.7    5.3      16.657
2012   10       15    14  14    1.11   366.4    5.3      16.633
2012   10       15    14  24    1.11   366.2    5.3      16.609
2012   10       15    14  34    1.11   365.9    5.3      16.586
2012   10       15    14  44    1.11   365.6    5.3      16.563
2012   10       15    14  54    1.11   365.3    5.3      16.539
2012   10       15    15   4    1.11   365.1    5.3      16.516
2012   10       15    15  13    1.11   364.8    5.3      16.493
2012   10       15    15  23    1.11   364.5    5.3      16.470
2012   10       15    15  33    1.11   364.2    5.3      16.447
2012   10       15    15  43    1.11   364.0    5.3      16.424
2012   10       15    15  53    1.11   363.7    5.3      16.402
2012   10       15    16   3    1.11   363.4    5.4      16.379
2012   10       15    16  13    1.11   363.1    5.4      16.356
2012   10       15    16  23    1.11   362.8    5.4      16.334
2012   10       15    16  33    1.11   362.5    5.4      16.311
2012   10       15    16  43    1.11   362.3    5.4      16.288
2012   10       15    16  52    1.11   362.0    5.4      16.266
2012   10       15    17   2    1.11   361.7    5.4      16.243
2012   10       15    17  12    1.11   361.4    5.4      16.221
2012   10       15    17  22    1.11   361.1    5.4      16.199
2012   10       15    17  32    1.11   360.8    5.4      16.177
2012   10       15    17  42    1.11   360.5    5.4      16.156
2012   10       15    17  52    1.11   360.2    5.4      16.135
2012   10       15    18   2    1.11   359.9    5.4      16.114
2012   10       15    18  12    1.11   359.6    5.4      16.093
2012   10       15    18  22    1.11   359.3    5.4      16.073
2012   10       15    18  32    1.11   359.0    5.4      16.054
2012   10       15    18  41    1.11   358.7    5.4      16.035
2012   10       15    18  51    1.11   358.4    5.5      16.017
2012   10       15    19   1    1.11   358.1    5.5      15.999
2012   10       15    19  11    1.11   357.8    5.5      15.982
2012   10       15    19  21    1.11   357.5    5.5      15.966
2012   10       15    19  31    1.11   357.2    5.5      15.950
2012   10       15    19  41    1.11   356.9    5.5      15.935
2012   10       15    19  51    1.11   356.6    5.5      15.922
2012   10       15    20   1    1.11   356.3    5.5      15.909
2012   10       15    20  11    1.11   356.0    5.5      15.896
2012   10       15    20  21    1.11   355.7    5.5      15.885
2012   10       15    20  30    1.11   355.4    5.6      15.875
2012   10       15    20  40    1.12   355.1    5.6      15.865
2012   10       15    20  50    1.12   354.8    5.6      15.856
2012   10       15    21   0    1.12   354.5    5.6      15.848
2012   10       15    21  10    1.12   354.2    5.6      15.841
2012   10       15    21  20    1.12   354.0    5.6      15.835
2012   10       15    21  30    1.12   353.7    5.6      15.830
2012   10       15    21  40    1.12   353.4    5.7      15.825
2012   10       15    21  50    1.12   353.1    5.7      15.821
2012   10       15    21  59    1.13   352.9    5.7      15.818
2012   10       15    22   9    1.13   352.6    5.7      15.816
2012   10       15    22  19    1.13   352.3    5.7      15.814
2012   10       15    22  29    1.13   352.0    5.8      15.813
2012   10       15    22  39    1.13   351.8    5.8      15.813
2012   10       15    22  49    1.13   351.5    5.8      15.813
2012   10       15    22  59    1.14   351.2    5.8      15.814
2012   10       15    23   9    1.14   351.0    5.8      15.816
2012   10       15    23  19    1.14   350.7    5.8      15.818
2012   10       15    23  29    1.14   350.5    5.9      15.821
2012   10       15    23  38    1.14   350.2    5.9      15.824
2012   10       15    23  48    1.14   349.9    5.9      15.827
2012   10       15    23  58    1.15   349.7    5.9      15.832
2012   10       16     0   8    1.15   349.4    6.0      15.836
2012   10       16     0  18    1.15   349.2    6.0      15.841
2012   10       16     0  28    1.15   348.9    6.0      15.847
2012   10       16     0  38    1.15   348.7    6.0      15.853
2012   10       16     0  48    1.16   348.4    6.0      15.860
2012   10       16     0  58    1.16   348.2    6.1      15.867
2012   10       16     1   8    1.16   347.9    6.1      15.874
2012   10       16     1  17    1.16   347.7    6.1      15.882
2012   10       16     1  27    1.16   347.5    6.1      15.891
2012   10       16     1  37    1.17   347.2    6.2      15.899
2012   10       16     1  47    1.17   347.0    6.2      15.909
2012   10       16     1  57    1.17   346.8    6.2      15.918
2012   10       16     2   7    1.17   346.5    6.2      15.929
2012   10       16     2  17    1.17   346.3    6.3      15.939
2012   10       16     2  27    1.18   346.1    6.3      15.950
2012   10       16     2  37    1.18   345.8    6.3      15.962
2012   10       16     2  47    1.18   345.6    6.3      15.974
2012   10       16     2  57    1.18   345.4    6.4      15.986
2012   10       16     3   7    1.19   345.2    6.4      15.999
2012   10       16     3  16    1.19   345.0    6.4      16.012
2012   10       16     3  26    1.19   344.7    6.4      16.026
2012   10       16     3  36    1.19   344.5    6.5      16.040
2012   10       16     3  46    1.20   344.3    6.5      16.054
2012   10       16     3  56    1.20   344.1    6.5      16.069
2012   10       16     4   6    1.20   343.9    6.5      16.084
2012   10       16     4  16    1.20   343.7    6.6      16.099
2012   10       16     4  26    1.21   343.5    6.6      16.115
2012   10       16     4  36    1.21   343.3    6.6      16.131
2012   10       16     4  46    1.21   343.1    6.6      16.147
2012   10       16     4  55    1.21   342.9    6.7      16.164
2012   10       16     5   5    1.22   342.7    6.7      16.181
2012   10       16     5  15    1.22   342.5    6.7      16.199
2012   10       16     5  25    1.22   342.3    6.8      16.216
2012   10       16     5  35    1.23   342.1    6.8      16.235
2012   10       16     5  45    1.23   342.0    6.8      16.253
2012   10       16     5  55    1.23   341.8    6.8      16.272
2012   10       16     6   5    1.23   341.6    6.9      16.291
2012   10       16     6  15    1.24   341.4    6.9      16.310
2012   10       16     6  24    1.24   341.2    6.9      16.329
2012   10       16     6  34    1.24   341.1    7.0      16.349
2012   10       16     6  44    1.25   340.9    7.0      16.369
2012   10       16     6  54    1.25   340.7    7.0      16.390
2012   10       16     7   4    1.25   340.6    7.0      16.410
2012   10       16     7  14    1.26   340.4    7.1      16.431
2012   10       16     7  24    1.26   340.3    7.1      16.452
2012   10       16     7  34    1.26   340.1    7.1      16.473
2012   10       16     7  44    1.27   339.9    7.2      16.495
2012   10       16     7  54    1.27   339.8    7.2      16.516
2012   10       16     8   3    1.27   339.6    7.2      16.538
2012   10       16     8  13    1.28   339.5    7.2      16.560
2012   10       16     8  23    1.28   339.3    7.3      16.583
2012   10       16     8  33    1.28   339.2    7.3      16.605
2012   10       16     8  43    1.29   339.1    7.3      16.628
2012   10       16     8  53    1.29   338.9    7.4      16.651
2012   10       16     9   3    1.29   338.8    7.4      16.675
2012   10       16     9  13    1.29   338.6    7.4      16.698
2012   10       16     9  23    1.30   338.5    7.5      16.722
2012   10       16     9  33    1.30   338.4    7.5      16.746
2012   10       16     9  43    1.30   338.2    7.5      16.770
2012   10       16     9  52    1.31   338.1    7.5      16.794
2012   10       16    10   2    1.31   338.0    7.6      16.818
2012   10       16    10  12    1.31   337.9    7.6      16.843
2012   10       16    10  22    1.32   337.8    7.6      16.867
2012   10       16    10  32    1.32   337.6    7.7      16.892
2012   10       16    10  42    1.32   337.5    7.7      16.916
2012   10       16    10  52    1.33   337.4    7.7      16.941
2012   10       16    11   2    1.33   337.3    7.8      16.966
2012   10       16    11  12    1.33   337.2    7.8      16.990
2012   10       16    11  22    1.34   337.0    7.8      17.015
2012   10       16    11  32    1.34   336.9    7.8      17.039
2012   10       16    11  41    1.34   336.8    7.9      17.063
2012   10       16    11  51    1.34   336.7    7.9      17.087
2012   10       16    12   1    1.35   336.6    7.9      17.111
2012   10       16    12  11    1.35   336.5    7.9      17.135
2012   10       16    12  21    1.35   336.4    8.0      17.159
2012   10       16    12  31    1.36   336.2    8.0      17.183
2012   10       16    12  41    1.36   336.1    8.0      17.206
2012   10       16    12  51    1.36   336.0    8.1      17.229
2012   10       16    13   1    1.37   335.9    8.1      17.253
2012   10       16    13  10    1.37   335.8    8.1      17.275
2012   10       16    13  20    1.37   335.7    8.1      17.298
2012   10       16    13  30    1.38   335.6    8.2      17.321
2012   10       16    13  40    1.38   335.5    8.2      17.343
2012   10       16    13  50    1.38   335.4    8.2      17.365
2012   10       16    14   0    1.39   335.3    8.2      17.387
2012   10       16    14  10    1.39   335.2    8.3      17.409
2012   10       16    14  20    1.39   335.1    8.3      17.431
2012   10       16    14  30    1.39   335.0    8.3      17.452
2012   10       16    14  40    1.40   334.9    8.3      17.473
2012   10       16    14  49    1.40   334.8    8.4      17.494
2012   10       16    14  59    1.40   334.7    8.4      17.515
2012   10       16    15   9    1.41   334.6    8.4      17.536
2012   10       16    15  19    1.41   334.5    8.4      17.556
2012   10       16    15  29    1.41   334.4    8.4      17.577
2012   10       16    15  39    1.42   334.3    8.5      17.597
2012   10       16    15  49    1.42   334.2    8.5      17.618
2012   10       16    15  59    1.42   334.1    8.5      17.638
2012   10       16    16   9    1.43   334.0    8.5      17.658
2012   10       16    16  19    1.43   333.9    8.6      17.678
2012   10       16    16  29    1.43   333.8    8.6      17.698
2012   10       16    16  38    1.43   333.7    8.6      17.718
2012   10       16    16  48    1.44   333.6    8.6      17.738
2012   10       16    16  58    1.44   333.5    8.7      17.758
2012   10       16    17   8    1.44   333.4    8.7      17.778
2012   10       16    17  18    1.45   333.4    8.7      17.798
2012   10       16    17  28    1.45   333.3    8.7      17.818
2012   10       16    17  38    1.45   333.2    8.7      17.838
2012   10       16    17  48    1.46   333.1    8.8      17.858
2012   10       16    17  58    1.46   333.0    8.8      17.878
2012   10       16    18   8    1.46   332.9    8.8      17.898
2012   10       16    18  18    1.46   332.8    8.8      17.917
2012   10       16    18  27    1.47   332.7    8.9      17.937
2012   10       16    18  37    1.47   332.7    8.9      17.957
2012   10       16    18  47    1.47   332.6    8.9      17.977
2012   10       16    18  57    1.48   332.5    8.9      17.997
2012   10       16    19   7    1.48   332.4    8.9      18.017
2012   10       16    19  17    1.48   332.3    9.0      18.036
2012   10       16    19  27    1.48   332.2    9.0      18.056
2012   10       16    19  37    1.49   332.1    9.0      18.076
2012   10       16    19  47    1.49   332.1    9.0      18.096
2012   10       16    19  56    1.49   332.0    9.1      18.116
2012   10       16    20   6    1.50   331.9    9.1      18.135
2012   10       16    20  16    1.50   331.8    9.1      18.155
2012   10       16    20  26    1.50   331.7    9.1      18.175
2012   10       16    20  36    1.50   331.6    9.1      18.195
2012   10       16    20  46    1.51   331.6    9.2      18.215
2012   10       16    20  56    1.51   331.5    9.2      18.236
2012   10       16    21   6    1.51   331.4    9.2      18.256
2012   10       16    21  16    1.52   331.3    9.2      18.276
2012   10       16    21  26    1.52   331.3    9.3      18.296
2012   10       16    21  35    1.52   331.2    9.3      18.317
2012   10       16    21  45    1.53   331.1    9.3      18.337
2012   10       16    21  55    1.53   331.0    9.3      18.358
2012   10       16    22   5    1.53   330.9    9.3      18.379
2012   10       16    22  15    1.54   330.9    9.4      18.400
2012   10       16    22  25    1.54   330.8    9.4      18.421
2012   10       16    22  35    1.54   330.7    9.4      18.442
2012   10       16    22  45    1.54   330.6    9.4      18.463
2012   10       16    22  55    1.55   330.6    9.5      18.485
2012   10       16    23   5    1.55   330.5    9.5      18.506
2012   10       16    23  15    1.55   330.4    9.5      18.528
2012   10       16    23  24    1.56   330.4    9.5      18.550
2012   10       16    23  34    1.56   330.3    9.5      18.572
2012   10       16    23  44    1.56   330.2    9.6      18.594
2012   10       16    23  54    1.57   330.2    9.6      18.616
2012   10       17     0   4    1.57   330.1    9.6      18.637
2012   10       17     0  14    1.57   330.0    9.6      18.659
2012   10       17     0  24    1.58   330.0    9.7      18.681
2012   10       17     0  34    1.58   329.9    9.7      18.703
2012   10       17     0  44    1.58   329.8    9.7      18.725
2012   10       17     0  54    1.58   329.8    9.7      18.746
2012   10       17     1   3    1.59   329.7    9.7      18.768
2012   10       17     1  13    1.59   329.6    9.8      18.790
2012   10       17     1  23    1.59   329.6    9.8      18.812
2012   10       17     1  33    1.60   329.5    9.8      18.833
2012   10       17     1  43    1.60   329.4    9.8      18.855
2012   10       17     1  53    1.60   329.4    9.9      18.876
2012   10       17     2   3    1.61   329.3    9.9      18.898
2012   10       17     2  13    1.61   329.2    9.9      18.920
2012   10       17     2  23    1.61   329.2    9.9      18.941
2012   10       17     2  33    1.61   329.1    9.9      18.963
2012   10       17     2  42    1.62   329.1   10.0      18.985
2012   10       17     2  52    1.62   329.0   10.0      19.006
2012   10       17     3   2    1.62   328.9   10.0      19.028
2012   10       17     3  12    1.63   328.9   10.0      19.050
2012   10       17     3  22    1.63   328.8   10.1      19.072
2012   10       17     3  32    1.63   328.8   10.1      19.094
2012   10       17     3  42    1.64   328.7   10.1      19.116
2012   10       17     3  52    1.64   328.6   10.1      19.138
2012   10       17     4   2    1.64   328.6   10.1      19.160
2012   10       17     4  12    1.64   328.5   10.2      19.183
2012   10       17     4  21    1.65   328.5   10.2      19.205
2012   10       17     4  31    1.65   328.4   10.2      19.228
2012   10       17     4  41    1.65   328.4   10.2      19.251
2012   10       17     4  51    1.66   328.3   10.3      19.275
2012   10       17     5   1    1.66   328.3   10.3      19.298
2012   10       17     5  11    1.66   328.2   10.3      19.322
2012   10       17     5  21    1.67   328.2   10.3      19.346
2012   10       17     5  31    1.67   328.1   10.4      19.371
2012   10       17     5  41    1.67   328.1   10.4      19.395
2012   10       17     5  51    1.68   328.0   10.4      19.421
2012   10       17     6   0    1.68   328.0   10.4      19.446
2012   10       17     6  10    1.68   328.0   10.5      19.472
2012   10       17     6  20    1.69   327.9   10.5      19.499
2012   10       17     6  30    1.69   327.9   10.5      19.526
2012   10       17     6  40    1.69   327.9   10.5      19.554
2012   10       17     6  50    1.70   327.8   10.5      19.581
2012   10       17     7   0    1.70   327.8   10.6      19.609
2012   10       17     7  10    1.70   327.8   10.6      19.637
2012   10       17     7  20    1.71   327.7   10.6      19.666
2012   10       17     7  30    1.71   327.7   10.6      19.694
2012   10       17     7  40    1.71   327.7   10.7      19.722
2012   10       17     7  49    1.71   327.7   10.7      19.751
2012   10       17     7  59    1.72   327.6   10.7      19.779
2012   10       17     8   9    1.72   327.6   10.7      19.808
2012   10       17     8  19    1.72   327.6   10.8      19.836
2012   10       17     8  29    1.73   327.6   10.8      19.864
2012   10       17     8  39    1.73   327.5   10.8      19.892
2012   10       17     8  49    1.73   327.5   10.8      19.920
2012   10       17     8  59    1.73   327.5   10.9      19.947
2012   10       17     9   9    1.74   327.5   10.9      19.975
2012   10       17     9  19    1.74   327.4   10.9      20.003
2012   10       17     9  28    1.74   327.4   10.9      20.031
2012   10       17     9  38    1.74   327.4   10.9      20.059
2012   10       17     9  48    1.75   327.4   11.0      20.087
2012   10       17     9  58    1.75   327.4   11.0      20.116
2012   10       17    10   8    1.75   327.4   11.0      20.144
2012   10       17    10  18    1.75   327.3   11.0      20.173
2012   10       17    10  28    1.76   327.3   11.0      20.202
2012   10       17    10  38    1.76   327.3   11.1      20.230
2012   10       17    10  48    1.76   327.3   11.1      20.259
2012   10       17    10  58    1.77   327.3   11.1      20.287
2012   10       17    11   7    1.77   327.3   11.1      20.314
2012   10       17    11  17    1.77   327.3   11.1      20.341
2012   10       17    11  27    1.77   327.3   11.2      20.369
2012   10       17    11  37    1.78   327.3   11.2      20.395
2012   10       17    11  47    1.78   327.3   11.2      20.422
2012   10       17    11  57    1.78   327.3   11.2      20.448
2012   10       17    12   7    1.78   327.3   11.2      20.474
2012   10       17    12  17    1.79   327.3   11.2      20.500
2012   10       17    12  27    1.79   327.3   11.3      20.525
2012   10       17    12  37    1.79   327.3   11.3      20.551
2012   10       17    12  46    1.79   327.3   11.3      20.576
2012   10       17    12  56    1.80   327.3   11.3      20.601
2012   10       17    13   6    1.80   327.3   11.3      20.626
2012   10       17    13  16    1.80   327.3   11.3      20.651
2012   10       17    13  26    1.80   327.3   11.4      20.676
2012   10       17    13  36    1.81   327.3   11.4      20.702
2012   10       17    13  46    1.81   327.3   11.4      20.727
2012   10       17    13  56    1.81   327.4   11.4      20.752
2012   10       17    14   6    1.81   327.4   11.4      20.777
2012   10       17    14  16    1.81   327.4   11.4      20.802
2012   10       17    14  26    1.82   327.4   11.5      20.827
2012   10       17    14  35    1.82   327.4   11.5      20.851
2012   10       17    14  45    1.82   327.4   11.5      20.876
2012   10       17    14  55    1.82   327.5   11.5      20.900
2012   10       17    15   5    1.82   327.5   11.5      20.925
2012   10       17    15  15    1.83   327.5   11.5      20.949
2012   10       17    15  25    1.83   327.5   11.5      20.973
2012   10       17    15  35    1.83   327.5   11.6      20.997
2012   10       17    15  45    1.83   327.5   11.6      21.021
2012   10       17    15  55    1.83   327.6   11.6      21.044
2012   10       17    16   5    1.84   327.6   11.6      21.067
2012   10       17    16  14    1.84   327.6   11.6      21.090
2012   10       17    16  24    1.84   327.6   11.6      21.113
2012   10       17    16  34    1.84   327.6   11.6      21.136
2012   10       17    16  44    1.84   327.7   11.6      21.159
2012   10       17    16  54    1.84   327.7   11.6      21.181
2012   10       17    17   4    1.85   327.7   11.7      21.204
2012   10       17    17  14    1.85   327.7   11.7      21.227
2012   10       17    17  24    1.85   327.8   11.7      21.249
2012   10       17    17  34    1.85   327.8   11.7      21.272
2012   10       17    17  44    1.85   327.8   11.7      21.294
2012   10       17    17  53    1.85   327.8   11.7      21.317
2012   10       17    18   3    1.85   327.9   11.7      21.339
2012   10       17    18  13    1.86   327.9   11.7      21.361
2012   10       17    18  23    1.86   327.9   11.7      21.382
2012   10       17    18  33    1.86   328.0   11.7      21.403
2012   10       17    18  43    1.86   328.0   11.8      21.424
2012   10       17    18  53    1.86   328.0   11.8      21.444
2012   10       17    19   3    1.86   328.1   11.8      21.463
2012   10       17    19  13    1.86   328.1   11.8      21.483
2012   10       17    19  23    1.86   328.1   11.8      21.502
2012   10       17    19  32    1.87   328.2   11.8      21.520
2012   10       17    19  42    1.87   328.2   11.8      21.539
2012   10       17    19  52    1.87   328.2   11.8      21.557
2012   10       17    20   2    1.87   328.3   11.8      21.575
2012   10       17    20  12    1.87   328.3   11.8      21.592
2012   10       17    20  22    1.87   328.3   11.8      21.609
2012   10       17    20  32    1.87   328.4   11.8      21.626
2012   10       17    20  42    1.87   328.4   11.8      21.643
2012   10       17    20  52    1.87   328.4   11.8      21.660
2012   10       17    21   2    1.88   328.5   11.8      21.677
2012   10       17    21  11    1.88   328.5   11.8      21.693
2012   10       17    21  21    1.88   328.6   11.8      21.710
2012   10       17    21  31    1.88   328.6   11.8      21.727
2012   10       17    21  41    1.88   328.7   11.8      21.743
2012   10       17    21  51    1.88   328.7   11.9      21.760
2012   10       17    22   1    1.88   328.7   11.9      21.777
2012   10       17    22  11    1.88   328.8   11.9      21.795
2012   10       17    22  21    1.88   328.8   11.9      21.811
2012   10       17    22  31    1.88   328.9   11.9      21.827
2012   10       17    22  41    1.88   328.9   11.9      21.843
2012   10       17    22  51    1.88   329.0   11.9      21.858
2012   10       17    23   0    1.88   329.0   11.9      21.873
2012   10       17    23  10    1.89   329.1   11.9      21.887
2012   10       17    23  20    1.89   329.1   11.9      21.901
2012   10       17    23  30    1.89   329.2   11.9      21.915
2012   10       17    23  40    1.89   329.2   11.9      21.929
2012   10       17    23  50    1.89   329.3   11.9      21.942
2012   10       18     0   0    1.89   329.3   11.9      21.955
2012   10       18     0  10    1.89   329.4   11.9      21.968
2012   10       18     0  20    1.89   329.4   11.9      21.980
2012   10       18     0  29    1.89   329.5   11.9      21.993
2012   10       18     0  39    1.89   329.5   11.9      22.004
2012   10       18     0  49    1.89   329.6   11.9      22.016
2012   10       18     0  59    1.89   329.6   11.9      22.027
2012   10       18     1   9    1.89   329.7   11.9      22.038
2012   10       18     1  19    1.89   329.7   11.9      22.048
2012   10       18     1  29    1.89   329.7   11.9      22.058
2012   10       18     1  39    1.89   329.8   11.9      22.068
2012   10       18     1  49    1.89   329.8   11.9      22.078
2012   10       18     1  59    1.89   329.9   11.9      22.087
2012   10       18     2   8    1.89   329.9   11.8      22.097
2012   10       18     2  18    1.89   330.0   11.8      22.107
2012   10       18     2  28    1.89   330.0   11.8      22.116
2012   10       18     2  38    1.89   330.1   11.8      22.126
2012   10       18     2  48    1.89   330.1   11.8      22.135
2012   10       18     2  58    1.89   330.2   11.8      22.145
2012   10       18     3   8    1.89   330.2   11.8      22.156
2012   10       18     3  18    1.89   330.3   11.8      22.166
2012   10       18     3  28    1.89   330.3   11.8      22.177
2012   10       18     3  38    1.89   330.4   11.8      22.188
2012   10       18     3  47    1.89   330.4   11.8      22.198
2012   10       18     3  57    1.89   330.5   11.8      22.208
2012   10       18     4   7    1.89   330.5   11.8      22.218
2012   10       18     4  17    1.89   330.6   11.8      22.228
2012   10       18     4  27    1.89   330.6   11.8      22.237
2012   10       18     4  37    1.89   330.7   11.8      22.246
2012   10       18     4  47    1.89   330.8   11.8      22.255
2012   10       18     4  57    1.89   330.8   11.8      22.264
2012   10       18     5   7    1.89   330.9   11.8      22.272
2012   10       18     5  17    1.89   330.9   11.8      22.281
2012   10       18     5  27    1.89   331.0   11.8      22.290
2012   10       18     5  37    1.89   331.1   11.8      22.297
2012   10       18     5  46    1.89   331.1   11.8      22.304
2012   10       18     5  56    1.88   331.2   11.8      22.311
2012   10       18     6   6    1.88   331.3   11.8      22.316
2012   10       18     6  16    1.88   331.3   11.7      22.321
2012   10       18     6  26    1.88   331.4   11.7      22.326
2012   10       18     6  36    1.88   331.4   11.7      22.329
2012   10       18     6  46    1.88   331.5   11.7      22.332
2012   10       18     6  56    1.88   331.6   11.7      22.335
2012   10       18     7   6    1.88   331.6   11.7      22.337
2012   10       18     7  16    1.88   331.7   11.7      22.338
2012   10       18     7  25    1.88   331.7   11.7      22.340
2012   10       18     7  35    1.88   331.8   11.7      22.340
2012   10       18     7  45    1.87   331.9   11.7      22.340
2012   10       18     7  55    1.87   331.9   11.6      22.340
2012   10       18     8   5    1.87   332.0   11.6      22.339
2012   10       18     8  15    1.87   332.0   11.6      22.338
2012   10       18     8  25    1.87   332.1   11.6      22.336
2012   10       18     8  35    1.87   332.1   11.6      22.333
2012   10       18     8  45    1.87   332.2   11.6      22.330
2012   10       18     8  54    1.87   332.2   11.6      22.327
2012   10       18     9   4    1.87   332.3   11.6      22.323
2012   10       18     9  14    1.86   332.3   11.5      22.319
2012   10       18     9  24    1.86   332.4   11.5      22.315
2012   10       18     9  34    1.86   332.4   11.5      22.311
2012   10       18     9  44    1.86   332.5   11.5      22.306
2012   10       18     9  54    1.86   332.5   11.5      22.301
2012   10       18    10   4    1.86   332.6   11.5      22.296
2012   10       18    10  14    1.86   332.6   11.5      22.292
2012   10       18    10  24    1.85   332.7   11.4      22.287
2012   10       18    10  33    1.85   332.8   11.4      22.282
2012   10       18    10  43    1.85   332.8   11.4      22.278
2012   10       18    10  53    1.85   332.9   11.4      22.273
2012   10       18    11   3    1.85   332.9   11.4      22.268
2012   10       18    11  13    1.85   333.0   11.4      22.263
2012   10       18    11  23    1.84   333.0   11.3      22.256
2012   10       18    11  33    1.84   333.1   11.3      22.249
2012   10       18    11  43    1.84   333.1   11.3      22.242
2012   10       18    11  53    1.84   333.2   11.3      22.233
2012   10       18    12   3    1.84   333.2   11.3      22.224
2012   10       18    12  13    1.84   333.3   11.3      22.215
2012   10       18    12  22    1.83   333.3   11.2      22.205
2012   10       18    12  32    1.83   333.4   11.2      22.194
2012   10       18    12  42    1.83   333.4   11.2      22.182
2012   10       18    12  52    1.83   333.5   11.2      22.170
2012   10       18    13   2    1.82   333.5   11.2      22.158
2012   10       18    13  12    1.82   333.6   11.2      22.145
2012   10       18    13  22    1.82   333.6   11.1      22.131
2012   10       18    13  32    1.82   333.7   11.1      22.117
2012   10       18    13  42    1.82   333.7   11.1      22.102
2012   10       18    13  52    1.81   333.8   11.1      22.086
2012   10       18    14   1    1.81   333.8   11.1      22.070
2012   10       18    14  11    1.81   333.8   11.0      22.054
2012   10       18    14  21    1.81   333.9   11.0      22.037
2012   10       18    14  31    1.80   333.9   11.0      22.019
2012   10       18    14  41    1.80   334.0   11.0      22.001
2012   10       18    14  51    1.80   334.0   10.9      21.982
2012   10       18    15   1    1.80   334.1   10.9      21.963
2012   10       18    15  11    1.80   334.1   10.9      21.943
2012   10       18    15  21    1.79   334.1   10.9      21.923
2012   10       18    15  31    1.79   334.2   10.9      21.902
2012   10       18    15  40    1.79   334.2   10.8      21.881
2012   10       18    15  50    1.79   334.2   10.8      21.859
2012   10       18    16   0    1.78   334.3   10.8      21.837
2012   10       18    16  10    1.78   334.3   10.8      21.814
2012   10       18    16  20    1.78   334.3   10.7      21.791
2012   10       18    16  30    1.78   334.4   10.7      21.767
2012   10       18    16  40    1.77   334.4   10.7      21.743
2012   10       18    16  50    1.77   334.4   10.7      21.719
2012   10       18    17   0    1.77   334.4   10.6      21.694
2012   10       18    17  10    1.77   334.5   10.6      21.669
2012   10       18    17  19    1.76   334.5   10.6      21.643
2012   10       18    17  29    1.76   334.5   10.6      21.617
2012   10       18    17  39    1.76   334.5   10.6      21.591
2012   10       18    17  49    1.76   334.6   10.5      21.564
2012   10       18    17  59    1.75   334.6   10.5      21.537
2012   10       18    18   9    1.75   334.6   10.5      21.510
2012   10       18    18  19    1.75   334.6   10.5      21.482
2012   10       18    18  29    1.75   334.6   10.4      21.454
2012   10       18    18  39    1.74   334.6   10.4      21.425
2012   10       18    18  49    1.74   334.7   10.4      21.396
2012   10       18    18  58    1.74   334.7   10.4      21.367
2012   10       18    19   8    1.74   334.7   10.3      21.337
2012   10       18    19  18    1.73   334.7   10.3      21.307
2012   10       18    19  28    1.73   334.7   10.3      21.277
2012   10       18    19  38    1.73   334.7   10.3      21.247
2012   10       18    19  48    1.72   334.7   10.3      21.216
2012   10       18    19  58    1.72   334.7   10.2      21.185
2012   10       18    20   8    1.72   334.7   10.2      21.154
2012   10       18    20  18    1.72   334.7   10.2      21.123
2012   10       18    20  28    1.71   334.7   10.2      21.091
2012   10       18    20  38    1.71   334.7   10.1      21.060
2012   10       18    20  47    1.71   334.7   10.1      21.028
2012   10       18    20  57    1.71   334.7   10.1      20.996
2012   10       18    21   7    1.70   334.7   10.1      20.965
2012   10       18    21  17    1.70   334.7   10.1      20.933
2012   10       18    21  27    1.70   334.7   10.0      20.901
2012   10       18    21  37    1.70   334.6   10.0      20.869
2012   10       18    21  47    1.69   334.6   10.0      20.837
2012   10       18    21  57    1.69   334.6   10.0      20.806
2012   10       18    22   7    1.69   334.6   10.0      20.774
2012   10       18    22  16    1.69   334.6   10.0      20.742
2012   10       18    22  26    1.68   334.6    9.9      20.710
2012   10       18    22  36    1.68   334.5    9.9      20.679
2012   10       18    22  46    1.68   334.5    9.9      20.647
2012   10       18    22  56    1.68   334.5    9.9      20.616
2012   10       18    23   6    1.67   334.5    9.9      20.584
2012   10       18    23  16    1.67   334.5    9.8      20.553
2012   10       18    23  26    1.67   334.4    9.8      20.522
2012   10       18    23  36    1.67   334.4    9.8      20.491
2012   10       18    23  46    1.67   334.4    9.8      20.461
2012   10       18    23  55    1.66   334.4    9.8      20.430
2012   10       19     0   5    1.66   334.3    9.8      20.400
2012   10       19     0  15    1.66   334.3    9.7      20.370
2012   10       19     0  25    1.66   334.3    9.7      20.340
2012   10       19     0  35    1.65   334.2    9.7      20.310
2012   10       19     0  45    1.65   334.2    9.7      20.280
2012   10       19     0  55    1.65   334.2    9.7      20.250
2012   10       19     1   5    1.65   334.1    9.7      20.221
2012   10       19     1  15    1.65   334.1    9.7      20.191
2012   10       19     1  25    1.64   334.1    9.6      20.162
2012   10       19     1  34    1.64   334.0    9.6      20.133
2012   10       19     1  44    1.64   334.0    9.6      20.103
2012   10       19     1  54    1.64   334.0    9.6      20.074
2012   10       19     2   4    1.64   333.9    9.6      20.045
2012   10       19     2  14    1.63   333.9    9.6      20.016
2012   10       19     2  24    1.63   333.8    9.6      19.987
2012   10       19     2  34    1.63   333.8    9.5      19.958
2012   10       19     2  44    1.63   333.7    9.5      19.929
2012   10       19     2  54    1.63   333.7    9.5      19.901
2012   10       19     3   4    1.63   333.6    9.5      19.872
2012   10       19     3  14    1.62   333.6    9.5      19.844
2012   10       19     3  23    1.62   333.5    9.5      19.815
2012   10       19     3  33    1.62   333.5    9.5      19.787
2012   10       19     3  43    1.62   333.4    9.5      19.759
2012   10       19     3  53    1.62   333.4    9.4      19.731
2012   10       19     4   3    1.61   333.3    9.4      19.704
2012   10       19     4  13    1.61   333.3    9.4      19.676
2012   10       19     4  23    1.61   333.2    9.4      19.649
2012   10       19     4  33    1.61   333.1    9.4      19.622
2012   10       19     4  43    1.61   333.1    9.4      19.596
2012   10       19     4  53    1.61   333.0    9.4      19.570
2012   10       19     5   2    1.61   333.0    9.4      19.544
2012   10       19     5  12    1.60   332.9    9.4      19.518
2012   10       19     5  22    1.60   332.8    9.4      19.493
2012   10       19     5  32    1.60   332.8    9.3      19.468
2012   10       19     5  42    1.60   332.7    9.3      19.444
2012   10       19     5  52    1.60   332.7    9.3      19.420
2012   10       19     6   2    1.60   332.6    9.3      19.396
2012   10       19     6  12    1.59   332.5    9.3      19.372
2012   10       19     6  22    1.59   332.5    9.3      19.349
2012   10       19     6  32    1.59   332.4    9.3      19.327
2012   10       19     6  41    1.59   332.3    9.3      19.304
2012   10       19     6  51    1.59   332.3    9.3      19.283
2012   10       19     7   1    1.59   332.2    9.3      19.261
2012   10       19     7  11    1.59   332.1    9.3      19.240
2012   10       19     7  21    1.59   332.1    9.3      19.219
2012   10       19     7  31    1.58   332.0    9.3      19.198
2012   10       19     7  41    1.58   331.9    9.3      19.178
2012   10       19     7  51    1.58   331.9    9.3      19.157
2012   10       19     8   1    1.58   331.8    9.3      19.137
2012   10       19     8  10    1.58   331.7    9.2      19.117
2012   10       19     8  20    1.58   331.7    9.2      19.098
2012   10       19     8  30    1.58   331.6    9.2      19.078
2012   10       19     8  40    1.58   331.5    9.2      19.059
2012   10       19     8  50    1.58   331.5    9.2      19.039
2012   10       19     9   0    1.57   331.4    9.2      19.020
2012   10       19     9  10    1.57   331.3    9.2      19.001
2012   10       19     9  20    1.57   331.2    9.2      18.982
2012   10       19     9  30    1.57   331.2    9.2      18.963
2012   10       19     9  40    1.57   331.1    9.2      18.944
2012   10       19     9  50    1.57   331.0    9.2      18.925
2012   10       19     9  59    1.57   330.9    9.2      18.906
2012   10       19    10   9    1.57   330.9    9.2      18.888
2012   10       19    10  19    1.57   330.8    9.2      18.869
2012   10       19    10  29    1.57   330.7    9.2      18.851
2012   10       19    10  39    1.56   330.6    9.2      18.833
2012   10       19    10  49    1.56   330.6    9.2      18.814
2012   10       19    10  59    1.56   330.5    9.2      18.796
2012   10       19    11   9    1.56   330.4    9.2      18.778
2012   10       19    11  19    1.56   330.3    9.2      18.760
2012   10       19    11  29    1.56   330.3    9.2      18.743
2012   10       19    11  39    1.56   330.2    9.2      18.725
2012   10       19    11  48    1.56   330.1    9.2      18.708
2012   10       19    11  58    1.56   330.0    9.1      18.691
2012   10       19    12   8    1.56   330.0    9.1      18.674
2012   10       19    12  18    1.56   329.9    9.1      18.657
2012   10       19    12  28    1.56   329.8    9.1      18.641
2012   10       19    12  38    1.56   329.7    9.1      18.625
2012   10       19    12  48    1.56   329.6    9.1      18.609
2012   10       19    12  58    1.55   329.6    9.1      18.593
2012   10       19    13   8    1.55   329.5    9.1      18.578
2012   10       19    13  17    1.55   329.4    9.1      18.563
2012   10       19    13  27    1.55   329.3    9.1      18.548
2012   10       19    13  37    1.55   329.3    9.1      18.533
2012   10       19    13  47    1.55   329.2    9.1      18.519
2012   10       19    13  57    1.55   329.1    9.1      18.504
2012   10       19    14   7    1.55   329.0    9.1      18.490
2012   10       19    14  17    1.55   329.0    9.1      18.476
2012   10       19    14  27    1.55   328.9    9.1      18.463
2012   10       19    14  37    1.55   328.8    9.1      18.449
2012   10       19    14  47    1.55   328.7    9.1      18.436
2012   10       19    14  56    1.55   328.7    9.1      18.422
2012   10       19    15   6    1.55   328.6    9.1      18.409
2012   10       19    15  16    1.55   328.5    9.1      18.396
2012   10       19    15  26    1.55   328.4    9.1      18.383
2012   10       19    15  36    1.55   328.4    9.1      18.370
2012   10       19    15  46    1.55   328.3    9.1      18.357
2012   10       19    15  56    1.55   328.2    9.1      18.344
2012   10       19    16   6    1.55   328.1    9.1      18.331
2012   10       19    16  16    1.55   328.0    9.1      18.318
2012   10       19    16  26    1.54   328.0    9.1      18.306
2012   10       19    16  35    1.54   327.9    9.1      18.293
2012   10       19    16  45    1.54   327.8    9.1      18.281
2012   10       19    16  55    1.54   327.7    9.1      18.268
2012   10       19    17   5    1.54   327.7    9.1      18.256
2012   10       19    17  15    1.54   327.6    9.1      18.243
2012   10       19    17  25    1.54   327.5    9.1      18.230
2012   10       19    17  35    1.54   327.4    9.1      18.218
2012   10       19    17  45    1.54   327.4    9.1      18.205
2012   10       19    17  55    1.54   327.3    9.1      18.192
2012   10       19    18   5    1.54   327.2    9.1      18.179
2012   10       19    18  15    1.54   327.1    9.1      18.165
2012   10       19    18  24    1.54   327.0    9.1      18.152
2012   10       19    18  34    1.54   327.0    9.1      18.139
2012   10       19    18  44    1.54   326.9    9.1      18.125
2012   10       19    18  54    1.54   326.8    9.1      18.112
2012   10       19    19   4    1.54   326.7    9.1      18.099
2012   10       19    19  14    1.54   326.7    9.1      18.085
2012   10       19    19  24    1.54   326.6    9.1      18.072
2012   10       19    19  34    1.54   326.5    9.1      18.059
2012   10       19    19  44    1.54   326.4    9.1      18.046
2012   10       19    19  54    1.54   326.3    9.1      18.032
2012   10       19    20   3    1.54   326.3    9.1      18.020
2012   10       19    20  13    1.54   326.2    9.1      18.007
2012   10       19    20  23    1.54   326.1    9.1      17.994
2012   10       19    20  33    1.54   326.0    9.1      17.982
2012   10       19    20  43    1.54   326.0    9.1      17.969
2012   10       19    20  53    1.54   325.9    9.1      17.957
2012   10       19    21   3    1.54   325.8    9.1      17.945
2012   10       19    21  13    1.54   325.7    9.1      17.933
2012   10       19    21  23    1.54   325.7    9.1      17.922
2012   10       19    21  32    1.54   325.6    9.1      17.910
2012   10       19    21  42    1.53   325.5    9.1      17.899
2012   10       19    21  52    1.53   325.4    9.1      17.888
2012   10       19    22   2    1.53   325.3    9.1      17.877
2012   10       19    22  12    1.53   325.3    9.1      17.867
2012   10       19    22  22    1.53   325.2    9.1      17.856
2012   10       19    22  32    1.53   325.1    9.1      17.846
2012   10       19    22  42    1.53   325.0    9.1      17.836
2012   10       19    22  52    1.53   324.9    9.1      17.826
2012   10       19    23   2    1.53   324.9    9.1      17.816
2012   10       19    23  11    1.53   324.8    9.1      17.806
2012   10       19    23  21    1.53   324.7    9.1      17.797
2012   10       19    23  31    1.53   324.6    9.1      17.787
2012   10       19    23  41    1.53   324.5    9.1      17.778
2012   10       19    23  51    1.53   324.5    9.1      17.769
2012   10       20     0   1    1.53   324.4    9.1      17.760
2012   10       20     0  11    1.53   324.3    9.1      17.751
2012   10       20     0  21    1.53   324.2    9.1      17.742
2012   10       20     0  31    1.53   324.1    9.1      17.733
2012   10       20     0  41    1.53   324.1    9.1      17.724
2012   10       20     0  51    1.53   324.0    9.1      17.715
2012   10       20     1   0    1.53   323.9    9.1      17.706
2012   10       20     1  10    1.53   323.8    9.1      17.696
2012   10       20     1  20    1.53   323.7    9.1      17.687
2012   10       20     1  30    1.53   323.6    9.1      17.678
2012   10       20     1  40    1.53   323.6    9.1      17.669
2012   10       20     1  50    1.53   323.5    9.1      17.660
2012   10       20     2   0    1.53   323.4    9.1      17.651
2012   10       20     2  10    1.53   323.3    9.1      17.642
2012   10       20     2  20    1.53   323.2    9.1      17.633
2012   10       20     2  30    1.53   323.2    9.1      17.624
2012   10       20     2  39    1.53   323.1    9.1      17.615
2012   10       20     2  49    1.53   323.0    9.1      17.606
2012   10       20     2  59    1.53   322.9    9.1      17.597
2012   10       20     3   9    1.53   322.8    9.1      17.588
2012   10       20     3  19    1.53   322.7    9.1      17.579
2012   10       20     3  29    1.53   322.7    9.1      17.570
2012   10       20     3  39    1.53   322.6    9.1      17.561
2012   10       20     3  49    1.53   322.5    9.1      17.552
2012   10       20     3  59    1.53   322.4    9.1      17.544
2012   10       20     4   9    1.53   322.3    9.1      17.535
2012   10       20     4  18    1.53   322.3    9.1      17.526
2012   10       20     4  28    1.53   322.2    9.1      17.517
2012   10       20     4  38    1.53   322.1    9.1      17.508
2012   10       20     4  48    1.53   322.0    9.1      17.499
2012   10       20     4  58    1.53   321.9    9.1      17.490
2012   10       20     5   8    1.53   321.8    9.1      17.481
2012   10       20     5  18    1.53   321.7    9.1      17.472
2012   10       20     5  28    1.53   321.7    9.1      17.463
2012   10       20     5  38    1.53   321.6    9.1      17.453
2012   10       20     5  48    1.53   321.5    9.1      17.444
2012   10       20     5  57    1.53   321.4    9.1      17.435
2012   10       20     6   7    1.53   321.3    9.1      17.425
2012   10       20     6  17    1.53   321.2    9.1      17.416
2012   10       20     6  27    1.53   321.2    9.1      17.406
2012   10       20     6  37    1.53   321.1    9.2      17.397
2012   10       20     6  47    1.53   321.0    9.2      17.387
2012   10       20     6  57    1.53   320.9    9.2      17.378
2012   10       20     7   7    1.53   320.8    9.2      17.368
2012   10       20     7  17    1.53   320.7    9.2      17.359
2012   10       20     7  27    1.53   320.6    9.2      17.349
2012   10       20     7  36    1.53   320.6    9.2      17.340
2012   10       20     7  46    1.53   320.5    9.2      17.330
2012   10       20     7  56    1.53   320.4    9.2      17.321
2012   10       20     8   6    1.53   320.3    9.2      17.312
2012   10       20     8  16    1.53   320.2    9.2      17.303
2012   10       20     8  26    1.53   320.1    9.2      17.294
2012   10       20     8  36    1.53   320.0    9.2      17.285
2012   10       20     8  46    1.53   319.9    9.2      17.276
2012   10       20     8  56    1.53   319.8    9.2      17.267
2012   10       20     9   6    1.53   319.8    9.2      17.259
2012   10       20     9  16    1.53   319.7    9.2      17.251
2012   10       20     9  25    1.53   319.6    9.2      17.243
2012   10       20     9  35    1.53   319.5    9.2      17.235
2012   10       20     9  45    1.53   319.4    9.2      17.227
2012   10       20     9  55    1.53   319.3    9.2      17.220
2012   10       20    10   5    1.53   319.2    9.2      17.213
2012   10       20    10  15    1.53   319.1    9.2      17.206
2012   10       20    10  25    1.53   319.0    9.2      17.199
2012   10       20    10  35    1.53   318.9    9.2      17.193
2012   10       20    10  45    1.53   318.9    9.2      17.186
2012   10       20    10  54    1.53   318.8    9.2      17.180
2012   10       20    11   4    1.53   318.7    9.2      17.175
2012   10       20    11  14    1.53   318.6    9.2      17.169
2012   10       20    11  24    1.53   318.5    9.2      17.164
2012   10       20    11  34    1.53   318.4    9.2      17.159
2012   10       20    11  44    1.53   318.3    9.2      17.155
2012   10       20    11  54    1.53   318.2    9.2      17.150
2012   10       20    12   4    1.53   318.1    9.3      17.146
2012   10       20    12  14    1.53   318.0    9.3      17.142
2012   10       20    12  24    1.53   317.9    9.3      17.138
2012   10       20    12  33    1.54   317.9    9.3      17.135
2012   10       20    12  43    1.54   317.8    9.3      17.131
2012   10       20    12  53    1.54   317.7    9.3      17.128
2012   10       20    13   3    1.54   317.6    9.3      17.125
2012   10       20    13  13    1.54   317.5    9.3      17.122
2012   10       20    13  23    1.54   317.4    9.3      17.119
2012   10       20    13  33    1.54   317.3    9.3      17.116
2012   10       20    13  43    1.54   317.2    9.3      17.114
2012   10       20    13  53    1.54   317.1    9.3      17.111
2012   10       20    14   3    1.54   317.0    9.3      17.108
2012   10       20    14  12    1.54   317.0    9.3      17.105
2012   10       20    14  22    1.54   316.9    9.3      17.103
2012   10       20    14  32    1.54   316.8    9.4      17.100
2012   10       20    14  42    1.54   316.7    9.4      17.097
2012   10       20    14  52    1.54   316.6    9.4      17.094
2012   10       20    15   2    1.54   316.5    9.4      17.092
2012   10       20    15  12    1.55   316.4    9.4      17.089
2012   10       20    15  22    1.55   316.3    9.4      17.086
2012   10       20    15  32    1.55   316.2    9.4      17.083
2012   10       20    15  42    1.55   316.1    9.4      17.080
2012   10       20    15  52    1.55   316.0    9.4      17.077
2012   10       20    16   1    1.55   316.0    9.4      17.074
2012   10       20    16  11    1.55   315.9    9.4      17.071
2012   10       20    16  21    1.55   315.8    9.4      17.068
2012   10       20    16  31    1.55   315.7    9.4      17.065
2012   10       20    16  41    1.55   315.6    9.4      17.062
2012   10       20    16  51    1.55   315.5    9.5      17.059
2012   10       20    17   1    1.55   315.4    9.5      17.057
2012   10       20    17  11    1.56   315.3    9.5      17.054
2012   10       20    17  21    1.56   315.2    9.5      17.052
2012   10       20    17  31    1.56   315.1    9.5      17.050
2012   10       20    17  40    1.56   315.0    9.5      17.048
2012   10       20    17  50    1.56   314.9    9.5      17.046
2012   10       20    18   0    1.56   314.8    9.5      17.045
2012   10       20    18  10    1.56   314.8    9.5      17.044
2012   10       20    18  20    1.56   314.7    9.5      17.043
2012   10       20    18  30    1.56   314.6    9.5      17.043
2012   10       20    18  40    1.57   314.5    9.6      17.043
2012   10       20    18  50    1.57   314.4    9.6      17.043
2012   10       20    19   0    1.57   314.3    9.6      17.045
2012   10       20    19   9    1.57   314.2    9.6      17.046
2012   10       20    19  19    1.57   314.1    9.6      17.048
2012   10       20    19  29    1.57   314.0    9.6      17.051
2012   10       20    19  39    1.58   313.9    9.6      17.054
2012   10       20    19  49    1.58   313.8    9.7      17.057
2012   10       20    19  59    1.58   313.8    9.7      17.061
2012   10       20    20   9    1.58   313.7    9.7      17.066
2012   10       20    20  19    1.58   313.6    9.7      17.071
2012   10       20    20  29    1.59   313.5    9.7      17.077
2012   10       20    20  39    1.59   313.4    9.7      17.083
2012   10       20    20  48    1.59   313.3    9.8      17.090
2012   10       20    20  58    1.59   313.2    9.8      17.097
2012   10       20    21   8    1.59   313.2    9.8      17.104
2012   10       20    21  18    1.60   313.1    9.8      17.112
2012   10       20    21  28    1.60   313.0    9.8      17.120
2012   10       20    21  38    1.60   312.9    9.8      17.129
2012   10       20    21  48    1.60   312.8    9.9      17.138
2012   10       20    21  58    1.61   312.7    9.9      17.147
2012   10       20    22   8    1.61   312.7    9.9      17.157
2012   10       20    22  18    1.61   312.6    9.9      17.166
2012   10       20    22  28    1.61   312.5   10.0      17.176
2012   10       20    22  37    1.62   312.4   10.0      17.186
2012   10       20    22  47    1.62   312.3   10.0      17.197
2012   10       20    22  57    1.62   312.3   10.0      17.207
2012   10       20    23   7    1.62   312.2   10.0      17.218
2012   10       20    23  17    1.63   312.1   10.1      17.228
2012   10       20    23  27    1.63   312.0   10.1      17.239
2012   10       20    23  37    1.63   311.9   10.1      17.250
2012   10       20    23  47    1.64   311.8   10.1      17.261
2012   10       20    23  57    1.64   311.7   10.1      17.272
2012   10       21     0   7    1.64   311.7   10.2      17.283
2012   10       21     0  17    1.65   311.6   10.2      17.294
2012   10       21     0  26    1.65   311.5   10.2      17.305
2012   10       21     0  36    1.65   311.4   10.2      17.316
2012   10       21     0  46    1.65   311.3   10.3      17.327
2012   10       21     0  56    1.66   311.2   10.3      17.339
2012   10       21     1   6    1.66   311.1   10.3      17.350
2012   10       21     1  16    1.66   311.0   10.3      17.362
2012   10       21     1  26    1.67   311.0   10.4      17.374
2012   10       21     1  36    1.67   310.9   10.4      17.386
2012   10       21     1  46    1.67   310.8   10.4      17.399
2012   10       21     1  55    1.68   310.7   10.4      17.412
2012   10       21     2   5    1.68   310.6   10.5      17.425
2012   10       21     2  15    1.69   310.5   10.5      17.440
2012   10       21     2  25    1.69   310.4   10.5      17.455
2012   10       21     2  35    1.69   310.3   10.5      17.471
2012   10       21     2  45    1.70   310.2   10.6      17.487
2012   10       21     2  55    1.70   310.1   10.6      17.505
2012   10       21     3   5    1.71   310.0   10.6      17.524
2012   10       21     3  15    1.71   310.0   10.7      17.544
2012   10       21     3  24    1.72   309.9   10.7      17.565
2012   10       21     3  34    1.72   309.8   10.8      17.588
2012   10       21     3  44    1.73   309.7   10.8      17.612
2012   10       21     3  54    1.73   309.6   10.8      17.638
2012   10       21     4   4    1.74   309.5   10.9      17.666
2012   10       21     4  14    1.74   309.5   10.9      17.695
2012   10       21     4  24    1.75   309.4   11.0      17.727
2012   10       21     4  34    1.75   309.3   11.0      17.760
2012   10       21     4  44    1.76   309.3   11.1      17.795
2012   10       21     4  54    1.77   309.2   11.1      17.833
2012   10       21     5   4    1.77   309.2   11.2      17.873
2012   10       21     5  13    1.78   309.1   11.2      17.916
2012   10       21     5  23    1.79   309.1   11.3      17.961
2012   10       21     5  33    1.80   309.1   11.4      18.009
2012   10       21     5  43    1.80   309.1   11.4      18.059
2012   10       21     5  53    1.81   309.0   11.5      18.112
2012   10       21     6   3    1.82   309.0   11.6      18.167
2012   10       21     6  13    1.82   309.0   11.6      18.225
2012   10       21     6  23    1.83   309.1   11.7      18.286
2012   10       21     6  33    1.84   309.1   11.7      18.350
2012   10       21     6  43    1.85   309.1   11.8      18.415
2012   10       21     6  53    1.85   309.1   11.9      18.481
2012   10       21     7   2    1.86   309.1   11.9      18.548
2012   10       21     7  12    1.87   309.2   12.0      18.614
2012   10       21     7  22    1.87   309.2   12.0      18.678
2012   10       21     7  32    1.88   309.2   12.1      18.742
2012   10       21     7  42    1.89   309.2   12.1      18.804
2012   10       21     7  52    1.89   309.2   12.2      18.865
2012   10       21     8   2    1.90   309.2   12.2      18.926
2012   10       21     8  12    1.91   309.3   12.3      18.986
2012   10       21     8  22    1.91   309.3   12.4      19.046
2012   10       21     8  32    1.92   309.3   12.4      19.105
2012   10       21     8  41    1.93   309.3   12.5      19.164
2012   10       21     8  51    1.94   309.3   12.5      19.223
2012   10       21     9   1    1.94   309.3   12.6      19.282
2012   10       21     9  11    1.95   309.4   12.6      19.342
2012   10       21     9  21    1.96   309.4   12.7      19.402
2012   10       21     9  31    1.96   309.4   12.8      19.463
2012   10       21     9  41    1.97   309.4   12.8      19.525
2012   10       21     9  51    1.98   309.5   12.9      19.588
2012   10       21    10   1    1.99   309.5   12.9      19.652
2012   10       21    10  10    1.99   309.5   13.0      19.718
2012   10       21    10  20    2.00   309.6   13.1      19.785
2012   10       21    10  30    2.01   309.6   13.1      19.854
2012   10       21    10  40    2.02   309.6   13.2      19.925
2012   10       21    10  50    2.03   309.7   13.3      19.997
2012   10       21    11   0    2.04   309.7   13.3      20.071
2012   10       21    11  10    2.04   309.8   13.4      20.147
2012   10       21    11  20    2.05   309.8   13.5      20.226
2012   10       21    11  30    2.06   309.9   13.6      20.309
2012   10       21    11  40    2.07   310.0   13.7      20.394
2012   10       21    11  49    2.08   310.0   13.7      20.482
2012   10       21    11  59    2.09   310.1   13.8      20.573
2012   10       21    12   9    2.10   310.2   13.9      20.668
2012   10       21    12  19    2.11   310.3   14.0      20.768
2012   10       21    12  29    2.12   310.5   14.1      20.873
2012   10       21    12  39    2.13   310.6   14.2      20.983
2012   10       21    12  49    2.14   310.8   14.3      21.097
2012   10       21    12  59    2.15   311.0   14.4      21.215
2012   10       21    13   9    2.16   311.2   14.5      21.337
2012   10       21    13  19    2.17   311.4   14.6      21.459
2012   10       21    13  29    2.18   311.6   14.7      21.582
2012   10       21    13  38    2.19   311.8   14.8      21.707
2012   10       21    13  48    2.20   312.0   14.8      21.833
2012   10       21    13  58    2.21   312.3   14.9      21.960
2012   10       21    14   8    2.22   312.5   15.0      22.087
2012   10       21    14  18    2.23   312.7   15.1      22.213
2012   10       21    14  28    2.24   313.0   15.2      22.337
2012   10       21    14  38    2.25   313.2   15.2      22.459
2012   10       21    14  48    2.26   313.4   15.3      22.578
2012   10       21    14  58    2.27   313.6   15.4      22.696
2012   10       21    15   8    2.28   313.9   15.4      22.812
2012   10       21    15  17    2.29   314.1   15.5      22.925
2012   10       21    15  27    2.30   314.3   15.6      23.038
2012   10       21    15  37    2.31   314.6   15.6      23.148
2012   10       21    15  47    2.31   314.8   15.7      23.257
2012   10       21    15  57    2.32   315.0   15.7      23.365
2012   10       21    16   7    2.33   315.3   15.8      23.471
2012   10       21    16  17    2.34   315.5   15.9      23.576
2012   10       21    16  27    2.35   315.8   15.9      23.679
2012   10       21    16  37    2.36   316.0   16.0      23.782
2012   10       21    16  46    2.37   316.2   16.0      23.883
2012   10       21    16  56    2.37   316.5   16.1      23.984
2012   10       21    17   6    2.38   316.7   16.1      24.083
2012   10       21    17  16    2.39   317.0   16.2      24.182
2012   10       21    17  26    2.40   317.2   16.2      24.281
2012   10       21    17  36    2.41   317.5   16.3      24.379
2012   10       21    17  46    2.41   317.7   16.3      24.476
2012   10       21    17  56    2.42   318.0   16.3      24.573
2012   10       21    18   6    2.43   318.2   16.4      24.670
2012   10       21    18  16    2.44   318.5   16.4      24.766
2012   10       21    18  25    2.44   318.7   16.5      24.863
2012   10       21    18  35    2.45   319.0   16.5      24.960
2012   10       21    18  45    2.46   319.2   16.6      25.058
2012   10       21    18  55    2.47   319.5   16.6      25.157
2012   10       21    19   5    2.48   319.8   16.7      25.256
2012   10       21    19  15    2.48   320.0   16.7      25.357
2012   10       21    19  25    2.49   320.3   16.8      25.459
2012   10       21    19  35    2.50   320.6   16.8      25.565
2012   10       21    19  45    2.51   320.9   16.9      25.673
2012   10       21    19  55    2.51   321.2   16.9      25.784
2012   10       21    20   5    2.52   321.5   17.0      25.898
2012   10       21    20  14    2.53   321.8   17.0      26.014
2012   10       21    20  24    2.54   322.1   17.1      26.132
2012   10       21    20  34    2.55   322.4   17.1      26.250
2012   10       21    20  44    2.55   322.8   17.2      26.368
2012   10       21    20  54    2.56   323.1   17.2      26.486
2012   10       21    21   4    2.57   323.4   17.3      26.606
2012   10       21    21  14    2.58   323.8   17.3      26.726
2012   10       21    21  24    2.59   324.1   17.3      26.847
2012   10       21    21  34    2.59   324.4   17.4      26.969
2012   10       21    21  44    2.60   324.8   17.4      27.092
2012   10       21    21  53    2.61   325.2   17.5      27.217
2012   10       21    22   3    2.62   325.5   17.5      27.344
2012   10       21    22  13    2.63   325.9   17.6      27.472
2012   10       21    22  23    2.63   326.3   17.6      27.603
2012   10       21    22  33    2.64   326.7   17.6      27.736
2012   10       21    22  43    2.65   327.1   17.7      27.872
2012   10       21    22  53    2.66   327.5   17.7      28.010
2012   10       21    23   3    2.67   327.9   17.7      28.149
2012   10       21    23  13    2.68   328.3   17.8      28.286
2012   10       21    23  23    2.68   328.7   17.8      28.422
2012   10       21    23  32    2.69   329.2   17.8      28.553
2012   10       21    23  42    2.70   329.6   17.8      28.681
2012   10       21    23  52    2.71   330.0   17.9      28.805
2012   10       22     0   2    2.71   330.4   17.9      28.927
2012   10       22     0  12    2.72   330.9   17.9      29.050
2012   10       22     0  22    2.73   331.3   17.9      29.169
2012   10       22     0  32    2.73   331.7   17.9      29.285
2012   10       22     0  42    2.74   332.1   17.9      29.397
2012   10       22     0  52    2.74   332.6   17.9      29.507
2012   10       22     1   2    2.75   333.0   17.9      29.614
2012   10       22     1  11    2.75   333.4   17.9      29.718
2012   10       22     1  21    2.76   333.8   17.9      29.820
2012   10       22     1  31    2.76   334.3   17.9      29.920
2012   10       22     1  41    2.77   334.7   17.9      30.019
2012   10       22     1  51    2.77   335.1   17.8      30.116
2012   10       22     2   1    2.78   335.5   17.8      30.213
2012   10       22     2  11    2.78   335.9   17.8      30.308
2012   10       22     2  21    2.79   336.4   17.8      30.402
2012   10       22     2  31    2.79   336.8   17.8      30.496
2012   10       22     2  41    2.80   337.2   17.8      30.590
2012   10       22     2  50    2.80   337.6   17.8      30.683
2012   10       22     3   0    2.81   338.0   17.8      30.777
2012   10       22     3  10    2.81   338.4   17.8      30.870
2012   10       22     3  20    2.82   338.9   17.7      30.964
2012   10       22     3  30    2.82   339.3   17.7      31.058
2012   10       22     3  40    2.83   339.7   17.7      31.154
2012   10       22     3  50    2.83   340.1   17.7      31.251
2012   10       22     4   0    2.84   340.5   17.7      31.349
2012   10       22     4  10    2.84   341.0   17.7      31.451
2012   10       22     4  20    2.85   341.4   17.7      31.556
2012   10       22     4  30    2.85   341.8   17.7      31.663
2012   10       22     4  39    2.86   342.2   17.8      31.777
2012   10       22     4  49    2.87   342.7   17.8      31.899
2012   10       22     4  59    2.87   343.2   17.8      32.030
2012   10       22     5   9    2.88   343.7   17.8      32.169
2012   10       22     5  19    2.89   344.2   17.8      32.316
2012   10       22     5  29    2.90   344.7   17.9      32.469
2012   10       22     5  39    2.91   345.3   17.9      32.625
2012   10       22     5  49    2.92   345.9   17.9      32.781
2012   10       22     5  59    2.92   346.4   17.9      32.938
2012   10       22     6   8    2.93   347.0   18.0      33.092
2012   10       22     6  18    2.94   347.6   18.0      33.242
2012   10       22     6  28    2.94   348.2   18.0      33.383
2012   10       22     6  38    2.95   348.7   17.9      33.518
2012   10       22     6  48    2.96   349.2   17.9      33.645
2012   10       22     6  58    2.96   349.8   17.9      33.766
2012   10       22     7   8    2.97   350.3   17.9      33.879
2012   10       22     7  18    2.97   350.8   17.9      33.988
2012   10       22     7  28    2.97   351.3   17.9      34.091
2012   10       22     7  38    2.98   351.8   17.8      34.189
2012   10       22     7  47    2.98   352.2   17.8      34.282
2012   10       22     7  57    2.99   352.7   17.8      34.371
2012   10       22     8   7    2.99   353.2   17.7      34.455
2012   10       22     8  17    2.99   353.7   17.7      34.535
2012   10       22     8  27    3.00   354.2   17.7      34.612
2012   10       22     8  37    3.00   354.7   17.6      34.685
2012   10       22     8  47    3.00   355.2   17.6      34.756
2012   10       22     8  57    3.01   355.7   17.5      34.823
2012   10       22     9   7    3.01   356.2   17.5      34.885
2012   10       22     9  17    3.01   356.6   17.4      34.943
2012   10       22     9  26    3.01   357.1   17.4      34.997
2012   10       22     9  36    3.02   357.5   17.4      35.048
2012   10       22     9  46    3.02   357.9   17.3      35.098
2012   10       22     9  56    3.02   358.3   17.3      35.152
2012   10       22    10   6    3.03   358.7   17.3      35.211
2012   10       22    10  16    3.03   359.2   17.2      35.277
2012   10       22    10  26    3.03   359.6   17.2      35.350
2012   10       22    10  36    3.04   360.1   17.2      35.431
2012   10       22    10  46    3.04   360.7   17.2      35.531
2012   10       22    10  56    3.05   361.3   17.2      35.646
2012   10       22    11   6    3.05   361.9   17.1      35.771
2012   10       22    11  15    3.06   362.6   17.1      35.909
2012   10       22    11  25    3.06   363.2   17.1      36.052
2012   10       22    11  35    3.07   363.9   17.1      36.193
2012   10       22    11  45    3.07   364.5   17.1      36.328
2012   10       22    11  55    3.08   365.1   17.1      36.468
2012   10       22    12   5    3.08   365.7   17.1      36.614
2012   10       22    12  15    3.09   366.3   17.1      36.763
2012   10       22    12  25    3.09   367.0   17.1      36.919
2012   10       22    12  35    3.10   367.6   17.1      37.082
2012   10       22    12  45    3.10   368.3   17.1      37.243
2012   10       22    12  54    3.11   369.0   17.0      37.402
2012   10       22    13   4    3.11   369.7   17.0      37.556
2012   10       22    13  14    3.11   370.4   17.0      37.707
2012   10       22    13  24    3.12   371.1   17.0      37.851
2012   10       22    13  34    3.12   371.7   16.9      37.990
2012   10       22    13  44    3.12   372.4   16.9      38.123
2012   10       22    13  54    3.12   373.0   16.8      38.249
2012   10       22    14   4    3.13   373.7   16.8      38.370
2012   10       22    14  14    3.13   374.3   16.7      38.487
2012   10       22    14  23    3.13   374.9   16.7      38.598
2012   10       22    14  33    3.13   375.6   16.6      38.705
2012   10       22    14  43    3.13   376.2   16.6      38.806
2012   10       22    14  53    3.13   376.8   16.5      38.903
2012   10       22    15   3    3.13   377.5   16.5      38.993
2012   10       22    15  13    3.13   378.1   16.4      39.078
2012   10       22    15  23    3.13   378.8   16.4      39.155
2012   10       22    15  33    3.13   379.4   16.3      39.226
2012   10       22    15  43    3.13   380.1   16.2      39.291
2012   10       22    15  53    3.13   380.8   16.2      39.350
2012   10       22    16   2    3.13   381.5   16.1      39.405
2012   10       22    16  12    3.13   382.3   16.0      39.456
2012   10       22    16  22    3.13   383.0   15.9      39.505
2012   10       22    16  32    3.13   383.7   15.9      39.549
2012   10       22    16  42    3.13   384.4   15.8      39.589
2012   10       22    16  52    3.12   385.0   15.7      39.627
2012   10       22    17   2    3.12   385.6   15.6      39.660
2012   10       22    17  12    3.12   386.2   15.6      39.692
2012   10       22    17  22    3.11   386.9   15.5      39.725
2012   10       22    17  32    3.11   387.6   15.4      39.762
2012   10       22    17  42    3.11   388.2   15.3      39.801
2012   10       22    17  51    3.10   388.9   15.2      39.836
2012   10       22    18   1    3.10   389.6   15.2      39.876
2012   10       22    18  11    3.09   390.4   15.1      39.924
2012   10       22    18  21    3.09   391.1   15.0      39.974
2012   10       22    18  31    3.08   391.8   14.9      40.034
2012   10       22    18  41    3.08   392.6   14.8      40.106
2012   10       22    18  51    3.07   393.3   14.8      40.177
2012   10       22    19   1    3.07   394.0   14.7      40.247
2012   10       22    19  11    3.06   394.7   14.6      40.317
2012   10       22    19  21    3.06   395.4   14.5      40.388
2012   10       22    19  30    3.05   396.1   14.5      40.461
2012   10       22    19  40    3.05   396.8   14.4      40.535
2012   10       22    19  50    3.04   397.5   14.3      40.612
2012   10       22    20   0    3.04   398.3   14.2      40.690
2012   10       22    20  10    3.03   399.0   14.2      40.769
2012   10       22    20  20    3.02   399.7   14.1      40.847
2012   10       22    20  30    3.02   400.4   14.0      40.924
2012   10       22    20  40    3.01   401.2   13.9      40.999
2012   10       22    20  50    3.00   401.9   13.8      41.070
2012   10       22    21   0    3.00   402.7   13.8      41.135
2012   10       22    21   9    2.99   403.4   13.7      41.190
2012   10       22    21  19    2.98   404.1   13.6      41.234
2012   10       22    21  29    2.97   404.8   13.5      41.269
2012   10       22    21  39    2.96   405.5   13.4      41.292
2012   10       22    21  49    2.95   406.2   13.3      41.305
2012   10       22    21  59    2.94   406.9   13.2      41.309
2012   10       22    22   9    2.93   407.5   13.1      41.303
2012   10       22    22  19    2.92   408.1   13.0      41.290
2012   10       22    22  29    2.91   408.8   12.9      41.276
2012   10       22    22  38    2.90   409.5   12.8      41.261
2012   10       22    22  48    2.89   410.2   12.7      41.246
2012   10       22    22  58    2.88   410.9   12.6      41.233
2012   10       22    23   8    2.87   411.6   12.5      41.219
2012   10       22    23  18    2.86   412.3   12.4      41.207
2012   10       22    23  28    2.85   413.1   12.4      41.194
2012   10       22    23  38    2.84   413.8   12.3      41.180
2012   10       22    23  48    2.82   414.6   12.2      41.163
2012   10       22    23  58    2.81   415.3   12.1      41.142
2012   10       23     0   8    2.80   416.1   12.0      41.117
