year    month   day   hour  minute  B_enl V_enl   n_enl       T_enl
[year] [month] [day] [hour][minute] [nT]  [km/s]  [cm-3]      [kK]
2012    9        7     0   1    2.95   438.4    9.6      42.318
2012    9        7     0  11    2.93   439.0    9.6      42.243
2012    9        7     0  20    2.91   439.6    9.5      42.168
2012    9        7     0  30    2.90   440.3    9.4      42.092
2012    9        7     0  40    2.88   440.9    9.3      42.013
2012    9        7     0  49    2.86   441.6    9.2      41.934
2012    9        7     0  59    2.84   442.3    9.2      41.850
2012    9        7     1   8    2.82   443.0    9.1      41.760
2012    9        7     1  18    2.80   443.6    9.0      41.661
2012    9        7     1  28    2.78   444.3    8.9      41.557
2012    9        7     1  37    2.76   445.0    8.8      41.443
2012    9        7     1  47    2.75   445.6    8.7      41.319
2012    9        7     1  56    2.73   446.4    8.6      41.191
2012    9        7     2   6    2.71   447.1    8.6      41.044
2012    9        7     2  15    2.68   447.7    8.5      40.877
2012    9        7     2  25    2.66   448.3    8.4      40.696
2012    9        7     2  34    2.64   448.8    8.3      40.498
2012    9        7     2  44    2.62   449.3    8.2      40.298
2012    9        7     2  54    2.60   449.7    8.1      40.099
2012    9        7     3   3    2.58   450.2    8.0      39.905
2012    9        7     3  13    2.56   450.6    7.9      39.714
2012    9        7     3  22    2.54   451.1    7.8      39.529
2012    9        7     3  32    2.52   451.5    7.8      39.349
2012    9        7     3  42    2.50   451.9    7.7      39.176
2012    9        7     3  51    2.48   452.3    7.6      39.007
2012    9        7     4   1    2.47   452.7    7.5      38.844
2012    9        7     4  11    2.45   453.1    7.5      38.685
2012    9        7     4  20    2.43   453.4    7.4      38.532
2012    9        7     4  30    2.41   453.8    7.4      38.381
2012    9        7     4  39    2.40   454.2    7.3      38.234
2012    9        7     4  49    2.38   454.5    7.2      38.089
2012    9        7     4  59    2.36   454.9    7.2      37.948
2012    9        7     5   8    2.35   455.2    7.1      37.807
2012    9        7     5  18    2.33   455.6    7.1      37.669
2012    9        7     5  28    2.32   455.9    7.0      37.529
2012    9        7     5  37    2.30   456.2    6.9      37.392
2012    9        7     5  47    2.29   456.5    6.9      37.252
2012    9        7     5  57    2.27   456.8    6.8      37.111
2012    9        7     6   6    2.26   457.1    6.8      36.967
2012    9        7     6  16    2.24   457.3    6.7      36.823
2012    9        7     6  26    2.23   457.5    6.7      36.681
2012    9        7     6  36    2.21   457.8    6.6      36.544
2012    9        7     6  45    2.20   458.0    6.6      36.410
2012    9        7     6  55    2.19   458.2    6.6      36.281
2012    9        7     7   5    2.17   458.4    6.5      36.155
2012    9        7     7  14    2.16   458.6    6.5      36.033
2012    9        7     7  24    2.15   458.8    6.4      35.914
2012    9        7     7  33    2.14   459.0    6.4      35.799
2012    9        7     7  43    2.13   459.1    6.4      35.686
2012    9        7     7  53    2.11   459.3    6.3      35.575
2012    9        7     8   2    2.10   459.5    6.3      35.465
2012    9        7     8  12    2.09   459.7    6.2      35.358
2012    9        7     8  21    2.08   459.9    6.2      35.251
2012    9        7     8  31    2.07   460.0    6.2      35.146
2012    9        7     8  41    2.06   460.2    6.1      35.041
2012    9        7     8  50    2.05   460.4    6.1      34.937
2012    9        7     9   0    2.03   460.6    6.1      34.830
2012    9        7     9   9    2.02   460.8    6.0      34.725
2012    9        7     9  19    2.01   460.9    6.0      34.614
2012    9        7     9  28    2.00   461.1    6.0      34.500
2012    9        7     9  38    1.99   461.2    5.9      34.382
2012    9        7     9  47    1.98   461.4    5.9      34.261
2012    9        7     9  57    1.97   461.5    5.9      34.138
2012    9        7    10   7    1.96   461.6    5.8      34.017
2012    9        7    10  16    1.95   461.7    5.8      33.896
2012    9        7    10  26    1.94   461.8    5.8      33.777
2012    9        7    10  35    1.93   461.9    5.7      33.658
2012    9        7    10  45    1.92   462.0    5.7      33.542
2012    9        7    10  55    1.91   462.0    5.7      33.427
2012    9        7    11   4    1.90   462.1    5.6      33.314
2012    9        7    11  14    1.89   462.2    5.6      33.202
2012    9        7    11  23    1.88   462.3    5.6      33.092
2012    9        7    11  33    1.87   462.3    5.6      32.982
2012    9        7    11  43    1.86   462.4    5.5      32.874
2012    9        7    11  52    1.85   462.5    5.5      32.765
2012    9        7    12   2    1.84   462.5    5.5      32.658
2012    9        7    12  12    1.83   462.6    5.5      32.551
2012    9        7    12  21    1.83   462.6    5.4      32.443
2012    9        7    12  31    1.82   462.7    5.4      32.334
2012    9        7    12  41    1.81   462.7    5.4      32.226
2012    9        7    12  50    1.80   462.7    5.3      32.117
2012    9        7    13   0    1.79   462.8    5.3      32.010
2012    9        7    13  10    1.78   462.8    5.3      31.904
2012    9        7    13  19    1.77   462.8    5.3      31.799
2012    9        7    13  29    1.77   462.8    5.3      31.695
2012    9        7    13  39    1.76   462.8    5.2      31.594
2012    9        7    13  49    1.75   462.8    5.2      31.494
2012    9        7    13  58    1.74   462.8    5.2      31.395
2012    9        7    14   8    1.74   462.8    5.2      31.297
2012    9        7    14  17    1.73   462.7    5.1      31.200
2012    9        7    14  27    1.72   462.7    5.1      31.104
2012    9        7    14  37    1.71   462.7    5.1      31.008
2012    9        7    14  46    1.71   462.6    5.1      30.911
2012    9        7    14  56    1.70   462.6    5.1      30.816
2012    9        7    15   6    1.69   462.5    5.0      30.720
2012    9        7    15  15    1.69   462.5    5.0      30.625
2012    9        7    15  25    1.68   462.4    5.0      30.531
2012    9        7    15  34    1.67   462.4    5.0      30.439
2012    9        7    15  44    1.67   462.3    5.0      30.347
2012    9        7    15  54    1.66   462.2    5.0      30.258
2012    9        7    16   3    1.66   462.2    4.9      30.168
2012    9        7    16  13    1.65   462.1    4.9      30.081
2012    9        7    16  22    1.64   462.1    4.9      29.993
2012    9        7    16  32    1.64   462.0    4.9      29.905
2012    9        7    16  41    1.63   461.9    4.9      29.817
2012    9        7    16  51    1.62   461.9    4.9      29.728
2012    9        7    17   1    1.62   461.8    4.8      29.640
2012    9        7    17  10    1.61   461.7    4.8      29.551
2012    9        7    17  20    1.61   461.6    4.8      29.461
2012    9        7    17  29    1.60   461.5    4.8      29.371
2012    9        7    17  39    1.59   461.4    4.8      29.281
2012    9        7    17  48    1.59   461.3    4.8      29.191
2012    9        7    17  58    1.58   461.2    4.8      29.100
2012    9        7    18   8    1.58   461.1    4.7      29.011
2012    9        7    18  17    1.57   461.0    4.7      28.921
2012    9        7    18  27    1.57   460.8    4.7      28.833
2012    9        7    18  37    1.56   460.7    4.7      28.745
2012    9        7    18  46    1.56   460.6    4.7      28.658
2012    9        7    18  56    1.55   460.5    4.7      28.571
2012    9        7    19   5    1.54   460.3    4.7      28.485
2012    9        7    19  15    1.54   460.2    4.6      28.398
2012    9        7    19  25    1.53   460.1    4.6      28.313
2012    9        7    19  34    1.53   459.9    4.6      28.227
2012    9        7    19  44    1.52   459.8    4.6      28.142
2012    9        7    19  54    1.52   459.6    4.6      28.057
2012    9        7    20   3    1.51   459.5    4.6      27.973
2012    9        7    20  13    1.51   459.4    4.6      27.889
2012    9        7    20  23    1.50   459.2    4.6      27.806
2012    9        7    20  32    1.50   459.1    4.5      27.723
2012    9        7    20  42    1.49   458.9    4.5      27.641
2012    9        7    20  52    1.49   458.7    4.5      27.559
2012    9        7    21   1    1.48   458.6    4.5      27.479
2012    9        7    21  11    1.48   458.4    4.5      27.398
2012    9        7    21  21    1.47   458.2    4.5      27.318
2012    9        7    21  31    1.47   458.0    4.5      27.238
2012    9        7    21  40    1.46   457.8    4.5      27.159
2012    9        7    21  50    1.46   457.6    4.5      27.078
2012    9        7    21  59    1.46   457.4    4.4      26.998
2012    9        7    22   9    1.45   457.2    4.4      26.917
2012    9        7    22  19    1.45   457.0    4.4      26.838
2012    9        7    22  28    1.44   456.8    4.4      26.758
2012    9        7    22  38    1.44   456.5    4.4      26.679
2012    9        7    22  47    1.43   456.3    4.4      26.602
2012    9        7    22  57    1.43   456.1    4.4      26.528
2012    9        7    23   7    1.43   455.9    4.4      26.454
2012    9        7    23  16    1.42   455.7    4.4      26.381
2012    9        7    23  26    1.42   455.5    4.4      26.310
2012    9        7    23  35    1.41   455.3    4.4      26.240
2012    9        7    23  45    1.41   455.1    4.3      26.169
2012    9        7    23  54    1.40   454.9    4.3      26.099
2012    9        8     0   4    1.40   454.7    4.3      26.028
2012    9        8     0  14    1.40   454.4    4.3      25.958
2012    9        8     0  23    1.39   454.2    4.3      25.887
2012    9        8     0  33    1.39   454.0    4.3      25.816
2012    9        8     0  42    1.38   453.7    4.3      25.744
2012    9        8     0  52    1.38   453.5    4.3      25.673
2012    9        8     1   1    1.38   453.3    4.3      25.601
2012    9        8     1  11    1.37   453.0    4.3      25.530
2012    9        8     1  21    1.37   452.8    4.3      25.459
2012    9        8     1  30    1.36   452.5    4.3      25.390
2012    9        8     1  40    1.36   452.3    4.3      25.320
2012    9        8     1  50    1.36   452.0    4.2      25.252
2012    9        8     1  59    1.35   451.8    4.2      25.184
2012    9        8     2   9    1.35   451.5    4.2      25.117
2012    9        8     2  18    1.35   451.3    4.2      25.049
2012    9        8     2  28    1.34   451.0    4.2      24.982
2012    9        8     2  38    1.34   450.8    4.2      24.915
2012    9        8     2  47    1.34   450.5    4.2      24.848
2012    9        8     2  57    1.33   450.2    4.2      24.782
2012    9        8     3   7    1.33   450.0    4.2      24.715
2012    9        8     3  16    1.32   449.7    4.2      24.649
2012    9        8     3  26    1.32   449.4    4.2      24.583
2012    9        8     3  36    1.32   449.1    4.2      24.517
2012    9        8     3  45    1.31   448.9    4.2      24.452
2012    9        8     3  55    1.31   448.6    4.2      24.386
2012    9        8     4   5    1.31   448.3    4.2      24.320
2012    9        8     4  15    1.30   448.0    4.2      24.255
2012    9        8     4  24    1.30   447.7    4.2      24.189
2012    9        8     4  34    1.30   447.4    4.1      24.124
2012    9        8     4  43    1.30   447.1    4.1      24.059
2012    9        8     4  53    1.29   446.8    4.1      23.993
2012    9        8     5   3    1.29   446.6    4.1      23.928
2012    9        8     5  12    1.29   446.3    4.1      23.862
2012    9        8     5  22    1.28   446.0    4.1      23.797
2012    9        8     5  32    1.28   445.7    4.1      23.732
2012    9        8     5  41    1.28   445.4    4.1      23.667
2012    9        8     5  51    1.27   445.1    4.1      23.602
2012    9        8     6   0    1.27   444.8    4.1      23.538
2012    9        8     6  10    1.27   444.5    4.1      23.473
2012    9        8     6  20    1.26   444.1    4.1      23.409
2012    9        8     6  29    1.26   443.8    4.1      23.344
2012    9        8     6  39    1.26   443.5    4.1      23.280
2012    9        8     6  48    1.26   443.2    4.1      23.216
2012    9        8     6  58    1.25   442.9    4.1      23.152
2012    9        8     7   7    1.25   442.6    4.1      23.088
2012    9        8     7  17    1.25   442.3    4.1      23.024
2012    9        8     7  27    1.24   441.9    4.1      22.960
2012    9        8     7  36    1.24   441.6    4.0      22.897
2012    9        8     7  46    1.24   441.3    4.0      22.833
2012    9        8     7  55    1.24   441.0    4.0      22.770
2012    9        8     8   5    1.23   440.6    4.0      22.706
2012    9        8     8  14    1.23   440.3    4.0      22.644
2012    9        8     8  24    1.23   439.9    4.0      22.581
2012    9        8     8  34    1.23   439.6    4.0      22.519
2012    9        8     8  43    1.22   439.3    4.0      22.458
2012    9        8     8  53    1.22   438.9    4.0      22.397
2012    9        8     9   3    1.22   438.6    4.0      22.337
2012    9        8     9  12    1.21   438.2    4.0      22.277
2012    9        8     9  22    1.21   437.9    4.0      22.218
2012    9        8     9  31    1.21   437.5    4.0      22.160
2012    9        8     9  41    1.21   437.2    4.0      22.101
2012    9        8     9  51    1.21   436.8    4.0      22.044
2012    9        8    10   0    1.20   436.5    4.0      21.987
2012    9        8    10  10    1.20   436.1    4.0      21.930
2012    9        8    10  20    1.20   435.7    4.0      21.874
2012    9        8    10  29    1.20   435.4    4.0      21.818
2012    9        8    10  39    1.19   435.0    4.0      21.762
2012    9        8    10  49    1.19   434.6    4.0      21.707
2012    9        8    10  58    1.19   434.3    4.0      21.651
2012    9        8    11   8    1.19   433.9    4.0      21.595
2012    9        8    11  18    1.18   433.5    4.0      21.540
2012    9        8    11  27    1.18   433.2    4.0      21.485
2012    9        8    11  37    1.18   432.8    4.0      21.429
2012    9        8    11  47    1.18   432.4    4.0      21.374
2012    9        8    11  57    1.18   432.0    4.0      21.319
2012    9        8    12   6    1.17   431.7    4.0      21.264
2012    9        8    12  16    1.17   431.3    4.0      21.209
2012    9        8    12  25    1.17   430.9    4.0      21.155
2012    9        8    12  35    1.17   430.6    4.0      21.100
2012    9        8    12  45    1.16   430.2    4.0      21.045
2012    9        8    12  54    1.16   429.8    4.0      20.991
2012    9        8    13   4    1.16   429.5    4.0      20.936
2012    9        8    13  14    1.16   429.1    4.0      20.882
2012    9        8    13  23    1.16   428.7    4.0      20.828
2012    9        8    13  33    1.15   428.4    3.9      20.773
2012    9        8    13  42    1.15   428.0    3.9      20.719
2012    9        8    13  52    1.15   427.6    3.9      20.665
2012    9        8    14   1    1.15   427.2    3.9      20.611
2012    9        8    14  11    1.15   426.9    3.9      20.556
2012    9        8    14  19    1.15   426.6    3.9      20.513
2012    9        8    14  26    1.14   426.3    3.9      20.473
2012    9        8    14  33    1.14   426.0    3.9      20.435
2012    9        8    14  40    1.14   425.7    3.9      20.397
2012    9        8    14  47    1.14   425.4    3.9      20.359
2012    9        8    14  54    1.14   425.2    3.9      20.323
2012    9        8    15   1    1.14   424.9    3.9      20.286
2012    9        8    15   8    1.14   424.6    3.9      20.250
2012    9        8    15  15    1.13   424.4    3.9      20.214
2012    9        8    15  22    1.13   424.1    3.9      20.179
2012    9        8    15  29    1.13   423.8    3.9      20.143
2012    9        8    15  35    1.13   423.6    3.9      20.108
2012    9        8    15  42    1.13   423.3    3.9      20.073
2012    9        8    15  49    1.13   423.0    3.9      20.039
2012    9        8    15  56    1.13   422.7    3.9      20.005
2012    9        8    16   3    1.13   422.5    3.9      19.970
2012    9        8    16   9    1.12   422.2    3.9      19.937
2012    9        8    16  16    1.12   421.9    3.9      19.903
2012    9        8    16  23    1.12   421.7    3.9      19.870
2012    9        8    16  30    1.12   421.4    3.9      19.837
2012    9        8    16  36    1.12   421.1    3.9      19.804
2012    9        8    16  43    1.12   420.9    3.9      19.771
2012    9        8    16  50    1.12   420.6    3.9      19.739
2012    9        8    16  57    1.12   420.3    3.9      19.707
2012    9        8    17   4    1.12   420.1    3.9      19.675
2012    9        8    17  10    1.11   419.8    3.9      19.643
2012    9        8    17  17    1.11   419.5    3.9      19.612
2012    9        8    17  24    1.11   419.3    3.9      19.580
2012    9        8    17  30    1.11   419.0    3.9      19.549
2012    9        8    17  37    1.11   418.7    3.9      19.518
2012    9        8    17  44    1.11   418.5    3.9      19.487
2012    9        8    17  51    1.11   418.2    3.9      19.456
2012    9        8    17  57    1.11   417.9    3.9      19.425
2012    9        8    18   4    1.11   417.7    3.9      19.394
2012    9        8    18  11    1.11   417.4    3.9      19.363
2012    9        8    18  18    1.10   417.1    3.9      19.332
2012    9        8    18  24    1.10   416.9    3.9      19.301
2012    9        8    18  31    1.10   416.6    3.9      19.270
2012    9        8    18  38    1.10   416.3    3.9      19.239
2012    9        8    18  45    1.10   416.0    3.9      19.208
2012    9        8    18  52    1.10   415.8    3.9      19.177
2012    9        8    18  58    1.10   415.5    3.9      19.146
2012    9        8    19   5    1.10   415.2    3.9      19.115
2012    9        8    19  12    1.10   414.9    3.9      19.083
2012    9        8    19  19    1.10   414.7    3.9      19.052
2012    9        8    19  26    1.09   414.4    3.9      19.020
2012    9        8    19  32    1.09   414.1    3.9      18.989
2012    9        8    19  39    1.09   413.8    3.9      18.957
2012    9        8    19  46    1.09   413.6    3.9      18.926
2012    9        8    19  53    1.09   413.3    3.9      18.895
2012    9        8    20   0    1.09   413.0    3.9      18.863
2012    9        8    20   6    1.09   412.7    3.9      18.832
2012    9        8    20  13    1.09   412.4    3.9      18.802
2012    9        8    20  20    1.09   412.1    3.9      18.771
2012    9        8    20  27    1.09   411.9    3.9      18.740
2012    9        8    20  34    1.08   411.6    3.9      18.710
2012    9        8    20  40    1.08   411.3    3.9      18.680
2012    9        8    20  47    1.08   411.0    3.9      18.650
2012    9        8    20  54    1.08   410.7    3.9      18.621
2012    9        8    21   1    1.08   410.4    3.9      18.591
2012    9        8    21   8    1.08   410.1    3.9      18.562
2012    9        8    21  14    1.08   409.8    3.9      18.534
2012    9        8    21  21    1.08   409.6    3.9      18.505
2012    9        8    21  28    1.08   409.3    3.9      18.477
2012    9        8    21  35    1.08   409.0    3.9      18.449
2012    9        8    21  42    1.08   408.7    3.9      18.422
2012    9        8    21  48    1.08   408.4    3.9      18.394
2012    9        8    21  55    1.08   408.1    3.9      18.367
2012    9        8    22   2    1.07   407.8    3.9      18.341
2012    9        8    22   9    1.07   407.5    3.9      18.314
2012    9        8    22  16    1.07   407.2    3.9      18.288
2012    9        8    22  23    1.07   407.0    3.9      18.262
2012    9        8    22  29    1.07   406.7    3.9      18.236
2012    9        8    22  36    1.07   406.4    3.9      18.210
2012    9        8    22  43    1.07   406.1    3.9      18.184
2012    9        8    22  50    1.07   405.8    3.9      18.157
2012    9        8    22  57    1.07   405.5    3.9      18.131
2012    9        8    23   4    1.07   405.2    3.9      18.105
2012    9        8    23  11    1.07   404.9    3.9      18.078
2012    9        8    23  18    1.07   404.6    3.9      18.052
2012    9        8    23  25    1.07   404.3    3.9      18.025
2012    9        8    23  31    1.07   404.0    3.9      17.999
2012    9        8    23  38    1.07   403.7    3.9      17.972
2012    9        8    23  45    1.07   403.4    3.9      17.945
2012    9        8    23  52    1.06   403.1    3.9      17.918
2012    9        8    23  59    1.06   402.8    3.9      17.891
2012    9        9     0   6    1.06   402.5    3.9      17.864
2012    9        9     0  13    1.06   402.2    3.9      17.837
2012    9        9     0  20    1.06   401.9    3.9      17.810
2012    9        9     0  27    1.06   401.6    3.9      17.783
2012    9        9     0  34    1.06   401.3    3.9      17.756
2012    9        9     0  41    1.06   401.0    3.9      17.728
2012    9        9     0  48    1.06   400.7    4.0      17.701
2012    9        9     0  55    1.06   400.4    4.0      17.674
2012    9        9     1   2    1.06   400.1    4.0      17.647
2012    9        9     1   9    1.06   399.8    4.0      17.620
2012    9        9     1  16    1.06   399.5    4.0      17.592
2012    9        9     1  23    1.06   399.2    4.0      17.565
2012    9        9     1  30    1.06   398.9    4.0      17.538
2012    9        9     1  37    1.06   398.6    4.0      17.511
2012    9        9     1  44    1.06   398.3    4.0      17.484
2012    9        9     1  51    1.06   398.0    4.0      17.456
2012    9        9     1  58    1.06   397.7    4.0      17.429
2012    9        9     2   5    1.06   397.4    4.0      17.402
2012    9        9     2  12    1.05   397.0    4.0      17.374
2012    9        9     2  19    1.05   396.7    4.0      17.347
2012    9        9     2  26    1.05   396.4    4.0      17.319
2012    9        9     2  33    1.05   396.1    4.0      17.292
2012    9        9     2  40    1.05   395.8    4.0      17.265
2012    9        9     2  47    1.05   395.5    4.0      17.237
2012    9        9     2  55    1.05   395.2    4.0      17.210
2012    9        9     3   2    1.05   394.8    4.0      17.183
2012    9        9     3   9    1.05   394.5    4.0      17.156
2012    9        9     3  16    1.05   394.2    4.0      17.129
2012    9        9     3  23    1.05   393.9    4.0      17.102
2012    9        9     3  30    1.05   393.6    4.0      17.076
2012    9        9     3  37    1.05   393.2    4.0      17.049
2012    9        9     3  45    1.05   392.9    4.0      17.024
2012    9        9     3  52    1.05   392.6    4.0      16.998
2012    9        9     3  59    1.05   392.3    4.0      16.973
2012    9        9     4   6    1.05   391.9    4.0      16.948
2012    9        9     4  13    1.05   391.6    4.0      16.924
2012    9        9     4  21    1.05   391.3    4.0      16.901
2012    9        9     4  28    1.05   391.0    4.0      16.877
2012    9        9     4  35    1.05   390.6    4.0      16.855
2012    9        9     4  42    1.05   390.3    4.0      16.833
2012    9        9     4  50    1.05   390.0    4.0      16.812
2012    9        9     4  57    1.05   389.6    4.0      16.791
2012    9        9     5   4    1.05   389.3    4.0      16.771
2012    9        9     5  12    1.05   389.0    4.0      16.751
2012    9        9     5  19    1.05   388.7    4.1      16.732
2012    9        9     5  26    1.05   388.3    4.1      16.714
2012    9        9     5  34    1.05   388.0    4.1      16.696
2012    9        9     5  41    1.05   387.7    4.1      16.679
2012    9        9     5  48    1.05   387.3    4.1      16.662
2012    9        9     5  56    1.05   387.0    4.1      16.645
2012    9        9     6   3    1.05   386.7    4.1      16.629
2012    9        9     6  10    1.05   386.3    4.1      16.613
2012    9        9     6  18    1.06   386.0    4.1      16.598
2012    9        9     6  25    1.06   385.7    4.1      16.582
2012    9        9     6  33    1.06   385.3    4.1      16.567
2012    9        9     6  40    1.06   385.0    4.1      16.552
2012    9        9     6  47    1.06   384.7    4.1      16.538
2012    9        9     6  55    1.06   384.3    4.2      16.523
2012    9        9     7   2    1.06   384.0    4.2      16.509
2012    9        9     7  10    1.06   383.6    4.2      16.495
2012    9        9     7  17    1.06   383.3    4.2      16.481
2012    9        9     7  25    1.06   383.0    4.2      16.468
2012    9        9     7  32    1.06   382.6    4.2      16.454
2012    9        9     7  40    1.06   382.3    4.2      16.441
2012    9        9     7  47    1.06   381.9    4.2      16.429
2012    9        9     7  55    1.06   381.6    4.2      16.416
2012    9        9     8   3    1.07   381.2    4.2      16.404
2012    9        9     8  10    1.07   380.9    4.3      16.392
2012    9        9     8  18    1.07   380.5    4.3      16.381
2012    9        9     8  25    1.07   380.2    4.3      16.369
2012    9        9     8  33    1.07   379.9    4.3      16.358
2012    9        9     8  41    1.07   379.5    4.3      16.348
2012    9        9     8  48    1.07   379.2    4.3      16.338
2012    9        9     8  56    1.07   378.8    4.3      16.328
2012    9        9     9   4    1.07   378.5    4.3      16.318
2012    9        9     9  12    1.08   378.1    4.3      16.309
2012    9        9     9  19    1.08   377.8    4.4      16.300
2012    9        9     9  27    1.08   377.4    4.4      16.292
2012    9        9     9  35    1.08   377.1    4.4      16.284
2012    9        9     9  43    1.08   376.8    4.4      16.276
2012    9        9     9  51    1.08   376.4    4.4      16.269
2012    9        9     9  58    1.08   376.1    4.4      16.263
2012    9        9    10   6    1.09   375.7    4.4      16.256
2012    9        9    10  14    1.09   375.4    4.5      16.251
2012    9        9    10  22    1.09   375.0    4.5      16.245
2012    9        9    10  30    1.09   374.7    4.5      16.241
2012    9        9    10  38    1.09   374.4    4.5      16.236
2012    9        9    10  46    1.09   374.0    4.5      16.233
2012    9        9    10  54    1.10   373.7    4.5      16.230
2012    9        9    11   2    1.10   373.3    4.5      16.227
2012    9        9    11  10    1.10   373.0    4.6      16.225
2012    9        9    11  18    1.10   372.7    4.6      16.224
2012    9        9    11  26    1.10   372.3    4.6      16.223
2012    9        9    11  34    1.11   372.0    4.6      16.223
2012    9        9    11  42    1.11   371.7    4.6      16.224
2012    9        9    11  50    1.11   371.3    4.7      16.226
2012    9        9    11  58    1.11   371.0    4.7      16.228
2012    9        9    12   7    1.12   370.7    4.7      16.231
2012    9        9    12  15    1.12   370.4    4.7      16.235
2012    9        9    12  23    1.12   370.0    4.7      16.239
2012    9        9    12  31    1.12   369.7    4.8      16.245
2012    9        9    12  40    1.13   369.4    4.8      16.251
2012    9        9    12  48    1.13   369.1    4.8      16.258
2012    9        9    12  56    1.13   368.8    4.8      16.265
2012    9        9    13   4    1.14   368.4    4.8      16.273
2012    9        9    13  13    1.14   368.1    4.9      16.282
2012    9        9    13  21    1.14   367.8    4.9      16.292
2012    9        9    13  29    1.14   367.5    4.9      16.303
2012    9        9    13  38    1.15   367.2    4.9      16.314
2012    9        9    13  46    1.15   366.9    5.0      16.325
2012    9        9    13  55    1.15   366.6    5.0      16.338
2012    9        9    14   3    1.16   366.3    5.0      16.351
2012    9        9    14  12    1.16   366.0    5.0      16.364
2012    9        9    14  20    1.16   365.7    5.1      16.378
2012    9        9    14  29    1.17   365.4    5.1      16.393
2012    9        9    14  37    1.17   365.2    5.1      16.409
2012    9        9    14  46    1.18   364.9    5.1      16.425
2012    9        9    14  54    1.18   364.6    5.2      16.442
2012    9        9    15   3    1.18   364.3    5.2      16.459
2012    9        9    15  12    1.19   364.0    5.2      16.477
2012    9        9    15  20    1.19   363.7    5.2      16.496
2012    9        9    15  29    1.19   363.5    5.3      16.516
2012    9        9    15  38    1.20   363.2    5.3      16.536
2012    9        9    15  46    1.20   362.9    5.3      16.557
2012    9        9    15  55    1.21   362.6    5.4      16.578
2012    9        9    16   4    1.21   362.4    5.4      16.601
2012    9        9    16  13    1.21   362.1    5.4      16.624
2012    9        9    16  21    1.22   361.8    5.4      16.647
2012    9        9    16  30    1.22   361.6    5.5      16.672
2012    9        9    16  39    1.23   361.3    5.5      16.697
2012    9        9    16  48    1.23   361.1    5.5      16.723
2012    9        9    16  56    1.24   360.8    5.6      16.750
2012    9        9    17   5    1.24   360.6    5.6      16.777
2012    9        9    17  14    1.24   360.3    5.6      16.805
2012    9        9    17  23    1.25   360.1    5.6      16.834
2012    9        9    17  32    1.25   359.9    5.7      16.863
2012    9        9    17  41    1.26   359.6    5.7      16.893
2012    9        9    17  50    1.26   359.4    5.7      16.924
2012    9        9    17  59    1.27   359.2    5.8      16.955
2012    9        9    18   8    1.27   359.0    5.8      16.986
2012    9        9    18  17    1.28   358.7    5.8      17.018
2012    9        9    18  26    1.28   358.5    5.9      17.051
2012    9        9    18  35    1.29   358.3    5.9      17.084
2012    9        9    18  44    1.29   358.1    5.9      17.118
2012    9        9    18  53    1.30   357.9    6.0      17.152
2012    9        9    19   2    1.30   357.7    6.0      17.186
2012    9        9    19  11    1.31   357.5    6.0      17.221
2012    9        9    19  20    1.32   357.3    6.1      17.256
2012    9        9    19  29    1.32   357.1    6.1      17.291
2012    9        9    19  38    1.33   356.9    6.1      17.326
2012    9        9    19  47    1.33   356.8    6.2      17.362
2012    9        9    19  56    1.34   356.6    6.2      17.398
2012    9        9    20   5    1.34   356.4    6.3      17.434
2012    9        9    20  14    1.35   356.2    6.3      17.470
2012    9        9    20  24    1.36   356.1    6.3      17.507
2012    9        9    20  33    1.36   355.9    6.4      17.543
2012    9        9    20  42    1.37   355.7    6.4      17.580
2012    9        9    20  51    1.37   355.6    6.5      17.617
2012    9        9    21   0    1.38   355.4    6.5      17.654
2012    9        9    21   9    1.39   355.3    6.5      17.691
2012    9        9    21  18    1.39   355.1    6.6      17.730
2012    9        9    21  28    1.40   355.0    6.6      17.769
2012    9        9    21  37    1.40   354.8    6.7      17.809
2012    9        9    21  46    1.41   354.7    6.7      17.851
2012    9        9    21  55    1.42   354.6    6.7      17.894
2012    9        9    22   4    1.42   354.4    6.8      17.939
2012    9        9    22  14    1.43   354.3    6.8      17.985
2012    9        9    22  23    1.44   354.2    6.9      18.033
2012    9        9    22  32    1.44   354.0    6.9      18.084
2012    9        9    22  41    1.45   353.9    6.9      18.135
2012    9        9    22  50    1.46   353.8    7.0      18.188
2012    9        9    23   0    1.46   353.7    7.0      18.241
2012    9        9    23   9    1.47   353.6    7.1      18.296
2012    9        9    23  18    1.47   353.5    7.1      18.350
2012    9        9    23  27    1.48   353.4    7.1      18.404
2012    9        9    23  37    1.49   353.3    7.2      18.459
2012    9        9    23  46    1.49   353.1    7.2      18.513
2012    9        9    23  55    1.50   353.0    7.2      18.566
2012    9       10     0   5    1.51   352.9    7.3      18.620
2012    9       10     0  14    1.51   352.8    7.3      18.672
2012    9       10     0  23    1.52   352.8    7.3      18.725
2012    9       10     0  32    1.53   352.7    7.4      18.777
2012    9       10     0  42    1.53   352.6    7.4      18.828
2012    9       10     0  51    1.54   352.5    7.4      18.879
2012    9       10     1   0    1.54   352.4    7.5      18.930
2012    9       10     1  10    1.55   352.3    7.5      18.980
2012    9       10     1  19    1.56   352.2    7.5      19.029
2012    9       10     1  28    1.56   352.1    7.6      19.079
2012    9       10     1  38    1.57   352.1    7.6      19.127
2012    9       10     1  47    1.58   352.0    7.6      19.175
2012    9       10     1  57    1.58   351.9    7.6      19.223
2012    9       10     2   6    1.59   351.8    7.7      19.270
2012    9       10     2  15    1.59   351.8    7.7      19.316
2012    9       10     2  25    1.60   351.7    7.7      19.362
2012    9       10     2  34    1.61   351.6    7.8      19.408
2012    9       10     2  44    1.61   351.6    7.8      19.453
2012    9       10     2  53    1.62   351.5    7.8      19.497
2012    9       10     3   3    1.63   351.4    7.9      19.541
2012    9       10     3  12    1.63   351.4    7.9      19.584
2012    9       10     3  21    1.64   351.3    7.9      19.627
2012    9       10     3  31    1.64   351.2    8.0      19.669
2012    9       10     3  40    1.65   351.2    8.0      19.712
2012    9       10     3  50    1.66   351.1    8.0      19.753
2012    9       10     3  59    1.66   351.1    8.1      19.795
2012    9       10     4   9    1.67   351.0    8.1      19.836
2012    9       10     4  18    1.68   351.0    8.1      19.878
2012    9       10     4  28    1.68   350.9    8.2      19.919
2012    9       10     4  37    1.69   350.9    8.2      19.961
2012    9       10     4  47    1.70   350.8    8.2      20.003
2012    9       10     4  56    1.70   350.8    8.3      20.047
2012    9       10     5   6    1.71   350.8    8.3      20.092
2012    9       10     5  15    1.72   350.7    8.3      20.138
2012    9       10     5  25    1.72   350.7    8.4      20.186
2012    9       10     5  35    1.73   350.7    8.4      20.235
2012    9       10     5  44    1.74   350.6    8.4      20.287
2012    9       10     5  54    1.74   350.6    8.5      20.339
2012    9       10     6   3    1.75   350.6    8.5      20.393
2012    9       10     6  13    1.76   350.6    8.5      20.449
2012    9       10     6  23    1.76   350.6    8.6      20.506
2012    9       10     6  32    1.77   350.6    8.6      20.566
2012    9       10     6  42    1.77   350.6    8.6      20.627
2012    9       10     6  51    1.78   350.6    8.7      20.689
2012    9       10     7   1    1.79   350.6    8.7      20.752
2012    9       10     7  11    1.79   350.6    8.7      20.815
2012    9       10     7  20    1.80   350.6    8.8      20.878
2012    9       10     7  30    1.81   350.6    8.8      20.940
2012    9       10     7  40    1.81   350.6    8.8      21.003
2012    9       10     7  49    1.82   350.6    8.9      21.065
2012    9       10     7  59    1.82   350.6    8.9      21.125
2012    9       10     8   9    1.83   350.6    8.9      21.185
2012    9       10     8  18    1.84   350.7    8.9      21.243
2012    9       10     8  28    1.84   350.7    9.0      21.300
2012    9       10     8  38    1.85   350.7    9.0      21.356
2012    9       10     8  47    1.85   350.7    9.0      21.410
2012    9       10     8  57    1.86   350.7    9.0      21.463
2012    9       10     9   6    1.86   350.8    9.0      21.515
2012    9       10     9  16    1.87   350.8    9.1      21.566
2012    9       10     9  26    1.87   350.8    9.1      21.616
2012    9       10     9  35    1.88   350.8    9.1      21.664
2012    9       10     9  45    1.89   350.8    9.1      21.711
2012    9       10     9  54    1.89   350.9    9.2      21.758
2012    9       10    10   4    1.90   350.9    9.2      21.803
2012    9       10    10  13    1.90   350.9    9.2      21.847
2012    9       10    10  23    1.91   351.0    9.2      21.891
2012    9       10    10  32    1.91   351.0    9.2      21.933
2012    9       10    10  42    1.92   351.0    9.2      21.975
2012    9       10    10  51    1.92   351.1    9.3      22.016
2012    9       10    11   1    1.93   351.1    9.3      22.057
2012    9       10    11  11    1.93   351.1    9.3      22.096
2012    9       10    11  20    1.94   351.2    9.3      22.135
2012    9       10    11  30    1.94   351.2    9.3      22.174
2012    9       10    11  39    1.95   351.2    9.3      22.212
2012    9       10    11  49    1.95   351.3    9.4      22.250
2012    9       10    11  59    1.95   351.3    9.4      22.287
2012    9       10    12   8    1.96   351.3    9.4      22.324
2012    9       10    12  18    1.96   351.4    9.4      22.361
2012    9       10    12  27    1.97   351.4    9.4      22.397
2012    9       10    12  37    1.97   351.5    9.4      22.433
2012    9       10    12  47    1.98   351.5    9.5      22.469
2012    9       10    12  56    1.98   351.5    9.5      22.505
2012    9       10    13   6    1.99   351.6    9.5      22.540
2012    9       10    13  16    1.99   351.6    9.5      22.575
2012    9       10    13  25    2.00   351.7    9.5      22.611
2012    9       10    13  35    2.00   351.7    9.6      22.647
2012    9       10    13  45    2.01   351.8    9.6      22.684
2012    9       10    13  54    2.01   351.8    9.6      22.723
2012    9       10    14   4    2.02   351.9    9.6      22.763
2012    9       10    14  14    2.02   352.0    9.6      22.803
2012    9       10    14  23    2.02   352.0    9.6      22.845
2012    9       10    14  33    2.03   352.1    9.7      22.887
2012    9       10    14  43    2.03   352.1    9.7      22.929
2012    9       10    14  52    2.04   352.2    9.7      22.972
2012    9       10    15   2    2.04   352.3    9.7      23.014
2012    9       10    15  12    2.04   352.3    9.7      23.057
2012    9       10    15  21    2.05   352.4    9.7      23.099
2012    9       10    15  31    2.05   352.5    9.8      23.140
2012    9       10    15  41    2.06   352.5    9.8      23.181
2012    9       10    15  50    2.06   352.6    9.8      23.221
2012    9       10    16   0    2.06   352.7    9.8      23.261
2012    9       10    16   9    2.07   352.7    9.8      23.300
2012    9       10    16  19    2.07   352.8    9.8      23.338
2012    9       10    16  29    2.08   352.9    9.8      23.376
2012    9       10    16  38    2.08   352.9    9.8      23.413
2012    9       10    16  48    2.08   353.0    9.9      23.450
2012    9       10    16  57    2.09   353.1    9.9      23.487
2012    9       10    17   7    2.09   353.2    9.9      23.524
2012    9       10    17  16    2.09   353.2    9.9      23.561
2012    9       10    17  26    2.10   353.3    9.9      23.598
2012    9       10    17  35    2.10   353.4    9.9      23.634
2012    9       10    17  45    2.10   353.5    9.9      23.670
2012    9       10    17  55    2.11   353.5    9.9      23.705
2012    9       10    18   4    2.11   353.6    9.9      23.740
2012    9       10    18  14    2.11   353.7    9.9      23.774
2012    9       10    18  23    2.11   353.8    9.9      23.808
2012    9       10    18  33    2.12   353.9   10.0      23.841
2012    9       10    18  42    2.12   353.9   10.0      23.873
2012    9       10    18  52    2.12   354.0   10.0      23.905
2012    9       10    19   2    2.13   354.1   10.0      23.938
2012    9       10    19  11    2.13   354.2   10.0      23.969
2012    9       10    19  21    2.13   354.2   10.0      24.000
2012    9       10    19  30    2.13   354.3   10.0      24.031
2012    9       10    19  40    2.14   354.4   10.0      24.061
2012    9       10    19  50    2.14   354.5   10.0      24.091
2012    9       10    19  59    2.14   354.6   10.0      24.120
2012    9       10    20   9    2.14   354.6   10.0      24.148
2012    9       10    20  19    2.15   354.7   10.0      24.176
2012    9       10    20  28    2.15   354.8   10.0      24.203
2012    9       10    20  38    2.15   354.9   10.0      24.230
2012    9       10    20  47    2.15   355.0   10.0      24.256
2012    9       10    20  57    2.16   355.0   10.0      24.282
2012    9       10    21   7    2.16   355.1   10.0      24.308
2012    9       10    21  17    2.16   355.2   10.0      24.333
2012    9       10    21  26    2.16   355.3   10.0      24.358
2012    9       10    21  36    2.17   355.4   10.1      24.383
2012    9       10    21  46    2.17   355.4   10.1      24.407
2012    9       10    21  55    2.17   355.5   10.1      24.431
2012    9       10    22   5    2.17   355.6   10.1      24.454
2012    9       10    22  15    2.18   355.7   10.1      24.477
2012    9       10    22  24    2.18   355.8   10.1      24.500
2012    9       10    22  34    2.18   355.9   10.1      24.523
2012    9       10    22  44    2.18   355.9   10.1      24.546
2012    9       10    22  53    2.18   356.0   10.1      24.568
2012    9       10    23   3    2.19   356.1   10.1      24.590
2012    9       10    23  12    2.19   356.2   10.1      24.612
2012    9       10    23  22    2.19   356.3   10.1      24.634
2012    9       10    23  32    2.19   356.3   10.1      24.655
2012    9       10    23  41    2.19   356.4   10.1      24.677
2012    9       10    23  51    2.19   356.5   10.1      24.698
2012    9       11     0   0    2.20   356.6   10.1      24.719
2012    9       11     0  10    2.20   356.7   10.1      24.741
2012    9       11     0  20    2.20   356.8   10.1      24.763
2012    9       11     0  29    2.20   356.8   10.1      24.786
2012    9       11     0  39    2.20   356.9   10.1      24.808
2012    9       11     0  48    2.20   357.0   10.1      24.831
2012    9       11     0  58    2.21   357.1   10.1      24.854
2012    9       11     1   7    2.21   357.2   10.1      24.877
2012    9       11     1  17    2.21   357.3   10.1      24.899
2012    9       11     1  26    2.21   357.3   10.1      24.920
2012    9       11     1  36    2.21   357.4   10.1      24.942
2012    9       11     1  45    2.21   357.5   10.1      24.963
2012    9       11     1  55    2.21   357.6   10.1      24.983
2012    9       11     2   5    2.21   357.7   10.1      25.004
2012    9       11     2  14    2.22   357.7   10.1      25.024
2012    9       11     2  24    2.22   357.8   10.1      25.044
2012    9       11     2  33    2.22   357.9   10.1      25.064
2012    9       11     2  43    2.22   358.0   10.1      25.084
2012    9       11     2  53    2.22   358.0   10.1      25.102
2012    9       11     3   2    2.22   358.1   10.1      25.121
2012    9       11     3  12    2.22   358.2   10.1      25.138
2012    9       11     3  22    2.22   358.3   10.1      25.156
2012    9       11     3  31    2.22   358.4   10.1      25.172
2012    9       11     3  41    2.23   358.4   10.1      25.188
2012    9       11     3  50    2.23   358.5   10.1      25.203
2012    9       11     4   0    2.23   358.6   10.1      25.218
2012    9       11     4  10    2.23   358.7   10.1      25.232
2012    9       11     4  19    2.23   358.7   10.1      25.246
2012    9       11     4  29    2.23   358.8   10.1      25.259
2012    9       11     4  39    2.23   358.9   10.1      25.272
2012    9       11     4  48    2.23   359.0   10.1      25.284
2012    9       11     4  58    2.23   359.1   10.1      25.297
2012    9       11     5   8    2.23   359.1   10.1      25.309
2012    9       11     5  18    2.23   359.2   10.1      25.321
2012    9       11     5  27    2.23   359.3   10.1      25.333
2012    9       11     5  37    2.23   359.4   10.1      25.344
2012    9       11     5  47    2.24   359.4   10.0      25.355
2012    9       11     5  56    2.24   359.5   10.0      25.366
2012    9       11     6   6    2.24   359.6   10.0      25.376
2012    9       11     6  15    2.24   359.7   10.0      25.386
2012    9       11     6  25    2.24   359.8   10.0      25.395
2012    9       11     6  35    2.24   359.8   10.0      25.404
2012    9       11     6  44    2.24   359.9   10.0      25.413
2012    9       11     6  54    2.24   360.0   10.0      25.421
2012    9       11     7   3    2.24   360.1   10.0      25.429
2012    9       11     7  13    2.24   360.1   10.0      25.436
2012    9       11     7  23    2.24   360.2   10.0      25.443
2012    9       11     7  32    2.24   360.3   10.0      25.450
2012    9       11     7  42    2.24   360.4   10.0      25.457
2012    9       11     7  51    2.24   360.4   10.0      25.463
2012    9       11     8   1    2.24   360.5   10.0      25.469
2012    9       11     8  10    2.24   360.6    9.9      25.474
2012    9       11     8  20    2.24   360.7    9.9      25.480
2012    9       11     8  29    2.24   360.7    9.9      25.484
2012    9       11     8  39    2.24   360.8    9.9      25.489
2012    9       11     8  49    2.24   360.9    9.9      25.493
2012    9       11     8  58    2.24   360.9    9.9      25.497
2012    9       11     9   8    2.24   361.0    9.9      25.500
2012    9       11     9  17    2.24   361.1    9.9      25.503
2012    9       11     9  27    2.24   361.2    9.9      25.506
2012    9       11     9  36    2.24   361.2    9.9      25.508
2012    9       11     9  46    2.24   361.3    9.9      25.510
2012    9       11     9  56    2.24   361.4    9.9      25.511
2012    9       11    10   5    2.24   361.4    9.8      25.512
2012    9       11    10  15    2.24   361.5    9.8      25.512
2012    9       11    10  25    2.24   361.6    9.8      25.512
2012    9       11    10  34    2.24   361.6    9.8      25.512
2012    9       11    10  44    2.24   361.7    9.8      25.511
2012    9       11    10  53    2.24   361.8    9.8      25.510
2012    9       11    11   3    2.24   361.8    9.8      25.509
2012    9       11    11  13    2.23   361.9    9.8      25.507
2012    9       11    11  22    2.23   362.0    9.8      25.504
2012    9       11    11  32    2.23   362.0    9.8      25.502
2012    9       11    11  42    2.23   362.1    9.7      25.499
2012    9       11    11  51    2.23   362.2    9.7      25.495
2012    9       11    12   1    2.23   362.2    9.7      25.491
2012    9       11    12  11    2.23   362.3    9.7      25.487
2012    9       11    12  20    2.23   362.3    9.7      25.482
2012    9       11    12  30    2.23   362.4    9.7      25.477
2012    9       11    12  40    2.23   362.5    9.7      25.472
2012    9       11    12  49    2.23   362.5    9.7      25.466
2012    9       11    12  59    2.23   362.6    9.6      25.460
2012    9       11    13   9    2.23   362.6    9.6      25.454
2012    9       11    13  18    2.23   362.7    9.6      25.447
2012    9       11    13  28    2.23   362.8    9.6      25.440
2012    9       11    13  38    2.23   362.8    9.6      25.433
2012    9       11    13  47    2.22   362.9    9.6      25.425
2012    9       11    13  57    2.22   362.9    9.6      25.417
2012    9       11    14   6    2.22   363.0    9.6      25.409
2012    9       11    14  16    2.22   363.0    9.6      25.401
2012    9       11    14  26    2.22   363.1    9.5      25.393
2012    9       11    14  35    2.22   363.1    9.5      25.384
2012    9       11    14  45    2.22   363.2    9.5      25.375
2012    9       11    14  54    2.22   363.2    9.5      25.366
2012    9       11    15   4    2.22   363.3    9.5      25.357
2012    9       11    15  13    2.22   363.3    9.5      25.348
2012    9       11    15  23    2.22   363.4    9.5      25.339
2012    9       11    15  33    2.21   363.4    9.5      25.330
2012    9       11    15  42    2.21   363.5    9.5      25.321
2012    9       11    15  52    2.21   363.5    9.4      25.312
2012    9       11    16   1    2.21   363.6    9.4      25.303
2012    9       11    16  11    2.21   363.6    9.4      25.294
2012    9       11    16  20    2.21   363.7    9.4      25.286
2012    9       11    16  30    2.21   363.7    9.4      25.277
2012    9       11    16  39    2.21   363.7    9.4      25.268
2012    9       11    16  49    2.21   363.8    9.4      25.259
2012    9       11    16  59    2.21   363.8    9.4      25.251
2012    9       11    17   8    2.21   363.9    9.4      25.242
2012    9       11    17  18    2.20   363.9    9.4      25.234
2012    9       11    17  27    2.20   364.0    9.3      25.226
2012    9       11    17  37    2.20   364.0    9.3      25.218
2012    9       11    17  47    2.20   364.0    9.3      25.209
2012    9       11    17  56    2.20   364.1    9.3      25.201
2012    9       11    18   6    2.20   364.1    9.3      25.193
2012    9       11    18  16    2.20   364.2    9.3      25.186
2012    9       11    18  25    2.20   364.2    9.3      25.178
2012    9       11    18  35    2.20   364.2    9.3      25.170
2012    9       11    18  45    2.19   364.3    9.3      25.163
2012    9       11    18  54    2.19   364.3    9.3      25.155
2012    9       11    19   4    2.19   364.3    9.3      25.148
2012    9       11    19  14    2.19   364.4    9.3      25.141
2012    9       11    19  23    2.19   364.4    9.2      25.134
2012    9       11    19  33    2.19   364.4    9.2      25.127
2012    9       11    19  43    2.19   364.5    9.2      25.120
2012    9       11    19  52    2.19   364.5    9.2      25.114
2012    9       11    20   2    2.19   364.5    9.2      25.107
2012    9       11    20  12    2.19   364.6    9.2      25.101
2012    9       11    20  21    2.19   364.6    9.2      25.095
2012    9       11    20  31    2.18   364.6    9.2      25.089
2012    9       11    20  41    2.18   364.6    9.2      25.083
2012    9       11    20  50    2.18   364.7    9.2      25.078
2012    9       11    21   0    2.18   364.7    9.2      25.073
2012    9       11    21   9    2.18   364.7    9.2      25.068
2012    9       11    21  19    2.18   364.8    9.2      25.062
2012    9       11    21  29    2.18   364.8    9.2      25.057
2012    9       11    21  38    2.18   364.8    9.1      25.052
2012    9       11    21  48    2.18   364.8    9.1      25.047
2012    9       11    21  57    2.18   364.9    9.1      25.042
2012    9       11    22   7    2.18   364.9    9.1      25.037
2012    9       11    22  16    2.18   364.9    9.1      25.033
2012    9       11    22  26    2.18   364.9    9.1      25.028
2012    9       11    22  36    2.17   364.9    9.1      25.024
2012    9       11    22  45    2.17   365.0    9.1      25.019
2012    9       11    22  55    2.17   365.0    9.1      25.015
2012    9       11    23   4    2.17   365.0    9.1      25.012
2012    9       11    23  14    2.17   365.0    9.1      25.008
2012    9       11    23  23    2.17   365.0    9.1      25.004
2012    9       11    23  33    2.17   365.1    9.1      25.001
2012    9       11    23  42    2.17   365.1    9.1      24.998
2012    9       11    23  52    2.17   365.1    9.1      24.996
2012    9       12     0   2    2.17   365.1    9.1      24.993
2012    9       12     0  11    2.17   365.2    9.1      24.991
2012    9       12     0  21    2.17   365.2    9.1      24.989
2012    9       12     0  30    2.17   365.2    9.1      24.988
2012    9       12     0  40    2.17   365.2    9.1      24.986
2012    9       12     0  50    2.17   365.2    9.1      24.986
2012    9       12     0  59    2.17   365.2    9.1      24.985
2012    9       12     1   9    2.16   365.3    9.1      24.985
2012    9       12     1  19    2.16   365.3    9.1      24.985
2012    9       12     1  28    2.16   365.3    9.1      24.986
2012    9       12     1  38    2.16   365.3    9.1      24.987
2012    9       12     1  48    2.16   365.3    9.1      24.988
2012    9       12     1  57    2.16   365.4    9.0      24.990
2012    9       12     2   7    2.16   365.4    9.0      24.992
2012    9       12     2  17    2.16   365.4    9.0      24.994
2012    9       12     2  26    2.16   365.4    9.0      24.998
2012    9       12     2  36    2.16   365.4    9.0      25.001
2012    9       12     2  46    2.16   365.5    9.0      25.005
2012    9       12     2  55    2.16   365.5    9.1      25.010
2012    9       12     3   5    2.16   365.5    9.1      25.014
2012    9       12     3  15    2.16   365.5    9.1      25.020
2012    9       12     3  24    2.16   365.5    9.1      25.026
2012    9       12     3  34    2.16   365.6    9.1      25.032
2012    9       12     3  44    2.16   365.6    9.1      25.039
2012    9       12     3  53    2.16   365.6    9.1      25.046
2012    9       12     4   3    2.16   365.6    9.1      25.054
2012    9       12     4  12    2.16   365.6    9.1      25.062
2012    9       12     4  22    2.16   365.7    9.1      25.070
2012    9       12     4  32    2.16   365.7    9.1      25.079
2012    9       12     4  41    2.16   365.7    9.1      25.087
2012    9       12     4  51    2.16   365.7    9.1      25.096
2012    9       12     5   0    2.16   365.7    9.1      25.105
2012    9       12     5  10    2.16   365.8    9.1      25.115
2012    9       12     5  20    2.16   365.8    9.1      25.124
2012    9       12     5  29    2.16   365.8    9.1      25.133
2012    9       12     5  39    2.16   365.8    9.1      25.143
2012    9       12     5  48    2.16   365.8    9.1      25.152
2012    9       12     5  58    2.16   365.9    9.1      25.162
2012    9       12     6   7    2.16   365.9    9.1      25.172
2012    9       12     6  17    2.16   365.9    9.1      25.181
2012    9       12     6  26    2.16   365.9    9.1      25.191
2012    9       12     6  36    2.16   365.9    9.1      25.201
2012    9       12     6  45    2.16   366.0    9.1      25.211
2012    9       12     6  55    2.16   366.0    9.1      25.221
2012    9       12     7   5    2.16   366.0    9.1      25.231
2012    9       12     7  14    2.17   366.0    9.1      25.241
2012    9       12     7  24    2.17   366.0    9.1      25.252
2012    9       12     7  33    2.17   366.1    9.1      25.262
2012    9       12     7  43    2.17   366.1    9.1      25.273
2012    9       12     7  53    2.17   366.1    9.1      25.284
2012    9       12     8   2    2.17   366.1    9.1      25.295
2012    9       12     8  12    2.17   366.2    9.1      25.306
2012    9       12     8  21    2.17   366.2    9.1      25.317
2012    9       12     8  31    2.17   366.2    9.1      25.329
2012    9       12     8  41    2.17   366.2    9.1      25.340
2012    9       12     8  50    2.17   366.3    9.1      25.352
2012    9       12     9   0    2.17   366.3    9.1      25.364
2012    9       12     9  10    2.17   366.3    9.1      25.376
2012    9       12     9  19    2.17   366.3    9.1      25.387
2012    9       12     9  29    2.17   366.4    9.1      25.399
2012    9       12     9  39    2.17   366.4    9.1      25.412
2012    9       12     9  48    2.17   366.4    9.1      25.424
2012    9       12     9  58    2.17   366.4    9.1      25.436
2012    9       12    10   8    2.17   366.5    9.1      25.449
2012    9       12    10  17    2.18   366.5    9.1      25.461
2012    9       12    10  27    2.18   366.5    9.1      25.474
2012    9       12    10  37    2.18   366.5    9.1      25.487
2012    9       12    10  46    2.18   366.6    9.1      25.500
2012    9       12    10  56    2.18   366.6    9.1      25.513
2012    9       12    11   6    2.18   366.6    9.1      25.527
2012    9       12    11  15    2.18   366.6    9.1      25.540
2012    9       12    11  25    2.18   366.7    9.1      25.553
2012    9       12    11  35    2.18   366.7    9.1      25.567
2012    9       12    11  44    2.18   366.7    9.1      25.580
2012    9       12    11  54    2.18   366.7    9.1      25.593
2012    9       12    12   3    2.18   366.8    9.1      25.607
2012    9       12    12  13    2.18   366.8    9.1      25.620
2012    9       12    12  23    2.18   366.8    9.1      25.633
2012    9       12    12  32    2.18   366.8    9.1      25.645
2012    9       12    12  42    2.18   366.8    9.1      25.658
2012    9       12    12  51    2.18   366.9    9.1      25.671
2012    9       12    13   1    2.18   366.9    9.1      25.683
2012    9       12    13  10    2.18   366.9    9.1      25.696
2012    9       12    13  20    2.18   366.9    9.1      25.708
2012    9       12    13  29    2.18   366.9    9.1      25.720
2012    9       12    13  39    2.18   366.9    9.1      25.732
2012    9       12    13  48    2.18   367.0    9.1      25.744
2012    9       12    13  58    2.18   367.0    9.1      25.755
2012    9       12    14   8    2.18   367.0    9.1      25.767
2012    9       12    14  17    2.18   367.0    9.1      25.778
2012    9       12    14  27    2.18   367.0    9.1      25.789
2012    9       12    14  36    2.18   367.0    9.1      25.800
2012    9       12    14  46    2.18   367.1    9.1      25.811
2012    9       12    14  56    2.18   367.1    9.1      25.821
2012    9       12    15   5    2.18   367.1    9.1      25.831
2012    9       12    15  15    2.18   367.1    9.1      25.841
2012    9       12    15  24    2.18   367.1    9.1      25.851
2012    9       12    15  34    2.18   367.1    9.1      25.860
2012    9       12    15  44    2.18   367.1    9.1      25.870
2012    9       12    15  53    2.18   367.1    9.1      25.879
2012    9       12    16   3    2.18   367.2    9.1      25.888
2012    9       12    16  13    2.18   367.2    9.1      25.897
2012    9       12    16  22    2.18   367.2    9.1      25.906
2012    9       12    16  32    2.18   367.2    9.1      25.914
2012    9       12    16  42    2.18   367.2    9.1      25.923
2012    9       12    16  51    2.18   367.2    9.1      25.931
2012    9       12    17   1    2.18   367.2    9.1      25.939
2012    9       12    17  11    2.18   367.2    9.1      25.947
2012    9       12    17  20    2.18   367.3    9.1      25.955
2012    9       12    17  30    2.18   367.3    9.1      25.963
2012    9       12    17  40    2.18   367.3    9.1      25.971
2012    9       12    17  49    2.18   367.3    9.1      25.979
2012    9       12    17  59    2.18   367.3    9.1      25.986
2012    9       12    18   9    2.18   367.3    9.1      25.994
2012    9       12    18  18    2.18   367.3    9.1      26.002
2012    9       12    18  28    2.18   367.3    9.1      26.009
2012    9       12    18  38    2.18   367.3    9.1      26.017
2012    9       12    18  47    2.18   367.3    9.1      26.024
2012    9       12    18  57    2.18   367.4    9.1      26.032
2012    9       12    19   6    2.18   367.4    9.1      26.040
2012    9       12    19  16    2.18   367.4    9.0      26.047
2012    9       12    19  26    2.18   367.4    9.0      26.055
2012    9       12    19  35    2.18   367.4    9.0      26.063
2012    9       12    19  45    2.18   367.4    9.0      26.071
2012    9       12    19  54    2.19   367.4    9.0      26.079
2012    9       12    20   4    2.19   367.4    9.0      26.087
2012    9       12    20  13    2.19   367.4    9.0      26.095
2012    9       12    20  23    2.19   367.4    9.0      26.103
2012    9       12    20  32    2.19   367.5    9.0      26.111
2012    9       12    20  42    2.19   367.5    9.0      26.119
2012    9       12    20  51    2.19   367.5    9.0      26.128
2012    9       12    21   1    2.19   367.5    9.0      26.136
2012    9       12    21  11    2.19   367.5    9.0      26.145
2012    9       12    21  20    2.19   367.5    9.0      26.153
2012    9       12    21  30    2.19   367.5    9.0      26.162
2012    9       12    21  39    2.19   367.6    9.0      26.170
2012    9       12    21  49    2.20   367.6    9.0      26.179
2012    9       12    21  59    2.20   367.6    9.0      26.187
2012    9       12    22   8    2.20   367.6    9.0      26.196
2012    9       12    22  18    2.20   367.6    9.0      26.204
2012    9       12    22  27    2.20   367.7    9.0      26.212
2012    9       12    22  37    2.20   367.7    9.0      26.220
2012    9       12    22  47    2.20   367.7    9.0      26.228
2012    9       12    22  56    2.20   367.7    9.0      26.236
2012    9       12    23   6    2.20   367.7    9.0      26.244
2012    9       12    23  16    2.21   367.8    9.0      26.251
2012    9       12    23  25    2.21   367.8    9.0      26.258
2012    9       12    23  35    2.21   367.8    9.0      26.265
2012    9       12    23  44    2.21   367.8    9.0      26.272
2012    9       12    23  54    2.21   367.8    9.0      26.278
2012    9       13     0   4    2.21   367.9    9.0      26.285
2012    9       13     0  14    2.21   367.9    9.0      26.290
2012    9       13     0  23    2.22   367.9    9.0      26.296
2012    9       13     0  33    2.22   367.9    9.0      26.301
2012    9       13     0  43    2.22   368.0    9.0      26.306
2012    9       13     0  52    2.22   368.0    9.0      26.311
2012    9       13     1   2    2.22   368.0    9.0      26.316
2012    9       13     1  12    2.22   368.1    9.0      26.320
2012    9       13     1  21    2.23   368.1    9.1      26.324
2012    9       13     1  31    2.23   368.1    9.1      26.327
2012    9       13     1  40    2.23   368.2    9.1      26.331
2012    9       13     1  50    2.23   368.2    9.1      26.334
2012    9       13     2   0    2.23   368.2    9.1      26.337
2012    9       13     2   9    2.23   368.2    9.1      26.340
2012    9       13     2  19    2.24   368.3    9.1      26.342
2012    9       13     2  29    2.24   368.3    9.1      26.344
2012    9       13     2  38    2.24   368.4    9.1      26.346
2012    9       13     2  48    2.24   368.4    9.1      26.348
2012    9       13     2  57    2.24   368.4    9.1      26.350
2012    9       13     3   7    2.25   368.5    9.1      26.352
2012    9       13     3  16    2.25   368.5    9.1      26.354
2012    9       13     3  26    2.25   368.5    9.1      26.356
2012    9       13     3  35    2.25   368.6    9.1      26.357
2012    9       13     3  45    2.25   368.6    9.1      26.359
2012    9       13     3  54    2.26   368.6    9.1      26.361
2012    9       13     4   4    2.26   368.7    9.2      26.363
2012    9       13     4  14    2.26   368.7    9.2      26.366
2012    9       13     4  23    2.26   368.8    9.2      26.368
2012    9       13     4  33    2.27   368.8    9.2      26.371
2012    9       13     4  42    2.27   368.9    9.2      26.374
2012    9       13     4  52    2.27   368.9    9.2      26.377
2012    9       13     5   1    2.28   369.0    9.2      26.381
2012    9       13     5  11    2.28   369.0    9.2      26.386
2012    9       13     5  21    2.28   369.1    9.2      26.392
2012    9       13     5  30    2.28   369.1    9.3      26.399
2012    9       13     5  40    2.29   369.2    9.3      26.407
2012    9       13     5  49    2.29   369.2    9.3      26.415
2012    9       13     5  59    2.29   369.3    9.3      26.423
2012    9       13     6   9    2.29   369.3    9.3      26.432
2012    9       13     6  18    2.30   369.4    9.3      26.441
2012    9       13     6  28    2.30   369.4    9.3      26.450
2012    9       13     6  38    2.30   369.5    9.3      26.460
2012    9       13     6  47    2.31   369.6    9.3      26.469
2012    9       13     6  57    2.31   369.6    9.4      26.479
2012    9       13     7   7    2.31   369.7    9.4      26.490
2012    9       13     7  16    2.31   369.7    9.4      26.500
2012    9       13     7  26    2.32   369.8    9.4      26.512
2012    9       13     7  36    2.32   369.8    9.4      26.523
2012    9       13     7  45    2.32   369.9    9.4      26.535
2012    9       13     7  55    2.33   370.0    9.4      26.548
2012    9       13     8   5    2.33   370.0    9.4      26.562
2012    9       13     8  14    2.33   370.1    9.5      26.577
2012    9       13     8  24    2.34   370.2    9.5      26.593
2012    9       13     8  34    2.34   370.3    9.5      26.611
2012    9       13     8  43    2.34   370.4    9.5      26.630
2012    9       13     8  53    2.35   370.4    9.5      26.650
2012    9       13     9   3    2.35   370.5    9.5      26.671
2012    9       13     9  12    2.35   370.6    9.5      26.693
2012    9       13     9  22    2.36   370.7    9.5      26.715
2012    9       13     9  31    2.36   370.8    9.6      26.737
2012    9       13     9  41    2.36   370.9    9.6      26.759
2012    9       13     9  51    2.37   371.0    9.6      26.781
2012    9       13    10   0    2.37   371.1    9.6      26.803
2012    9       13    10  10    2.37   371.2    9.6      26.825
2012    9       13    10  19    2.38   371.3    9.6      26.847
2012    9       13    10  29    2.38   371.4    9.6      26.869
2012    9       13    10  38    2.38   371.5    9.6      26.891
2012    9       13    10  48    2.39   371.6    9.7      26.914
2012    9       13    10  57    2.39   371.7    9.7      26.936
2012    9       13    11   7    2.39   371.8    9.7      26.961
2012    9       13    11  17    2.40   371.9    9.7      26.988
2012    9       13    11  26    2.40   372.1    9.7      27.016
2012    9       13    11  36    2.40   372.2    9.7      27.047
2012    9       13    11  45    2.41   372.3    9.7      27.078
2012    9       13    11  55    2.41   372.4    9.7      27.110
2012    9       13    12   4    2.42   372.6    9.8      27.140
2012    9       13    12  14    2.42   372.7    9.8      27.170
2012    9       13    12  24    2.42   372.9    9.8      27.200
2012    9       13    12  33    2.43   373.0    9.8      27.228
2012    9       13    12  43    2.43   373.1    9.8      27.256
2012    9       13    12  52    2.43   373.3    9.8      27.283
2012    9       13    13   2    2.44   373.4    9.8      27.310
2012    9       13    13  12    2.44   373.5    9.8      27.337
2012    9       13    13  21    2.44   373.7    9.8      27.364
2012    9       13    13  31    2.44   373.8    9.8      27.392
2012    9       13    13  40    2.45   373.9    9.8      27.419
2012    9       13    13  50    2.45   374.1    9.8      27.446
2012    9       13    14   0    2.45   374.2    9.9      27.472
2012    9       13    14   9    2.45   374.3    9.9      27.497
2012    9       13    14  19    2.46   374.4    9.9      27.522
2012    9       13    14  29    2.46   374.6    9.9      27.547
2012    9       13    14  38    2.46   374.7    9.9      27.571
2012    9       13    14  48    2.46   374.8    9.9      27.594
2012    9       13    14  58    2.47   375.0    9.9      27.618
2012    9       13    15   7    2.47   375.1    9.9      27.641
2012    9       13    15  17    2.47   375.2    9.9      27.664
2012    9       13    15  27    2.47   375.3    9.9      27.688
2012    9       13    15  36    2.47   375.5    9.9      27.712
2012    9       13    15  46    2.48   375.6    9.9      27.736
2012    9       13    15  56    2.48   375.7    9.9      27.761
2012    9       13    16   5    2.48   375.9    9.9      27.787
2012    9       13    16  15    2.48   376.0    9.9      27.813
2012    9       13    16  25    2.49   376.2    9.9      27.841
2012    9       13    16  34    2.49   376.3   10.0      27.869
2012    9       13    16  44    2.49   376.5   10.0      27.897
2012    9       13    16  54    2.49   376.6   10.0      27.926
2012    9       13    17   3    2.49   376.8   10.0      27.955
2012    9       13    17  13    2.50   376.9   10.0      27.985
2012    9       13    17  22    2.50   377.0   10.0      28.013
2012    9       13    17  32    2.50   377.2   10.0      28.043
2012    9       13    17  41    2.50   377.3   10.0      28.072
2012    9       13    17  51    2.50   377.5   10.0      28.103
2012    9       13    18   1    2.51   377.6   10.0      28.134
2012    9       13    18  10    2.51   377.8   10.0      28.167
2012    9       13    18  20    2.51   377.9   10.0      28.202
2012    9       13    18  29    2.51   378.1   10.0      28.237
2012    9       13    18  39    2.52   378.3   10.1      28.275
2012    9       13    18  48    2.52   378.4   10.1      28.319
2012    9       13    18  58    2.52   378.6   10.1      28.369
2012    9       13    19   7    2.53   378.9   10.1      28.424
2012    9       13    19  17    2.53   379.1   10.1      28.486
2012    9       13    19  27    2.53   379.4   10.1      28.552
2012    9       13    19  36    2.53   379.6   10.1      28.617
2012    9       13    19  46    2.54   379.9   10.1      28.680
2012    9       13    19  55    2.54   380.1   10.1      28.740
2012    9       13    20   5    2.54   380.4   10.2      28.799
2012    9       13    20  14    2.54   380.6   10.2      28.856
2012    9       13    20  24    2.55   380.9   10.2      28.911
2012    9       13    20  34    2.55   381.2   10.2      28.963
2012    9       13    20  43    2.55   381.4   10.2      29.013
2012    9       13    20  53    2.55   381.7   10.2      29.060
2012    9       13    21   3    2.55   381.9   10.2      29.105
2012    9       13    21  12    2.55   382.2   10.2      29.148
2012    9       13    21  22    2.55   382.4   10.1      29.189
2012    9       13    21  32    2.55   382.7   10.1      29.227
2012    9       13    21  41    2.55   382.9   10.1      29.264
2012    9       13    21  51    2.55   383.1   10.1      29.297
2012    9       13    22   1    2.55   383.4   10.1      29.329
2012    9       13    22  10    2.55   383.6   10.1      29.358
2012    9       13    22  20    2.55   383.9   10.1      29.385
2012    9       13    22  30    2.55   384.1   10.1      29.411
2012    9       13    22  39    2.55   384.3   10.1      29.434
2012    9       13    22  49    2.55   384.5   10.1      29.456
2012    9       13    22  59    2.55   384.8   10.1      29.477
2012    9       13    23   8    2.55   385.0   10.0      29.496
2012    9       13    23  18    2.55   385.2   10.0      29.516
2012    9       13    23  28    2.55   385.4   10.0      29.535
2012    9       13    23  37    2.55   385.6   10.0      29.555
2012    9       13    23  47    2.55   385.8   10.0      29.575
2012    9       13    23  56    2.55   386.0   10.0      29.597
2012    9       14     0   6    2.55   386.2   10.0      29.619
2012    9       14     0  16    2.55   386.4   10.0      29.642
2012    9       14     0  25    2.55   386.6   10.0      29.665
2012    9       14     0  35    2.55   386.8   10.0      29.688
2012    9       14     0  44    2.55   387.0   10.0      29.713
2012    9       14     0  54    2.55   387.2   10.0      29.740
2012    9       14     1   4    2.55   387.4    9.9      29.768
2012    9       14     1  13    2.55   387.6    9.9      29.797
2012    9       14     1  23    2.55   387.8    9.9      29.830
2012    9       14     1  32    2.55   388.0    9.9      29.867
2012    9       14     1  42    2.55   388.2    9.9      29.907
2012    9       14     1  51    2.55   388.4    9.9      29.950
2012    9       14     2   1    2.55   388.7    9.9      29.998
2012    9       14     2  10    2.55   388.9    9.9      30.050
2012    9       14     2  20    2.55   389.2    9.9      30.105
2012    9       14     2  29    2.55   389.5    9.9      30.163
2012    9       14     2  39    2.55   389.8    9.9      30.224
2012    9       14     2  49    2.55   390.1    9.9      30.285
2012    9       14     2  58    2.55   390.4    9.9      30.343
2012    9       14     3   8    2.55   390.7    9.9      30.399
2012    9       14     3  17    2.55   391.0    9.9      30.453
2012    9       14     3  27    2.55   391.3    9.9      30.504
2012    9       14     3  37    2.55   391.6    9.9      30.552
2012    9       14     3  46    2.54   392.0    9.9      30.597
2012    9       14     3  56    2.54   392.3    9.9      30.640
2012    9       14     4   5    2.54   392.6    9.9      30.680
2012    9       14     4  15    2.54   392.9    9.8      30.717
2012    9       14     4  25    2.54   393.2    9.8      30.752
2012    9       14     4  34    2.53   393.5    9.8      30.783
2012    9       14     4  44    2.53   393.8    9.8      30.812
2012    9       14     4  54    2.53   394.1    9.8      30.839
2012    9       14     5   3    2.53   394.5    9.7      30.862
2012    9       14     5  13    2.52   394.8    9.7      30.883
2012    9       14     5  23    2.52   395.1    9.7      30.901
2012    9       14     5  32    2.52   395.4    9.7      30.917
2012    9       14     5  42    2.51   395.7    9.7      30.931
2012    9       14     5  52    2.51   396.0    9.6      30.943
2012    9       14     6   2    2.51   396.3    9.6      30.954
2012    9       14     6  11    2.51   396.6    9.6      30.964
2012    9       14     6  21    2.50   397.0    9.5      30.973
2012    9       14     6  30    2.50   397.3    9.5      30.981
2012    9       14     6  40    2.49   397.6    9.5      30.988
2012    9       14     6  50    2.49   397.9    9.5      30.992
2012    9       14     6  59    2.49   398.2    9.4      30.994
2012    9       14     7   9    2.48   398.5    9.4      30.993
2012    9       14     7  19    2.48   398.8    9.4      30.990
2012    9       14     7  28    2.47   399.1    9.3      30.982
2012    9       14     7  38    2.47   399.3    9.3      30.967
2012    9       14     7  47    2.46   399.6    9.3      30.947
2012    9       14     7  57    2.45   399.8    9.2      30.924
2012    9       14     8   7    2.45   400.0    9.2      30.898
2012    9       14     8  16    2.44   400.2    9.1      30.871
2012    9       14     8  26    2.44   400.4    9.1      30.847
2012    9       14     8  35    2.43   400.7    9.1      30.826
2012    9       14     8  45    2.43   400.9    9.1      30.809
2012    9       14     8  54    2.42   401.1    9.0      30.795
2012    9       14     9   4    2.41   401.3    9.0      30.785
2012    9       14     9  13    2.41   401.5    9.0      30.777
2012    9       14     9  23    2.40   401.8    8.9      30.771
2012    9       14     9  32    2.40   402.0    8.9      30.766
2012    9       14     9  42    2.39   402.2    8.9      30.760
2012    9       14     9  52    2.39   402.5    8.9      30.754
2012    9       14    10   1    2.38   402.7    8.8      30.747
2012    9       14    10  11    2.38   402.9    8.8      30.739
2012    9       14    10  20    2.37   403.2    8.8      30.731
2012    9       14    10  30    2.37   403.4    8.8      30.721
2012    9       14    10  40    2.36   403.6    8.7      30.710
2012    9       14    10  49    2.35   403.8    8.7      30.697
2012    9       14    10  59    2.35   404.1    8.7      30.683
2012    9       14    11   8    2.34   404.3    8.6      30.668
2012    9       14    11  18    2.34   404.5    8.6      30.651
2012    9       14    11  28    2.33   404.7    8.6      30.633
2012    9       14    11  37    2.33   405.0    8.6      30.614
2012    9       14    11  47    2.32   405.2    8.5      30.594
2012    9       14    11  57    2.31   405.4    8.5      30.573
2012    9       14    12   6    2.31   405.6    8.5      30.551
2012    9       14    12  16    2.30   405.8    8.4      30.527
2012    9       14    12  26    2.30   406.1    8.4      30.501
2012    9       14    12  35    2.29   406.3    8.4      30.475
2012    9       14    12  45    2.28   406.5    8.3      30.446
2012    9       14    12  55    2.28   406.7    8.3      30.416
2012    9       14    13   4    2.27   406.9    8.3      30.385
2012    9       14    13  14    2.26   407.2    8.3      30.354
2012    9       14    13  24    2.26   407.4    8.2      30.319
2012    9       14    13  33    2.25   407.6    8.2      30.283
2012    9       14    13  43    2.24   407.9    8.2      30.244
2012    9       14    13  53    2.24   408.1    8.1      30.203
2012    9       14    14   2    2.23   408.3    8.1      30.160
2012    9       14    14  12    2.22   408.5    8.0      30.116
2012    9       14    14  22    2.21   408.7    8.0      30.068
2012    9       14    14  31    2.21   408.9    8.0      30.018
2012    9       14    14  41    2.20   409.1    7.9      29.966
2012    9       14    14  50    2.19   409.3    7.9      29.906
2012    9       14    15   0    2.18   409.5    7.8      29.838
2012    9       14    15  10    2.17   409.6    7.8      29.766
2012    9       14    15  19    2.17   409.7    7.8      29.688
2012    9       14    15  29    2.16   409.8    7.7      29.606
2012    9       14    15  38    2.15   409.9    7.7      29.525
2012    9       14    15  48    2.14   410.0    7.7      29.445
2012    9       14    15  57    2.14   410.0    7.6      29.366
2012    9       14    16   7    2.13   410.1    7.6      29.288
2012    9       14    16  16    2.12   410.1    7.6      29.210
2012    9       14    16  26    2.12   410.2    7.5      29.136
2012    9       14    16  35    2.11   410.2    7.5      29.063
2012    9       14    16  45    2.10   410.3    7.5      28.992
2012    9       14    16  55    2.10   410.3    7.5      28.925
2012    9       14    17   4    2.09   410.4    7.4      28.862
2012    9       14    17  14    2.08   410.4    7.4      28.801
2012    9       14    17  23    2.08   410.5    7.4      28.743
2012    9       14    17  33    2.07   410.5    7.4      28.687
2012    9       14    17  42    2.07   410.6    7.3      28.632
2012    9       14    17  52    2.06   410.6    7.3      28.577
2012    9       14    18   2    2.05   410.7    7.3      28.521
2012    9       14    18  11    2.05   410.7    7.3      28.465
2012    9       14    18  21    2.04   410.7    7.3      28.409
2012    9       14    18  31    2.04   410.8    7.2      28.352
2012    9       14    18  40    2.03   410.8    7.2      28.296
2012    9       14    18  50    2.03   410.8    7.2      28.239
2012    9       14    18  59    2.02   410.8    7.2      28.183
2012    9       14    19   9    2.01   410.9    7.2      28.127
2012    9       14    19  19    2.01   410.9    7.1      28.071
2012    9       14    19  28    2.00   410.9    7.1      28.015
2012    9       14    19  38    2.00   410.9    7.1      27.959
2012    9       14    19  48    1.99   410.9    7.1      27.902
2012    9       14    19  57    1.99   410.9    7.1      27.844
2012    9       14    20   7    1.98   411.0    7.0      27.785
2012    9       14    20  17    1.98   411.0    7.0      27.725
2012    9       14    20  27    1.97   411.0    7.0      27.664
2012    9       14    20  36    1.96   411.0    7.0      27.601
2012    9       14    20  46    1.96   411.0    7.0      27.534
2012    9       14    20  55    1.95   411.0    6.9      27.466
2012    9       14    21   5    1.95   411.0    6.9      27.395
2012    9       14    21  15    1.94   410.9    6.9      27.324
2012    9       14    21  24    1.94   410.9    6.9      27.253
2012    9       14    21  34    1.93   410.9    6.8      27.183
2012    9       14    21  44    1.93   410.8    6.8      27.113
2012    9       14    21  53    1.92   410.8    6.8      27.045
2012    9       14    22   3    1.92   410.7    6.8      26.978
2012    9       14    22  12    1.91   410.6    6.8      26.912
2012    9       14    22  22    1.91   410.5    6.8      26.847
2012    9       14    22  32    1.90   410.5    6.7      26.784
2012    9       14    22  41    1.90   410.4    6.7      26.720
2012    9       14    22  51    1.90   410.3    6.7      26.657
2012    9       14    23   0    1.89   410.2    6.7      26.595
2012    9       14    23  10    1.89   410.0    6.7      26.534
2012    9       14    23  19    1.88   409.9    6.7      26.474
2012    9       14    23  29    1.88   409.8    6.7      26.416
2012    9       14    23  38    1.88   409.7    6.7      26.360
2012    9       14    23  48    1.87   409.6    6.7      26.306
2012    9       14    23  58    1.87   409.5    6.7      26.253
2012    9       15     0   7    1.87   409.4    6.6      26.203
2012    9       15     0  17    1.86   409.3    6.6      26.157
2012    9       15     0  26    1.86   409.1    6.6      26.114
2012    9       15     0  36    1.86   409.0    6.6      26.073
2012    9       15     0  45    1.86   408.9    6.6      26.036
2012    9       15     0  55    1.85   408.8    6.6      25.999
2012    9       15     1   5    1.85   408.7    6.6      25.962
2012    9       15     1  14    1.85   408.6    6.6      25.924
2012    9       15     1  24    1.85   408.5    6.6      25.887
2012    9       15     1  33    1.84   408.4    6.6      25.849
2012    9       15     1  43    1.84   408.3    6.6      25.811
2012    9       15     1  53    1.84   408.2    6.6      25.773
2012    9       15     2   2    1.84   408.0    6.6      25.735
2012    9       15     2  12    1.84   407.9    6.6      25.697
2012    9       15     2  22    1.83   407.8    6.6      25.659
2012    9       15     2  31    1.83   407.7    6.6      25.621
2012    9       15     2  41    1.83   407.5    6.6      25.584
2012    9       15     2  51    1.83   407.4    6.6      25.547
2012    9       15     3   0    1.83   407.3    6.6      25.510
2012    9       15     3  10    1.82   407.1    6.6      25.473
2012    9       15     3  20    1.82   407.0    6.6      25.436
2012    9       15     3  29    1.82   406.9    6.6      25.400
2012    9       15     3  39    1.82   406.7    6.6      25.364
2012    9       15     3  49    1.82   406.6    6.6      25.329
2012    9       15     3  58    1.82   406.5    6.6      25.294
2012    9       15     4   8    1.82   406.3    6.6      25.259
2012    9       15     4  18    1.81   406.2    6.6      25.225
2012    9       15     4  27    1.81   406.0    6.6      25.190
2012    9       15     4  37    1.81   405.9    6.6      25.156
2012    9       15     4  47    1.81   405.7    6.6      25.122
2012    9       15     4  56    1.81   405.6    6.6      25.088
2012    9       15     5   6    1.81   405.4    6.6      25.054
2012    9       15     5  15    1.81   405.2    6.6      25.021
2012    9       15     5  25    1.81   405.1    6.6      24.987
2012    9       15     5  35    1.81   404.9    6.6      24.955
2012    9       15     5  44    1.81   404.7    6.6      24.924
2012    9       15     5  54    1.81   404.6    6.6      24.893
2012    9       15     6   3    1.80   404.4    6.6      24.864
2012    9       15     6  13    1.80   404.2    6.6      24.836
2012    9       15     6  22    1.80   404.1    6.6      24.811
2012    9       15     6  32    1.80   403.9    6.6      24.787
2012    9       15     6  42    1.80   403.7    6.6      24.764
2012    9       15     6  51    1.80   403.6    6.6      24.743
2012    9       15     7   1    1.81   403.4    6.6      24.723
2012    9       15     7  10    1.81   403.2    6.6      24.703
2012    9       15     7  20    1.81   403.1    6.6      24.683
2012    9       15     7  29    1.81   402.9    6.6      24.665
2012    9       15     7  39    1.81   402.7    6.6      24.647
2012    9       15     7  48    1.81   402.6    6.6      24.630
2012    9       15     7  58    1.81   402.4    6.6      24.614
2012    9       15     8   8    1.81   402.2    6.7      24.599
2012    9       15     8  17    1.81   402.0    6.7      24.586
2012    9       15     8  27    1.82   401.9    6.7      24.574
2012    9       15     8  36    1.82   401.7    6.7      24.565
2012    9       15     8  46    1.82   401.5    6.7      24.557
2012    9       15     8  56    1.82   401.3    6.7      24.552
2012    9       15     9   5    1.83   401.1    6.7      24.550
2012    9       15     9  15    1.83   401.0    6.8      24.551
2012    9       15     9  24    1.83   400.8    6.8      24.556
2012    9       15     9  34    1.84   400.6    6.8      24.563
2012    9       15     9  44    1.84   400.4    6.8      24.573
2012    9       15     9  53    1.85   400.3    6.9      24.588
2012    9       15    10   3    1.85   400.2    6.9      24.613
2012    9       15    10  13    1.85   400.0    6.9      24.645
2012    9       15    10  22    1.86   399.9    6.9      24.684
2012    9       15    10  32    1.86   399.9    7.0      24.730
2012    9       15    10  42    1.87   399.8    7.0      24.778
2012    9       15    10  52    1.87   399.7    7.0      24.826
2012    9       15    11   1    1.88   399.6    7.1      24.872
2012    9       15    11  11    1.88   399.5    7.1      24.917
2012    9       15    11  21    1.89   399.4    7.1      24.962
2012    9       15    11  30    1.89   399.3    7.1      25.006
2012    9       15    11  40    1.90   399.2    7.2      25.048
2012    9       15    11  49    1.90   399.1    7.2      25.089
2012    9       15    11  59    1.91   399.0    7.2      25.130
2012    9       15    12   9    1.91   398.9    7.2      25.171
2012    9       15    12  18    1.92   398.8    7.2      25.211
2012    9       15    12  28    1.92   398.7    7.3      25.252
2012    9       15    12  38    1.93   398.7    7.3      25.293
2012    9       15    12  47    1.93   398.6    7.3      25.334
2012    9       15    12  57    1.94   398.5    7.3      25.376
2012    9       15    13   6    1.94   398.5    7.4      25.421
2012    9       15    13  16    1.95   398.4    7.4      25.467
2012    9       15    13  25    1.96   398.3    7.4      25.515
2012    9       15    13  35    1.96   398.3    7.4      25.565
2012    9       15    13  45    1.97   398.3    7.5      25.616
2012    9       15    13  54    1.97   398.2    7.5      25.668
2012    9       15    14   4    1.98   398.2    7.5      25.719
2012    9       15    14  13    1.99   398.1    7.5      25.772
2012    9       15    14  23    1.99   398.1    7.6      25.825
2012    9       15    14  32    2.00   398.1    7.6      25.879
2012    9       15    14  42    2.01   398.1    7.6      25.934
2012    9       15    14  51    2.01   398.0    7.7      25.991
2012    9       15    15   1    2.02   398.0    7.7      26.050
2012    9       15    15  10    2.03   398.0    7.7      26.111
2012    9       15    15  20    2.03   398.0    7.7      26.176
2012    9       15    15  30    2.04   398.0    7.8      26.244
2012    9       15    15  39    2.05   398.0    7.8      26.315
2012    9       15    15  49    2.06   398.0    7.8      26.391
2012    9       15    15  58    2.06   398.1    7.9      26.472
2012    9       15    16   8    2.07   398.1    7.9      26.559
2012    9       15    16  18    2.08   398.1    8.0      26.652
2012    9       15    16  27    2.09   398.2    8.0      26.751
2012    9       15    16  37    2.10   398.3    8.1      26.859
2012    9       15    16  47    2.11   398.3    8.1      26.976
2012    9       15    16  56    2.12   398.4    8.2      27.099
2012    9       15    17   6    2.13   398.5    8.3      27.231
2012    9       15    17  16    2.15   398.7    8.3      27.380
2012    9       15    17  25    2.16   398.9    8.4      27.558
2012    9       15    17  35    2.17   399.2    8.5      27.762
2012    9       15    17  45    2.19   399.5    8.6      27.988
2012    9       15    17  54    2.20   399.8    8.6      28.230
2012    9       15    18   4    2.21   400.2    8.7      28.470
2012    9       15    18  14    2.23   400.5    8.8      28.702
2012    9       15    18  23    2.24   400.8    8.8      28.925
2012    9       15    18  33    2.25   401.1    8.9      29.142
2012    9       15    18  43    2.26   401.4    8.9      29.350
2012    9       15    18  52    2.28   401.7    9.0      29.549
2012    9       15    19   2    2.29   401.9    9.0      29.738
2012    9       15    19  12    2.30   402.2    9.1      29.920
2012    9       15    19  21    2.31   402.5    9.1      30.094
2012    9       15    19  31    2.32   402.7    9.1      30.260
2012    9       15    19  40    2.33   403.0    9.2      30.419
2012    9       15    19  50    2.34   403.2    9.2      30.575
2012    9       15    20   0    2.36   403.5    9.3      30.726
2012    9       15    20   9    2.37   403.8    9.3      30.875
2012    9       15    20  19    2.38   404.0    9.3      31.020
2012    9       15    20  28    2.39   404.3    9.4      31.164
2012    9       15    20  38    2.40   404.6    9.4      31.303
2012    9       15    20  48    2.41   404.9    9.4      31.438
2012    9       15    20  57    2.42   405.2    9.4      31.570
2012    9       15    21   7    2.43   405.4    9.5      31.698
2012    9       15    21  16    2.44   405.7    9.5      31.821
2012    9       15    21  26    2.45   406.0    9.5      31.942
2012    9       15    21  35    2.46   406.3    9.5      32.059
2012    9       15    21  45    2.47   406.6    9.6      32.174
2012    9       15    21  54    2.48   406.9    9.6      32.287
2012    9       15    22   4    2.48   407.2    9.6      32.400
2012    9       15    22  13    2.49   407.5    9.6      32.511
2012    9       15    22  23    2.50   407.8    9.6      32.622
2012    9       15    22  33    2.51   408.1    9.6      32.733
2012    9       15    22  42    2.52   408.4    9.7      32.846
2012    9       15    22  52    2.53   408.8    9.7      32.959
2012    9       15    23   1    2.54   409.1    9.7      33.075
2012    9       15    23  11    2.55   409.4    9.7      33.192
2012    9       15    23  21    2.56   409.8    9.7      33.313
2012    9       15    23  30    2.57   410.1    9.8      33.436
2012    9       15    23  40    2.58   410.4    9.8      33.564
2012    9       15    23  49    2.59   410.8    9.8      33.695
2012    9       15    23  59    2.60   411.1    9.9      33.834
2012    9       16     0   9    2.61   411.5    9.9      33.979
2012    9       16     0  18    2.62   411.8    9.9      34.130
2012    9       16     0  28    2.63   412.2   10.0      34.291
2012    9       16     0  38    2.64   412.6   10.0      34.474
2012    9       16     0  47    2.65   413.1   10.1      34.679
2012    9       16     0  57    2.67   413.6   10.2      34.912
2012    9       16     1   7    2.68   414.1   10.2      35.167
2012    9       16     1  16    2.69   414.6   10.3      35.435
2012    9       16     1  26    2.71   415.2   10.3      35.712
2012    9       16     1  36    2.72   415.8   10.4      36.006
2012    9       16     1  45    2.74   416.4   10.5      36.306
2012    9       16     1  55    2.75   417.1   10.5      36.614
2012    9       16     2   5    2.76   417.7   10.6      36.920
2012    9       16     2  15    2.78   418.4   10.6      37.213
2012    9       16     2  24    2.79   419.0   10.7      37.490
2012    9       16     2  34    2.80   419.7   10.7      37.755
2012    9       16     2  43    2.81   420.3   10.7      38.005
2012    9       16     2  53    2.82   420.9   10.7      38.242
2012    9       16     3   3    2.83   421.5   10.8      38.465
2012    9       16     3  12    2.84   422.1   10.8      38.682
2012    9       16     3  22    2.85   422.8   10.8      38.890
2012    9       16     3  31    2.86   423.4   10.8      39.094
2012    9       16     3  41    2.87   424.0   10.8      39.290
2012    9       16     3  51    2.88   424.6   10.8      39.481
2012    9       16     4   0    2.89   425.2   10.8      39.664
2012    9       16     4  10    2.89   425.8   10.8      39.843
2012    9       16     4  19    2.90   426.4   10.8      40.016
2012    9       16     4  29    2.91   427.0   10.8      40.185
2012    9       16     4  38    2.91   427.5   10.8      40.351
2012    9       16     4  48    2.92   428.1   10.8      40.514
2012    9       16     4  57    2.92   428.7   10.7      40.675
2012    9       16     5   7    2.93   429.3   10.7      40.836
2012    9       16     5  16    2.94   429.9   10.7      40.996
2012    9       16     5  26    2.94   430.5   10.7      41.156
2012    9       16     5  36    2.95   431.1   10.7      41.314
2012    9       16     5  45    2.95   431.6   10.7      41.474
2012    9       16     5  55    2.96   432.2   10.7      41.632
2012    9       16     6   4    2.96   432.8   10.6      41.788
2012    9       16     6  14    2.97   433.4   10.6      41.940
2012    9       16     6  24    2.97   434.0   10.6      42.088
2012    9       16     6  33    2.97   434.6   10.6      42.229
2012    9       16     6  43    2.98   435.2   10.6      42.365
2012    9       16     6  52    2.98   435.8   10.5      42.493
2012    9       16     7   2    2.99   436.4   10.5      42.620
2012    9       16     7  12    2.99   437.1   10.5      42.754
2012    9       16     7  21    2.99   437.8   10.5      42.885
2012    9       16     7  31    3.00   438.4   10.5      43.013
2012    9       16     7  41    3.00   439.0   10.5      43.139
2012    9       16     7  50    3.01   439.5   10.5      43.256
2012    9       16     8   0    3.01   440.0   10.4      43.377
2012    9       16     8  10    3.01   440.5   10.4      43.497
2012    9       16     8  19    3.02   440.9   10.4      43.626
2012    9       16     8  29    3.03   441.3   10.5      43.766
2012    9       16     8  39    3.03   441.8   10.5      43.928
2012    9       16     8  48    3.04   442.3   10.5      44.119
2012    9       16     8  58    3.05   443.0   10.5      44.350
2012    9       16     9   8    3.05   443.7   10.5      44.607
2012    9       16     9  17    3.06   444.5   10.5      44.885
2012    9       16     9  27    3.07   445.3   10.6      45.160
2012    9       16     9  37    3.08   446.2   10.6      45.421
2012    9       16     9  46    3.08   447.0   10.6      45.662
2012    9       16     9  56    3.09   447.7   10.6      45.887
2012    9       16    10   5    3.09   448.5   10.6      46.097
2012    9       16    10  15    3.10   449.3   10.5      46.295
2012    9       16    10  25    3.10   450.0   10.5      46.482
2012    9       16    10  34    3.10   450.8   10.5      46.661
2012    9       16    10  44    3.11   451.5   10.5      46.834
2012    9       16    10  53    3.11   452.3   10.5      47.001
2012    9       16    11   3    3.11   453.1   10.4      47.160
2012    9       16    11  13    3.11   453.8   10.4      47.316
2012    9       16    11  22    3.11   454.5   10.4      47.463
2012    9       16    11  32    3.12   455.3   10.4      47.607
2012    9       16    11  41    3.12   456.0   10.3      47.746
2012    9       16    11  51    3.12   456.8   10.3      47.884
2012    9       16    12   0    3.12   457.6   10.3      48.019
2012    9       16    12  10    3.12   458.4   10.2      48.159
2012    9       16    12  19    3.12   459.2   10.2      48.297
2012    9       16    12  29    3.12   460.1   10.2      48.434
2012    9       16    12  38    3.12   460.9   10.1      48.567
2012    9       16    12  48    3.11   461.8   10.1      48.688
2012    9       16    12  58    3.11   462.6   10.0      48.791
2012    9       16    13   7    3.11   463.4   10.0      48.883
2012    9       16    13  17    3.10   464.2    9.9      48.939
2012    9       16    13  26    3.10   464.9    9.8      48.967
2012    9       16    13  36    3.09   465.6    9.8      48.975
2012    9       16    13  46    3.09   466.2    9.7      48.966
2012    9       16    13  55    3.08   466.8    9.6      48.956
2012    9       16    14   5    3.07   467.4    9.6      48.955
2012    9       16    14  14    3.07   468.0    9.5      48.958
2012    9       16    14  24    3.06   468.7    9.5      48.967
2012    9       16    14  34    3.06   469.5    9.4      48.985
2012    9       16    14  43    3.05   470.2    9.3      49.008
2012    9       16    14  53    3.05   470.9    9.3      49.033
2012    9       16    15   3    3.04   471.5    9.2      49.054
2012    9       16    15  12    3.04   472.1    9.2      49.067
2012    9       16    15  22    3.03   472.7    9.1      49.074
2012    9       16    15  32    3.03   473.2    9.1      49.082
2012    9       16    15  41    3.02   473.6    9.1      49.096
2012    9       16    15  51    3.02   474.1    9.0      49.122
2012    9       16    16   1    3.01   474.6    9.0      49.164
2012    9       16    16  10    3.01   475.1    8.9      49.231
2012    9       16    16  20    3.00   475.7    8.9      49.318
2012    9       16    16  30    3.00   476.4    8.9      49.414
2012    9       16    16  39    3.00   477.1    8.8      49.515
2012    9       16    16  49    2.99   477.8    8.8      49.610
2012    9       16    16  59    2.99   478.4    8.8      49.692
2012    9       16    17   8    2.98   479.0    8.7      49.762
2012    9       16    17  18    2.98   479.6    8.7      49.823
2012    9       16    17  28    2.97   480.2    8.7      49.879
2012    9       16    17  37    2.97   480.8    8.6      49.928
2012    9       16    17  47    2.96   481.4    8.6      49.974
2012    9       16    17  56    2.96   482.0    8.5      50.018
2012    9       16    18   6    2.95   482.6    8.5      50.059
2012    9       16    18  16    2.94   483.2    8.5      50.096
2012    9       16    18  25    2.94   483.8    8.4      50.131
2012    9       16    18  35    2.93   484.4    8.4      50.162
2012    9       16    18  44    2.93   485.0    8.4      50.189
2012    9       16    18  54    2.92   485.6    8.3      50.213
2012    9       16    19   3    2.91   486.3    8.3      50.235
2012    9       16    19  13    2.91   486.9    8.3      50.258
2012    9       16    19  22    2.90   487.6    8.2      50.285
2012    9       16    19  32    2.89   488.3    8.2      50.314
2012    9       16    19  41    2.89   489.1    8.1      50.342
2012    9       16    19  51    2.88   489.8    8.1      50.368
2012    9       16    20   1    2.87   490.6    8.0      50.382
2012    9       16    20  10    2.86   491.4    8.0      50.375
2012    9       16    20  20    2.85   492.2    7.9      50.356
2012    9       16    20  29    2.84   493.0    7.9      50.296
2012    9       16    20  39    2.83   493.7    7.8      50.202
2012    9       16    20  49    2.82   494.3    7.7      50.084
2012    9       16    20  58    2.81   494.9    7.7      49.949
2012    9       16    21   8    2.80   495.5    7.6      49.811
2012    9       16    21  17    2.79   496.1    7.5      49.686
2012    9       16    21  27    2.78   496.7    7.5      49.571
2012    9       16    21  37    2.77   497.3    7.4      49.466
2012    9       16    21  46    2.75   497.8    7.4      49.367
2012    9       16    21  56    2.74   498.4    7.3      49.278
2012    9       16    22   6    2.73   499.1    7.3      49.195
2012    9       16    22  15    2.72   499.7    7.2      49.113
2012    9       16    22  25    2.71   500.3    7.2      49.032
2012    9       16    22  35    2.70   500.9    7.1      48.950
2012    9       16    22  44    2.69   501.5    7.1      48.865
2012    9       16    22  54    2.68   502.0    7.0      48.780
2012    9       16    23   4    2.67   502.5    7.0      48.693
2012    9       16    23  13    2.66   503.0    6.9      48.606
2012    9       16    23  23    2.66   503.5    6.9      48.518
2012    9       16    23  33    2.65   503.9    6.8      48.431
2012    9       16    23  42    2.64   504.4    6.8      48.344
2012    9       16    23  52    2.63   504.8    6.8      48.258
2012    9       17     0   2    2.62   505.3    6.7      48.172
