year    month   day   hour  minute  B_enl V_enl   n_enl       T_enl
[year] [month] [day] [hour][minute] [nT]  [km/s]  [cm-3]      [kK]
2013    9       27     0   4    1.55   341.9   10.0      20.415
2013    9       27     0  15    1.55   341.9   10.0      20.441
2013    9       27     0  26    1.56   341.9   10.0      20.466
2013    9       27     0  36    1.56   342.0   10.0      20.492
2013    9       27     0  47    1.56   342.0   10.1      20.518
2013    9       27     0  58    1.57   342.0   10.1      20.545
2013    9       27     1   8    1.57   342.0   10.1      20.572
2013    9       27     1  19    1.57   342.1   10.1      20.600
2013    9       27     1  30    1.57   342.1   10.1      20.629
2013    9       27     1  41    1.58   342.1   10.1      20.660
2013    9       27     1  51    1.58   342.2   10.2      20.693
2013    9       27     2   2    1.58   342.2   10.2      20.726
2013    9       27     2  13    1.59   342.2   10.2      20.761
2013    9       27     2  23    1.59   342.3   10.2      20.797
2013    9       27     2  34    1.59   342.3   10.2      20.833
2013    9       27     2  45    1.60   342.4   10.2      20.870
2013    9       27     2  55    1.60   342.4   10.3      20.906
2013    9       27     3   6    1.60   342.4   10.3      20.943
2013    9       27     3  17    1.60   342.5   10.3      20.980
2013    9       27     3  28    1.61   342.5   10.3      21.017
2013    9       27     3  38    1.61   342.6   10.3      21.055
2013    9       27     3  49    1.61   342.7   10.3      21.092
2013    9       27     4   0    1.61   342.7   10.4      21.129
2013    9       27     4  10    1.62   342.8   10.4      21.165
2013    9       27     4  21    1.62   342.9   10.4      21.199
2013    9       27     4  32    1.62   342.9   10.4      21.232
2013    9       27     4  43    1.62   343.0   10.4      21.263
2013    9       27     4  53    1.63   343.1   10.4      21.292
2013    9       27     5   4    1.63   343.1   10.4      21.319
2013    9       27     5  15    1.63   343.2   10.4      21.344
2013    9       27     5  26    1.63   343.3   10.4      21.368
2013    9       27     5  36    1.63   343.3   10.4      21.390
2013    9       27     5  47    1.63   343.4   10.4      21.411
2013    9       27     5  58    1.64   343.5   10.4      21.431
2013    9       27     6   9    1.64   343.5   10.4      21.450
2013    9       27     6  19    1.64   343.6   10.5      21.467
2013    9       27     6  30    1.64   343.7   10.5      21.484
2013    9       27     6  41    1.64   343.7   10.5      21.500
2013    9       27     6  52    1.64   343.8   10.5      21.515
2013    9       27     7   2    1.65   343.9   10.5      21.530
2013    9       27     7  13    1.65   343.9   10.5      21.544
2013    9       27     7  24    1.65   344.0   10.5      21.558
2013    9       27     7  34    1.65   344.0   10.5      21.572
2013    9       27     7  45    1.65   344.1   10.5      21.585
2013    9       27     7  56    1.65   344.2   10.5      21.599
2013    9       27     8   7    1.65   344.2   10.5      21.612
2013    9       27     8  17    1.66   344.3   10.5      21.626
2013    9       27     8  28    1.66   344.4   10.5      21.639
2013    9       27     8  39    1.66   344.4   10.5      21.652
2013    9       27     8  49    1.66   344.5   10.5      21.665
2013    9       27     9   0    1.66   344.6   10.5      21.677
2013    9       27     9  11    1.66   344.6   10.5      21.689
2013    9       27     9  22    1.66   344.7   10.5      21.701
2013    9       27     9  32    1.66   344.7   10.5      21.713
2013    9       27     9  43    1.67   344.8   10.5      21.725
2013    9       27     9  54    1.67   344.9   10.5      21.737
2013    9       27    10   4    1.67   344.9   10.5      21.749
2013    9       27    10  15    1.67   345.0   10.5      21.761
2013    9       27    10  26    1.67   345.0   10.5      21.774
2013    9       27    10  37    1.67   345.1   10.5      21.786
2013    9       27    10  47    1.67   345.1   10.5      21.799
2013    9       27    10  58    1.67   345.2   10.5      21.812
2013    9       27    11   9    1.68   345.3   10.5      21.825
2013    9       27    11  19    1.68   345.3   10.5      21.838
2013    9       27    11  30    1.68   345.4   10.5      21.851
2013    9       27    11  41    1.68   345.5   10.5      21.864
2013    9       27    11  52    1.68   345.5   10.5      21.876
2013    9       27    12   2    1.68   345.6   10.5      21.887
2013    9       27    12  13    1.68   345.7   10.5      21.896
2013    9       27    12  24    1.68   345.7   10.5      21.904
2013    9       27    12  35    1.68   345.8   10.5      21.911
2013    9       27    12  45    1.68   345.9   10.5      21.917
2013    9       27    12  56    1.68   345.9   10.5      21.922
2013    9       27    13   7    1.68   346.0   10.5      21.927
2013    9       27    13  17    1.68   346.1   10.5      21.930
2013    9       27    13  28    1.69   346.1   10.5      21.933
2013    9       27    13  39    1.69   346.2   10.5      21.934
2013    9       27    13  50    1.69   346.2   10.5      21.936
2013    9       27    14   0    1.69   346.3   10.5      21.937
2013    9       27    14  11    1.69   346.3   10.5      21.937
2013    9       27    14  22    1.69   346.4   10.4      21.937
2013    9       27    14  33    1.69   346.5   10.4      21.937
2013    9       27    14  43    1.69   346.5   10.4      21.937
2013    9       27    14  54    1.69   346.6   10.4      21.936
2013    9       27    15   5    1.69   346.6   10.4      21.936
2013    9       27    15  16    1.69   346.7   10.4      21.936
2013    9       27    15  26    1.69   346.8   10.4      21.936
2013    9       27    15  37    1.69   346.8   10.4      21.936
2013    9       27    15  48    1.69   346.9   10.4      21.936
2013    9       27    15  58    1.69   347.0   10.4      21.935
2013    9       27    16   9    1.69   347.0   10.4      21.934
2013    9       27    16  20    1.69   347.1   10.4      21.933
2013    9       27    16  30    1.69   347.1   10.4      21.932
2013    9       27    16  41    1.69   347.2   10.4      21.930
2013    9       27    16  52    1.69   347.3   10.4      21.928
2013    9       27    17   3    1.69   347.3   10.3      21.925
2013    9       27    17  13    1.69   347.4   10.3      21.923
2013    9       27    17  24    1.69   347.4   10.3      21.920
2013    9       27    17  35    1.69   347.5   10.3      21.917
2013    9       27    17  45    1.69   347.5   10.3      21.913
2013    9       27    17  56    1.69   347.6   10.3      21.909
2013    9       27    18   7    1.69   347.6   10.3      21.905
2013    9       27    18  18    1.69   347.7   10.3      21.901
2013    9       27    18  28    1.69   347.7   10.3      21.897
2013    9       27    18  39    1.69   347.8   10.3      21.892
2013    9       27    18  50    1.69   347.8   10.3      21.888
2013    9       27    19   0    1.69   347.9   10.3      21.883
2013    9       27    19  11    1.69   347.9   10.2      21.878
2013    9       27    19  22    1.69   348.0   10.2      21.873
2013    9       27    19  33    1.69   348.0   10.2      21.868
2013    9       27    19  43    1.69   348.1   10.2      21.863
2013    9       27    19  54    1.68   348.1   10.2      21.857
2013    9       27    20   5    1.68   348.1   10.2      21.852
2013    9       27    20  16    1.68   348.2   10.2      21.847
2013    9       27    20  26    1.68   348.2   10.2      21.842
2013    9       27    20  37    1.68   348.3   10.2      21.837
2013    9       27    20  48    1.68   348.3   10.2      21.832
2013    9       27    20  59    1.68   348.3   10.2      21.826
2013    9       27    21   9    1.68   348.4   10.2      21.821
2013    9       27    21  20    1.68   348.4   10.1      21.816
2013    9       27    21  31    1.68   348.4   10.1      21.810
2013    9       27    21  42    1.68   348.5   10.1      21.804
2013    9       27    21  52    1.68   348.5   10.1      21.798
2013    9       27    22   3    1.68   348.5   10.1      21.792
2013    9       27    22  14    1.68   348.5   10.1      21.786
2013    9       27    22  25    1.68   348.6   10.1      21.779
2013    9       27    22  35    1.68   348.6   10.1      21.772
2013    9       27    22  46    1.68   348.6   10.1      21.764
2013    9       27    22  57    1.68   348.6   10.1      21.756
2013    9       27    23   7    1.68   348.7   10.1      21.748
2013    9       27    23  18    1.67   348.7   10.1      21.740
2013    9       27    23  29    1.67   348.7   10.1      21.731
2013    9       27    23  40    1.67   348.7   10.0      21.722
2013    9       27    23  50    1.67   348.8   10.0      21.713
2013    9       28     0   1    1.67   348.8   10.0      21.704
2013    9       28     0  12    1.67   348.8   10.0      21.694
2013    9       28     0  22    1.67   348.8   10.0      21.685
2013    9       28     0  33    1.67   348.8   10.0      21.675
2013    9       28     0  44    1.67   348.9   10.0      21.665
2013    9       28     0  55    1.67   348.9   10.0      21.656
2013    9       28     1   5    1.67   348.9   10.0      21.646
2013    9       28     1  16    1.67   348.9   10.0      21.636
2013    9       28     1  27    1.67   348.9   10.0      21.627
2013    9       28     1  37    1.67   348.9   10.0      21.618
2013    9       28     1  48    1.67   348.9   10.0      21.609
2013    9       28     1  59    1.66   348.9    9.9      21.600
2013    9       28     2   9    1.66   348.9    9.9      21.592
2013    9       28     2  20    1.66   349.0    9.9      21.585
2013    9       28     2  31    1.66   349.0    9.9      21.578
2013    9       28     2  42    1.66   349.0    9.9      21.571
2013    9       28     2  52    1.66   349.0    9.9      21.565
2013    9       28     3   3    1.66   349.0    9.9      21.559
2013    9       28     3  13    1.66   349.0    9.9      21.554
2013    9       28     3  24    1.66   349.0    9.9      21.550
2013    9       28     3  34    1.66   349.0    9.9      21.546
2013    9       28     3  45    1.66   349.0    9.9      21.543
2013    9       28     3  56    1.66   349.0    9.9      21.541
2013    9       28     4   6    1.66   349.0    9.9      21.538
2013    9       28     4  17    1.66   349.0    9.9      21.537
2013    9       28     4  27    1.66   349.0    9.9      21.536
2013    9       28     4  37    1.65   349.0    9.9      21.535
2013    9       28     4  48    1.65   349.0    9.9      21.534
2013    9       28     4  58    1.65   349.0    9.9      21.534
2013    9       28     5   9    1.65   349.0    9.9      21.534
2013    9       28     5  19    1.65   349.0    9.9      21.534
2013    9       28     5  30    1.65   349.0    9.9      21.533
2013    9       28     5  40    1.65   349.0    9.9      21.532
2013    9       28     5  51    1.65   349.0    9.9      21.530
2013    9       28     6   2    1.65   349.0    9.9      21.528
2013    9       28     6  12    1.65   349.0    9.9      21.526
2013    9       28     6  23    1.65   349.0    9.9      21.523
2013    9       28     6  33    1.65   349.0    9.9      21.520
2013    9       28     6  44    1.65   349.0    9.9      21.516
2013    9       28     6  54    1.65   349.0    9.9      21.511
2013    9       28     7   5    1.65   349.0    9.9      21.507
2013    9       28     7  16    1.65   349.0    9.9      21.502
2013    9       28     7  26    1.65   349.0    9.9      21.496
2013    9       28     7  37    1.65   349.0    9.9      21.491
2013    9       28     7  47    1.64   349.0    9.8      21.485
2013    9       28     7  58    1.64   349.0    9.8      21.478
2013    9       28     8   9    1.64   349.0    9.8      21.472
2013    9       28     8  19    1.64   349.0    9.8      21.465
2013    9       28     8  30    1.64   349.0    9.8      21.458
2013    9       28     8  41    1.64   349.0    9.8      21.451
2013    9       28     8  51    1.64   349.0    9.8      21.444
2013    9       28     9   2    1.64   349.0    9.8      21.437
2013    9       28     9  13    1.64   349.0    9.8      21.430
2013    9       28     9  24    1.64   349.0    9.8      21.423
2013    9       28     9  34    1.64   349.0    9.8      21.417
2013    9       28     9  45    1.64   349.0    9.8      21.410
2013    9       28     9  56    1.63   349.0    9.8      21.404
2013    9       28    10   6    1.63   348.9    9.8      21.398
2013    9       28    10  17    1.63   348.9    9.8      21.392
2013    9       28    10  27    1.63   348.9    9.8      21.387
2013    9       28    10  38    1.63   348.9    9.8      21.382
2013    9       28    10  49    1.63   348.9    9.8      21.376
2013    9       28    10  59    1.63   348.9    9.8      21.372
2013    9       28    11  10    1.63   348.9    9.8      21.367
2013    9       28    11  20    1.63   348.9    9.8      21.362
2013    9       28    11  31    1.63   348.9    9.8      21.357
2013    9       28    11  41    1.63   348.9    9.7      21.353
2013    9       28    11  52    1.62   348.9    9.7      21.348
2013    9       28    12   2    1.62   348.9    9.7      21.343
2013    9       28    12  13    1.62   348.9    9.7      21.339
2013    9       28    12  24    1.62   348.9    9.7      21.334
2013    9       28    12  34    1.62   348.8    9.7      21.328
2013    9       28    12  45    1.62   348.8    9.7      21.322
2013    9       28    12  55    1.62   348.8    9.7      21.316
2013    9       28    13   6    1.62   348.8    9.7      21.308
2013    9       28    13  16    1.62   348.8    9.7      21.300
2013    9       28    13  27    1.62   348.8    9.7      21.292
2013    9       28    13  38    1.62   348.8    9.7      21.283
2013    9       28    13  48    1.61   348.8    9.7      21.273
2013    9       28    13  59    1.61   348.8    9.7      21.263
2013    9       28    14  10    1.61   348.8    9.7      21.252
2013    9       28    14  20    1.61   348.8    9.7      21.240
2013    9       28    14  31    1.61   348.7    9.6      21.228
2013    9       28    14  42    1.61   348.7    9.6      21.215
2013    9       28    14  52    1.61   348.7    9.6      21.202
2013    9       28    15   3    1.61   348.7    9.6      21.188
2013    9       28    15  14    1.61   348.7    9.6      21.174
2013    9       28    15  24    1.60   348.7    9.6      21.159
2013    9       28    15  35    1.60   348.7    9.6      21.144
2013    9       28    15  46    1.60   348.6    9.6      21.128
2013    9       28    15  56    1.60   348.6    9.6      21.112
2013    9       28    16   7    1.60   348.6    9.5      21.096
2013    9       28    16  18    1.60   348.6    9.5      21.080
2013    9       28    16  29    1.60   348.6    9.5      21.063
2013    9       28    16  39    1.59   348.5    9.5      21.046
2013    9       28    16  50    1.59   348.5    9.5      21.029
2013    9       28    17   1    1.59   348.5    9.5      21.012
2013    9       28    17  11    1.59   348.5    9.5      20.994
2013    9       28    17  22    1.59   348.4    9.5      20.977
2013    9       28    17  33    1.59   348.4    9.5      20.959
2013    9       28    17  43    1.59   348.4    9.4      20.941
2013    9       28    17  54    1.58   348.4    9.4      20.923
2013    9       28    18   4    1.58   348.4    9.4      20.905
2013    9       28    18  15    1.58   348.3    9.4      20.886
2013    9       28    18  25    1.58   348.3    9.4      20.867
2013    9       28    18  36    1.58   348.3    9.4      20.848
2013    9       28    18  46    1.58   348.2    9.4      20.828
2013    9       28    18  57    1.57   348.2    9.4      20.808
2013    9       28    19   8    1.57   348.2    9.4      20.788
2013    9       28    19  18    1.57   348.2    9.3      20.766
2013    9       28    19  29    1.57   348.1    9.3      20.745
2013    9       28    19  39    1.57   348.1    9.3      20.723
2013    9       28    19  50    1.57   348.1    9.3      20.700
2013    9       28    20   0    1.56   348.0    9.3      20.677
2013    9       28    20  11    1.56   348.0    9.3      20.653
2013    9       28    20  21    1.56   348.0    9.3      20.629
2013    9       28    20  32    1.56   347.9    9.2      20.604
2013    9       28    20  43    1.56   347.9    9.2      20.579
2013    9       28    20  53    1.56   347.9    9.2      20.553
2013    9       28    21   4    1.55   347.8    9.2      20.527
2013    9       28    21  15    1.55   347.8    9.2      20.500
2013    9       28    21  25    1.55   347.7    9.2      20.473
2013    9       28    21  36    1.55   347.7    9.2      20.445
2013    9       28    21  46    1.55   347.6    9.1      20.417
2013    9       28    21  57    1.54   347.6    9.1      20.388
2013    9       28    22   8    1.54   347.5    9.1      20.359
2013    9       28    22  18    1.54   347.5    9.1      20.329
2013    9       28    22  29    1.54   347.4    9.1      20.299
2013    9       28    22  40    1.54   347.4    9.1      20.269
2013    9       28    22  51    1.54   347.3    9.1      20.238
2013    9       28    23   1    1.53   347.3    9.0      20.207
2013    9       28    23  12    1.53   347.2    9.0      20.176
2013    9       28    23  23    1.53   347.2    9.0      20.144
2013    9       28    23  33    1.53   347.1    9.0      20.112
2013    9       28    23  44    1.53   347.0    9.0      20.081
2013    9       28    23  55    1.53   347.0    9.0      20.048
2013    9       29     0   6    1.52   346.9    9.0      20.017
2013    9       29     0  16    1.52   346.8    8.9      19.985
2013    9       29     0  27    1.52   346.8    8.9      19.953
2013    9       29     0  38    1.52   346.7    8.9      19.921
2013    9       29     0  48    1.52   346.6    8.9      19.890
2013    9       29     0  59    1.51   346.6    8.9      19.859
2013    9       29     1   9    1.51   346.5    8.9      19.828
2013    9       29     1  20    1.51   346.4    8.9      19.797
2013    9       29     1  30    1.51   346.3    8.9      19.766
2013    9       29     1  41    1.51   346.3    8.8      19.735
2013    9       29     1  51    1.51   346.2    8.8      19.705
2013    9       29     2   2    1.50   346.1    8.8      19.674
2013    9       29     2  13    1.50   346.0    8.8      19.644
2013    9       29     2  23    1.50   346.0    8.8      19.613
2013    9       29     2  34    1.50   345.9    8.8      19.583
2013    9       29     2  44    1.50   345.8    8.8      19.553
2013    9       29     2  55    1.50   345.7    8.8      19.523
2013    9       29     3   5    1.49   345.6    8.8      19.493
2013    9       29     3  16    1.49   345.6    8.8      19.463
2013    9       29     3  26    1.49   345.5    8.7      19.433
2013    9       29     3  37    1.49   345.4    8.7      19.403
2013    9       29     3  48    1.49   345.3    8.7      19.373
2013    9       29     3  58    1.49   345.2    8.7      19.343
2013    9       29     4   9    1.48   345.2    8.7      19.313
2013    9       29     4  19    1.48   345.1    8.7      19.284
2013    9       29     4  30    1.48   345.0    8.7      19.254
2013    9       29     4  41    1.48   344.9    8.7      19.225
2013    9       29     4  51    1.48   344.8    8.7      19.196
2013    9       29     5   2    1.48   344.7    8.7      19.166
2013    9       29     5  13    1.48   344.6    8.7      19.137
2013    9       29     5  23    1.47   344.6    8.7      19.108
2013    9       29     5  34    1.47   344.5    8.6      19.079
2013    9       29     5  45    1.47   344.4    8.6      19.049
2013    9       29     5  55    1.47   344.3    8.6      19.020
2013    9       29     6   6    1.47   344.2    8.6      18.991
2013    9       29     6  17    1.47   344.1    8.6      18.962
2013    9       29     6  27    1.47   344.0    8.6      18.932
2013    9       29     6  38    1.46   343.9    8.6      18.903
2013    9       29     6  49    1.46   343.8    8.6      18.874
2013    9       29     7   0    1.46   343.7    8.6      18.845
2013    9       29     7  10    1.46   343.6    8.6      18.816
2013    9       29     7  21    1.46   343.5    8.6      18.788
2013    9       29     7  32    1.46   343.4    8.6      18.760
2013    9       29     7  42    1.46   343.3    8.6      18.731
2013    9       29     7  53    1.46   343.2    8.5      18.704
2013    9       29     8   4    1.45   343.1    8.5      18.677
2013    9       29     8  14    1.45   343.0    8.5      18.650
2013    9       29     8  25    1.45   342.9    8.5      18.624
2013    9       29     8  35    1.45   342.8    8.5      18.598
2013    9       29     8  46    1.45   342.7    8.5      18.573
2013    9       29     8  56    1.45   342.6    8.5      18.548
2013    9       29     9   7    1.45   342.4    8.5      18.523
2013    9       29     9  18    1.45   342.3    8.5      18.500
2013    9       29     9  28    1.45   342.2    8.5      18.477
2013    9       29     9  39    1.45   342.1    8.5      18.454
2013    9       29     9  49    1.44   342.0    8.5      18.432
2013    9       29    10   0    1.44   341.9    8.5      18.411
2013    9       29    10  10    1.44   341.8    8.5      18.390
2013    9       29    10  21    1.44   341.7    8.5      18.370
2013    9       29    10  31    1.44   341.5    8.5      18.350
2013    9       29    10  42    1.44   341.4    8.5      18.331
2013    9       29    10  52    1.44   341.3    8.5      18.312
2013    9       29    11   3    1.44   341.2    8.5      18.295
2013    9       29    11  14    1.44   341.1    8.5      18.277
2013    9       29    11  24    1.44   341.0    8.5      18.261
2013    9       29    11  35    1.44   340.8    8.5      18.244
2013    9       29    11  45    1.44   340.7    8.5      18.228
2013    9       29    11  56    1.44   340.6    8.5      18.213
2013    9       29    12   7    1.44   340.5    8.5      18.198
2013    9       29    12  17    1.44   340.4    8.5      18.183
2013    9       29    12  28    1.43   340.3    8.5      18.168
2013    9       29    12  39    1.43   340.2    8.5      18.153
2013    9       29    12  49    1.43   340.1    8.5      18.138
2013    9       29    13   0    1.43   340.0    8.5      18.124
2013    9       29    13  11    1.43   339.9    8.5      18.109
2013    9       29    13  21    1.43   339.7    8.5      18.094
2013    9       29    13  32    1.43   339.6    8.5      18.080
2013    9       29    13  43    1.43   339.5    8.5      18.065
2013    9       29    13  54    1.43   339.4    8.5      18.051
2013    9       29    14   4    1.43   339.3    8.5      18.037
2013    9       29    14  15    1.43   339.2    8.5      18.023
2013    9       29    14  26    1.43   339.1    8.5      18.008
2013    9       29    14  36    1.43   339.0    8.5      17.995
2013    9       29    14  47    1.43   338.9    8.5      17.981
2013    9       29    14  58    1.43   338.8    8.5      17.967
2013    9       29    15   8    1.43   338.7    8.5      17.953
2013    9       29    15  19    1.43   338.6    8.6      17.940
2013    9       29    15  30    1.43   338.5    8.6      17.927
2013    9       29    15  40    1.43   338.3    8.6      17.914
2013    9       29    15  51    1.43   338.2    8.6      17.901
2013    9       29    16   1    1.43   338.1    8.6      17.889
2013    9       29    16  12    1.43   338.0    8.6      17.877
2013    9       29    16  22    1.43   337.9    8.6      17.866
2013    9       29    16  33    1.43   337.8    8.6      17.855
2013    9       29    16  43    1.43   337.7    8.6      17.844
2013    9       29    16  54    1.43   337.6    8.6      17.834
2013    9       29    17   4    1.43   337.5    8.6      17.825
2013    9       29    17  15    1.43   337.3    8.6      17.816
2013    9       29    17  26    1.43   337.2    8.6      17.808
2013    9       29    17  36    1.43   337.1    8.6      17.800
2013    9       29    17  47    1.43   337.0    8.6      17.793
2013    9       29    17  57    1.43   336.9    8.6      17.786
2013    9       29    18   8    1.43   336.8    8.6      17.780
2013    9       29    18  18    1.43   336.7    8.6      17.775
2013    9       29    18  29    1.43   336.6    8.6      17.770
2013    9       29    18  40    1.43   336.5    8.6      17.765
2013    9       29    18  50    1.43   336.4    8.7      17.760
2013    9       29    19   1    1.43   336.3    8.7      17.755
2013    9       29    19  11    1.43   336.2    8.7      17.751
2013    9       29    19  22    1.43   336.0    8.7      17.746
2013    9       29    19  33    1.43   335.9    8.7      17.742
2013    9       29    19  43    1.43   335.8    8.7      17.737
2013    9       29    19  54    1.44   335.7    8.7      17.732
2013    9       29    20   5    1.44   335.6    8.7      17.727
2013    9       29    20  15    1.44   335.5    8.7      17.722
2013    9       29    20  26    1.44   335.4    8.7      17.716
2013    9       29    20  37    1.44   335.3    8.7      17.711
2013    9       29    20  47    1.44   335.2    8.7      17.705
2013    9       29    20  58    1.44   335.1    8.7      17.700
2013    9       29    21   9    1.44   335.0    8.7      17.694
2013    9       29    21  20    1.44   334.9    8.7      17.689
2013    9       29    21  30    1.44   334.8    8.8      17.684
2013    9       29    21  41    1.44   334.7    8.8      17.679
2013    9       29    21  52    1.44   334.6    8.8      17.674
2013    9       29    22   2    1.44   334.5    8.8      17.669
2013    9       29    22  13    1.44   334.3    8.8      17.664
2013    9       29    22  24    1.44   334.2    8.8      17.660
2013    9       29    22  34    1.44   334.1    8.8      17.656
2013    9       29    22  45    1.45   334.0    8.8      17.652
2013    9       29    22  55    1.45   333.9    8.8      17.648
2013    9       29    23   6    1.45   333.8    8.8      17.645
2013    9       29    23  17    1.45   333.7    8.8      17.642
2013    9       29    23  27    1.45   333.7    8.9      17.639
2013    9       29    23  38    1.45   333.6    8.9      17.637
2013    9       29    23  48    1.45   333.5    8.9      17.635
2013    9       29    23  59    1.45   333.4    8.9      17.633
2013    9       30     0   9    1.45   333.3    8.9      17.632
2013    9       30     0  20    1.45   333.2    8.9      17.631
2013    9       30     0  30    1.46   333.1    8.9      17.630
2013    9       30     0  41    1.46   333.0    8.9      17.630
2013    9       30     0  51    1.46   332.9    9.0      17.630
2013    9       30     1   2    1.46   332.8    9.0      17.631
2013    9       30     1  12    1.46   332.8    9.0      17.632
2013    9       30     1  23    1.46   332.7    9.0      17.633
2013    9       30     1  34    1.46   332.6    9.0      17.635
2013    9       30     1  44    1.46   332.5    9.0      17.637
2013    9       30     1  55    1.47   332.4    9.0      17.640
2013    9       30     2   5    1.47   332.4    9.0      17.642
2013    9       30     2  16    1.47   332.3    9.0      17.644
2013    9       30     2  27    1.47   332.2    9.1      17.646
2013    9       30     2  37    1.47   332.1    9.1      17.649
2013    9       30     2  48    1.47   332.0    9.1      17.651
2013    9       30     2  58    1.47   332.0    9.1      17.653
2013    9       30     3   9    1.47   331.9    9.1      17.655
2013    9       30     3  20    1.48   331.8    9.1      17.657
2013    9       30     3  30    1.48   331.7    9.1      17.659
2013    9       30     3  41    1.48   331.6    9.1      17.661
2013    9       30     3  52    1.48   331.5    9.1      17.663
2013    9       30     4   2    1.48   331.4    9.2      17.665
2013    9       30     4  13    1.48   331.4    9.2      17.667
2013    9       30     4  24    1.48   331.3    9.2      17.669
2013    9       30     4  35    1.48   331.2    9.2      17.672
2013    9       30     4  45    1.49   331.1    9.2      17.675
2013    9       30     4  56    1.49   331.0    9.2      17.678
2013    9       30     5   7    1.49   330.9    9.2      17.681
2013    9       30     5  18    1.49   330.9    9.2      17.685
2013    9       30     5  28    1.49   330.8    9.3      17.688
2013    9       30     5  39    1.49   330.7    9.3      17.693
2013    9       30     5  49    1.49   330.6    9.3      17.697
2013    9       30     6   0    1.50   330.5    9.3      17.702
2013    9       30     6  11    1.50   330.5    9.3      17.707
2013    9       30     6  21    1.50   330.4    9.3      17.712
2013    9       30     6  32    1.50   330.3    9.3      17.718
2013    9       30     6  42    1.50   330.3    9.3      17.724
2013    9       30     6  53    1.50   330.2    9.4      17.730
2013    9       30     7   3    1.50   330.1    9.4      17.737
2013    9       30     7  14    1.51   330.1    9.4      17.744
2013    9       30     7  24    1.51   330.0    9.4      17.751
2013    9       30     7  35    1.51   329.9    9.4      17.759
2013    9       30     7  45    1.51   329.9    9.4      17.767
2013    9       30     7  56    1.51   329.8    9.4      17.775
2013    9       30     8   6    1.52   329.8    9.5      17.783
2013    9       30     8  17    1.52   329.7    9.5      17.792
2013    9       30     8  28    1.52   329.6    9.5      17.800
2013    9       30     8  38    1.52   329.6    9.5      17.809
2013    9       30     8  49    1.52   329.5    9.5      17.818
2013    9       30     8  59    1.52   329.5    9.5      17.826
2013    9       30     9  10    1.53   329.4    9.6      17.835
2013    9       30     9  20    1.53   329.4    9.6      17.844
2013    9       30     9  31    1.53   329.3    9.6      17.853
2013    9       30     9  42    1.53   329.3    9.6      17.862
2013    9       30     9  52    1.53   329.2    9.6      17.871
2013    9       30    10   3    1.53   329.2    9.6      17.880
2013    9       30    10  14    1.54   329.1    9.6      17.888
2013    9       30    10  24    1.54   329.1    9.7      17.897
2013    9       30    10  35    1.54   329.0    9.7      17.906
2013    9       30    10  45    1.54   329.0    9.7      17.915
2013    9       30    10  56    1.54   328.9    9.7      17.924
2013    9       30    11   7    1.54   328.9    9.7      17.933
2013    9       30    11  18    1.55   328.9    9.7      17.942
2013    9       30    11  28    1.55   328.8    9.7      17.951
2013    9       30    11  39    1.55   328.8    9.7      17.960
2013    9       30    11  50    1.55   328.7    9.8      17.969
2013    9       30    12   0    1.55   328.7    9.8      17.979
2013    9       30    12  11    1.55   328.6    9.8      17.988
2013    9       30    12  22    1.56   328.6    9.8      17.998
2013    9       30    12  32    1.56   328.5    9.8      18.008
2013    9       30    12  43    1.56   328.5    9.8      18.018
2013    9       30    12  54    1.56   328.5    9.8      18.028
2013    9       30    13   4    1.56   328.4    9.8      18.038
2013    9       30    13  15    1.56   328.4    9.9      18.049
2013    9       30    13  26    1.57   328.3    9.9      18.059
2013    9       30    13  36    1.57   328.3    9.9      18.070
2013    9       30    13  47    1.57   328.3    9.9      18.081
2013    9       30    13  57    1.57   328.2    9.9      18.093
2013    9       30    14   8    1.57   328.2    9.9      18.104
2013    9       30    14  18    1.57   328.2    9.9      18.116
2013    9       30    14  29    1.58   328.1    9.9      18.127
2013    9       30    14  39    1.58   328.1   10.0      18.139
2013    9       30    14  50    1.58   328.1   10.0      18.151
2013    9       30    15   0    1.58   328.0   10.0      18.164
2013    9       30    15  11    1.58   328.0   10.0      18.176
2013    9       30    15  21    1.58   328.0   10.0      18.188
2013    9       30    15  32    1.59   327.9   10.0      18.201
2013    9       30    15  43    1.59   327.9   10.0      18.213
2013    9       30    15  53    1.59   327.9   10.0      18.225
2013    9       30    16   4    1.59   327.9   10.1      18.237
2013    9       30    16  14    1.59   327.8   10.1      18.249
2013    9       30    16  25    1.59   327.8   10.1      18.260
2013    9       30    16  35    1.60   327.8   10.1      18.272
2013    9       30    16  46    1.60   327.8   10.1      18.283
2013    9       30    16  57    1.60   327.7   10.1      18.295
2013    9       30    17   7    1.60   327.7   10.1      18.306
2013    9       30    17  18    1.60   327.7   10.1      18.318
2013    9       30    17  28    1.60   327.7   10.1      18.329
2013    9       30    17  39    1.61   327.6   10.2      18.341
2013    9       30    17  50    1.61   327.6   10.2      18.353
2013    9       30    18   0    1.61   327.6   10.2      18.365
2013    9       30    18  11    1.61   327.6   10.2      18.377
2013    9       30    18  22    1.61   327.6   10.2      18.389
2013    9       30    18  32    1.61   327.5   10.2      18.401
2013    9       30    18  43    1.62   327.5   10.2      18.414
2013    9       30    18  54    1.62   327.5   10.2      18.426
2013    9       30    19   5    1.62   327.5   10.2      18.439
2013    9       30    19  15    1.62   327.5   10.2      18.451
2013    9       30    19  26    1.62   327.5   10.3      18.463
2013    9       30    19  37    1.62   327.4   10.3      18.475
2013    9       30    19  47    1.62   327.4   10.3      18.488
2013    9       30    19  58    1.63   327.4   10.3      18.500
2013    9       30    20   9    1.63   327.4   10.3      18.512
2013    9       30    20  19    1.63   327.4   10.3      18.525
2013    9       30    20  30    1.63   327.4   10.3      18.537
2013    9       30    20  41    1.63   327.4   10.3      18.549
2013    9       30    20  51    1.63   327.3   10.3      18.562
2013    9       30    21   2    1.64   327.3   10.3      18.574
2013    9       30    21  12    1.64   327.3   10.4      18.587
2013    9       30    21  23    1.64   327.3   10.4      18.599
2013    9       30    21  33    1.64   327.3   10.4      18.612
2013    9       30    21  44    1.64   327.3   10.4      18.625
2013    9       30    21  54    1.64   327.3   10.4      18.638
2013    9       30    22   5    1.64   327.3   10.4      18.651
2013    9       30    22  15    1.65   327.3   10.4      18.664
2013    9       30    22  26    1.65   327.3   10.4      18.677
2013    9       30    22  36    1.65   327.3   10.4      18.690
2013    9       30    22  47    1.65   327.3   10.4      18.704
2013    9       30    22  57    1.65   327.3   10.4      18.717
2013    9       30    23   8    1.65   327.3   10.5      18.730
2013    9       30    23  19    1.65   327.2   10.5      18.744
2013    9       30    23  29    1.66   327.2   10.5      18.757
2013    9       30    23  40    1.66   327.2   10.5      18.770
2013    9       30    23  50    1.66   327.2   10.5      18.783
2013   10        1     0   1    1.66   327.2   10.5      18.795
2013   10        1     0  11    1.66   327.2   10.5      18.808
2013   10        1     0  22    1.66   327.2   10.5      18.820
2013   10        1     0  33    1.66   327.2   10.5      18.833
2013   10        1     0  43    1.67   327.2   10.5      18.845
2013   10        1     0  54    1.67   327.2   10.5      18.858
2013   10        1     1   5    1.67   327.2   10.5      18.870
2013   10        1     1  15    1.67   327.2   10.5      18.883
2013   10        1     1  26    1.67   327.2   10.6      18.895
2013   10        1     1  37    1.67   327.2   10.6      18.908
2013   10        1     1  47    1.67   327.3   10.6      18.921
2013   10        1     1  58    1.67   327.3   10.6      18.935
2013   10        1     2   9    1.68   327.3   10.6      18.948
2013   10        1     2  19    1.68   327.3   10.6      18.962
2013   10        1     2  30    1.68   327.3   10.6      18.976
2013   10        1     2  41    1.68   327.3   10.6      18.990
2013   10        1     2  52    1.68   327.3   10.6      19.004
2013   10        1     3   2    1.68   327.3   10.6      19.018
2013   10        1     3  13    1.69   327.3   10.6      19.032
2013   10        1     3  24    1.69   327.3   10.6      19.046
2013   10        1     3  34    1.69   327.3   10.7      19.061
2013   10        1     3  45    1.69   327.4   10.7      19.076
2013   10        1     3  55    1.69   327.4   10.7      19.092
2013   10        1     4   6    1.69   327.4   10.7      19.107
2013   10        1     4  17    1.69   327.4   10.7      19.123
2013   10        1     4  27    1.69   327.4   10.7      19.139
2013   10        1     4  38    1.70   327.4   10.7      19.155
2013   10        1     4  48    1.70   327.5   10.7      19.171
2013   10        1     4  59    1.70   327.5   10.7      19.187
2013   10        1     5   9    1.70   327.5   10.7      19.202
2013   10        1     5  20    1.70   327.5   10.7      19.218
2013   10        1     5  30    1.70   327.5   10.7      19.233
2013   10        1     5  41    1.70   327.6   10.7      19.248
2013   10        1     5  51    1.70   327.6   10.8      19.263
2013   10        1     6   2    1.70   327.6   10.8      19.278
2013   10        1     6  12    1.71   327.6   10.8      19.292
2013   10        1     6  23    1.71   327.7   10.8      19.306
2013   10        1     6  33    1.71   327.7   10.8      19.320
2013   10        1     6  44    1.71   327.7   10.8      19.334
2013   10        1     6  54    1.71   327.7   10.8      19.347
2013   10        1     7   5    1.71   327.8   10.8      19.360
2013   10        1     7  16    1.71   327.8   10.8      19.373
2013   10        1     7  26    1.71   327.8   10.8      19.385
2013   10        1     7  37    1.71   327.8   10.8      19.397
2013   10        1     7  47    1.71   327.8   10.8      19.408
2013   10        1     7  58    1.71   327.9   10.8      19.420
2013   10        1     8   9    1.71   327.9   10.8      19.431
2013   10        1     8  19    1.72   327.9   10.8      19.442
2013   10        1     8  30    1.72   327.9   10.8      19.453
2013   10        1     8  41    1.72   328.0   10.8      19.464
2013   10        1     8  51    1.72   328.0   10.8      19.474
2013   10        1     9   2    1.72   328.0   10.8      19.485
2013   10        1     9  13    1.72   328.0   10.8      19.496
2013   10        1     9  23    1.72   328.1   10.8      19.506
2013   10        1     9  34    1.72   328.1   10.8      19.517
2013   10        1     9  45    1.72   328.1   10.8      19.528
2013   10        1     9  56    1.72   328.2   10.8      19.539
2013   10        1    10   6    1.72   328.2   10.8      19.551
2013   10        1    10  17    1.72   328.2   10.8      19.562
2013   10        1    10  28    1.72   328.3   10.8      19.574
2013   10        1    10  38    1.73   328.3   10.9      19.587
2013   10        1    10  49    1.73   328.3   10.9      19.600
2013   10        1    11   0    1.73   328.4   10.9      19.614
2013   10        1    11  10    1.73   328.4   10.9      19.628
2013   10        1    11  21    1.73   328.4   10.9      19.643
2013   10        1    11  31    1.73   328.5   10.9      19.659
2013   10        1    11  42    1.73   328.5   10.9      19.675
2013   10        1    11  52    1.73   328.6   10.9      19.692
2013   10        1    12   3    1.73   328.6   10.9      19.709
2013   10        1    12  13    1.73   328.7   10.9      19.727
2013   10        1    12  24    1.73   328.7   10.9      19.744
2013   10        1    12  34    1.73   328.8   10.9      19.761
2013   10        1    12  45    1.74   328.8   10.9      19.777
2013   10        1    12  55    1.74   328.9   10.9      19.792
2013   10        1    13   6    1.74   328.9   10.9      19.806
2013   10        1    13  16    1.74   329.0   10.9      19.819
2013   10        1    13  27    1.74   329.0   10.9      19.832
2013   10        1    13  37    1.74   329.0   10.9      19.844
2013   10        1    13  48    1.74   329.1   10.9      19.855
2013   10        1    13  59    1.74   329.1   10.9      19.866
2013   10        1    14   9    1.74   329.2   10.9      19.876
2013   10        1    14  20    1.74   329.2   10.9      19.885
2013   10        1    14  30    1.74   329.3   10.9      19.894
2013   10        1    14  41    1.74   329.3   10.9      19.902
2013   10        1    14  51    1.74   329.3   10.9      19.910
2013   10        1    15   2    1.74   329.4   10.9      19.918
2013   10        1    15  13    1.74   329.4   10.9      19.925
2013   10        1    15  23    1.74   329.5   10.9      19.932
2013   10        1    15  34    1.74   329.5   10.9      19.938
2013   10        1    15  45    1.74   329.5   10.9      19.944
2013   10        1    15  55    1.74   329.6   10.9      19.950
2013   10        1    16   6    1.74   329.6   10.9      19.956
2013   10        1    16  17    1.74   329.6   10.9      19.961
2013   10        1    16  27    1.74   329.7   10.9      19.966
2013   10        1    16  38    1.74   329.7   10.9      19.971
2013   10        1    16  49    1.74   329.8   10.9      19.976
2013   10        1    16  59    1.74   329.8   10.9      19.981
2013   10        1    17  10    1.74   329.8   10.9      19.985
2013   10        1    17  21    1.74   329.9   10.9      19.990
2013   10        1    17  32    1.74   329.9   10.9      19.994
2013   10        1    17  42    1.74   329.9   10.9      19.999
2013   10        1    17  53    1.74   330.0   10.9      20.004
2013   10        1    18   4    1.74   330.0   10.9      20.009
2013   10        1    18  14    1.74   330.1   10.9      20.014
2013   10        1    18  25    1.74   330.1   10.9      20.020
2013   10        1    18  35    1.74   330.1   10.9      20.026
2013   10        1    18  46    1.74   330.2   10.9      20.032
2013   10        1    18  56    1.74   330.2   10.9      20.039
2013   10        1    19   7    1.74   330.3   10.9      20.046
2013   10        1    19  17    1.74   330.3   10.9      20.054
2013   10        1    19  28    1.74   330.4   10.9      20.062
2013   10        1    19  38    1.74   330.4   10.9      20.070
2013   10        1    19  49    1.74   330.4   10.9      20.078
2013   10        1    19  59    1.74   330.5   10.9      20.086
2013   10        1    20  10    1.74   330.5   10.9      20.093
2013   10        1    20  20    1.74   330.6   10.9      20.100
2013   10        1    20  31    1.74   330.6   10.9      20.106
2013   10        1    20  41    1.74   330.7   10.9      20.112
2013   10        1    20  52    1.74   330.7   10.9      20.117
2013   10        1    21   3    1.74   330.7   10.9      20.122
2013   10        1    21  13    1.74   330.8   10.8      20.127
2013   10        1    21  24    1.74   330.8   10.8      20.132
2013   10        1    21  34    1.74   330.9   10.8      20.136
2013   10        1    21  45    1.74   330.9   10.8      20.140
2013   10        1    21  55    1.74   330.9   10.8      20.144
2013   10        1    22   6    1.74   331.0   10.8      20.148
2013   10        1    22  17    1.74   331.0   10.8      20.151
2013   10        1    22  27    1.74   331.1   10.8      20.154
2013   10        1    22  38    1.74   331.1   10.8      20.157
2013   10        1    22  48    1.74   331.1   10.8      20.159
2013   10        1    22  59    1.74   331.2   10.8      20.161
2013   10        1    23  10    1.74   331.2   10.8      20.163
2013   10        1    23  20    1.74   331.3   10.8      20.164
2013   10        1    23  31    1.74   331.3   10.8      20.164
2013   10        1    23  42    1.74   331.3   10.8      20.164
2013   10        1    23  52    1.74   331.4   10.8      20.163
2013   10        2     0   3    1.74   331.4   10.8      20.162
2013   10        2     0  14    1.74   331.4   10.8      20.161
2013   10        2     0  25    1.74   331.5   10.8      20.159
2013   10        2     0  35    1.74   331.5   10.8      20.157
2013   10        2     0  46    1.74   331.5   10.8      20.155
2013   10        2     0  57    1.74   331.6   10.8      20.153
2013   10        2     1   7    1.74   331.6   10.8      20.150
2013   10        2     1  18    1.74   331.6   10.7      20.147
2013   10        2     1  29    1.74   331.7   10.7      20.143
2013   10        2     1  39    1.74   331.7   10.7      20.140
2013   10        2     1  50    1.74   331.7   10.7      20.136
2013   10        2     2   0    1.74   331.8   10.7      20.132
2013   10        2     2  11    1.74   331.8   10.7      20.128
2013   10        2     2  21    1.74   331.8   10.7      20.124
2013   10        2     2  32    1.74   331.9   10.7      20.120
2013   10        2     2  43    1.74   331.9   10.7      20.116
2013   10        2     2  53    1.74   331.9   10.7      20.111
2013   10        2     3   3    1.74   331.9   10.7      20.107
2013   10        2     3  14    1.74   332.0   10.7      20.103
2013   10        2     3  24    1.74   332.0   10.7      20.099
2013   10        2     3  35    1.74   332.0   10.7      20.094
2013   10        2     3  45    1.74   332.1   10.7      20.090
2013   10        2     3  56    1.74   332.1   10.7      20.086
2013   10        2     4   7    1.74   332.1   10.7      20.082
2013   10        2     4  17    1.74   332.1   10.7      20.079
2013   10        2     4  28    1.74   332.2   10.6      20.075
2013   10        2     4  38    1.74   332.2   10.6      20.072
2013   10        2     4  49    1.74   332.2   10.6      20.069
2013   10        2     4  59    1.74   332.2   10.6      20.066
2013   10        2     5  10    1.74   332.3   10.6      20.063
2013   10        2     5  20    1.74   332.3   10.6      20.061
2013   10        2     5  31    1.74   332.3   10.6      20.059
2013   10        2     5  42    1.74   332.3   10.6      20.057
2013   10        2     5  52    1.74   332.4   10.6      20.055
2013   10        2     6   3    1.74   332.4   10.6      20.053
2013   10        2     6  14    1.74   332.4   10.6      20.051
2013   10        2     6  24    1.74   332.5   10.6      20.048
2013   10        2     6  35    1.74   332.5   10.6      20.046
2013   10        2     6  46    1.74   332.5   10.6      20.044
2013   10        2     6  56    1.74   332.5   10.6      20.041
2013   10        2     7   7    1.74   332.6   10.6      20.039
2013   10        2     7  18    1.74   332.6   10.6      20.036
2013   10        2     7  28    1.74   332.6   10.6      20.034
2013   10        2     7  39    1.74   332.6   10.6      20.031
2013   10        2     7  50    1.74   332.7   10.6      20.029
2013   10        2     8   0    1.74   332.7   10.6      20.027
2013   10        2     8  11    1.74   332.7   10.6      20.025
2013   10        2     8  22    1.74   332.7   10.6      20.023
2013   10        2     8  32    1.74   332.8   10.6      20.022
2013   10        2     8  43    1.75   332.8   10.6      20.020
2013   10        2     8  54    1.75   332.8   10.6      20.019
2013   10        2     9   4    1.75   332.8   10.6      20.018
2013   10        2     9  15    1.75   332.8   10.6      20.017
2013   10        2     9  25    1.75   332.9   10.6      20.017
2013   10        2     9  36    1.75   332.9   10.6      20.017
2013   10        2     9  46    1.75   332.9   10.6      20.017
2013   10        2     9  57    1.75   332.9   10.6      20.018
2013   10        2    10   7    1.75   333.0   10.6      20.019
2013   10        2    10  18    1.75   333.0   10.6      20.021
2013   10        2    10  28    1.75   333.0   10.6      20.023
2013   10        2    10  39    1.75   333.0   10.6      20.025
2013   10        2    10  49    1.75   333.1   10.6      20.029
2013   10        2    11   0    1.76   333.1   10.6      20.032
2013   10        2    11  10    1.76   333.1   10.6      20.037
2013   10        2    11  21    1.76   333.1   10.6      20.042
2013   10        2    11  31    1.76   333.2   10.6      20.048
2013   10        2    11  42    1.76   333.2   10.6      20.054
2013   10        2    11  53    1.76   333.2   10.6      20.061
2013   10        2    12   3    1.76   333.2   10.6      20.069
2013   10        2    12  14    1.77   333.3   10.6      20.077
2013   10        2    12  24    1.77   333.3   10.6      20.086
2013   10        2    12  35    1.77   333.3   10.6      20.096
2013   10        2    12  45    1.77   333.4   10.7      20.107
2013   10        2    12  56    1.77   333.4   10.7      20.118
2013   10        2    13   7    1.78   333.4   10.7      20.130
2013   10        2    13  17    1.78   333.5   10.7      20.143
2013   10        2    13  28    1.78   333.5   10.7      20.156
2013   10        2    13  38    1.78   333.6   10.7      20.170
2013   10        2    13  49    1.78   333.6   10.7      20.184
2013   10        2    14   0    1.79   333.6   10.7      20.198
2013   10        2    14  10    1.79   333.7   10.7      20.212
2013   10        2    14  21    1.79   333.7   10.7      20.226
2013   10        2    14  32    1.79   333.8   10.7      20.240
2013   10        2    14  43    1.80   333.8   10.7      20.254
2013   10        2    14  53    1.80   333.8   10.8      20.268
2013   10        2    15   4    1.80   333.9   10.8      20.281
2013   10        2    15  15    1.80   333.9   10.8      20.295
2013   10        2    15  25    1.81   333.9   10.8      20.308
2013   10        2    15  36    1.81   334.0   10.8      20.322
2013   10        2    15  47    1.81   334.0   10.8      20.335
2013   10        2    15  57    1.81   334.0   10.8      20.349
2013   10        2    16   8    1.82   334.1   10.8      20.362
2013   10        2    16  19    1.82   334.1   10.8      20.376
2013   10        2    16  29    1.82   334.1   10.9      20.389
2013   10        2    16  40    1.83   334.2   10.9      20.403
2013   10        2    16  50    1.83   334.2   10.9      20.417
2013   10        2    17   1    1.83   334.2   10.9      20.431
2013   10        2    17  11    1.83   334.2   10.9      20.445
2013   10        2    17  22    1.84   334.3   10.9      20.460
2013   10        2    17  32    1.84   334.3   10.9      20.475
2013   10        2    17  43    1.84   334.3   10.9      20.490
2013   10        2    17  53    1.85   334.4   11.0      20.506
2013   10        2    18   4    1.85   334.4   11.0      20.523
2013   10        2    18  14    1.85   334.4   11.0      20.540
2013   10        2    18  25    1.86   334.5   11.0      20.558
2013   10        2    18  35    1.86   334.5   11.0      20.576
2013   10        2    18  46    1.86   334.5   11.0      20.595
2013   10        2    18  56    1.87   334.6   11.1      20.615
2013   10        2    19   7    1.87   334.6   11.1      20.636
2013   10        2    19  17    1.87   334.6   11.1      20.657
2013   10        2    19  28    1.88   334.7   11.1      20.680
2013   10        2    19  38    1.88   334.7   11.1      20.703
2013   10        2    19  49    1.89   334.8   11.2      20.727
2013   10        2    19  59    1.89   334.8   11.2      20.752
2013   10        2    20  10    1.89   334.9   11.2      20.777
2013   10        2    20  21    1.90   334.9   11.2      20.804
2013   10        2    20  31    1.90   335.0   11.2      20.831
2013   10        2    20  42    1.91   335.0   11.3      20.859
2013   10        2    20  52    1.91   335.1   11.3      20.889
2013   10        2    21   3    1.91   335.1   11.3      20.919
2013   10        2    21  14    1.92   335.2   11.4      20.950
2013   10        2    21  24    1.92   335.2   11.4      20.981
2013   10        2    21  35    1.93   335.3   11.4      21.014
2013   10        2    21  46    1.93   335.3   11.4      21.048
2013   10        2    21  57    1.94   335.4   11.5      21.083
2013   10        2    22   7    1.94   335.5   11.5      21.118
2013   10        2    22  18    1.95   335.5   11.5      21.156
2013   10        2    22  29    1.96   335.6   11.6      21.195
2013   10        2    22  39    1.96   335.7   11.6      21.235
2013   10        2    22  50    1.97   335.7   11.6      21.276
2013   10        2    23   1    1.97   335.8   11.7      21.320
2013   10        2    23  11    1.98   335.9   11.7      21.365
2013   10        2    23  22    1.98   336.0   11.7      21.413
2013   10        2    23  33    1.99   336.1   11.7      21.463
2013   10        2    23  43    2.00   336.2   11.8      21.514
2013   10        2    23  54    2.00   336.3   11.8      21.566
2013   10        3     0   4    2.01   336.4   11.8      21.617
2013   10        3     0  15    2.01   336.5   11.9      21.667
2013   10        3     0  25    2.02   336.6   11.9      21.716
2013   10        3     0  36    2.02   336.7   11.9      21.764
2013   10        3     0  46    2.03   336.8   11.9      21.813
2013   10        3     0  57    2.03   336.9   12.0      21.861
2013   10        3     1   7    2.04   337.0   12.0      21.908
2013   10        3     1  18    2.05   337.1   12.0      21.956
2013   10        3     1  28    2.05   337.3   12.0      22.005
2013   10        3     1  39    2.06   337.4   12.1      22.053
2013   10        3     1  49    2.06   337.5   12.1      22.102
2013   10        3     2   0    2.07   337.6   12.1      22.151
2013   10        3     2  10    2.07   337.7   12.2      22.200
2013   10        3     2  21    2.08   337.8   12.2      22.248
2013   10        3     2  31    2.09   337.9   12.2      22.297
2013   10        3     2  42    2.09   338.0   12.2      22.346
2013   10        3     2  52    2.10   338.1   12.3      22.395
2013   10        3     3   3    2.10   338.2   12.3      22.444
2013   10        3     3  14    2.11   338.3   12.3      22.494
2013   10        3     3  24    2.12   338.5   12.4      22.544
2013   10        3     3  35    2.12   338.6   12.4      22.594
2013   10        3     3  45    2.13   338.7   12.4      22.645
2013   10        3     3  56    2.13   338.8   12.4      22.698
2013   10        3     4   7    2.14   338.9   12.5      22.751
2013   10        3     4  17    2.15   339.0   12.5      22.805
2013   10        3     4  28    2.15   339.2   12.5      22.860
2013   10        3     4  39    2.16   339.3   12.6      22.917
2013   10        3     4  49    2.17   339.4   12.6      22.976
2013   10        3     5   0    2.17   339.5   12.6      23.036
2013   10        3     5  11    2.18   339.7   12.7      23.099
2013   10        3     5  21    2.19   339.8   12.7      23.164
2013   10        3     5  32    2.20   339.9   12.8      23.230
2013   10        3     5  43    2.20   340.1   12.8      23.301
2013   10        3     5  53    2.21   340.2   12.9      23.376
2013   10        3     6   4    2.22   340.4   12.9      23.456
2013   10        3     6  15    2.23   340.5   13.0      23.539
2013   10        3     6  25    2.23   340.7   13.0      23.625
2013   10        3     6  36    2.24   340.9   13.1      23.718
2013   10        3     6  47    2.25   341.1   13.1      23.818
2013   10        3     6  57    2.26   341.3   13.2      23.922
2013   10        3     7   8    2.27   341.6   13.2      24.032
2013   10        3     7  18    2.28   341.8   13.3      24.145
2013   10        3     7  29    2.29   342.1   13.3      24.256
2013   10        3     7  39    2.29   342.3   13.4      24.361
2013   10        3     7  50    2.30   342.6   13.4      24.464
2013   10        3     8   0    2.31   342.8   13.4      24.562
2013   10        3     8  11    2.32   343.1   13.5      24.658
2013   10        3     8  21    2.32   343.3   13.5      24.749
2013   10        3     8  32    2.33   343.6   13.5      24.838
2013   10        3     8  42    2.34   343.8   13.5      24.925
2013   10        3     8  53    2.34   344.1   13.6      25.009
2013   10        3     9   3    2.35   344.3   13.6      25.092
2013   10        3     9  14    2.35   344.6   13.6      25.172
2013   10        3     9  24    2.36   344.9   13.6      25.251
2013   10        3     9  35    2.37   345.1   13.6      25.327
2013   10        3     9  45    2.37   345.4   13.7      25.402
2013   10        3     9  56    2.38   345.6   13.7      25.475
2013   10        3    10   7    2.38   345.9   13.7      25.546
2013   10        3    10  17    2.39   346.1   13.7      25.616
2013   10        3    10  28    2.39   346.4   13.7      25.684
2013   10        3    10  38    2.40   346.7   13.7      25.752
2013   10        3    10  49    2.40   346.9   13.7      25.818
2013   10        3    10  59    2.41   347.2   13.7      25.884
2013   10        3    11  10    2.41   347.4   13.7      25.949
2013   10        3    11  21    2.42   347.7   13.7      26.014
2013   10        3    11  31    2.42   347.9   13.7      26.079
2013   10        3    11  42    2.43   348.2   13.8      26.143
2013   10        3    11  53    2.43   348.4   13.8      26.208
2013   10        3    12   3    2.44   348.7   13.8      26.272
2013   10        3    12  14    2.44   348.9   13.8      26.337
2013   10        3    12  25    2.45   349.2   13.8      26.404
2013   10        3    12  35    2.45   349.4   13.8      26.470
2013   10        3    12  46    2.46   349.7   13.8      26.537
2013   10        3    12  57    2.47   349.9   13.8      26.606
2013   10        3    13   8    2.47   350.2   13.9      26.677
2013   10        3    13  18    2.48   350.4   13.9      26.751
2013   10        3    13  29    2.48   350.7   13.9      26.826
2013   10        3    13  39    2.49   350.9   13.9      26.902
2013   10        3    13  50    2.49   351.2   14.0      26.983
2013   10        3    14   1    2.50   351.5   14.0      27.067
2013   10        3    14  11    2.51   351.8   14.0      27.155
2013   10        3    14  22    2.51   352.1   14.0      27.247
2013   10        3    14  33    2.52   352.4   14.1      27.342
2013   10        3    14  43    2.52   352.7   14.1      27.436
2013   10        3    14  54    2.53   353.0   14.1      27.528
2013   10        3    15   4    2.54   353.3   14.1      27.619
2013   10        3    15  15    2.54   353.6   14.1      27.708
2013   10        3    15  25    2.55   353.9   14.1      27.795
2013   10        3    15  36    2.55   354.2   14.2      27.883
2013   10        3    15  46    2.56   354.6   14.2      27.970
2013   10        3    15  57    2.56   354.9   14.2      28.058
2013   10        3    16   7    2.57   355.2   14.2      28.147
2013   10        3    16  18    2.57   355.5   14.2      28.236
2013   10        3    16  28    2.58   355.8   14.2      28.325
2013   10        3    16  39    2.58   356.2   14.3      28.418
2013   10        3    16  49    2.58   356.5   14.3      28.511
2013   10        3    17   0    2.59   356.9   14.3      28.605
2013   10        3    17  10    2.59   357.3   14.3      28.700
2013   10        3    17  21    2.60   357.6   14.3      28.796
2013   10        3    17  31    2.60   358.0   14.3      28.889
2013   10        3    17  42    2.60   358.4   14.3      28.979
2013   10        3    17  52    2.61   358.7   14.3      29.067
2013   10        3    18   3    2.61   359.1   14.3      29.154
2013   10        3    18  13    2.61   359.5   14.3      29.239
2013   10        3    18  24    2.62   359.8   14.3      29.323
2013   10        3    18  35    2.62   360.2   14.3      29.406
2013   10        3    18  45    2.63   360.6   14.3      29.490
2013   10        3    18  56    2.63   360.9   14.3      29.575
2013   10        3    19   7    2.63   361.3   14.3      29.661
2013   10        3    19  17    2.64   361.7   14.3      29.748
2013   10        3    19  28    2.64   362.1   14.3      29.839
2013   10        3    19  39    2.64   362.5   14.3      29.932
2013   10        3    19  49    2.65   362.9   14.3      30.028
2013   10        3    20   0    2.65   363.3   14.3      30.124
2013   10        3    20  11    2.66   363.7   14.3      30.218
2013   10        3    20  22    2.66   364.2   14.3      30.309
2013   10        3    20  32    2.66   364.6   14.3      30.397
2013   10        3    20  43    2.66   365.0   14.3      30.480
2013   10        3    20  54    2.67   365.5   14.2      30.559
2013   10        3    21   4    2.67   365.9   14.2      30.633
2013   10        3    21  15    2.67   366.3   14.2      30.704
2013   10        3    21  25    2.67   366.7   14.2      30.771
2013   10        3    21  36    2.68   367.1   14.2      30.836
2013   10        3    21  47    2.68   367.5   14.2      30.898
2013   10        3    21  57    2.68   367.8   14.1      30.959
2013   10        3    22   8    2.68   368.2   14.1      31.019
2013   10        3    22  18    2.68   368.6   14.1      31.079
2013   10        3    22  29    2.69   368.9   14.1      31.138
2013   10        3    22  39    2.69   369.3   14.1      31.198
2013   10        3    22  50    2.69   369.6   14.1      31.259
2013   10        3    23   0    2.69   370.0   14.0      31.322
2013   10        3    23  11    2.69   370.3   14.0      31.386
2013   10        3    23  21    2.69   370.6   14.0      31.454
2013   10        3    23  32    2.70   371.0   14.0      31.521
2013   10        3    23  42    2.70   371.3   14.0      31.591
2013   10        3    23  53    2.70   371.7   14.0      31.664
2013   10        4     0   3    2.70   372.1   14.0      31.740
2013   10        4     0  14    2.70   372.4   14.0      31.817
2013   10        4     0  24    2.70   372.8   14.0      31.897
2013   10        4     0  35    2.71   373.2   14.0      31.978
2013   10        4     0  45    2.71   373.6   13.9      32.057
2013   10        4     0  56    2.71   374.0   13.9      32.135
2013   10        4     1   6    2.71   374.4   13.9      32.211
2013   10        4     1  17    2.71   374.8   13.9      32.284
2013   10        4     1  28    2.71   375.2   13.9      32.357
2013   10        4     1  38    2.71   375.6   13.9      32.429
2013   10        4     1  49    2.71   376.0   13.8      32.500
2013   10        4     1  59    2.71   376.4   13.8      32.570
2013   10        4     2  10    2.71   376.8   13.8      32.642
2013   10        4     2  21    2.71   377.2   13.8      32.713
2013   10        4     2  31    2.72   377.7   13.8      32.786
2013   10        4     2  42    2.72   378.1   13.8      32.861
2013   10        4     2  53    2.72   378.5   13.8      32.938
2013   10        4     3   3    2.72   379.0   13.7      33.018
2013   10        4     3  14    2.72   379.5   13.7      33.099
2013   10        4     3  25    2.72   379.9   13.7      33.178
2013   10        4     3  36    2.72   380.4   13.7      33.254
2013   10        4     3  46    2.72   380.9   13.7      33.327
2013   10        4     3  57    2.72   381.4   13.6      33.395
2013   10        4     4   8    2.72   381.9   13.6      33.459
2013   10        4     4  18    2.72   382.4   13.6      33.518
2013   10        4     4  29    2.72   382.9   13.5      33.573
2013   10        4     4  40    2.72   383.4   13.5      33.625
2013   10        4     4  50    2.72   383.9   13.5      33.673
2013   10        4     5   1    2.71   384.4   13.4      33.719
2013   10        4     5  11    2.71   384.9   13.4      33.764
2013   10        4     5  22    2.71   385.4   13.3      33.807
2013   10        4     5  32    2.71   385.8   13.3      33.849
2013   10        4     5  43    2.71   386.3   13.3      33.892
2013   10        4     5  53    2.71   386.8   13.2      33.936
2013   10        4     6   4    2.70   387.3   13.2      33.979
2013   10        4     6  14    2.70   387.8   13.1      34.021
2013   10        4     6  25    2.70   388.3   13.1      34.062
2013   10        4     6  35    2.69   388.8   13.0      34.100
2013   10        4     6  46    2.69   389.4   13.0      34.135
2013   10        4     6  56    2.69   389.9   12.9      34.164
2013   10        4     7   7    2.68   390.3   12.8      34.188
2013   10        4     7  17    2.68   390.9   12.8      34.208
2013   10        4     7  28    2.67   391.3   12.7      34.221
2013   10        4     7  38    2.66   391.8   12.6      34.226
2013   10        4     7  49    2.66   392.3   12.6      34.224
2013   10        4     7  59    2.65   392.7   12.5      34.218
2013   10        4     8  10    2.64   393.1   12.4      34.204
2013   10        4     8  20    2.64   393.6   12.3      34.193
2013   10        4     8  31    2.63   394.0   12.3      34.183
2013   10        4     8  42    2.63   394.4   12.2      34.174
2013   10        4     8  52    2.62   394.8   12.2      34.167
2013   10        4     9   3    2.61   395.2   12.1      34.161
2013   10        4     9  14    2.61   395.7   12.0      34.156
2013   10        4     9  24    2.60   396.1   12.0      34.153
2013   10        4     9  35    2.60   396.5   11.9      34.151
2013   10        4     9  45    2.59   396.9   11.9      34.150
2013   10        4     9  56    2.59   397.3   11.8      34.149
2013   10        4    10   7    2.58   397.7   11.8      34.150
2013   10        4    10  18    2.58   398.1   11.7      34.152
2013   10        4    10  28    2.57   398.5   11.7      34.154
2013   10        4    10  39    2.57   398.9   11.6      34.157
2013   10        4    10  50    2.56   399.3   11.6      34.161
2013   10        4    11   0    2.56   399.7   11.5      34.165
2013   10        4    11  11    2.55   400.1   11.5      34.170
2013   10        4    11  22    2.55   400.5   11.5      34.175
2013   10        4    11  32    2.54   401.0   11.4      34.180
2013   10        4    11  43    2.54   401.4   11.4      34.186
2013   10        4    11  54    2.53   401.8   11.3      34.192
2013   10        4    12   4    2.53   402.2   11.3      34.197
2013   10        4    12  15    2.52   402.7   11.3      34.203
2013   10        4    12  25    2.52   403.1   11.2      34.209
2013   10        4    12  36    2.51   403.6   11.2      34.215
2013   10        4    12  46    2.51   404.1   11.1      34.220
2013   10        4    12  57    2.50   404.5   11.1      34.227
2013   10        4    13   7    2.49   405.0   11.0      34.234
2013   10        4    13  18    2.49   405.5   11.0      34.239
2013   10        4    13  28    2.48   406.1   10.9      34.241
2013   10        4    13  39    2.47   406.6   10.9      34.242
2013   10        4    13  49    2.47   407.1   10.8      34.236
2013   10        4    14   0    2.46   407.6   10.8      34.224
2013   10        4    14  10    2.45   408.1   10.7      34.203
2013   10        4    14  21    2.44   408.6   10.6      34.174
2013   10        4    14  31    2.43   409.1   10.6      34.140
2013   10        4    14  42    2.43   409.6   10.5      34.099
2013   10        4    14  52    2.42   410.0   10.4      34.049
2013   10        4    15   3    2.41   410.5   10.4      33.993
2013   10        4    15  13    2.40   410.9   10.3      33.932
2013   10        4    15  24    2.39   411.3   10.2      33.863
2013   10        4    15  35    2.38   411.7   10.2      33.795
2013   10        4    15  45    2.37   412.1   10.1      33.730
2013   10        4    15  56    2.36   412.5   10.0      33.666
2013   10        4    16   6    2.35   412.9   10.0      33.603
2013   10        4    16  17    2.34   413.2    9.9      33.542
2013   10        4    16  28    2.34   413.6    9.9      33.483
2013   10        4    16  38    2.33   413.9    9.8      33.426
2013   10        4    16  49    2.32   414.2    9.7      33.372
2013   10        4    17   0    2.31   414.5    9.7      33.320
2013   10        4    17  10    2.31   414.8    9.7      33.273
2013   10        4    17  21    2.30   415.0    9.6      33.231
2013   10        4    17  32    2.29   415.3    9.6      33.193
2013   10        4    17  42    2.29   415.6    9.5      33.161
2013   10        4    17  53    2.28   415.9    9.5      33.135
2013   10        4    18   4    2.28   416.3    9.5      33.111
2013   10        4    18  14    2.27   416.6    9.4      33.090
2013   10        4    18  25    2.26   416.9    9.4      33.067
2013   10        4    18  36    2.26   417.2    9.4      33.043
2013   10        4    18  47    2.25   417.5    9.3      33.017
2013   10        4    18  57    2.25   417.8    9.3      32.992
2013   10        4    19   8    2.24   418.1    9.3      32.967
2013   10        4    19  18    2.24   418.4    9.2      32.943
2013   10        4    19  29    2.23   418.7    9.2      32.919
2013   10        4    19  39    2.22   419.0    9.2      32.896
2013   10        4    19  50    2.22   419.3    9.1      32.872
2013   10        4    20   1    2.21   419.6    9.1      32.848
2013   10        4    20  11    2.20   419.9    9.1      32.822
2013   10        4    20  22    2.20   420.2    9.0      32.793
2013   10        4    20  32    2.19   420.5    9.0      32.762
2013   10        4    20  42    2.19   420.8    9.0      32.731
2013   10        4    20  53    2.18   421.0    8.9      32.699
2013   10        4    21   3    2.18   421.3    8.9      32.666
2013   10        4    21  14    2.17   421.6    8.9      32.631
2013   10        4    21  24    2.16   421.8    8.8      32.597
2013   10        4    21  35    2.16   422.1    8.8      32.562
2013   10        4    21  45    2.15   422.4    8.8      32.530
2013   10        4    21  56    2.15   422.6    8.7      32.500
2013   10        4    22   6    2.14   422.9    8.7      32.472
2013   10        4    22  17    2.13   423.2    8.7      32.445
2013   10        4    22  28    2.13   423.5    8.6      32.418
2013   10        4    22  38    2.12   423.7    8.6      32.390
2013   10        4    22  49    2.12   424.0    8.6      32.361
2013   10        4    22  59    2.11   424.3    8.6      32.332
2013   10        4    23  10    2.11   424.5    8.5      32.301
2013   10        4    23  20    2.10   424.8    8.5      32.269
2013   10        4    23  31    2.10   425.0    8.5      32.237
2013   10        4    23  42    2.09   425.3    8.4      32.203
2013   10        4    23  52    2.09   425.5    8.4      32.169
2013   10        5     0   3    2.08   425.7    8.4      32.136
2013   10        5     0  14    2.08   425.9    8.4      32.104
2013   10        5     0  24    2.08   426.0    8.3      32.073
2013   10        5     0  35    2.07   426.2    8.3      32.047
2013   10        5     0  46    2.07   426.4    8.3      32.023
2013   10        5     0  56    2.07   426.7    8.3      32.004
2013   10        5     1   7    2.06   426.9    8.2      31.989
2013   10        5     1  18    2.06   427.2    8.2      31.977
2013   10        5     1  29    2.05   427.4    8.2      31.966
2013   10        5     1  39    2.05   427.7    8.2      31.953
2013   10        5     1  50    2.05   427.9    8.2      31.935
2013   10        5     2   1    2.04   428.1    8.1      31.916
2013   10        5     2  11    2.04   428.3    8.1      31.895
2013   10        5     2  22    2.04   428.5    8.1      31.874
2013   10        5     2  32    2.03   428.8    8.1      31.852
2013   10        5     2  43    2.03   429.0    8.1      31.830
2013   10        5     2  54    2.03   429.2    8.0      31.809
2013   10        5     3   4    2.02   429.5    8.0      31.788
2013   10        5     3  15    2.02   429.7    8.0      31.765
2013   10        5     3  25    2.02   429.9    8.0      31.742
2013   10        5     3  36    2.01   430.1    8.0      31.715
2013   10        5     3  46    2.01   430.3    7.9      31.688
2013   10        5     3  57    2.00   430.4    7.9      31.661
2013   10        5     4   7    2.00   430.6    7.9      31.635
2013   10        5     4  18    2.00   430.7    7.9      31.610
2013   10        5     4  28    2.00   430.9    7.9      31.589
2013   10        5     4  39    1.99   431.1    7.8      31.570
2013   10        5     4  49    1.99   431.3    7.8      31.554
2013   10        5     5   0    1.99   431.5    7.8      31.541
2013   10        5     5  10    1.98   431.7    7.8      31.530
2013   10        5     5  21    1.98   431.9    7.8      31.520
2013   10        5     5  31    1.98   432.2    7.7      31.510
2013   10        5     5  42    1.98   432.4    7.7      31.499
2013   10        5     5  52    1.97   432.6    7.7      31.486
2013   10        5     6   3    1.97   432.8    7.7      31.471
2013   10        5     6  13    1.97   433.0    7.7      31.456
2013   10        5     6  24    1.97   433.3    7.7      31.440
2013   10        5     6  35    1.96   433.5    7.6      31.423
2013   10        5     6  45    1.96   433.7    7.6      31.406
2013   10        5     6  56    1.96   433.8    7.6      31.390
2013   10        5     7   6    1.95   434.0    7.6      31.374
2013   10        5     7  17    1.95   434.2    7.6      31.358
2013   10        5     7  28    1.95   434.4    7.6      31.343
2013   10        5     7  38    1.95   434.6    7.5      31.329
2013   10        5     7  49    1.94   434.8    7.5      31.315
2013   10        5     8   0    1.94   435.0    7.5      31.302
2013   10        5     8  10    1.94   435.1    7.5      31.290
2013   10        5     8  21    1.94   435.3    7.5      31.279
2013   10        5     8  32    1.94   435.5    7.5      31.268
2013   10        5     8  43    1.93   435.7    7.5      31.259
2013   10        5     8  53    1.93   435.8    7.5      31.250
2013   10        5     9   4    1.93   436.0    7.4      31.242
2013   10        5     9  15    1.93   436.2    7.4      31.235
2013   10        5     9  25    1.93   436.3    7.4      31.228
2013   10        5     9  36    1.92   436.5    7.4      31.221
2013   10        5     9  46    1.92   436.6    7.4      31.215
2013   10        5     9  57    1.92   436.8    7.4      31.209
2013   10        5    10   8    1.92   437.0    7.4      31.203
2013   10        5    10  18    1.92   437.1    7.4      31.197
2013   10        5    10  29    1.91   437.3    7.3      31.191
2013   10        5    10  39    1.91   437.5    7.3      31.184
2013   10        5    10  50    1.91   437.6    7.3      31.177
2013   10        5    11   0    1.91   437.8    7.3      31.170
2013   10        5    11  11    1.91   437.9    7.3      31.163
2013   10        5    11  21    1.90   438.1    7.3      31.155
2013   10        5    11  32    1.90   438.2    7.3      31.148
2013   10        5    11  42    1.90   438.4    7.3      31.140
2013   10        5    11  53    1.90   438.6    7.3      31.133
2013   10        5    12   3    1.90   438.7    7.2      31.126
2013   10        5    12  14    1.90   438.9    7.2      31.120
2013   10        5    12  24    1.89   439.0    7.2      31.113
2013   10        5    12  35    1.89   439.2    7.2      31.107
2013   10        5    12  45    1.89   439.3    7.2      31.102
2013   10        5    12  56    1.89   439.5    7.2      31.097
2013   10        5    13   6    1.89   439.6    7.2      31.093
2013   10        5    13  17    1.89   439.8    7.2      31.090
2013   10        5    13  27    1.88   440.0    7.2      31.087
2013   10        5    13  38    1.88   440.1    7.2      31.085
2013   10        5    13  49    1.88   440.3    7.1      31.084
2013   10        5    13  59    1.88   440.4    7.1      31.083
2013   10        5    14  10    1.88   440.6    7.1      31.083
2013   10        5    14  20    1.88   440.7    7.1      31.084
2013   10        5    14  31    1.88   440.9    7.1      31.086
2013   10        5    14  42    1.87   441.0    7.1      31.089
2013   10        5    14  52    1.87   441.2    7.1      31.091
2013   10        5    15   3    1.87   441.3    7.1      31.095
2013   10        5    15  14    1.87   441.5    7.1      31.099
2013   10        5    15  24    1.87   441.6    7.1      31.104
2013   10        5    15  35    1.87   441.8    7.1      31.109
2013   10        5    15  46    1.87   441.9    7.1      31.114
2013   10        5    15  57    1.87   442.1    7.0      31.120
2013   10        5    16   7    1.86   442.2    7.0      31.126
2013   10        5    16  18    1.86   442.4    7.0      31.133
2013   10        5    16  29    1.86   442.5    7.0      31.140
2013   10        5    16  39    1.86   442.7    7.0      31.146
2013   10        5    16  50    1.86   442.8    7.0      31.151
2013   10        5    17   1    1.86   443.0    7.0      31.155
2013   10        5    17  11    1.86   443.2    7.0      31.159
2013   10        5    17  22    1.85   443.3    7.0      31.162
2013   10        5    17  32    1.85   443.5    7.0      31.164
2013   10        5    17  43    1.85   443.6    7.0      31.165
2013   10        5    17  53    1.85   443.8    7.0      31.165
2013   10        5    18   4    1.85   443.9    7.0      31.166
2013   10        5    18  14    1.85   444.1    6.9      31.165
2013   10        5    18  25    1.85   444.2    6.9      31.165
2013   10        5    18  35    1.84   444.4    6.9      31.164
2013   10        5    18  46    1.84   444.5    6.9      31.162
2013   10        5    18  56    1.84   444.7    6.9      31.161
2013   10        5    19   7    1.84   444.8    6.9      31.159
2013   10        5    19  17    1.84   445.0    6.9      31.157
2013   10        5    19  28    1.84   445.1    6.9      31.155
2013   10        5    19  38    1.84   445.3    6.9      31.153
2013   10        5    19  49    1.83   445.4    6.9      31.152
2013   10        5    19  59    1.83   445.5    6.9      31.150
2013   10        5    20  10    1.83   445.7    6.8      31.148
2013   10        5    20  20    1.83   445.8    6.8      31.147
2013   10        5    20  31    1.83   446.0    6.8      31.146
2013   10        5    20  41    1.83   446.1    6.8      31.145
2013   10        5    20  52    1.83   446.3    6.8      31.145
2013   10        5    21   3    1.82   446.4    6.8      31.145
2013   10        5    21  13    1.82   446.5    6.8      31.146
2013   10        5    21  24    1.82   446.7    6.8      31.147
2013   10        5    21  35    1.82   446.8    6.8      31.149
2013   10        5    21  45    1.82   447.0    6.8      31.151
2013   10        5    21  56    1.82   447.1    6.8      31.154
2013   10        5    22   6    1.82   447.3    6.7      31.157
2013   10        5    22  17    1.81   447.4    6.7      31.161
2013   10        5    22  28    1.81   447.5    6.7      31.165
2013   10        5    22  39    1.81   447.7    6.7      31.169
2013   10        5    22  49    1.81   447.8    6.7      31.173
2013   10        5    23   0    1.81   448.0    6.7      31.176
2013   10        5    23  11    1.81   448.1    6.7      31.180
2013   10        5    23  21    1.80   448.3    6.7      31.183
2013   10        5    23  32    1.80   448.4    6.7      31.186
2013   10        5    23  43    1.80   448.5    6.7      31.190
2013   10        5    23  53    1.80   448.7    6.7      31.192
2013   10        6     0   4    1.80   448.8    6.7      31.194
2013   10        6     0  15    1.80   449.0    6.6      31.194
2013   10        6     0  25    1.79   449.1    6.6      31.193
2013   10        6     0  36    1.79   449.2    6.6      31.191
2013   10        6     0  46    1.79   449.4    6.6      31.188
2013   10        6     0  57    1.79   449.5    6.6      31.185
2013   10        6     1   7    1.79   449.7    6.6      31.181
2013   10        6     1  18    1.79   449.8    6.6      31.176
2013   10        6     1  28    1.78   449.9    6.6      31.170
2013   10        6     1  39    1.78   450.1    6.6      31.164
2013   10        6     1  49    1.78   450.2    6.6      31.157
2013   10        6     2   0    1.78   450.3    6.5      31.150
2013   10        6     2  10    1.78   450.4    6.5      31.142
2013   10        6     2  21    1.77   450.6    6.5      31.134
2013   10        6     2  31    1.77   450.7    6.5      31.125
2013   10        6     2  42    1.77   450.8    6.5      31.115
2013   10        6     2  52    1.77   450.9    6.5      31.105
2013   10        6     3   3    1.77   451.1    6.5      31.095
2013   10        6     3  13    1.76   451.2    6.5      31.085
2013   10        6     3  24    1.76   451.3    6.5      31.074
2013   10        6     3  34    1.76   451.4    6.4      31.062
2013   10        6     3  45    1.76   451.5    6.4      31.051
2013   10        6     3  56    1.75   451.6    6.4      31.039
2013   10        6     4   6    1.75   451.8    6.4      31.027
2013   10        6     4  17    1.75   451.9    6.4      31.015
2013   10        6     4  27    1.75   452.0    6.4      31.003
2013   10        6     4  38    1.75   452.1    6.4      30.991
2013   10        6     4  49    1.74   452.2    6.4      30.979
2013   10        6     4  59    1.74   452.3    6.4      30.967
2013   10        6     5  10    1.74   452.4    6.3      30.956
2013   10        6     5  21    1.74   452.5    6.3      30.944
2013   10        6     5  31    1.73   452.6    6.3      30.932
2013   10        6     5  42    1.73   452.7    6.3      30.920
2013   10        6     5  53    1.73   452.8    6.3      30.907
2013   10        6     6   3    1.73   452.9    6.3      30.893
2013   10        6     6  14    1.73   453.0    6.3      30.879
2013   10        6     6  25    1.72   453.1    6.3      30.863
2013   10        6     6  35    1.72   453.2    6.3      30.846
2013   10        6     6  46    1.72   453.3    6.2      30.829
2013   10        6     6  57    1.72   453.4    6.2      30.811
2013   10        6     7   7    1.71   453.5    6.2      30.792
2013   10        6     7  18    1.71   453.6    6.2      30.772
2013   10        6     7  29    1.71   453.7    6.2      30.752
2013   10        6     7  39    1.70   453.8    6.2      30.732
2013   10        6     7  50    1.70   453.8    6.2      30.710
2013   10        6     8   0    1.70   453.9    6.2      30.689
2013   10        6     8  11    1.70   454.0    6.1      30.666
2013   10        6     8  21    1.69   454.1    6.1      30.644
2013   10        6     8  32    1.69   454.1    6.1      30.620
2013   10        6     8  42    1.69   454.2    6.1      30.597
2013   10        6     8  53    1.69   454.3    6.1      30.572
2013   10        6     9   3    1.68   454.3    6.1      30.548
2013   10        6     9  14    1.68   454.4    6.1      30.522
2013   10        6     9  24    1.68   454.5    6.1      30.497
2013   10        6     9  35    1.67   454.5    6.1      30.471
2013   10        6     9  45    1.67   454.6    6.0      30.444
2013   10        6     9  56    1.67   454.6    6.0      30.417
2013   10        6    10   6    1.67   454.7    6.0      30.390
2013   10        6    10  17    1.66   454.7    6.0      30.362
2013   10        6    10  27    1.66   454.8    6.0      30.333
2013   10        6    10  38    1.66   454.8    6.0      30.305
2013   10        6    10  48    1.66   454.9    6.0      30.276
2013   10        6    10  59    1.65   454.9    6.0      30.246
2013   10        6    11  10    1.65   455.0    5.9      30.217
2013   10        6    11  20    1.65   455.0    5.9      30.187
2013   10        6    11  31    1.64   455.0    5.9      30.157
2013   10        6    11  41    1.64   455.0    5.9      30.127
2013   10        6    11  52    1.64   455.1    5.9      30.096
2013   10        6    12   3    1.64   455.1    5.9      30.066
2013   10        6    12  13    1.63   455.1    5.9      30.035
2013   10        6    12  24    1.63   455.1    5.9      30.004
2013   10        6    12  35    1.63   455.1    5.9      29.974
2013   10        6    12  45    1.62   455.2    5.8      29.942
2013   10        6    12  56    1.62   455.2    5.8      29.911
2013   10        6    13   7    1.62   455.2    5.8      29.879
2013   10        6    13  17    1.62   455.2    5.8      29.847
2013   10        6    13  28    1.61   455.2    5.8      29.814
2013   10        6    13  39    1.61   455.2    5.8      29.780
2013   10        6    13  49    1.61   455.2    5.8      29.746
2013   10        6    14   0    1.61   455.2    5.8      29.712
2013   10        6    14  11    1.60   455.2    5.8      29.676
2013   10        6    14  21    1.60   455.2    5.7      29.641
2013   10        6    14  32    1.60   455.2    5.7      29.604
2013   10        6    14  43    1.59   455.2    5.7      29.568
2013   10        6    14  53    1.59   455.1    5.7      29.531
2013   10        6    15   4    1.59   455.1    5.7      29.494
2013   10        6    15  15    1.58   455.1    5.7      29.456
2013   10        6    15  25    1.58   455.1    5.7      29.418
2013   10        6    15  36    1.58   455.1    5.7      29.379
2013   10        6    15  46    1.58   455.1    5.7      29.341
2013   10        6    15  57    1.57   455.0    5.6      29.302
2013   10        6    16   7    1.57   455.0    5.6      29.263
2013   10        6    16  18    1.57   455.0    5.6      29.223
2013   10        6    16  28    1.57   455.0    5.6      29.184
2013   10        6    16  38    1.56   454.9    5.6      29.144
2013   10        6    16  49    1.56   454.9    5.6      29.104
2013   10        6    16  59    1.56   454.9    5.6      29.063
2013   10        6    17  10    1.55   454.8    5.6      29.023
2013   10        6    17  20    1.55   454.8    5.6      28.982
2013   10        6    17  31    1.55   454.8    5.6      28.941
2013   10        6    17  42    1.55   454.7    5.5      28.899
2013   10        6    17  52    1.54   454.7    5.5      28.858
2013   10        6    18   3    1.54   454.6    5.5      28.817
2013   10        6    18  13    1.54   454.6    5.5      28.775
2013   10        6    18  24    1.54   454.5    5.5      28.734
2013   10        6    18  34    1.53   454.5    5.5      28.692
2013   10        6    18  45    1.53   454.4    5.5      28.650
2013   10        6    18  55    1.53   454.3    5.5      28.609
2013   10        6    19   6    1.52   454.3    5.5      28.567
2013   10        6    19  17    1.52   454.2    5.5      28.526
2013   10        6    19  27    1.52   454.1    5.4      28.484
2013   10        6    19  38    1.52   454.1    5.4      28.443
2013   10        6    19  49    1.51   454.0    5.4      28.402
2013   10        6    19  59    1.51   453.9    5.4      28.361
2013   10        6    20  10    1.51   453.8    5.4      28.319
2013   10        6    20  21    1.51   453.7    5.4      28.278
2013   10        6    20  31    1.50   453.7    5.4      28.236
2013   10        6    20  42    1.50   453.6    5.4      28.195
2013   10        6    20  53    1.50   453.5    5.4      28.153
2013   10        6    21   3    1.50   453.4    5.4      28.111
2013   10        6    21  14    1.49   453.3    5.4      28.069
2013   10        6    21  25    1.49   453.2    5.4      28.026
2013   10        6    21  36    1.49   453.1    5.3      27.983
2013   10        6    21  46    1.49   453.0    5.3      27.941
2013   10        6    21  57    1.48   452.9    5.3      27.897
2013   10        6    22   7    1.48   452.8    5.3      27.854
2013   10        6    22  18    1.48   452.7    5.3      27.810
2013   10        6    22  29    1.48   452.6    5.3      27.767
2013   10        6    22  39    1.47   452.5    5.3      27.722
2013   10        6    22  50    1.47   452.4    5.3      27.678
2013   10        6    23   0    1.47   452.3    5.3      27.634
2013   10        6    23  11    1.47   452.2    5.3      27.590
2013   10        6    23  21    1.46   452.1    5.3      27.545
2013   10        6    23  32    1.46   452.0    5.3      27.501
2013   10        6    23  42    1.46   451.9    5.2      27.457
2013   10        6    23  53    1.46   451.8    5.2      27.413
2013   10        7     0   3    1.45   451.7    5.2      27.368
