year    month   day   hour  minute  B_enl V_enl   n_enl       T_enl
[year] [month] [day] [hour][minute] [nT]  [km/s]  [cm-3]      [kK]
2013    9        9     0   9    1.75   427.6    6.5      29.287
2013    9        9     0  18    1.75   427.6    6.5      29.215
2013    9        9     0  28    1.74   427.6    6.5      29.142
2013    9        9     0  37    1.74   427.6    6.4      29.071
2013    9        9     0  47    1.73   427.6    6.4      28.999
2013    9        9     0  57    1.73   427.5    6.4      28.927
2013    9        9     1   6    1.72   427.5    6.4      28.856
2013    9        9     1  16    1.72   427.5    6.4      28.785
2013    9        9     1  25    1.71   427.5    6.3      28.714
2013    9        9     1  35    1.71   427.5    6.3      28.643
2013    9        9     1  44    1.70   427.4    6.3      28.573
2013    9        9     1  54    1.70   427.4    6.3      28.504
2013    9        9     2   3    1.69   427.3    6.3      28.436
2013    9        9     2  13    1.69   427.3    6.3      28.368
2013    9        9     2  23    1.68   427.3    6.3      28.301
2013    9        9     2  32    1.68   427.2    6.2      28.236
2013    9        9     2  42    1.68   427.2    6.2      28.172
2013    9        9     2  51    1.67   427.1    6.2      28.110
2013    9        9     3   1    1.67   427.1    6.2      28.048
2013    9        9     3  10    1.66   427.0    6.2      27.988
2013    9        9     3  20    1.66   427.0    6.2      27.928
2013    9        9     3  29    1.65   426.9    6.2      27.869
2013    9        9     3  39    1.65   426.9    6.1      27.810
2013    9        9     3  49    1.65   426.8    6.1      27.751
2013    9        9     3  58    1.64   426.8    6.1      27.692
2013    9        9     4   8    1.64   426.7    6.1      27.634
2013    9        9     4  17    1.63   426.6    6.1      27.576
2013    9        9     4  27    1.63   426.6    6.1      27.518
2013    9        9     4  36    1.63   426.5    6.1      27.459
2013    9        9     4  46    1.62   426.5    6.0      27.401
2013    9        9     4  56    1.62   426.4    6.0      27.343
2013    9        9     5   5    1.61   426.3    6.0      27.286
2013    9        9     5  15    1.61   426.3    6.0      27.228
2013    9        9     5  24    1.61   426.2    6.0      27.171
2013    9        9     5  34    1.60   426.1    6.0      27.114
2013    9        9     5  43    1.60   426.1    6.0      27.057
2013    9        9     5  53    1.60   426.0    6.0      27.001
2013    9        9     6   3    1.59   425.9    5.9      26.945
2013    9        9     6  12    1.59   425.8    5.9      26.889
2013    9        9     6  22    1.59   425.8    5.9      26.835
2013    9        9     6  31    1.58   425.7    5.9      26.780
2013    9        9     6  41    1.58   425.6    5.9      26.726
2013    9        9     6  51    1.58   425.5    5.9      26.673
2013    9        9     7   0    1.57   425.4    5.9      26.620
2013    9        9     7  10    1.57   425.3    5.9      26.567
2013    9        9     7  19    1.57   425.2    5.8      26.516
2013    9        9     7  29    1.56   425.1    5.8      26.464
2013    9        9     7  38    1.56   425.0    5.8      26.412
2013    9        9     7  48    1.56   424.9    5.8      26.361
2013    9        9     7  57    1.55   424.8    5.8      26.310
2013    9        9     8   7    1.55   424.7    5.8      26.258
2013    9        9     8  16    1.55   424.6    5.8      26.207
2013    9        9     8  26    1.54   424.5    5.8      26.156
2013    9        9     8  35    1.54   424.4    5.8      26.105
2013    9        9     8  45    1.54   424.3    5.8      26.054
2013    9        9     8  55    1.54   424.2    5.8      26.004
2013    9        9     9   4    1.53   424.1    5.7      25.955
2013    9        9     9  14    1.53   423.9    5.7      25.907
2013    9        9     9  23    1.53   423.8    5.7      25.859
2013    9        9     9  33    1.52   423.7    5.7      25.812
2013    9        9     9  42    1.52   423.6    5.7      25.766
2013    9        9     9  52    1.52   423.5    5.7      25.722
2013    9        9    10   1    1.52   423.3    5.7      25.679
2013    9        9    10  11    1.51   423.2    5.7      25.636
2013    9        9    10  21    1.51   423.1    5.7      25.594
2013    9        9    10  30    1.51   423.0    5.7      25.553
2013    9        9    10  40    1.51   422.8    5.7      25.512
2013    9        9    10  49    1.50   422.7    5.7      25.470
2013    9        9    10  59    1.50   422.6    5.7      25.428
2013    9        9    11   8    1.50   422.4    5.7      25.386
2013    9        9    11  18    1.50   422.3    5.7      25.343
2013    9        9    11  27    1.49   422.2    5.7      25.300
2013    9        9    11  37    1.49   422.1    5.6      25.257
2013    9        9    11  47    1.49   421.9    5.6      25.215
2013    9        9    11  56    1.49   421.8    5.6      25.172
2013    9        9    12   6    1.48   421.6    5.6      25.129
2013    9        9    12  15    1.48   421.5    5.6      25.085
2013    9        9    12  25    1.48   421.4    5.6      25.043
2013    9        9    12  35    1.48   421.2    5.6      24.999
2013    9        9    12  44    1.47   421.1    5.6      24.956
2013    9        9    12  54    1.47   421.0    5.6      24.913
2013    9        9    13   3    1.47   420.8    5.6      24.870
2013    9        9    13  13    1.47   420.7    5.6      24.826
2013    9        9    13  22    1.47   420.5    5.6      24.784
2013    9        9    13  32    1.46   420.4    5.6      24.740
2013    9        9    13  42    1.46   420.2    5.6      24.698
2013    9        9    13  51    1.46   420.1    5.6      24.655
2013    9        9    14   1    1.46   419.9    5.6      24.613
2013    9        9    14  10    1.45   419.8    5.5      24.571
2013    9        9    14  20    1.45   419.6    5.5      24.529
2013    9        9    14  29    1.45   419.5    5.5      24.488
2013    9        9    14  39    1.45   419.3    5.5      24.447
2013    9        9    14  49    1.45   419.2    5.5      24.406
2013    9        9    14  58    1.44   419.0    5.5      24.367
2013    9        9    15   8    1.44   418.9    5.5      24.327
2013    9        9    15  17    1.44   418.7    5.5      24.287
2013    9        9    15  27    1.44   418.5    5.5      24.248
2013    9        9    15  36    1.44   418.4    5.5      24.210
2013    9        9    15  46    1.43   418.2    5.5      24.171
2013    9        9    15  55    1.43   418.1    5.5      24.134
2013    9        9    16   5    1.43   417.9    5.5      24.096
2013    9        9    16  14    1.43   417.7    5.5      24.058
2013    9        9    16  24    1.43   417.6    5.5      24.021
2013    9        9    16  33    1.43   417.4    5.5      23.984
2013    9        9    16  43    1.42   417.2    5.5      23.947
2013    9        9    16  53    1.42   417.1    5.5      23.911
2013    9        9    17   2    1.42   416.9    5.5      23.874
2013    9        9    17  12    1.42   416.8    5.5      23.837
2013    9        9    17  21    1.42   416.6    5.5      23.801
2013    9        9    17  31    1.41   416.4    5.5      23.764
2013    9        9    17  40    1.41   416.3    5.5      23.728
2013    9        9    17  50    1.41   416.1    5.5      23.692
2013    9        9    18   0    1.41   415.9    5.4      23.655
2013    9        9    18   9    1.41   415.7    5.4      23.619
2013    9        9    18  19    1.41   415.6    5.4      23.582
2013    9        9    18  28    1.41   415.4    5.4      23.546
2013    9        9    18  38    1.40   415.2    5.4      23.510
2013    9        9    18  47    1.40   415.1    5.4      23.474
2013    9        9    18  57    1.40   414.9    5.4      23.438
2013    9        9    19   6    1.40   414.7    5.4      23.402
2013    9        9    19  16    1.40   414.5    5.4      23.366
2013    9        9    19  26    1.40   414.4    5.4      23.330
2013    9        9    19  35    1.39   414.2    5.4      23.294
2013    9        9    19  45    1.39   414.0    5.4      23.259
2013    9        9    19  54    1.39   413.8    5.4      23.223
2013    9        9    20   4    1.39   413.6    5.4      23.188
2013    9        9    20  14    1.39   413.5    5.4      23.153
2013    9        9    20  23    1.39   413.3    5.4      23.118
2013    9        9    20  33    1.39   413.1    5.4      23.082
2013    9        9    20  42    1.38   412.9    5.4      23.047
2013    9        9    20  52    1.38   412.7    5.4      23.012
2013    9        9    21   1    1.38   412.5    5.4      22.977
2013    9        9    21  11    1.38   412.3    5.4      22.942
2013    9        9    21  21    1.38   412.2    5.4      22.908
2013    9        9    21  30    1.38   412.0    5.4      22.873
2013    9        9    21  40    1.37   411.8    5.4      22.839
2013    9        9    21  49    1.37   411.6    5.4      22.804
2013    9        9    21  59    1.37   411.4    5.4      22.770
2013    9        9    22   8    1.37   411.2    5.4      22.736
2013    9        9    22  18    1.37   411.0    5.4      22.702
2013    9        9    22  27    1.37   410.8    5.4      22.668
2013    9        9    22  37    1.37   410.6    5.4      22.635
2013    9        9    22  47    1.37   410.4    5.4      22.601
2013    9        9    22  56    1.36   410.2    5.4      22.568
2013    9        9    23   6    1.36   410.0    5.4      22.534
2013    9        9    23  15    1.36   409.8    5.4      22.501
2013    9        9    23  25    1.36   409.6    5.4      22.468
2013    9        9    23  34    1.36   409.4    5.4      22.436
2013    9        9    23  44    1.36   409.2    5.4      22.403
2013    9        9    23  53    1.36   409.0    5.4      22.371
2013    9       10     0   3    1.36   408.8    5.4      22.339
2013    9       10     0  12    1.36   408.6    5.4      22.307
2013    9       10     0  22    1.35   408.4    5.4      22.275
2013    9       10     0  32    1.35   408.2    5.4      22.244
2013    9       10     0  41    1.35   408.0    5.4      22.213
2013    9       10     0  51    1.35   407.8    5.4      22.182
2013    9       10     1   0    1.35   407.6    5.4      22.151
2013    9       10     1  10    1.35   407.4    5.4      22.120
2013    9       10     1  19    1.35   407.2    5.4      22.089
2013    9       10     1  29    1.35   407.0    5.4      22.059
2013    9       10     1  39    1.35   406.8    5.4      22.029
2013    9       10     1  48    1.34   406.6    5.4      21.998
2013    9       10     1  58    1.34   406.4    5.4      21.968
2013    9       10     2   7    1.34   406.3    5.4      21.937
2013    9       10     2  17    1.34   406.1    5.4      21.907
2013    9       10     2  26    1.34   405.9    5.4      21.877
2013    9       10     2  36    1.34   405.7    5.4      21.846
2013    9       10     2  45    1.34   405.5    5.4      21.816
2013    9       10     2  55    1.34   405.3    5.4      21.786
2013    9       10     3   5    1.34   405.1    5.4      21.756
2013    9       10     3  14    1.34   404.9    5.3      21.726
2013    9       10     3  24    1.33   404.7    5.3      21.696
2013    9       10     3  33    1.33   404.5    5.3      21.666
2013    9       10     3  43    1.33   404.3    5.3      21.636
2013    9       10     3  53    1.33   404.1    5.3      21.606
2013    9       10     4   2    1.33   403.9    5.3      21.577
2013    9       10     4  12    1.33   403.7    5.3      21.547
2013    9       10     4  21    1.33   403.5    5.3      21.517
2013    9       10     4  31    1.33   403.3    5.3      21.487
2013    9       10     4  41    1.33   403.1    5.3      21.458
2013    9       10     4  50    1.33   402.9    5.3      21.428
2013    9       10     5   0    1.33   402.7    5.3      21.399
2013    9       10     5   9    1.33   402.5    5.3      21.369
2013    9       10     5  19    1.32   402.3    5.3      21.340
2013    9       10     5  28    1.32   402.1    5.3      21.311
2013    9       10     5  38    1.32   401.9    5.3      21.282
2013    9       10     5  47    1.32   401.6    5.3      21.253
2013    9       10     5  57    1.32   401.4    5.3      21.224
2013    9       10     6   6    1.32   401.2    5.3      21.196
2013    9       10     6  16    1.32   401.0    5.3      21.167
2013    9       10     6  26    1.32   400.8    5.3      21.138
2013    9       10     6  35    1.32   400.6    5.3      21.110
2013    9       10     6  45    1.32   400.4    5.3      21.081
2013    9       10     6  54    1.32   400.2    5.3      21.053
2013    9       10     7   4    1.32   400.0    5.3      21.025
2013    9       10     7  13    1.32   399.8    5.3      20.997
2013    9       10     7  23    1.31   399.6    5.3      20.969
2013    9       10     7  32    1.31   399.4    5.3      20.941
2013    9       10     7  42    1.31   399.2    5.3      20.913
2013    9       10     7  51    1.31   399.0    5.3      20.885
2013    9       10     8   1    1.31   398.8    5.3      20.858
2013    9       10     8  11    1.31   398.6    5.3      20.830
2013    9       10     8  20    1.31   398.4    5.3      20.803
2013    9       10     8  30    1.31   398.2    5.3      20.775
2013    9       10     8  39    1.31   398.0    5.3      20.748
2013    9       10     8  49    1.31   397.7    5.3      20.721
2013    9       10     8  58    1.31   397.5    5.3      20.694
2013    9       10     9   8    1.31   397.3    5.3      20.667
2013    9       10     9  18    1.31   397.1    5.3      20.639
2013    9       10     9  27    1.31   396.9    5.3      20.612
2013    9       10     9  37    1.31   396.7    5.3      20.585
2013    9       10     9  46    1.30   396.5    5.3      20.559
2013    9       10     9  56    1.30   396.2    5.3      20.532
2013    9       10    10   5    1.30   396.0    5.3      20.505
2013    9       10    10  15    1.30   395.8    5.3      20.479
2013    9       10    10  25    1.30   395.6    5.3      20.453
2013    9       10    10  34    1.30   395.4    5.3      20.427
2013    9       10    10  44    1.30   395.1    5.3      20.401
2013    9       10    10  53    1.30   394.9    5.3      20.375
2013    9       10    11   3    1.30   394.7    5.3      20.349
2013    9       10    11  13    1.30   394.5    5.4      20.324
2013    9       10    11  22    1.30   394.3    5.4      20.298
2013    9       10    11  32    1.30   394.0    5.4      20.273
2013    9       10    11  41    1.30   393.8    5.4      20.247
2013    9       10    11  51    1.30   393.6    5.4      20.222
2013    9       10    12   0    1.30   393.4    5.4      20.197
2013    9       10    12  10    1.30   393.2    5.4      20.172
2013    9       10    12  20    1.30   392.9    5.4      20.147
2013    9       10    12  29    1.30   392.7    5.4      20.122
2013    9       10    12  39    1.30   392.5    5.4      20.097
2013    9       10    12  48    1.30   392.3    5.4      20.071
2013    9       10    12  58    1.30   392.1    5.4      20.046
2013    9       10    13   7    1.30   391.8    5.4      20.021
2013    9       10    13  17    1.29   391.6    5.4      19.996
2013    9       10    13  26    1.29   391.4    5.4      19.970
2013    9       10    13  36    1.29   391.2    5.4      19.945
2013    9       10    13  45    1.29   391.0    5.4      19.919
2013    9       10    13  55    1.29   390.7    5.4      19.893
2013    9       10    14   5    1.29   390.5    5.4      19.868
2013    9       10    14  14    1.29   390.3    5.4      19.842
2013    9       10    14  24    1.29   390.1    5.4      19.816
2013    9       10    14  33    1.29   389.8    5.4      19.791
2013    9       10    14  43    1.29   389.6    5.4      19.765
2013    9       10    14  52    1.29   389.4    5.4      19.739
2013    9       10    15   2    1.29   389.2    5.4      19.713
2013    9       10    15  11    1.29   388.9    5.4      19.688
2013    9       10    15  21    1.29   388.7    5.4      19.663
2013    9       10    15  31    1.29   388.5    5.4      19.638
2013    9       10    15  40    1.29   388.2    5.4      19.613
2013    9       10    15  50    1.29   388.0    5.4      19.589
2013    9       10    15  59    1.29   387.8    5.4      19.564
2013    9       10    16   9    1.29   387.5    5.4      19.541
2013    9       10    16  18    1.29   387.3    5.4      19.517
2013    9       10    16  28    1.29   387.1    5.4      19.495
2013    9       10    16  38    1.29   386.8    5.4      19.472
2013    9       10    16  47    1.29   386.6    5.4      19.451
2013    9       10    16  57    1.29   386.3    5.4      19.429
2013    9       10    17   6    1.29   386.1    5.4      19.409
2013    9       10    17  16    1.29   385.8    5.4      19.388
2013    9       10    17  25    1.29   385.6    5.4      19.369
2013    9       10    17  35    1.29   385.4    5.4      19.350
2013    9       10    17  45    1.29   385.1    5.4      19.332
2013    9       10    17  54    1.29   384.9    5.4      19.314
2013    9       10    18   4    1.29   384.6    5.5      19.297
2013    9       10    18  13    1.30   384.3    5.5      19.281
2013    9       10    18  23    1.30   384.1    5.5      19.265
2013    9       10    18  33    1.30   383.8    5.5      19.250
2013    9       10    18  42    1.30   383.6    5.5      19.235
2013    9       10    18  52    1.30   383.3    5.5      19.221
2013    9       10    19   1    1.30   383.1    5.5      19.208
2013    9       10    19  11    1.30   382.8    5.5      19.195
2013    9       10    19  20    1.30   382.5    5.5      19.182
2013    9       10    19  30    1.30   382.3    5.5      19.170
2013    9       10    19  39    1.30   382.0    5.5      19.159
2013    9       10    19  49    1.30   381.7    5.5      19.148
2013    9       10    19  58    1.31   381.5    5.6      19.139
2013    9       10    20   6    1.31   381.3    5.6      19.131
2013    9       10    20  15    1.31   381.0    5.6      19.123
2013    9       10    20  23    1.31   380.8    5.6      19.116
2013    9       10    20  31    1.31   380.6    5.6      19.109
2013    9       10    20  39    1.31   380.4    5.6      19.103
2013    9       10    20  47    1.31   380.1    5.6      19.097
2013    9       10    20  56    1.32   379.9    5.6      19.091
2013    9       10    21   4    1.32   379.7    5.6      19.086
2013    9       10    21  12    1.32   379.5    5.6      19.081
2013    9       10    21  20    1.32   379.2    5.7      19.076
2013    9       10    21  28    1.32   379.0    5.7      19.072
2013    9       10    21  36    1.32   378.8    5.7      19.068
2013    9       10    21  44    1.33   378.6    5.7      19.064
2013    9       10    21  52    1.33   378.3    5.7      19.060
2013    9       10    22   0    1.33   378.1    5.7      19.057
2013    9       10    22   8    1.33   377.9    5.7      19.054
2013    9       10    22  16    1.33   377.7    5.7      19.051
2013    9       10    22  24    1.33   377.5    5.7      19.048
2013    9       10    22  32    1.34   377.2    5.8      19.046
2013    9       10    22  40    1.34   377.0    5.8      19.044
2013    9       10    22  48    1.34   376.8    5.8      19.043
2013    9       10    22  57    1.34   376.6    5.8      19.041
2013    9       10    23   5    1.35   376.4    5.8      19.040
2013    9       10    23  13    1.35   376.1    5.8      19.040
2013    9       10    23  21    1.35   375.9    5.8      19.039
2013    9       10    23  29    1.35   375.7    5.8      19.039
2013    9       10    23  37    1.36   375.5    5.9      19.040
2013    9       10    23  45    1.36   375.3    5.9      19.041
2013    9       10    23  53    1.36   375.0    5.9      19.042
2013    9       11     0   1    1.36   374.8    5.9      19.044
2013    9       11     0   9    1.37   374.6    5.9      19.046
2013    9       11     0  17    1.37   374.4    5.9      19.048
2013    9       11     0  25    1.37   374.2    6.0      19.051
2013    9       11     0  33    1.37   373.9    6.0      19.055
2013    9       11     0  42    1.38   373.7    6.0      19.059
2013    9       11     0  50    1.38   373.5    6.0      19.064
2013    9       11     0  58    1.38   373.3    6.0      19.070
2013    9       11     1   6    1.39   373.1    6.0      19.076
2013    9       11     1  14    1.39   372.8    6.1      19.083
2013    9       11     1  22    1.39   372.6    6.1      19.090
2013    9       11     1  30    1.40   372.4    6.1      19.098
2013    9       11     1  39    1.40   372.2    6.1      19.108
2013    9       11     1  47    1.40   372.0    6.1      19.118
2013    9       11     1  55    1.41   371.7    6.1      19.129
2013    9       11     2   3    1.41   371.5    6.2      19.141
2013    9       11     2  11    1.42   371.3    6.2      19.154
2013    9       11     2  19    1.42   371.1    6.2      19.169
2013    9       11     2  28    1.42   370.8    6.2      19.184
2013    9       11     2  36    1.43   370.6    6.3      19.202
2013    9       11     2  44    1.43   370.4    6.3      19.220
2013    9       11     2  52    1.44   370.2    6.3      19.240
2013    9       11     3   0    1.44   370.0    6.3      19.262
2013    9       11     3   8    1.45   369.7    6.4      19.286
2013    9       11     3  17    1.45   369.5    6.4      19.311
2013    9       11     3  25    1.46   369.3    6.4      19.339
2013    9       11     3  33    1.46   369.1    6.5      19.368
2013    9       11     3  41    1.47   368.9    6.5      19.399
2013    9       11     3  49    1.48   368.7    6.5      19.433
2013    9       11     3  57    1.48   368.5    6.6      19.468
2013    9       11     4   6    1.49   368.4    6.6      19.504
2013    9       11     4  14    1.49   368.2    6.7      19.544
2013    9       11     4  22    1.50   368.0    6.7      19.585
2013    9       11     4  30    1.51   367.9    6.7      19.630
2013    9       11     4  38    1.51   367.7    6.8      19.676
2013    9       11     4  47    1.52   367.6    6.8      19.725
2013    9       11     4  55    1.53   367.4    6.9      19.776
2013    9       11     5   3    1.54   367.3    6.9      19.830
2013    9       11     5  11    1.54   367.2    6.9      19.885
2013    9       11     5  20    1.55   367.1    7.0      19.941
2013    9       11     5  28    1.56   366.9    7.0      19.998
2013    9       11     5  36    1.57   366.8    7.1      20.055
2013    9       11     5  44    1.57   366.7    7.1      20.113
2013    9       11     5  53    1.58   366.6    7.2      20.172
2013    9       11     6   1    1.59   366.5    7.2      20.232
2013    9       11     6   9    1.60   366.4    7.3      20.293
2013    9       11     6  18    1.61   366.3    7.3      20.357
2013    9       11     6  26    1.61   366.3    7.3      20.423
2013    9       11     6  34    1.62   366.2    7.4      20.492
2013    9       11     6  42    1.63   366.2    7.4      20.564
2013    9       11     6  51    1.64   366.1    7.5      20.638
2013    9       11     6  59    1.65   366.1    7.5      20.714
2013    9       11     7   7    1.66   366.0    7.6      20.791
2013    9       11     7  16    1.66   366.0    7.6      20.869
2013    9       11     7  24    1.67   366.0    7.7      20.948
2013    9       11     7  32    1.68   366.0    7.7      21.027
2013    9       11     7  41    1.69   365.9    7.7      21.106
2013    9       11     7  49    1.70   365.9    7.8      21.185
2013    9       11     7  58    1.71   365.9    7.8      21.264
2013    9       11     8   6    1.72   365.9    7.9      21.343
2013    9       11     8  14    1.72   365.8    7.9      21.421
2013    9       11     8  23    1.73   365.8    7.9      21.498
2013    9       11     8  31    1.74   365.8    8.0      21.575
2013    9       11     8  40    1.75   365.8    8.0      21.651
2013    9       11     8  48    1.76   365.8    8.1      21.726
2013    9       11     8  57    1.77   365.7    8.1      21.801
2013    9       11     9   5    1.78   365.7    8.1      21.875
2013    9       11     9  14    1.78   365.7    8.2      21.949
2013    9       11     9  22    1.79   365.7    8.2      22.022
2013    9       11     9  31    1.80   365.7    8.3      22.095
2013    9       11     9  39    1.81   365.6    8.3      22.168
2013    9       11     9  48    1.82   365.6    8.3      22.240
2013    9       11     9  56    1.83   365.6    8.4      22.312
2013    9       11    10   5    1.84   365.6    8.4      22.385
2013    9       11    10  14    1.85   365.6    8.5      22.458
2013    9       11    10  22    1.86   365.6    8.5      22.531
2013    9       11    10  31    1.87   365.6    8.6      22.605
2013    9       11    10  39    1.88   365.6    8.6      22.679
2013    9       11    10  48    1.89   365.6    8.7      22.755
2013    9       11    10  57    1.90   365.6    8.7      22.832
2013    9       11    11   5    1.91   365.6    8.8      22.911
2013    9       11    11  14    1.92   365.6    8.8      22.990
2013    9       11    11  23    1.93   365.6    8.9      23.071
2013    9       11    11  31    1.94   365.6    8.9      23.155
2013    9       11    11  40    1.95   365.7    9.0      23.241
2013    9       11    11  49    1.96   365.7    9.0      23.330
2013    9       11    11  58    1.97   365.8    9.1      23.422
2013    9       11    12   6    1.98   365.8    9.2      23.517
2013    9       11    12  15    1.99   365.9    9.2      23.616
2013    9       11    12  24    2.00   366.0    9.3      23.719
2013    9       11    12  33    2.01   366.1    9.3      23.824
2013    9       11    12  41    2.02   366.2    9.4      23.932
2013    9       11    12  50    2.03   366.2    9.5      24.041
2013    9       11    12  59    2.04   366.3    9.5      24.154
2013    9       11    13   8    2.05   366.4    9.6      24.270
2013    9       11    13  17    2.06   366.5    9.7      24.388
2013    9       11    13  25    2.08   366.6    9.8      24.509
2013    9       11    13  34    2.09   366.7    9.8      24.636
2013    9       11    13  43    2.10   366.9    9.9      24.776
2013    9       11    13  52    2.11   367.1   10.0      24.926
2013    9       11    14   1    2.13   367.3   10.1      25.088
2013    9       11    14  10    2.14   367.6   10.2      25.263
2013    9       11    14  19    2.15   367.8   10.3      25.449
2013    9       11    14  28    2.17   368.1   10.3      25.640
2013    9       11    14  37    2.18   368.4   10.4      25.832
2013    9       11    14  46    2.19   368.7   10.5      26.025
2013    9       11    14  55    2.21   369.0   10.5      26.216
2013    9       11    15   4    2.22   369.3   10.6      26.404
2013    9       11    15  13    2.23   369.6   10.7      26.588
2013    9       11    15  22    2.25   370.0   10.7      26.767
2013    9       11    15  31    2.26   370.3   10.8      26.942
2013    9       11    15  40    2.27   370.6   10.8      27.113
2013    9       11    15  49    2.28   370.9   10.9      27.279
2013    9       11    15  58    2.30   371.2   10.9      27.440
2013    9       11    16   7    2.31   371.6   11.0      27.597
2013    9       11    16  16    2.32   371.9   11.0      27.749
2013    9       11    16  25    2.33   372.2   11.0      27.897
2013    9       11    16  34    2.34   372.5   11.1      28.040
2013    9       11    16  44    2.35   372.8   11.1      28.179
2013    9       11    16  53    2.36   373.1   11.1      28.314
2013    9       11    17   2    2.37   373.5   11.2      28.445
2013    9       11    17  11    2.38   373.8   11.2      28.571
2013    9       11    17  20    2.39   374.1   11.2      28.694
2013    9       11    17  30    2.40   374.4   11.2      28.813
2013    9       11    17  39    2.41   374.7   11.2      28.928
2013    9       11    17  48    2.41   375.0   11.3      29.040
2013    9       11    17  58    2.42   375.3   11.3      29.148
2013    9       11    18   7    2.43   375.5   11.3      29.254
2013    9       11    18  16    2.44   375.8   11.3      29.357
2013    9       11    18  26    2.45   376.1   11.3      29.458
2013    9       11    18  35    2.45   376.4   11.4      29.556
2013    9       11    18  44    2.46   376.7   11.4      29.653
2013    9       11    18  54    2.47   376.9   11.4      29.748
2013    9       11    19   3    2.48   377.2   11.4      29.842
2013    9       11    19  13    2.48   377.5   11.4      29.935
2013    9       11    19  22    2.49   377.8   11.4      30.027
2013    9       11    19  32    2.50   378.0   11.4      30.120
2013    9       11    19  41    2.50   378.3   11.5      30.212
2013    9       11    19  51    2.51   378.6   11.5      30.304
2013    9       11    20   0    2.52   378.9   11.5      30.397
2013    9       11    20  10    2.53   379.1   11.5      30.490
2013    9       11    20  19    2.53   379.4   11.5      30.584
2013    9       11    20  29    2.54   379.6   11.6      30.678
2013    9       11    20  38    2.55   379.9   11.6      30.775
2013    9       11    20  48    2.55   380.1   11.6      30.872
2013    9       11    20  57    2.56   380.4   11.7      30.972
2013    9       11    21   7    2.57   380.6   11.7      31.076
2013    9       11    21  16    2.58   380.9   11.8      31.193
2013    9       11    21  26    2.59   381.3   11.8      31.321
2013    9       11    21  36    2.59   381.6   11.8      31.466
2013    9       11    21  45    2.60   382.0   11.9      31.625
2013    9       11    21  55    2.61   382.4   11.9      31.796
2013    9       11    22   4    2.62   382.8   12.0      31.972
2013    9       11    22  14    2.63   383.2   12.0      32.155
2013    9       11    22  23    2.64   383.6   12.1      32.342
2013    9       11    22  33    2.65   384.0   12.1      32.534
2013    9       11    22  42    2.66   384.5   12.2      32.727
2013    9       11    22  52    2.67   385.0   12.2      32.936
2013    9       11    23   2    2.68   385.4   12.3      33.155
2013    9       11    23  11    2.69   386.0   12.4      33.386
2013    9       11    23  21    2.70   386.6   12.4      33.629
2013    9       11    23  30    2.72   387.2   12.5      33.883
2013    9       11    23  40    2.73   387.8   12.5      34.130
2013    9       11    23  50    2.74   388.4   12.5      34.374
2013    9       11    23  59    2.74   389.1   12.6      34.604
2013    9       12     0   9    2.75   389.7   12.6      34.823
2013    9       12     0  18    2.76   390.3   12.6      35.027
2013    9       12     0  28    2.77   391.0   12.6      35.218
2013    9       12     0  38    2.77   391.6   12.6      35.395
2013    9       12     0  47    2.78   392.2   12.6      35.560
2013    9       12     0  57    2.78   392.7   12.6      35.715
2013    9       12     1   6    2.79   393.3   12.5      35.860
2013    9       12     1  16    2.79   393.8   12.5      35.997
2013    9       12     1  25    2.79   394.4   12.5      36.127
2013    9       12     1  35    2.79   394.9   12.5      36.251
2013    9       12     1  44    2.80   395.4   12.5      36.371
2013    9       12     1  54    2.80   395.9   12.4      36.487
2013    9       12     2   3    2.80   396.3   12.4      36.600
2013    9       12     2  13    2.80   396.8   12.4      36.711
2013    9       12     2  22    2.81   397.3   12.4      36.820
2013    9       12     2  32    2.81   397.8   12.3      36.926
2013    9       12     2  42    2.81   398.3   12.3      37.031
2013    9       12     2  51    2.81   398.7   12.3      37.133
2013    9       12     3   1    2.81   399.2   12.3      37.233
2013    9       12     3  10    2.82   399.7   12.2      37.329
2013    9       12     3  20    2.82   400.2   12.2      37.422
2013    9       12     3  29    2.82   400.7   12.2      37.510
2013    9       12     3  39    2.82   401.1   12.1      37.595
2013    9       12     3  48    2.82   401.6   12.1      37.675
2013    9       12     3  58    2.82   402.1   12.1      37.751
2013    9       12     4   7    2.82   402.6   12.0      37.822
2013    9       12     4  17    2.82   403.1   12.0      37.889
2013    9       12     4  26    2.82   403.5   12.0      37.953
2013    9       12     4  36    2.82   404.1   12.0      38.014
2013    9       12     4  45    2.82   404.6   11.9      38.074
2013    9       12     4  55    2.82   405.2   11.9      38.139
2013    9       12     5   5    2.82   405.7   11.9      38.206
2013    9       12     5  14    2.82   406.3   11.8      38.266
2013    9       12     5  24    2.82   406.8   11.8      38.318
2013    9       12     5  33    2.82   407.3   11.8      38.368
2013    9       12     5  43    2.82   407.7   11.8      38.414
2013    9       12     5  52    2.82   408.0   11.8      38.457
2013    9       12     6   2    2.83   408.3   11.8      38.506
2013    9       12     6  12    2.83   408.6   11.8      38.577
2013    9       12     6  21    2.83   408.9   11.8      38.660
2013    9       12     6  31    2.83   409.2   11.8      38.760
2013    9       12     6  40    2.84   409.6   11.8      38.885
2013    9       12     6  50    2.84   410.0   11.8      39.029
2013    9       12     6  59    2.85   410.5   11.9      39.181
2013    9       12     7   9    2.85   411.1   11.9      39.349
2013    9       12     7  19    2.86   411.6   11.9      39.525
2013    9       12     7  28    2.86   412.3   11.9      39.707
2013    9       12     7  38    2.86   412.9   11.9      39.884
2013    9       12     7  47    2.86   413.6   11.9      40.058
2013    9       12     7  57    2.86   414.2   11.9      40.219
2013    9       12     8   7    2.87   414.9   11.9      40.366
2013    9       12     8  16    2.87   415.4   11.8      40.500
2013    9       12     8  26    2.87   416.0   11.8      40.624
2013    9       12     8  35    2.86   416.6   11.8      40.740
2013    9       12     8  45    2.86   417.1   11.8      40.850
2013    9       12     8  54    2.86   417.6   11.7      40.954
2013    9       12     9   4    2.86   418.1   11.7      41.055
2013    9       12     9  13    2.86   418.6   11.7      41.151
2013    9       12     9  23    2.86   419.1   11.6      41.246
2013    9       12     9  32    2.86   419.7   11.6      41.336
2013    9       12     9  42    2.86   420.2   11.6      41.424
2013    9       12     9  51    2.86   420.7   11.5      41.508
2013    9       12    10   1    2.85   421.2   11.5      41.589
2013    9       12    10  10    2.85   421.8   11.5      41.666
2013    9       12    10  20    2.85   422.4   11.4      41.743
2013    9       12    10  30    2.85   423.0   11.4      41.818
2013    9       12    10  39    2.85   423.6   11.3      41.892
2013    9       12    10  49    2.84   424.3   11.3      41.961
2013    9       12    10  58    2.84   424.9   11.3      42.027
2013    9       12    11   8    2.84   425.6   11.2      42.085
2013    9       12    11  17    2.83   426.3   11.1      42.129
2013    9       12    11  27    2.83   427.0   11.1      42.160
2013    9       12    11  36    2.82   427.7   11.0      42.178
2013    9       12    11  46    2.82   428.4   10.9      42.172
2013    9       12    11  55    2.81   429.1   10.8      42.140
2013    9       12    12   5    2.80   429.8   10.8      42.092
2013    9       12    12  14    2.79   430.5   10.7      42.031
2013    9       12    12  24    2.78   431.2   10.6      41.956
2013    9       12    12  33    2.77   431.8   10.5      41.870
2013    9       12    12  43    2.76   432.4   10.4      41.782
2013    9       12    12  53    2.75   432.9   10.3      41.689
2013    9       12    13   2    2.74   433.4   10.2      41.591
2013    9       12    13  12    2.73   433.8   10.2      41.497
2013    9       12    13  21    2.73   434.1   10.1      41.412
2013    9       12    13  31    2.72   434.5   10.0      41.334
2013    9       12    13  40    2.71   434.8   10.0      41.260
2013    9       12    13  50    2.71   435.1    9.9      41.192
2013    9       12    14   0    2.70   435.4    9.9      41.138
2013    9       12    14   9    2.69   435.6    9.8      41.097
2013    9       12    14  19    2.69   436.0    9.8      41.072
2013    9       12    14  28    2.68   436.4    9.8      41.069
2013    9       12    14  38    2.68   436.8    9.7      41.083
2013    9       12    14  48    2.67   437.3    9.7      41.111
2013    9       12    14  57    2.67   437.8    9.6      41.146
2013    9       12    15   7    2.66   438.2    9.6      41.183
2013    9       12    15  16    2.66   438.7    9.6      41.214
2013    9       12    15  26    2.65   439.1    9.5      41.237
2013    9       12    15  35    2.65   439.4    9.5      41.256
2013    9       12    15  45    2.64   439.8    9.5      41.271
2013    9       12    15  54    2.64   440.2    9.4      41.284
2013    9       12    16   4    2.63   440.6    9.4      41.295
2013    9       12    16  14    2.63   440.9    9.4      41.304
2013    9       12    16  23    2.62   441.3    9.3      41.312
2013    9       12    16  33    2.61   441.7    9.3      41.319
2013    9       12    16  42    2.61   442.0    9.3      41.324
2013    9       12    16  52    2.60   442.4    9.3      41.327
2013    9       12    17   1    2.60   442.8    9.2      41.329
2013    9       12    17  11    2.59   443.1    9.2      41.329
2013    9       12    17  20    2.59   443.5    9.2      41.327
2013    9       12    17  30    2.58   443.9    9.1      41.326
2013    9       12    17  39    2.58   444.3    9.1      41.327
2013    9       12    17  49    2.57   444.8    9.1      41.330
2013    9       12    17  58    2.56   445.3    9.0      41.335
2013    9       12    18   8    2.56   445.8    9.0      41.342
2013    9       12    18  17    2.55   446.4    9.0      41.347
2013    9       12    18  27    2.54   447.0    8.9      41.346
2013    9       12    18  36    2.54   447.6    8.9      41.332
2013    9       12    18  46    2.53   448.3    8.8      41.305
2013    9       12    18  55    2.52   448.9    8.7      41.260
2013    9       12    19   5    2.51   449.6    8.7      41.187
2013    9       12    19  15    2.50   450.2    8.6      41.078
2013    9       12    19  24    2.49   450.7    8.5      40.945
2013    9       12    19  34    2.48   451.2    8.4      40.787
2013    9       12    19  43    2.47   451.6    8.4      40.622
2013    9       12    19  53    2.45   452.0    8.3      40.457
2013    9       12    20   2    2.44   452.4    8.2      40.303
2013    9       12    20  12    2.43   452.7    8.2      40.157
2013    9       12    20  21    2.42   453.1    8.1      40.021
2013    9       12    20  31    2.41   453.4    8.1      39.893
2013    9       12    20  40    2.41   453.7    8.0      39.778
2013    9       12    20  50    2.40   454.1    8.0      39.673
2013    9       12    21   0    2.39   454.4    7.9      39.577
2013    9       12    21   9    2.38   454.7    7.9      39.488
2013    9       12    21  19    2.37   455.1    7.8      39.406
2013    9       12    21  28    2.37   455.4    7.8      39.328
2013    9       12    21  38    2.36   455.7    7.8      39.257
2013    9       12    21  48    2.35   456.1    7.7      39.189
2013    9       12    21  57    2.35   456.4    7.7      39.123
2013    9       12    22   7    2.34   456.7    7.7      39.058
2013    9       12    22  16    2.33   457.0    7.6      38.993
2013    9       12    22  26    2.33   457.3    7.6      38.929
2013    9       12    22  35    2.32   457.6    7.6      38.865
2013    9       12    22  45    2.31   457.9    7.5      38.802
2013    9       12    22  54    2.31   458.2    7.5      38.739
2013    9       12    23   4    2.30   458.4    7.5      38.677
2013    9       12    23  14    2.29   458.7    7.4      38.618
2013    9       12    23  23    2.29   458.9    7.4      38.559
2013    9       12    23  33    2.28   459.2    7.4      38.504
2013    9       12    23  42    2.27   459.4    7.4      38.450
2013    9       12    23  52    2.27   459.6    7.3      38.400
2013    9       13     0   1    2.26   459.8    7.3      38.351
2013    9       13     0  11    2.26   460.0    7.3      38.304
2013    9       13     0  20    2.25   460.2    7.3      38.260
2013    9       13     0  30    2.24   460.4    7.2      38.217
2013    9       13     0  39    2.24   460.6    7.2      38.175
2013    9       13     0  49    2.23   460.8    7.2      38.136
2013    9       13     0  58    2.23   460.9    7.2      38.098
2013    9       13     1   8    2.22   461.1    7.2      38.060
2013    9       13     1  17    2.22   461.3    7.1      38.024
2013    9       13     1  27    2.21   461.4    7.1      37.990
2013    9       13     1  36    2.21   461.6    7.1      37.956
2013    9       13     1  46    2.20   461.8    7.1      37.924
2013    9       13     1  55    2.20   462.0    7.1      37.891
2013    9       13     2   5    2.19   462.3    7.1      37.857
2013    9       13     2  15    2.19   462.5    7.0      37.820
2013    9       13     2  24    2.18   462.6    7.0      37.784
2013    9       13     2  34    2.18   462.8    7.0      37.746
2013    9       13     2  43    2.17   463.0    7.0      37.709
2013    9       13     2  53    2.16   463.2    7.0      37.673
2013    9       13     3   2    2.16   463.4    7.0      37.637
2013    9       13     3  12    2.15   463.6    6.9      37.602
2013    9       13     3  21    2.15   463.7    6.9      37.569
2013    9       13     3  31    2.15   463.9    6.9      37.536
2013    9       13     3  40    2.14   464.1    6.9      37.504
2013    9       13     3  50    2.14   464.3    6.9      37.473
2013    9       13     3  59    2.13   464.4    6.8      37.445
2013    9       13     4   9    2.13   464.6    6.8      37.417
2013    9       13     4  19    2.12   464.8    6.8      37.392
2013    9       13     4  28    2.12   465.0    6.8      37.367
2013    9       13     4  38    2.12   465.2    6.8      37.343
2013    9       13     4  47    2.11   465.4    6.8      37.320
2013    9       13     4  57    2.11   465.6    6.8      37.300
2013    9       13     5   6    2.11   465.8    6.7      37.282
2013    9       13     5  16    2.10   466.0    6.7      37.265
2013    9       13     5  26    2.10   466.3    6.7      37.249
2013    9       13     5  35    2.10   466.5    6.7      37.232
2013    9       13     5  45    2.09   466.7    6.7      37.214
2013    9       13     5  54    2.09   466.9    6.7      37.195
2013    9       13     6   4    2.09   467.1    6.6      37.176
2013    9       13     6  13    2.08   467.3    6.6      37.157
2013    9       13     6  23    2.08   467.5    6.6      37.137
2013    9       13     6  32    2.08   467.6    6.6      37.118
2013    9       13     6  42    2.07   467.8    6.6      37.099
2013    9       13     6  51    2.07   468.0    6.6      37.081
2013    9       13     7   1    2.07   468.2    6.6      37.064
2013    9       13     7  11    2.06   468.4    6.5      37.047
2013    9       13     7  20    2.06   468.6    6.5      37.030
2013    9       13     7  30    2.06   468.8    6.5      37.015
2013    9       13     7  39    2.05   468.9    6.5      36.999
2013    9       13     7  49    2.05   469.1    6.5      36.983
2013    9       13     7  58    2.05   469.3    6.5      36.968
2013    9       13     8   8    2.05   469.5    6.5      36.953
2013    9       13     8  17    2.04   469.6    6.5      36.938
2013    9       13     8  27    2.04   469.8    6.4      36.924
2013    9       13     8  36    2.04   470.0    6.4      36.910
2013    9       13     8  46    2.04   470.2    6.4      36.897
2013    9       13     8  55    2.03   470.3    6.4      36.885
2013    9       13     9   5    2.03   470.5    6.4      36.874
2013    9       13     9  14    2.03   470.6    6.4      36.863
2013    9       13     9  24    2.03   470.8    6.4      36.854
2013    9       13     9  33    2.02   471.0    6.4      36.846
2013    9       13     9  43    2.02   471.1    6.4      36.839
2013    9       13     9  52    2.02   471.3    6.4      36.834
2013    9       13    10   2    2.02   471.4    6.3      36.830
2013    9       13    10  11    2.02   471.6    6.3      36.826
2013    9       13    10  21    2.01   471.8    6.3      36.825
2013    9       13    10  30    2.01   471.9    6.3      36.824
2013    9       13    10  40    2.01   472.1    6.3      36.825
2013    9       13    10  50    2.01   472.3    6.3      36.825
2013    9       13    10  59    2.00   472.5    6.3      36.826
2013    9       13    11   9    2.00   472.6    6.3      36.826
2013    9       13    11  18    2.00   472.8    6.3      36.826
2013    9       13    11  28    2.00   473.0    6.3      36.825
2013    9       13    11  37    2.00   473.1    6.3      36.825
2013    9       13    11  47    1.99   473.3    6.2      36.824
2013    9       13    11  56    1.99   473.5    6.2      36.824
2013    9       13    12   6    1.99   473.6    6.2      36.823
2013    9       13    12  16    1.99   473.8    6.2      36.822
2013    9       13    12  25    1.99   474.0    6.2      36.821
2013    9       13    12  35    1.98   474.1    6.2      36.821
2013    9       13    12  44    1.98   474.3    6.2      36.820
2013    9       13    12  54    1.98   474.5    6.2      36.819
2013    9       13    13   3    1.98   474.6    6.2      36.819
2013    9       13    13  13    1.98   474.8    6.2      36.819
2013    9       13    13  23    1.97   474.9    6.2      36.819
2013    9       13    13  32    1.97   475.1    6.1      36.819
2013    9       13    13  42    1.97   475.3    6.1      36.820
2013    9       13    13  51    1.97   475.4    6.1      36.820
2013    9       13    14   1    1.97   475.6    6.1      36.822
2013    9       13    14  10    1.97   475.7    6.1      36.823
2013    9       13    14  20    1.96   475.9    6.1      36.826
2013    9       13    14  29    1.96   476.0    6.1      36.828
2013    9       13    14  39    1.96   476.2    6.1      36.832
2013    9       13    14  48    1.96   476.4    6.1      36.836
2013    9       13    14  58    1.96   476.5    6.1      36.840
2013    9       13    15   7    1.96   476.7    6.1      36.846
2013    9       13    15  17    1.95   476.8    6.1      36.852
2013    9       13    15  26    1.95   477.0    6.1      36.860
2013    9       13    15  36    1.95   477.1    6.0      36.868
2013    9       13    15  45    1.95   477.3    6.0      36.878
2013    9       13    15  55    1.95   477.5    6.0      36.889
2013    9       13    16   4    1.95   477.6    6.0      36.902
2013    9       13    16  14    1.95   477.8    6.0      36.916
2013    9       13    16  23    1.95   478.0    6.0      36.932
2013    9       13    16  33    1.94   478.1    6.0      36.949
2013    9       13    16  42    1.94   478.3    6.0      36.969
2013    9       13    16  52    1.94   478.5    6.0      36.991
2013    9       13    17   1    1.94   478.7    6.0      37.015
2013    9       13    17  11    1.94   478.8    6.0      37.042
2013    9       13    17  20    1.94   479.0    6.0      37.072
2013    9       13    17  30    1.94   479.2    6.0      37.105
2013    9       13    17  40    1.94   479.4    6.0      37.141
2013    9       13    17  49    1.94   479.6    6.0      37.181
2013    9       13    17  59    1.95   479.8    6.0      37.225
2013    9       13    18   8    1.95   480.0    6.0      37.272
2013    9       13    18  18    1.95   480.2    6.0      37.324
2013    9       13    18  27    1.95   480.5    6.0      37.380
2013    9       13    18  37    1.95   480.7    6.0      37.441
2013    9       13    18  46    1.96   480.9    6.0      37.507
2013    9       13    18  56    1.96   481.2    6.0      37.578
2013    9       13    19   5    1.96   481.4    6.0      37.654
2013    9       13    19  15    1.97   481.7    6.0      37.737
2013    9       13    19  25    1.97   482.0    6.1      37.827
2013    9       13    19  34    1.98   482.3    6.1      37.921
2013    9       13    19  44    1.98   482.5    6.1      38.018
2013    9       13    19  53    1.99   482.8    6.1      38.113
2013    9       13    20   3    2.00   483.1    6.1      38.204
2013    9       13    20  12    2.00   483.4    6.1      38.294
2013    9       13    20  22    2.01   483.6    6.1      38.381
2013    9       13    20  32    2.01   483.9    6.1      38.464
2013    9       13    20  41    2.02   484.2    6.1      38.543
2013    9       13    20  51    2.03   484.4    6.1      38.614
2013    9       13    21   0    2.03   484.6    6.2      38.677
2013    9       13    21  10    2.04   484.9    6.2      38.733
2013    9       13    21  19    2.04   485.1    6.2      38.780
2013    9       13    21  29    2.05   485.3    6.2      38.820
2013    9       13    21  38    2.05   485.5    6.2      38.853
2013    9       13    21  48    2.05   485.6    6.2      38.879
2013    9       13    21  57    2.06   485.8    6.1      38.899
2013    9       13    22   7    2.06   486.0    6.1      38.912
2013    9       13    22  16    2.06   486.1    6.1      38.920
2013    9       13    22  26    2.07   486.2    6.1      38.923
2013    9       13    22  35    2.07   486.4    6.1      38.922
2013    9       13    22  45    2.07   486.5    6.1      38.916
2013    9       13    22  54    2.07   486.6    6.1      38.907
2013    9       13    23   4    2.07   486.6    6.1      38.894
2013    9       13    23  13    2.07   486.7    6.1      38.878
2013    9       13    23  23    2.08   486.8    6.1      38.860
2013    9       13    23  32    2.08   486.9    6.0      38.839
2013    9       13    23  42    2.08   486.9    6.0      38.817
2013    9       13    23  51    2.08   487.0    6.0      38.792
2013    9       14     0   1    2.08   487.0    6.0      38.766
2013    9       14     0  10    2.08   487.0    6.0      38.738
2013    9       14     0  20    2.08   487.1    6.0      38.709
2013    9       14     0  29    2.08   487.1    6.0      38.679
2013    9       14     0  39    2.07   487.1    6.0      38.648
2013    9       14     0  49    2.07   487.2    5.9      38.615
2013    9       14     0  58    2.07   487.2    5.9      38.582
2013    9       14     1   8    2.07   487.2    5.9      38.547
2013    9       14     1  17    2.07   487.2    5.9      38.511
2013    9       14     1  27    2.06   487.2    5.9      38.474
2013    9       14     1  36    2.06   487.2    5.9      38.437
2013    9       14     1  46    2.05   487.2    5.9      38.398
2013    9       14     1  55    2.05   487.2    5.8      38.359
2013    9       14     2   5    2.05   487.2    5.8      38.319
2013    9       14     2  14    2.04   487.2    5.8      38.279
2013    9       14     2  24    2.03   487.2    5.8      38.238
2013    9       14     2  33    2.03   487.2    5.8      38.197
2013    9       14     2  43    2.02   487.2    5.8      38.155
2013    9       14     2  53    2.02   487.2    5.8      38.114
2013    9       14     3   2    2.01   487.1    5.7      38.072
2013    9       14     3  12    2.00   487.1    5.7      38.031
2013    9       14     3  21    2.00   487.1    5.7      37.991
2013    9       14     3  31    1.99   487.1    5.7      37.952
2013    9       14     3  40    1.98   487.1    5.7      37.913
2013    9       14     3  50    1.98   487.0    5.7      37.876
2013    9       14     4   0    1.97   487.0    5.7      37.840
2013    9       14     4   9    1.97   487.0    5.7      37.806
2013    9       14     4  19    1.96   487.0    5.7      37.774
2013    9       14     4  28    1.95   487.0    5.6      37.744
2013    9       14     4  38    1.95   486.9    5.6      37.717
2013    9       14     4  47    1.94   486.9    5.6      37.692
2013    9       14     4  57    1.94   486.9    5.6      37.669
2013    9       14     5   6    1.93   486.9    5.6      37.649
2013    9       14     5  16    1.93   486.9    5.6      37.632
2013    9       14     5  25    1.93   486.9    5.6      37.618
2013    9       14     5  35    1.92   486.9    5.6      37.608
2013    9       14     5  44    1.92   486.9    5.6      37.600
2013    9       14     5  54    1.91   486.9    5.6      37.596
2013    9       14     6   3    1.91   486.9    5.6      37.595
2013    9       14     6  13    1.90   486.9    5.6      37.598
2013    9       14     6  22    1.90   486.9    5.6      37.605
2013    9       14     6  32    1.89   486.9    5.6      37.615
2013    9       14     6  41    1.89   486.9    5.6      37.629
2013    9       14     6  51    1.89   487.0    5.6      37.648
2013    9       14     7   0    1.88   487.0    5.6      37.670
2013    9       14     7  10    1.88   487.0    5.6      37.695
2013    9       14     7  19    1.87   487.0    5.6      37.722
2013    9       14     7  29    1.87   487.1    5.6      37.748
2013    9       14     7  38    1.86   487.1    5.6      37.772
2013    9       14     7  48    1.86   487.1    5.6      37.794
2013    9       14     7  57    1.86   487.2    5.6      37.815
2013    9       14     8   7    1.85   487.2    5.6      37.835
2013    9       14     8  16    1.85   487.2    5.6      37.852
2013    9       14     8  26    1.85   487.3    5.6      37.868
2013    9       14     8  35    1.84   487.3    5.6      37.882
2013    9       14     8  45    1.84   487.4    5.6      37.893
2013    9       14     8  54    1.84   487.4    5.6      37.900
2013    9       14     9   4    1.83   487.5    5.6      37.904
2013    9       14     9  13    1.83   487.5    5.6      37.904
2013    9       14     9  23    1.83   487.6    5.6      37.900
2013    9       14     9  33    1.83   487.7    5.6      37.893
2013    9       14     9  42    1.83   487.7    5.6      37.882
2013    9       14     9  52    1.82   487.8    5.6      37.868
2013    9       14    10   1    1.82   487.9    5.6      37.850
2013    9       14    10  11    1.82   487.9    5.6      37.829
2013    9       14    10  20    1.82   488.0    5.6      37.804
2013    9       14    10  30    1.82   488.1    5.6      37.776
2013    9       14    10  40    1.82   488.2    5.6      37.745
2013    9       14    10  49    1.82   488.3    5.6      37.710
2013    9       14    10  59    1.82   488.4    5.6      37.673
2013    9       14    11   8    1.82   488.5    5.6      37.633
2013    9       14    11  18    1.82   488.6    5.6      37.590
2013    9       14    11  27    1.81   488.7    5.6      37.546
2013    9       14    11  37    1.81   488.8    5.5      37.499
2013    9       14    11  46    1.81   488.9    5.5      37.450
2013    9       14    11  56    1.81   489.0    5.5      37.400
2013    9       14    12   5    1.81   489.1    5.5      37.348
2013    9       14    12  15    1.81   489.3    5.5      37.295
2013    9       14    12  24    1.81   489.4    5.5      37.241
2013    9       14    12  34    1.80   489.5    5.5      37.186
2013    9       14    12  43    1.80   489.6    5.5      37.130
2013    9       14    12  53    1.80   489.7    5.5      37.073
2013    9       14    13   2    1.80   489.8    5.4      37.016
2013    9       14    13  12    1.80   489.9    5.4      36.958
2013    9       14    13  21    1.79   490.1    5.4      36.900
2013    9       14    13  31    1.79   490.2    5.4      36.842
2013    9       14    13  40    1.79   490.3    5.4      36.783
2013    9       14    13  50    1.79   490.4    5.4      36.725
2013    9       14    13  59    1.79   490.5    5.4      36.666
2013    9       14    14   9    1.79   490.7    5.3      36.607
2013    9       14    14  18    1.78   490.8    5.3      36.549
2013    9       14    14  28    1.78   490.9    5.3      36.491
2013    9       14    14  37    1.78   491.0    5.3      36.433
2013    9       14    14  47    1.78   491.1    5.3      36.375
2013    9       14    14  56    1.78   491.3    5.3      36.318
2013    9       14    15   6    1.77   491.4    5.3      36.261
2013    9       14    15  15    1.77   491.5    5.3      36.204
2013    9       14    15  25    1.77   491.6    5.2      36.148
2013    9       14    15  34    1.77   491.7    5.2      36.094
2013    9       14    15  44    1.77   491.9    5.2      36.039
2013    9       14    15  53    1.77   492.0    5.2      35.986
2013    9       14    16   3    1.76   492.1    5.2      35.932
2013    9       14    16  12    1.76   492.2    5.2      35.881
2013    9       14    16  22    1.76   492.4    5.2      35.829
2013    9       14    16  32    1.76   492.5    5.2      35.779
2013    9       14    16  41    1.76   492.6    5.1      35.730
2013    9       14    16  51    1.75   492.7    5.1      35.681
2013    9       14    17   0    1.75   492.9    5.1      35.634
2013    9       14    17  10    1.75   493.0    5.1      35.587
2013    9       14    17  19    1.75   493.1    5.1      35.542
2013    9       14    17  29    1.75   493.2    5.1      35.498
2013    9       14    17  38    1.74   493.3    5.1      35.455
2013    9       14    17  48    1.74   493.4    5.1      35.414
2013    9       14    17  58    1.74   493.5    5.1      35.374
2013    9       14    18   7    1.74   493.6    5.1      35.337
2013    9       14    18  17    1.74   493.7    5.1      35.301
2013    9       14    18  26    1.73   493.8    5.0      35.267
2013    9       14    18  36    1.73   493.9    5.0      35.235
2013    9       14    18  45    1.73   494.0    5.0      35.206
2013    9       14    18  55    1.73   494.1    5.0      35.178
2013    9       14    19   4    1.73   494.1    5.0      35.153
2013    9       14    19  14    1.72   494.2    5.0      35.129
2013    9       14    19  23    1.72   494.3    5.0      35.108
2013    9       14    19  33    1.72   494.4    5.0      35.088
2013    9       14    19  42    1.72   494.4    5.0      35.071
2013    9       14    19  52    1.72   494.5    5.0      35.055
2013    9       14    20   1    1.72   494.6    5.0      35.041
2013    9       14    20  11    1.72   494.6    5.0      35.029
2013    9       14    20  20    1.71   494.7    5.0      35.019
2013    9       14    20  30    1.71   494.8    5.0      35.011
2013    9       14    20  39    1.71   494.8    5.0      35.004
2013    9       14    20  49    1.71   494.9    5.0      34.998
2013    9       14    20  58    1.71   494.9    5.0      34.993
2013    9       14    21   8    1.71   495.0    5.0      34.989
2013    9       14    21  17    1.71   495.0    5.0      34.986
2013    9       14    21  27    1.70   495.0    5.0      34.983
2013    9       14    21  36    1.70   495.1    5.0      34.981
2013    9       14    21  46    1.70   495.1    5.0      34.978
2013    9       14    21  55    1.70   495.1    5.0      34.976
2013    9       14    22   5    1.70   495.2    5.0      34.973
2013    9       14    22  14    1.70   495.2    5.0      34.972
2013    9       14    22  24    1.70   495.2    5.0      34.971
2013    9       14    22  33    1.70   495.3    5.0      34.970
2013    9       14    22  43    1.70   495.3    5.0      34.969
2013    9       14    22  52    1.70   495.3    5.0      34.970
2013    9       14    23   2    1.70   495.4    4.9      34.971
2013    9       14    23  11    1.70   495.4    4.9      34.972
2013    9       14    23  21    1.70   495.5    4.9      34.973
2013    9       14    23  30    1.70   495.5    4.9      34.972
2013    9       14    23  40    1.69   495.5    4.9      34.970
2013    9       14    23  49    1.69   495.6    4.9      34.967
2013    9       14    23  59    1.69   495.6    4.9      34.963
2013    9       15     0   9    1.69   495.7    4.9      34.958
2013    9       15     0  18    1.69   495.7    4.9      34.951
2013    9       15     0  28    1.69   495.8    4.9      34.944
2013    9       15     0  37    1.69   495.8    4.9      34.936
2013    9       15     0  47    1.69   495.9    4.9      34.927
2013    9       15     0  56    1.69   495.9    4.9      34.917
2013    9       15     1   6    1.69   495.9    4.9      34.907
2013    9       15     1  15    1.68   496.0    4.9      34.896
2013    9       15     1  25    1.68   496.0    4.9      34.884
2013    9       15     1  35    1.68   496.1    4.9      34.872
2013    9       15     1  44    1.68   496.1    4.9      34.860
2013    9       15     1  54    1.68   496.2    4.9      34.847
2013    9       15     2   3    1.68   496.2    4.9      34.834
2013    9       15     2  13    1.68   496.3    4.9      34.821
2013    9       15     2  22    1.68   496.3    4.9      34.807
2013    9       15     2  32    1.67   496.4    4.9      34.793
2013    9       15     2  41    1.67   496.4    4.9      34.779
2013    9       15     2  51    1.67   496.5    4.9      34.764
2013    9       15     3   0    1.67   496.5    4.9      34.750
2013    9       15     3  10    1.67   496.6    4.9      34.735
2013    9       15     3  19    1.67   496.6    4.9      34.721
2013    9       15     3  29    1.67   496.7    4.8      34.706
2013    9       15     3  38    1.66   496.7    4.8      34.691
2013    9       15     3  48    1.66   496.7    4.8      34.676
2013    9       15     3  57    1.66   496.8    4.8      34.661
2013    9       15     4   7    1.66   496.8    4.8      34.646
2013    9       15     4  16    1.66   496.9    4.8      34.632
2013    9       15     4  26    1.66   496.9    4.8      34.617
2013    9       15     4  35    1.66   497.0    4.8      34.602
2013    9       15     4  45    1.65   497.0    4.8      34.587
2013    9       15     4  54    1.65   497.0    4.8      34.572
2013    9       15     5   4    1.65   497.1    4.8      34.557
2013    9       15     5  13    1.65   497.1    4.8      34.542
2013    9       15     5  23    1.65   497.1    4.8      34.526
2013    9       15     5  32    1.65   497.2    4.8      34.510
2013    9       15     5  42    1.65   497.2    4.8      34.494
2013    9       15     5  51    1.64   497.2    4.8      34.478
2013    9       15     6   1    1.64   497.3    4.8      34.461
2013    9       15     6  10    1.64   497.3    4.8      34.445
2013    9       15     6  20    1.64   497.3    4.8      34.428
2013    9       15     6  29    1.64   497.4    4.8      34.412
2013    9       15     6  39    1.64   497.4    4.7      34.395
2013    9       15     6  48    1.64   497.4    4.7      34.379
2013    9       15     6  58    1.63   497.4    4.7      34.362
2013    9       15     7   7    1.63   497.4    4.7      34.346
2013    9       15     7  17    1.63   497.5    4.7      34.330
2013    9       15     7  26    1.63   497.5    4.7      34.313
2013    9       15     7  36    1.63   497.5    4.7      34.297
2013    9       15     7  45    1.63   497.5    4.7      34.281
2013    9       15     7  55    1.63   497.5    4.7      34.265
2013    9       15     8   4    1.62   497.5    4.7      34.249
2013    9       15     8  14    1.62   497.6    4.7      34.233
2013    9       15     8  23    1.62   497.6    4.7      34.217
2013    9       15     8  33    1.62   497.6    4.7      34.201
2013    9       15     8  43    1.62   497.6    4.7      34.185
2013    9       15     8  52    1.62   497.6    4.7      34.170
2013    9       15     9   2    1.62   497.6    4.7      34.154
2013    9       15     9  11    1.61   497.6    4.7      34.139
2013    9       15     9  21    1.61   497.6    4.7      34.124
2013    9       15     9  30    1.61   497.6    4.7      34.109
2013    9       15     9  40    1.61   497.7    4.7      34.094
2013    9       15     9  49    1.61   497.7    4.7      34.079
2013    9       15     9  59    1.61   497.7    4.7      34.063
2013    9       15    10   8    1.61   497.7    4.7      34.047
2013    9       15    10  18    1.60   497.7    4.7      34.031
2013    9       15    10  27    1.60   497.7    4.6      34.014
2013    9       15    10  37    1.60   497.7    4.6      33.996
2013    9       15    10  46    1.60   497.7    4.6      33.979
2013    9       15    10  56    1.60   497.7    4.6      33.960
2013    9       15    11   5    1.60   497.7    4.6      33.942
2013    9       15    11  15    1.60   497.7    4.6      33.922
2013    9       15    11  24    1.59   497.7    4.6      33.903
2013    9       15    11  34    1.59   497.7    4.6      33.883
2013    9       15    11  43    1.59   497.7    4.6      33.862
2013    9       15    11  53    1.59   497.8    4.6      33.841
2013    9       15    12   2    1.59   497.8    4.6      33.820
2013    9       15    12  12    1.59   497.8    4.6      33.798
2013    9       15    12  21    1.58   497.8    4.6      33.776
2013    9       15    12  31    1.58   497.8    4.6      33.753
2013    9       15    12  40    1.58   497.8    4.6      33.730
2013    9       15    12  50    1.58   497.7    4.6      33.707
2013    9       15    12  59    1.58   497.7    4.6      33.684
2013    9       15    13   9    1.58   497.7    4.6      33.660
2013    9       15    13  18    1.58   497.7    4.6      33.636
2013    9       15    13  28    1.57   497.7    4.6      33.612
2013    9       15    13  37    1.57   497.7    4.6      33.587
2013    9       15    13  47    1.57   497.7    4.6      33.563
2013    9       15    13  56    1.57   497.7    4.5      33.538
2013    9       15    14   6    1.57   497.7    4.5      33.514
2013    9       15    14  15    1.57   497.6    4.5      33.489
2013    9       15    14  25    1.56   497.6    4.5      33.465
2013    9       15    14  34    1.56   497.6    4.5      33.440
2013    9       15    14  44    1.56   497.6    4.5      33.416
2013    9       15    14  53    1.56   497.6    4.5      33.391
2013    9       15    15   3    1.56   497.5    4.5      33.366
2013    9       15    15  13    1.56   497.5    4.5      33.341
2013    9       15    15  22    1.56   497.5    4.5      33.316
2013    9       15    15  32    1.55   497.4    4.5      33.291
2013    9       15    15  41    1.55   497.4    4.5      33.266
2013    9       15    15  51    1.55   497.4    4.5      33.240
2013    9       15    16   0    1.55   497.3    4.5      33.214
2013    9       15    16  10    1.55   497.3    4.5      33.187
2013    9       15    16  19    1.55   497.3    4.5      33.160
2013    9       15    16  29    1.54   497.2    4.5      33.133
2013    9       15    16  38    1.54   497.2    4.5      33.106
2013    9       15    16  48    1.54   497.1    4.5      33.078
2013    9       15    16  57    1.54   497.1    4.5      33.050
2013    9       15    17   7    1.54   497.0    4.5      33.022
2013    9       15    17  16    1.54   497.0    4.5      32.994
2013    9       15    17  26    1.54   496.9    4.5      32.966
2013    9       15    17  35    1.53   496.9    4.4      32.938
2013    9       15    17  45    1.53   496.8    4.4      32.910
2013    9       15    17  54    1.53   496.7    4.4      32.882
2013    9       15    18   4    1.53   496.7    4.4      32.855
2013    9       15    18  13    1.53   496.6    4.4      32.827
2013    9       15    18  23    1.53   496.6    4.4      32.800
2013    9       15    18  32    1.52   496.5    4.4      32.773
2013    9       15    18  42    1.52   496.4    4.4      32.746
2013    9       15    18  51    1.52   496.4    4.4      32.719
2013    9       15    19   1    1.52   496.3    4.4      32.693
2013    9       15    19  10    1.52   496.3    4.4      32.666
2013    9       15    19  20    1.52   496.2    4.4      32.640
2013    9       15    19  29    1.52   496.1    4.4      32.614
2013    9       15    19  39    1.51   496.1    4.4      32.588
2013    9       15    19  48    1.51   496.0    4.4      32.562
2013    9       15    19  58    1.51   495.9    4.4      32.536
2013    9       15    20   7    1.51   495.9    4.4      32.510
2013    9       15    20  17    1.51   495.8    4.4      32.484
2013    9       15    20  26    1.51   495.7    4.4      32.459
2013    9       15    20  36    1.51   495.7    4.4      32.432
2013    9       15    20  45    1.50   495.6    4.4      32.407
2013    9       15    20  55    1.50   495.5    4.4      32.381
2013    9       15    21   4    1.50   495.4    4.4      32.355
2013    9       15    21  14    1.50   495.4    4.4      32.329
2013    9       15    21  23    1.50   495.3    4.4      32.302
2013    9       15    21  33    1.50   495.2    4.4      32.275
2013    9       15    21  42    1.50   495.2    4.4      32.248
2013    9       15    21  52    1.49   495.1    4.4      32.220
2013    9       15    22   1    1.49   495.0    4.4      32.192
2013    9       15    22  11    1.49   494.9    4.4      32.164
2013    9       15    22  21    1.49   494.8    4.3      32.135
2013    9       15    22  30    1.49   494.8    4.3      32.106
2013    9       15    22  40    1.49   494.7    4.3      32.076
2013    9       15    22  49    1.48   494.6    4.3      32.047
2013    9       15    22  59    1.48   494.5    4.3      32.017
2013    9       15    23   8    1.48   494.4    4.3      31.987
2013    9       15    23  18    1.48   494.3    4.3      31.957
2013    9       15    23  27    1.48   494.2    4.3      31.926
2013    9       15    23  37    1.48   494.2    4.3      31.896
2013    9       15    23  46    1.48   494.1    4.3      31.865
2013    9       15    23  56    1.47   494.0    4.3      31.834
2013    9       16     0   6    1.47   493.9    4.3      31.802
2013    9       16     0  15    1.47   493.8    4.3      31.771
2013    9       16     0  25    1.47   493.7    4.3      31.739
2013    9       16     0  34    1.47   493.6    4.3      31.707
2013    9       16     0  44    1.47   493.5    4.3      31.675
2013    9       16     0  53    1.47   493.4    4.3      31.643
2013    9       16     1   3    1.46   493.3    4.3      31.611
2013    9       16     1  12    1.46   493.2    4.3      31.579
2013    9       16     1  22    1.46   493.0    4.3      31.547
2013    9       16     1  31    1.46   492.9    4.3      31.515
2013    9       16     1  41    1.46   492.8    4.3      31.483
2013    9       16     1  50    1.46   492.7    4.3      31.451
2013    9       16     2   0    1.46   492.6    4.3      31.419
2013    9       16     2   9    1.46   492.5    4.3      31.387
2013    9       16     2  19    1.45   492.4    4.3      31.355
2013    9       16     2  28    1.45   492.3    4.3      31.324
2013    9       16     2  38    1.45   492.1    4.3      31.292
2013    9       16     2  47    1.45   492.0    4.3      31.262
2013    9       16     2  57    1.45   491.9    4.3      31.231
2013    9       16     3   6    1.45   491.8    4.3      31.200
2013    9       16     3  16    1.45   491.6    4.3      31.170
2013    9       16     3  25    1.44   491.5    4.3      31.141
2013    9       16     3  34    1.44   491.4    4.3      31.111
2013    9       16     3  44    1.44   491.3    4.3      31.082
2013    9       16     3  53    1.44   491.1    4.3      31.053
2013    9       16     4   3    1.44   491.0    4.3      31.024
2013    9       16     4  12    1.44   490.9    4.3      30.996
2013    9       16     4  22    1.44   490.8    4.3      30.968
2013    9       16     4  31    1.44   490.6    4.3      30.939
2013    9       16     4  41    1.43   490.5    4.3      30.911
2013    9       16     4  51    1.43   490.4    4.3      30.882
2013    9       16     5   0    1.43   490.2    4.3      30.853
2013    9       16     5  10    1.43   490.1    4.3      30.823
2013    9       16     5  19    1.43   490.0    4.2      30.793
2013    9       16     5  29    1.43   489.8    4.2      30.763
2013    9       16     5  38    1.43   489.7    4.2      30.733
2013    9       16     5  48    1.42   489.6    4.2      30.702
2013    9       16     5  57    1.42   489.4    4.2      30.672
2013    9       16     6   7    1.42   489.3    4.2      30.641
2013    9       16     6  16    1.42   489.1    4.2      30.611
2013    9       16     6  26    1.42   489.0    4.2      30.579
2013    9       16     6  35    1.42   488.9    4.2      30.549
2013    9       16     6  45    1.42   488.7    4.2      30.517
2013    9       16     6  55    1.42   488.6    4.2      30.486
2013    9       16     7   4    1.41   488.5    4.2      30.454
2013    9       16     7  14    1.41   488.3    4.2      30.422
2013    9       16     7  23    1.41   488.2    4.2      30.390
2013    9       16     7  33    1.41   488.0    4.2      30.358
2013    9       16     7  42    1.41   487.9    4.2      30.325
2013    9       16     7  52    1.41   487.7    4.2      30.292
2013    9       16     8   1    1.41   487.6    4.2      30.259
2013    9       16     8  11    1.40   487.5    4.2      30.226
2013    9       16     8  20    1.40   487.3    4.2      30.192
2013    9       16     8  30    1.40   487.2    4.2      30.159
2013    9       16     8  39    1.40   487.0    4.2      30.125
2013    9       16     8  49    1.40   486.9    4.2      30.091
2013    9       16     8  58    1.40   486.7    4.2      30.057
2013    9       16     9   8    1.40   486.6    4.2      30.024
2013    9       16     9  17    1.40   486.4    4.2      29.989
2013    9       16     9  27    1.39   486.3    4.2      29.955
2013    9       16     9  36    1.39   486.1    4.2      29.921
2013    9       16     9  46    1.39   486.0    4.2      29.887
2013    9       16     9  55    1.39   485.8    4.2      29.852
2013    9       16    10   5    1.39   485.7    4.2      29.817
2013    9       16    10  14    1.39   485.5    4.2      29.782
2013    9       16    10  24    1.39   485.3    4.2      29.746
2013    9       16    10  33    1.39   485.2    4.2      29.711
2013    9       16    10  43    1.38   485.0    4.2      29.675
2013    9       16    10  52    1.38   484.8    4.2      29.640
2013    9       16    11   2    1.38   484.7    4.2      29.604
2013    9       16    11  11    1.38   484.5    4.2      29.569
2013    9       16    11  21    1.38   484.3    4.2      29.534
2013    9       16    11  30    1.38   484.1    4.2      29.498
2013    9       16    11  40    1.38   484.0    4.2      29.464
2013    9       16    11  49    1.38   483.8    4.2      29.430
2013    9       16    11  59    1.37   483.6    4.2      29.397
2013    9       16    12   8    1.37   483.4    4.2      29.364
2013    9       16    12  18    1.37   483.2    4.2      29.333
2013    9       16    12  27    1.37   483.0    4.2      29.302
2013    9       16    12  37    1.37   482.9    4.2      29.272
2013    9       16    12  46    1.37   482.7    4.2      29.244
2013    9       16    12  56    1.37   482.5    4.2      29.216
2013    9       16    13   5    1.37   482.3    4.2      29.189
2013    9       16    13  15    1.37   482.1    4.2      29.163
2013    9       16    13  24    1.36   481.9    4.2      29.135
2013    9       16    13  34    1.36   481.8    4.2      29.107
2013    9       16    13  44    1.36   481.6    4.2      29.079
2013    9       16    13  53    1.36   481.4    4.2      29.049
2013    9       16    14   3    1.36   481.2    4.2      29.019
2013    9       16    14  12    1.36   481.0    4.2      28.988
2013    9       16    14  22    1.36   480.9    4.2      28.956
2013    9       16    14  31    1.36   480.7    4.2      28.924
2013    9       16    14  41    1.35   480.5    4.2      28.891
2013    9       16    14  50    1.35   480.3    4.2      28.857
2013    9       16    15   0    1.35   480.1    4.2      28.823
2013    9       16    15   9    1.35   479.9    4.2      28.788
2013    9       16    15  19    1.35   479.8    4.2      28.753
2013    9       16    15  28    1.35   479.6    4.2      28.717
2013    9       16    15  38    1.35   479.4    4.2      28.681
2013    9       16    15  47    1.35   479.2    4.2      28.645
2013    9       16    15  57    1.34   479.0    4.2      28.608
2013    9       16    16   6    1.34   478.8    4.2      28.571
2013    9       16    16  16    1.34   478.6    4.2      28.534
2013    9       16    16  25    1.34   478.4    4.2      28.496
2013    9       16    16  35    1.34   478.2    4.2      28.458
2013    9       16    16  44    1.34   478.0    4.2      28.420
2013    9       16    16  54    1.34   477.8    4.2      28.381
2013    9       16    17   3    1.34   477.6    4.2      28.343
2013    9       16    17  13    1.34   477.4    4.2      28.303
2013    9       16    17  22    1.33   477.2    4.2      28.264
2013    9       16    17  32    1.33   477.0    4.2      28.224
2013    9       16    17  41    1.33   476.8    4.1      28.184
2013    9       16    17  51    1.33   476.6    4.1      28.143
2013    9       16    18   0    1.33   476.4    4.1      28.103
2013    9       16    18  10    1.33   476.2    4.1      28.063
2013    9       16    18  19    1.33   476.0    4.1      28.022
2013    9       16    18  29    1.33   475.8    4.1      27.982
2013    9       16    18  38    1.32   475.6    4.1      27.942
2013    9       16    18  48    1.32   475.4    4.1      27.902
2013    9       16    18  57    1.32   475.1    4.1      27.863
2013    9       16    19   7    1.32   474.9    4.1      27.824
2013    9       16    19  16    1.32   474.7    4.1      27.786
2013    9       16    19  26    1.32   474.5    4.1      27.748
2013    9       16    19  35    1.32   474.3    4.1      27.712
2013    9       16    19  45    1.32   474.0    4.1      27.677
2013    9       16    19  54    1.32   473.8    4.1      27.643
2013    9       16    20   4    1.31   473.6    4.1      27.610
2013    9       16    20  13    1.31   473.4    4.1      27.579
2013    9       16    20  23    1.31   473.1    4.1      27.548
2013    9       16    20  33    1.31   472.9    4.1      27.518
2013    9       16    20  42    1.31   472.7    4.1      27.488
2013    9       16    20  52    1.31   472.5    4.1      27.457
2013    9       16    21   1    1.31   472.3    4.1      27.426
2013    9       16    21  11    1.31   472.1    4.1      27.395
2013    9       16    21  20    1.31   471.8    4.1      27.363
2013    9       16    21  30    1.30   471.6    4.1      27.331
2013    9       16    21  39    1.30   471.4    4.1      27.298
2013    9       16    21  49    1.30   471.2    4.1      27.265
2013    9       16    21  58    1.30   471.0    4.1      27.232
2013    9       16    22   8    1.30   470.7    4.1      27.199
2013    9       16    22  17    1.30   470.5    4.1      27.166
2013    9       16    22  27    1.30   470.3    4.1      27.133
2013    9       16    22  36    1.30   470.0    4.1      27.099
2013    9       16    22  46    1.29   469.8    4.2      27.066
2013    9       16    22  55    1.29   469.6    4.2      27.033
2013    9       16    23   5    1.29   469.3    4.2      27.000
2013    9       16    23  14    1.29   469.1    4.2      26.967
2013    9       16    23  24    1.29   468.8    4.2      26.934
2013    9       16    23  33    1.29   468.6    4.2      26.902
2013    9       16    23  43    1.29   468.4    4.2      26.869
2013    9       16    23  52    1.29   468.1    4.2      26.837
2013    9       17     0   2    1.29   467.9    4.2      26.805
2013    9       17     0  11    1.28   467.6    4.2      26.773
2013    9       17     0  21    1.28   467.4    4.2      26.741
2013    9       17     0  30    1.28   467.1    4.2      26.708
2013    9       17     0  40    1.28   466.9    4.2      26.675
2013    9       17     0  49    1.28   466.6    4.2      26.641
2013    9       17     0  59    1.28   466.4    4.2      26.606
2013    9       17     1   8    1.28   466.1    4.2      26.571
2013    9       17     1  18    1.28   465.9    4.2      26.535
2013    9       17     1  27    1.28   465.6    4.2      26.498
2013    9       17     1  37    1.28   465.3    4.2      26.461
2013    9       17     1  46    1.28   465.1    4.2      26.423
2013    9       17     1  56    1.27   464.8    4.2      26.385
2013    9       17     2   5    1.27   464.6    4.2      26.345
2013    9       17     2  15    1.27   464.3    4.2      26.306
2013    9       17     2  24    1.27   464.0    4.2      26.265
2013    9       17     2  34    1.27   463.8    4.2      26.225
2013    9       17     2  43    1.27   463.5    4.2      26.183
2013    9       17     2  53    1.27   463.2    4.2      26.142
2013    9       17     3   2    1.27   463.0    4.2      26.101
2013    9       17     3  12    1.27   462.7    4.2      26.059
2013    9       17     3  22    1.27   462.4    4.2      26.017
2013    9       17     3  31    1.27   462.1    4.2      25.976
2013    9       17     3  41    1.26   461.9    4.2      25.934
2013    9       17     3  50    1.26   461.6    4.2      25.893
2013    9       17     4   0    1.26   461.3    4.2      25.851
2013    9       17     4   9    1.26   461.0    4.2      25.810
2013    9       17     4  19    1.26   460.7    4.2      25.769
2013    9       17     4  28    1.26   460.5    4.2      25.728
2013    9       17     4  38    1.26   460.2    4.2      25.687
2013    9       17     4  47    1.26   459.9    4.2      25.647
2013    9       17     4  57    1.26   459.6    4.2      25.607
2013    9       17     5   6    1.26   459.3    4.2      25.568
2013    9       17     5  16    1.26   459.0    4.2      25.529
2013    9       17     5  25    1.26   458.7    4.2      25.490
2013    9       17     5  35    1.25   458.4    4.2      25.452
2013    9       17     5  45    1.25   458.1    4.2      25.414
2013    9       17     5  54    1.25   457.8    4.2      25.377
2013    9       17     6   4    1.25   457.4    4.2      25.341
2013    9       17     6  13    1.25   457.1    4.2      25.305
2013    9       17     6  23    1.25   456.8    4.2      25.271
2013    9       17     6  32    1.25   456.5    4.2      25.238
2013    9       17     6  42    1.25   456.2    4.2      25.205
2013    9       17     6  51    1.25   455.9    4.2      25.174
2013    9       17     7   1    1.25   455.5    4.2      25.143
2013    9       17     7  10    1.25   455.2    4.2      25.113
2013    9       17     7  20    1.25   454.9    4.2      25.085
2013    9       17     7  29    1.25   454.6    4.2      25.056
2013    9       17     7  39    1.25   454.2    4.2      25.028
2013    9       17     7  48    1.25   453.9    4.2      25.000
2013    9       17     7  58    1.25   453.6    4.2      24.973
2013    9       17     8   7    1.25   453.2    4.2      24.945
2013    9       17     8  16    1.25   452.9    4.2      24.918
2013    9       17     8  26    1.25   452.6    4.2      24.890
2013    9       17     8  35    1.25   452.2    4.2      24.862
2013    9       17     8  45    1.25   451.9    4.2      24.835
2013    9       17     8  54    1.25   451.6    4.2      24.807
2013    9       17     9   4    1.25   451.2    4.3      24.779
2013    9       17     9  13    1.25   450.9    4.3      24.751
2013    9       17     9  23    1.24   450.6    4.3      24.723
2013    9       17     9  32    1.24   450.2    4.3      24.694
2013    9       17     9  42    1.24   449.9    4.3      24.665
2013    9       17     9  51    1.24   449.5    4.3      24.637
2013    9       17    10   1    1.24   449.2    4.3      24.607
2013    9       17    10  10    1.24   448.9    4.3      24.578
2013    9       17    10  20    1.24   448.5    4.3      24.548
2013    9       17    10  30    1.24   448.2    4.3      24.518
2013    9       17    10  39    1.24   447.8    4.3      24.488
2013    9       17    10  49    1.24   447.4    4.3      24.458
2013    9       17    10  58    1.24   447.1    4.3      24.428
2013    9       17    11   8    1.24   446.7    4.3      24.398
2013    9       17    11  17    1.24   446.4    4.3      24.367
2013    9       17    11  27    1.24   446.0    4.3      24.337
2013    9       17    11  36    1.25   445.6    4.3      24.307
2013    9       17    11  46    1.25   445.3    4.3      24.278
2013    9       17    11  55    1.25   444.9    4.4      24.249
2013    9       17    12   5    1.25   444.5    4.4      24.220
2013    9       17    12  15    1.25   444.1    4.4      24.192
2013    9       17    12  24    1.25   443.8    4.4      24.165
2013    9       17    12  34    1.25   443.4    4.4      24.138
2013    9       17    12  43    1.25   443.0    4.4      24.113
2013    9       17    12  53    1.25   442.6    4.4      24.089
2013    9       17    13   2    1.25   442.2    4.4      24.066
2013    9       17    13  12    1.25   441.8    4.4      24.044
2013    9       17    13  21    1.25   441.4    4.4      24.023
2013    9       17    13  31    1.26   441.0    4.4      24.004
2013    9       17    13  40    1.26   440.7    4.5      23.987
2013    9       17    13  50    1.26   440.3    4.5      23.971
2013    9       17    13  59    1.26   439.9    4.5      23.957
2013    9       17    14   9    1.26   439.5    4.5      23.944
2013    9       17    14  18    1.26   439.1    4.5      23.932
2013    9       17    14  28    1.27   438.7    4.5      23.922
2013    9       17    14  37    1.27   438.3    4.5      23.913
2013    9       17    14  47    1.27   437.9    4.6      23.905
2013    9       17    14  56    1.27   437.5    4.6      23.898
2013    9       17    15   6    1.27   437.1    4.6      23.892
2013    9       17    15  15    1.28   436.7    4.6      23.887
2013    9       17    15  25    1.28   436.3    4.6      23.882
2013    9       17    15  34    1.28   435.9    4.6      23.878
2013    9       17    15  44    1.28   435.5    4.6      23.874
2013    9       17    15  53    1.28   435.1    4.7      23.872
2013    9       17    16   3    1.29   434.7    4.7      23.869
2013    9       17    16  12    1.29   434.3    4.7      23.867
2013    9       17    16  22    1.29   433.9    4.7      23.864
2013    9       17    16  31    1.29   433.5    4.7      23.861
2013    9       17    16  41    1.30   433.1    4.7      23.858
2013    9       17    16  50    1.30   432.7    4.8      23.853
2013    9       17    17   0    1.30   432.3    4.8      23.849
2013    9       17    17   9    1.30   431.9    4.8      23.843
2013    9       17    17  19    1.31   431.5    4.8      23.837
2013    9       17    17  28    1.31   431.1    4.8      23.830
2013    9       17    17  38    1.31   430.7    4.8      23.822
2013    9       17    17  47    1.32   430.3    4.9      23.814
2013    9       17    17  57    1.32   429.9    4.9      23.804
2013    9       17    18   6    1.32   429.4    4.9      23.794
2013    9       17    18  16    1.33   429.0    4.9      23.782
2013    9       17    18  25    1.33   428.6    4.9      23.771
2013    9       17    18  35    1.33   428.1    4.9      23.759
2013    9       17    18  44    1.34   427.7    5.0      23.746
2013    9       17    18  54    1.34   427.3    5.0      23.734
2013    9       17    19   4    1.35   426.8    5.0      23.724
2013    9       17    19  13    1.35   426.3    5.0      23.715
2013    9       17    19  23    1.35   425.9    5.0      23.708
2013    9       17    19  32    1.36   425.4    5.1      23.705
2013    9       17    19  42    1.37   424.9    5.1      23.706
2013    9       17    19  51    1.37   424.5    5.1      23.713
2013    9       17    20   1    1.38   424.0    5.2      23.726
2013    9       17    20  10    1.39   423.6    5.2      23.746
2013    9       17    20  20    1.39   423.2    5.3      23.772
2013    9       17    20  29    1.40   422.8    5.3      23.805
2013    9       17    20  39    1.41   422.4    5.4      23.847
2013    9       17    20  48    1.42   422.0    5.4      23.896
2013    9       17    20  58    1.43   421.6    5.5      23.954
2013    9       17    21   7    1.44   421.3    5.5      24.022
2013    9       17    21  17    1.45   421.0    5.6      24.102
2013    9       17    21  26    1.46   420.7    5.6      24.198
2013    9       17    21  36    1.47   420.5    5.7      24.313
2013    9       17    21  45    1.48   420.3    5.8      24.446
2013    9       17    21  55    1.49   420.1    5.8      24.587
2013    9       17    22   4    1.50   419.9    5.9      24.734
2013    9       17    22  14    1.51   419.7    5.9      24.878
2013    9       17    22  23    1.52   419.5    6.0      25.016
2013    9       17    22  33    1.53   419.3    6.0      25.148
2013    9       17    22  42    1.54   419.1    6.1      25.277
2013    9       17    22  52    1.55   418.9    6.1      25.400
2013    9       17    23   1    1.56   418.8    6.1      25.519
2013    9       17    23  11    1.57   418.6    6.2      25.634
2013    9       17    23  20    1.58   418.4    6.2      25.746
2013    9       17    23  30    1.59   418.3    6.3      25.854
2013    9       17    23  39    1.60   418.1    6.3      25.959
2013    9       17    23  49    1.61   417.9    6.3      26.061
2013    9       17    23  58    1.62   417.8    6.4      26.160
2013    9       18     0   8    1.63   417.6    6.4      26.251
2013    9       18     0  17    1.64   417.5    6.4      26.339
2013    9       18     0  27    1.65   417.4    6.5      26.425
2013    9       18     0  36    1.66   417.2    6.5      26.509
2013    9       18     0  46    1.66   417.1    6.5      26.592
2013    9       18     0  55    1.67   417.0    6.6      26.673
2013    9       18     1   5    1.68   416.8    6.6      26.752
2013    9       18     1  14    1.69   416.7    6.6      26.831
2013    9       18     1  24    1.70   416.6    6.7      26.909
2013    9       18     1  33    1.71   416.4    6.7      26.989
2013    9       18     1  43    1.72   416.3    6.8      27.069
2013    9       18     1  53    1.73   416.2    6.8      27.152
2013    9       18     2   2    1.74   416.1    6.8      27.237
2013    9       18     2  12    1.75   416.0    6.9      27.327
2013    9       18     2  21    1.76   415.9    6.9      27.421
2013    9       18     2  31    1.77   415.8    7.0      27.523
2013    9       18     2  40    1.78   415.7    7.0      27.631
2013    9       18     2  50    1.79   415.7    7.1      27.748
2013    9       18     2  59    1.80   415.6    7.1      27.873
2013    9       18     3   9    1.82   415.6    7.2      28.010
2013    9       18     3  18    1.83   415.7    7.3      28.157
2013    9       18     3  28    1.84   415.7    7.3      28.318
2013    9       18     3  37    1.86   415.8    7.4      28.489
2013    9       18     3  47    1.87   415.9    7.5      28.676
2013    9       18     3  56    1.89   416.0    7.6      28.877
2013    9       18     4   6    1.91   416.2    7.7      29.105
2013    9       18     4  15    1.92   416.4    7.8      29.355
2013    9       18     4  25    1.94   416.6    7.9      29.630
2013    9       18     4  34    1.96   416.9    8.1      29.926
2013    9       18     4  44    1.98   417.3    8.2      30.257
2013    9       18     4  53    2.00   417.7    8.3      30.622
2013    9       18     5   3    2.02   418.2    8.4      31.028
2013    9       18     5  12    2.04   418.7    8.5      31.455
2013    9       18     5  22    2.06   419.2    8.6      31.891
2013    9       18     5  31    2.08   419.6    8.7      32.307
2013    9       18     5  41    2.09   420.1    8.8      32.702
2013    9       18     5  50    2.11   420.6    8.9      33.069
2013    9       18     6   0    2.13   421.0    8.9      33.417
2013    9       18     6   9    2.14   421.4    9.0      33.739
2013    9       18     6  19    2.16   421.9    9.0      34.042
2013    9       18     6  28    2.17   422.3    9.1      34.323
2013    9       18     6  38    2.18   422.7    9.1      34.587
2013    9       18     6  47    2.20   423.1    9.1      34.831
2013    9       18     6  57    2.21   423.5    9.2      35.059
2013    9       18     7   6    2.22   423.8    9.2      35.271
2013    9       18     7  16    2.23   424.2    9.2      35.469
2013    9       18     7  25    2.24   424.5    9.2      35.652
2013    9       18     7  35    2.25   424.8    9.2      35.823
2013    9       18     7  44    2.26   425.1    9.3      35.981
2013    9       18     7  54    2.27   425.4    9.3      36.129
2013    9       18     8   3    2.28   425.7    9.3      36.266
2013    9       18     8  13    2.29   426.0    9.3      36.393
2013    9       18     8  22    2.30   426.2    9.3      36.511
2013    9       18     8  32    2.31   426.5    9.3      36.621
2013    9       18     8  42    2.32   426.8    9.3      36.723
2013    9       18     8  51    2.33   427.1    9.3      36.818
2013    9       18     9   1    2.34   427.4    9.3      36.907
2013    9       18     9  10    2.35   427.7    9.3      36.990
2013    9       18     9  20    2.36   428.0    9.3      37.069
2013    9       18     9  29    2.37   428.3    9.4      37.146
2013    9       18     9  39    2.38   428.7    9.4      37.222
2013    9       18     9  48    2.39   429.0    9.4      37.297
2013    9       18     9  58    2.40   429.2    9.4      37.374
2013    9       18    10   7    2.40   429.5    9.4      37.455
2013    9       18    10  17    2.41   429.7    9.4      37.542
2013    9       18    10  26    2.42   429.9    9.5      37.645
2013    9       18    10  36    2.43   430.2    9.5      37.765
2013    9       18    10  45    2.44   430.5    9.5      37.908
2013    9       18    10  55    2.45   430.8    9.6      38.075
2013    9       18    11   4    2.46   431.2    9.7      38.268
2013    9       18    11  14    2.48   431.6    9.7      38.491
2013    9       18    11  23    2.49   432.1    9.8      38.759
2013    9       18    11  33    2.51   432.6    9.9      39.070
2013    9       18    11  43    2.52   433.1   10.0      39.419
2013    9       18    11  52    2.54   433.8   10.2      39.802
2013    9       18    12   2    2.56   434.5   10.3      40.242
2013    9       18    12  11    2.58   435.4   10.4      40.727
2013    9       18    12  20    2.60   436.4   10.5      41.264
2013    9       18    12  30    2.62   437.4   10.7      41.836
2013    9       18    12  39    2.64   438.4   10.8      42.403
2013    9       18    12  49    2.65   439.4   10.8      42.949
2013    9       18    12  58    2.67   440.3   10.9      43.474
2013    9       18    13   8    2.69   441.3   11.0      43.973
2013    9       18    13  17    2.70   442.2   11.0      44.455
2013    9       18    13  27    2.71   443.2   11.0      44.907
2013    9       18    13  36    2.73   444.0   11.1      45.337
2013    9       18    13  46    2.74   444.9   11.1      45.742
2013    9       18    13  55    2.75   445.8   11.1      46.129
2013    9       18    14   5    2.75   446.6   11.1      46.494
2013    9       18    14  14    2.76   447.4   11.1      46.846
2013    9       18    14  24    2.77   448.1   11.1      47.179
2013    9       18    14  33    2.78   448.9   11.0      47.502
2013    9       18    14  43    2.78   449.7   11.0      47.808
2013    9       18    14  52    2.79   450.4   11.0      48.103
2013    9       18    15   2    2.79   451.1   11.0      48.381
2013    9       18    15  11    2.80   451.9   10.9      48.646
2013    9       18    15  21    2.80   452.6   10.9      48.894
2013    9       18    15  30    2.81   453.3   10.9      49.128
2013    9       18    15  40    2.81   454.0   10.8      49.344
2013    9       18    15  50    2.82   454.8   10.8      49.547
2013    9       18    15  59    2.82   455.5   10.8      49.734
2013    9       18    16   9    2.83   456.3   10.7      49.909
2013    9       18    16  18    2.83   457.2   10.7      50.069
2013    9       18    16  28    2.83   458.0   10.7      50.218
2013    9       18    16  37    2.83   458.9   10.6      50.353
2013    9       18    16  47    2.83   459.9   10.6      50.480
2013    9       18    16  56    2.83   460.8   10.5      50.593
2013    9       18    17   6    2.83   461.7   10.4      50.691
2013    9       18    17  15    2.83   462.6   10.4      50.778
2013    9       18    17  25    2.83   463.5   10.3      50.848
2013    9       18    17  34    2.83   464.3   10.3      50.888
2013    9       18    17  44    2.82   465.0   10.2      50.912
2013    9       18    17  53    2.82   465.7   10.1      50.922
2013    9       18    18   3    2.82   466.3   10.1      50.928
2013    9       18    18  13    2.82   466.9   10.1      50.962
2013    9       18    18  22    2.82   467.4   10.0      51.010
2013    9       18    18  32    2.82   467.9   10.0      51.081
2013    9       18    18  41    2.82   468.4   10.0      51.186
2013    9       18    18  51    2.83   468.9   10.0      51.321
2013    9       18    19   0    2.83   469.4   10.0      51.492
2013    9       18    19  10    2.84   469.9   10.1      51.711
2013    9       18    19  19    2.84   470.6   10.1      51.986
2013    9       18    19  29    2.85   471.3   10.2      52.309
2013    9       18    19  38    2.86   472.3   10.2      52.704
2013    9       18    19  48    2.87   473.3   10.2      53.142
2013    9       18    19  57    2.87   474.3   10.3      53.587
2013    9       18    20   7    2.88   475.3   10.3      54.041
2013    9       18    20  16    2.89   476.3   10.3      54.488
2013    9       18    20  26    2.89   477.3   10.3      54.915
2013    9       18    20  35    2.90   478.3   10.3      55.336
2013    9       18    20  44    2.90   479.3   10.3      55.735
2013    9       18    20  54    2.90   480.2   10.3      56.114
2013    9       18    21   3    2.90   481.2   10.3      56.472
2013    9       18    21  13    2.90   482.1   10.2      56.815
2013    9       18    21  22    2.90   483.0   10.2      57.140
2013    9       18    21  32    2.90   483.9   10.2      57.455
2013    9       18    21  41    2.90   484.8   10.2      57.755
2013    9       18    21  51    2.90   485.7   10.1      58.046
2013    9       18    22   0    2.90   486.6   10.1      58.325
2013    9       18    22  10    2.90   487.6   10.0      58.594
2013    9       18    22  19    2.89   488.7   10.0      58.850
2013    9       18    22  29    2.89   489.7    9.9      59.101
2013    9       18    22  39    2.89   490.8    9.9      59.338
2013    9       18    22  48    2.88   492.0    9.8      59.558
2013    9       18    22  58    2.88   493.1    9.8      59.757
2013    9       18    23   7    2.87   494.3    9.7      59.919
2013    9       18    23  17    2.86   495.4    9.6      60.035
2013    9       18    23  26    2.85   496.6    9.5      60.101
2013    9       18    23  36    2.84   497.8    9.4      60.124
2013    9       18    23  45    2.82   498.9    9.3      60.076
2013    9       18    23  55    2.81   500.1    9.2      59.975
2013    9       19     0   4    2.79   501.2    9.0      59.824
