year    month   day   hour  minute  B_enl V_enl   n_enl       T_enl
[year] [month] [day] [hour][minute] [nT]  [km/s]  [cm-3]      [kK]
2013    9        6     0   8    1.54   329.2    8.3      16.950
2013    9        6     0  18    1.55   329.1    8.4      16.983
2013    9        6     0  28    1.55   328.9    8.4      17.016
2013    9        6     0  37    1.56   328.8    8.4      17.050
2013    9        6     0  47    1.56   328.7    8.5      17.084
2013    9        6     0  57    1.57   328.5    8.5      17.118
2013    9        6     1   7    1.58   328.4    8.6      17.152
2013    9        6     1  16    1.58   328.3    8.6      17.187
2013    9        6     1  26    1.59   328.2    8.6      17.221
2013    9        6     1  36    1.59   328.1    8.7      17.256
2013    9        6     1  46    1.60   327.9    8.7      17.291
2013    9        6     1  55    1.61   327.8    8.8      17.327
2013    9        6     2   5    1.61   327.7    8.8      17.363
2013    9        6     2  15    1.62   327.6    8.8      17.399
2013    9        6     2  25    1.62   327.5    8.9      17.436
2013    9        6     2  34    1.63   327.4    8.9      17.473
2013    9        6     2  44    1.64   327.3    9.0      17.510
2013    9        6     2  54    1.64   327.2    9.0      17.549
2013    9        6     3   4    1.65   327.1    9.1      17.588
2013    9        6     3  13    1.66   327.0    9.1      17.628
2013    9        6     3  23    1.66   326.9    9.2      17.668
2013    9        6     3  33    1.67   326.8    9.2      17.710
2013    9        6     3  43    1.68   326.7    9.3      17.753
2013    9        6     3  52    1.69   326.6    9.3      17.797
2013    9        6     4   2    1.69   326.5    9.4      17.844
2013    9        6     4  12    1.70   326.5    9.4      17.892
2013    9        6     4  21    1.71   326.4    9.5      17.943
2013    9        6     4  31    1.72   326.3    9.5      17.996
2013    9        6     4  41    1.72   326.3    9.6      18.052
2013    9        6     4  51    1.73   326.2    9.6      18.109
2013    9        6     5   0    1.74   326.2    9.7      18.168
2013    9        6     5  10    1.75   326.1    9.7      18.228
2013    9        6     5  20    1.75   326.1    9.8      18.289
2013    9        6     5  30    1.76   326.1    9.8      18.350
2013    9        6     5  39    1.77   326.0    9.9      18.411
2013    9        6     5  49    1.78   326.0    9.9      18.472
2013    9        6     5  59    1.79   326.0   10.0      18.533
2013    9        6     6   8    1.79   325.9   10.0      18.592
2013    9        6     6  18    1.80   325.9   10.1      18.652
2013    9        6     6  28    1.81   325.9   10.1      18.711
2013    9        6     6  38    1.82   325.9   10.2      18.769
2013    9        6     6  47    1.82   325.9   10.2      18.827
2013    9        6     6  57    1.83   325.8   10.3      18.885
2013    9        6     7   7    1.84   325.8   10.3      18.942
2013    9        6     7  17    1.85   325.8   10.3      18.999
2013    9        6     7  26    1.86   325.8   10.4      19.056
2013    9        6     7  36    1.86   325.8   10.4      19.112
2013    9        6     7  46    1.87   325.8   10.5      19.167
2013    9        6     7  56    1.88   325.8   10.5      19.222
2013    9        6     8   5    1.89   325.8   10.6      19.276
2013    9        6     8  15    1.90   325.8   10.6      19.330
2013    9        6     8  25    1.90   325.7   10.7      19.383
2013    9        6     8  35    1.91   325.7   10.7      19.436
2013    9        6     8  44    1.92   325.7   10.8      19.489
2013    9        6     8  54    1.93   325.7   10.8      19.541
2013    9        6     9   4    1.94   325.7   10.8      19.593
2013    9        6     9  14    1.94   325.7   10.9      19.646
2013    9        6     9  24    1.95   325.7   10.9      19.698
2013    9        6     9  33    1.96   325.7   11.0      19.751
2013    9        6     9  43    1.97   325.7   11.0      19.804
2013    9        6     9  53    1.98   325.7   11.1      19.859
2013    9        6    10   2    1.99   325.8   11.1      19.915
2013    9        6    10  12    2.00   325.8   11.2      19.972
2013    9        6    10  22    2.01   325.8   11.2      20.031
2013    9        6    10  32    2.02   325.8   11.3      20.092
2013    9        6    10  41    2.02   325.9   11.3      20.153
2013    9        6    10  51    2.03   325.9   11.4      20.216
2013    9        6    11   1    2.04   325.9   11.4      20.279
2013    9        6    11  11    2.05   326.0   11.5      20.344
2013    9        6    11  20    2.06   326.0   11.5      20.410
2013    9        6    11  30    2.07   326.1   11.6      20.480
2013    9        6    11  40    2.08   326.2   11.7      20.553
2013    9        6    11  50    2.09   326.3   11.7      20.631
2013    9        6    11  59    2.10   326.3   11.8      20.712
2013    9        6    12   9    2.11   326.4   11.8      20.795
2013    9        6    12  19    2.12   326.5   11.9      20.879
2013    9        6    12  28    2.13   326.6   11.9      20.965
2013    9        6    12  38    2.14   326.7   11.9      21.049
2013    9        6    12  48    2.15   326.8   12.0      21.133
2013    9        6    12  58    2.16   326.9   12.0      21.215
2013    9        6    13   7    2.17   327.0   12.1      21.297
2013    9        6    13  17    2.18   327.1   12.1      21.377
2013    9        6    13  27    2.19   327.2   12.2      21.456
2013    9        6    13  37    2.20   327.3   12.2      21.533
2013    9        6    13  46    2.21   327.5   12.2      21.609
2013    9        6    13  56    2.22   327.6   12.3      21.684
2013    9        6    14   6    2.23   327.7   12.3      21.757
2013    9        6    14  16    2.24   327.8   12.4      21.830
2013    9        6    14  25    2.25   327.9   12.4      21.901
2013    9        6    14  35    2.26   328.0   12.4      21.971
2013    9        6    14  45    2.27   328.1   12.5      22.040
2013    9        6    14  55    2.27   328.2   12.5      22.108
2013    9        6    15   4    2.28   328.3   12.5      22.176
2013    9        6    15  14    2.29   328.4   12.6      22.242
2013    9        6    15  24    2.30   328.5   12.6      22.309
2013    9        6    15  34    2.31   328.6   12.7      22.374
2013    9        6    15  43    2.32   328.8   12.7      22.439
2013    9        6    15  53    2.33   328.9   12.7      22.504
2013    9        6    16   3    2.34   329.0   12.8      22.569
2013    9        6    16  13    2.35   329.1   12.8      22.634
2013    9        6    16  22    2.36   329.2   12.8      22.699
2013    9        6    16  32    2.37   329.3   12.9      22.764
2013    9        6    16  42    2.38   329.4   12.9      22.830
2013    9        6    16  52    2.39   329.6   13.0      22.898
2013    9        6    17   1    2.40   329.7   13.0      22.968
2013    9        6    17  11    2.41   329.8   13.1      23.040
2013    9        6    17  21    2.42   330.0   13.1      23.115
2013    9        6    17  31    2.43   330.2   13.1      23.191
2013    9        6    17  40    2.44   330.3   13.2      23.269
2013    9        6    17  50    2.45   330.5   13.2      23.347
2013    9        6    18   0    2.46   330.6   13.3      23.425
2013    9        6    18  10    2.47   330.8   13.3      23.504
2013    9        6    18  19    2.48   331.0   13.4      23.583
2013    9        6    18  29    2.49   331.1   13.4      23.663
2013    9        6    18  39    2.50   331.3   13.5      23.744
2013    9        6    18  48    2.51   331.5   13.5      23.827
2013    9        6    18  58    2.52   331.7   13.5      23.915
2013    9        6    19   8    2.53   331.9   13.6      24.007
2013    9        6    19  18    2.54   332.1   13.6      24.102
2013    9        6    19  27    2.56   332.3   13.7      24.199
2013    9        6    19  37    2.57   332.6   13.7      24.298
2013    9        6    19  47    2.58   332.8   13.7      24.396
2013    9        6    19  57    2.59   333.0   13.8      24.492
2013    9        6    20   6    2.60   333.2   13.8      24.587
2013    9        6    20  16    2.61   333.5   13.8      24.681
2013    9        6    20  26    2.61   333.7   13.9      24.773
2013    9        6    20  35    2.62   333.9   13.9      24.864
2013    9        6    20  45    2.63   334.2   13.9      24.953
2013    9        6    20  55    2.64   334.4   14.0      25.040
2013    9        6    21   5    2.65   334.6   14.0      25.127
2013    9        6    21  14    2.66   334.9   14.0      25.212
2013    9        6    21  24    2.67   335.1   14.0      25.295
2013    9        6    21  34    2.68   335.3   14.1      25.378
2013    9        6    21  44    2.69   335.6   14.1      25.460
2013    9        6    21  53    2.70   335.8   14.1      25.540
2013    9        6    22   3    2.71   336.1   14.1      25.620
2013    9        6    22  13    2.72   336.3   14.2      25.699
2013    9        6    22  23    2.73   336.6   14.2      25.777
2013    9        6    22  32    2.73   336.8   14.2      25.855
2013    9        6    22  42    2.74   337.1   14.2      25.932
2013    9        6    22  52    2.75   337.3   14.2      26.009
2013    9        6    23   2    2.76   337.5   14.3      26.085
2013    9        6    23  11    2.77   337.8   14.3      26.161
2013    9        6    23  21    2.78   338.0   14.3      26.236
2013    9        6    23  31    2.79   338.3   14.3      26.311
2013    9        6    23  41    2.80   338.5   14.3      26.386
2013    9        6    23  51    2.81   338.8   14.4      26.460
2013    9        7     0   0    2.82   339.0   14.4      26.536
2013    9        7     0  10    2.82   339.3   14.4      26.613
2013    9        7     0  20    2.83   339.5   14.4      26.690
2013    9        7     0  30    2.84   339.8   14.4      26.768
2013    9        7     0  39    2.85   340.1   14.5      26.847
2013    9        7     0  49    2.86   340.3   14.5      26.926
2013    9        7     0  59    2.87   340.6   14.5      27.004
2013    9        7     1   8    2.88   340.9   14.5      27.083
2013    9        7     1  18    2.89   341.1   14.5      27.161
2013    9        7     1  28    2.89   341.4   14.6      27.240
2013    9        7     1  38    2.90   341.7   14.6      27.318
2013    9        7     1  47    2.91   341.9   14.6      27.396
2013    9        7     1  56    2.92   342.2   14.6      27.466
2013    9        7     2   4    2.92   342.4   14.6      27.537
2013    9        7     2  12    2.93   342.6   14.6      27.608
2013    9        7     2  21    2.94   342.9   14.7      27.681
2013    9        7     2  29    2.94   343.1   14.7      27.755
2013    9        7     2  37    2.95   343.4   14.7      27.830
2013    9        7     2  45    2.96   343.6   14.7      27.907
2013    9        7     2  53    2.96   343.9   14.7      27.985
2013    9        7     3   1    2.97   344.1   14.7      28.062
2013    9        7     3   9    2.98   344.4   14.8      28.141
2013    9        7     3  17    2.98   344.6   14.8      28.220
2013    9        7     3  25    2.99   344.9   14.8      28.301
2013    9        7     3  33    3.00   345.1   14.8      28.383
2013    9        7     3  41    3.00   345.4   14.8      28.465
2013    9        7     3  49    3.01   345.7   14.8      28.549
2013    9        7     3  57    3.02   346.0   14.9      28.632
2013    9        7     4   5    3.02   346.2   14.9      28.714
2013    9        7     4  13    3.03   346.5   14.9      28.795
2013    9        7     4  21    3.04   346.8   14.9      28.874
2013    9        7     4  29    3.04   347.1   14.9      28.953
2013    9        7     4  37    3.05   347.4   14.9      29.030
2013    9        7     4  45    3.05   347.6   14.9      29.106
2013    9        7     4  53    3.06   347.9   14.9      29.181
2013    9        7     5   1    3.06   348.2   14.9      29.255
2013    9        7     5   9    3.07   348.5   14.9      29.328
2013    9        7     5  17    3.08   348.8   14.9      29.400
2013    9        7     5  25    3.08   349.1   14.9      29.471
2013    9        7     5  33    3.09   349.3   15.0      29.542
2013    9        7     5  41    3.09   349.6   15.0      29.613
2013    9        7     5  49    3.10   349.9   15.0      29.684
2013    9        7     5  57    3.10   350.2   15.0      29.755
2013    9        7     6   5    3.11   350.5   15.0      29.828
2013    9        7     6  13    3.11   350.7   15.0      29.899
2013    9        7     6  21    3.12   351.0   15.0      29.971
2013    9        7     6  30    3.13   351.3   15.0      30.047
2013    9        7     6  38    3.13   351.6   15.0      30.126
2013    9        7     6  46    3.14   351.9   15.0      30.207
2013    9        7     6  54    3.14   352.1   15.0      30.289
2013    9        7     7   2    3.15   352.5   15.0      30.374
2013    9        7     7  10    3.16   352.8   15.0      30.463
2013    9        7     7  18    3.16   353.1   15.0      30.550
2013    9        7     7  26    3.17   353.4   15.1      30.636
2013    9        7     7  34    3.17   353.8   15.1      30.720
2013    9        7     7  42    3.18   354.1   15.1      30.803
2013    9        7     7  50    3.18   354.4   15.1      30.884
2013    9        7     7  58    3.19   354.7   15.1      30.964
2013    9        7     8   7    3.19   355.1   15.1      31.041
2013    9        7     8  15    3.20   355.4   15.1      31.117
2013    9        7     8  23    3.20   355.7   15.0      31.191
2013    9        7     8  31    3.21   356.1   15.0      31.263
2013    9        7     8  40    3.21   356.4   15.0      31.334
2013    9        7     8  48    3.21   356.7   15.0      31.404
2013    9        7     8  56    3.22   357.0   15.0      31.472
2013    9        7     9   5    3.22   357.4   15.0      31.540
2013    9        7     9  13    3.23   357.7   15.0      31.606
2013    9        7     9  21    3.23   358.0   15.0      31.673
2013    9        7     9  30    3.23   358.4   15.0      31.738
2013    9        7     9  38    3.24   358.7   15.0      31.804
2013    9        7     9  47    3.24   359.0   14.9      31.869
2013    9        7     9  55    3.24   359.4   14.9      31.934
2013    9        7    10   4    3.25   359.7   14.9      32.000
2013    9        7    10  12    3.25   360.0   14.9      32.066
2013    9        7    10  21    3.25   360.3   14.9      32.132
2013    9        7    10  29    3.26   360.7   14.9      32.200
2013    9        7    10  38    3.26   361.0   14.9      32.270
2013    9        7    10  46    3.26   361.3   14.9      32.341
2013    9        7    10  55    3.27   361.7   14.9      32.414
2013    9        7    11   4    3.27   362.0   14.9      32.489
2013    9        7    11  12    3.27   362.4   14.8      32.565
2013    9        7    11  21    3.28   362.8   14.8      32.641
2013    9        7    11  29    3.28   363.1   14.8      32.716
2013    9        7    11  38    3.28   363.5   14.8      32.791
2013    9        7    11  47    3.29   363.9   14.8      32.865
2013    9        7    11  55    3.29   364.2   14.8      32.938
2013    9        7    12   4    3.29   364.6   14.8      33.011
2013    9        7    12  13    3.30   365.0   14.8      33.083
2013    9        7    12  21    3.30   365.3   14.7      33.154
2013    9        7    12  30    3.30   365.7   14.7      33.224
2013    9        7    12  39    3.30   366.1   14.7      33.294
2013    9        7    12  48    3.30   366.4   14.7      33.363
2013    9        7    12  56    3.31   366.8   14.7      33.431
2013    9        7    13   5    3.31   367.2   14.7      33.500
2013    9        7    13  14    3.31   367.5   14.6      33.569
2013    9        7    13  23    3.31   367.9   14.6      33.639
2013    9        7    13  32    3.32   368.3   14.6      33.707
2013    9        7    13  40    3.32   368.6   14.6      33.776
2013    9        7    13  49    3.32   369.0   14.6      33.849
2013    9        7    13  58    3.32   369.4   14.6      33.925
2013    9        7    14   7    3.33   369.7   14.6      34.004
2013    9        7    14  16    3.33   370.2   14.6      34.085
2013    9        7    14  25    3.33   370.6   14.6      34.171
2013    9        7    14  34    3.34   371.0   14.5      34.257
2013    9        7    14  43    3.34   371.4   14.5      34.341
2013    9        7    14  52    3.34   371.9   14.5      34.424
2013    9        7    15   1    3.34   372.3   14.5      34.505
2013    9        7    15  10    3.34   372.7   14.5      34.584
2013    9        7    15  19    3.35   373.2   14.4      34.661
2013    9        7    15  28    3.35   373.7   14.4      34.735
2013    9        7    15  38    3.35   374.1   14.4      34.805
2013    9        7    15  47    3.35   374.6   14.4      34.872
2013    9        7    15  56    3.35   375.0   14.3      34.935
2013    9        7    16   5    3.35   375.5   14.3      34.995
2013    9        7    16  14    3.35   376.0   14.2      35.049
2013    9        7    16  24    3.34   376.4   14.2      35.100
2013    9        7    16  33    3.34   376.9   14.2      35.146
2013    9        7    16  42    3.34   377.3   14.1      35.189
2013    9        7    16  52    3.34   377.8   14.1      35.229
2013    9        7    17   1    3.34   378.2   14.0      35.268
2013    9        7    17  10    3.34   378.7   14.0      35.308
2013    9        7    17  20    3.34   379.2   13.9      35.348
2013    9        7    17  29    3.33   379.7   13.9      35.389
2013    9        7    17  39    3.33   380.1   13.8      35.431
2013    9        7    17  48    3.33   380.6   13.8      35.475
2013    9        7    17  57    3.33   381.1   13.7      35.519
2013    9        7    18   7    3.32   381.6   13.7      35.564
2013    9        7    18  17    3.32   382.1   13.6      35.610
2013    9        7    18  26    3.32   382.6   13.6      35.654
2013    9        7    18  36    3.32   383.1   13.5      35.697
2013    9        7    18  45    3.31   383.6   13.5      35.736
2013    9        7    18  55    3.31   384.2   13.4      35.775
2013    9        7    19   5    3.30   384.7   13.4      35.808
2013    9        7    19  14    3.30   385.2   13.3      35.834
2013    9        7    19  24    3.29   385.7   13.2      35.854
2013    9        7    19  34    3.29   386.1   13.2      35.869
2013    9        7    19  43    3.28   386.6   13.1      35.879
2013    9        7    19  53    3.27   387.0   13.0      35.886
2013    9        7    20   3    3.27   387.5   13.0      35.895
2013    9        7    20  12    3.26   388.0   12.9      35.906
2013    9        7    20  22    3.26   388.4   12.9      35.918
2013    9        7    20  32    3.25   388.9   12.8      35.931
2013    9        7    20  42    3.24   389.3   12.7      35.945
2013    9        7    20  51    3.24   389.8   12.7      35.960
2013    9        7    21   1    3.23   390.3   12.6      35.976
2013    9        7    21  11    3.23   390.7   12.6      35.993
2013    9        7    21  20    3.22   391.2   12.5      36.010
2013    9        7    21  30    3.21   391.7   12.5      36.028
2013    9        7    21  40    3.21   392.2   12.4      36.043
2013    9        7    21  50    3.20   392.6   12.3      36.058
2013    9        7    21  59    3.20   393.1   12.3      36.073
2013    9        7    22   9    3.19   393.6   12.2      36.086
2013    9        7    22  19    3.18   394.1   12.2      36.098
2013    9        7    22  28    3.17   394.6   12.1      36.111
2013    9        7    22  38    3.17   395.0   12.1      36.122
2013    9        7    22  48    3.16   395.5   12.0      36.132
2013    9        7    22  58    3.15   396.0   11.9      36.140
2013    9        7    23   7    3.15   396.5   11.9      36.144
2013    9        7    23  17    3.14   397.0   11.8      36.144
2013    9        7    23  27    3.13   397.5   11.8      36.137
2013    9        7    23  36    3.12   398.0   11.7      36.123
2013    9        7    23  46    3.11   398.4   11.6      36.102
2013    9        7    23  56    3.10   398.9   11.6      36.078
2013    9        8     0   6    3.09   399.3   11.5      36.050
2013    9        8     0  15    3.08   399.7   11.4      36.020
2013    9        8     0  25    3.07   400.2   11.4      35.992
2013    9        8     0  35    3.07   400.6   11.3      35.965
2013    9        8     0  45    3.06   401.1   11.3      35.940
2013    9        8     0  54    3.05   401.6   11.2      35.918
2013    9        8     1   4    3.04   402.0   11.1      35.898
2013    9        8     1  14    3.03   402.5   11.1      35.880
2013    9        8     1  23    3.02   403.0   11.0      35.864
2013    9        8     1  33    3.01   403.4   11.0      35.848
2013    9        8     1  43    3.00   403.9   10.9      35.831
2013    9        8     1  52    2.99   404.4   10.8      35.812
2013    9        8     2   2    2.98   404.9   10.8      35.790
2013    9        8     2  12    2.97   405.4   10.7      35.766
2013    9        8     2  22    2.96   405.9   10.7      35.737
2013    9        8     2  31    2.95   406.4   10.6      35.698
2013    9        8     2  41    2.93   406.9   10.5      35.651
2013    9        8     2  51    2.92   407.3   10.4      35.599
2013    9        8     3   1    2.91   407.8   10.4      35.540
2013    9        8     3  10    2.90   408.2   10.3      35.477
2013    9        8     3  20    2.89   408.6   10.2      35.417
2013    9        8     3  30    2.88   409.0   10.2      35.358
2013    9        8     3  39    2.87   409.4   10.1      35.302
2013    9        8     3  49    2.86   409.8   10.1      35.247
2013    9        8     3  59    2.84   410.2   10.0      35.193
2013    9        8     4   9    2.83   410.6    9.9      35.142
2013    9        8     4  18    2.82   411.0    9.9      35.092
2013    9        8     4  28    2.81   411.4    9.8      35.043
2013    9        8     4  38    2.80   411.7    9.8      34.995
2013    9        8     4  47    2.79   412.1    9.7      34.947
2013    9        8     4  57    2.78   412.5    9.7      34.898
2013    9        8     5   7    2.77   412.9    9.6      34.849
2013    9        8     5  17    2.76   413.2    9.6      34.799
2013    9        8     5  26    2.75   413.6    9.5      34.748
2013    9        8     5  36    2.74   413.9    9.5      34.696
2013    9        8     5  46    2.73   414.3    9.4      34.645
2013    9        8     5  55    2.72   414.7    9.4      34.595
2013    9        8     6   5    2.71   415.0    9.3      34.545
2013    9        8     6  15    2.70   415.4    9.3      34.494
2013    9        8     6  25    2.69   415.8    9.2      34.444
2013    9        8     6  34    2.68   416.1    9.2      34.392
2013    9        8     6  44    2.67   416.5    9.1      34.336
2013    9        8     6  54    2.66   416.9    9.1      34.275
2013    9        8     7   3    2.65   417.2    9.0      34.209
2013    9        8     7  13    2.63   417.5    9.0      34.137
2013    9        8     7  23    2.62   417.8    8.9      34.063
2013    9        8     7  33    2.61   418.1    8.9      33.989
2013    9        8     7  42    2.60   418.4    8.8      33.915
2013    9        8     7  52    2.59   418.6    8.8      33.842
2013    9        8     8   2    2.58   418.9    8.7      33.771
2013    9        8     8  11    2.57   419.1    8.7      33.702
2013    9        8     8  21    2.56   419.4    8.6      33.635
2013    9        8     8  31    2.55   419.6    8.6      33.569
2013    9        8     8  41    2.54   419.8    8.6      33.507
2013    9        8     8  50    2.53   420.1    8.5      33.445
2013    9        8     9   0    2.52   420.3    8.5      33.387
2013    9        8     9  10    2.51   420.5    8.4      33.330
2013    9        8     9  19    2.51   420.7    8.4      33.276
2013    9        8     9  29    2.50   420.9    8.4      33.223
2013    9        8     9  39    2.49   421.2    8.3      33.173
2013    9        8     9  49    2.48   421.4    8.3      33.123
2013    9        8     9  58    2.47   421.6    8.3      33.075
2013    9        8    10   8    2.46   421.8    8.2      33.026
2013    9        8    10  18    2.45   422.0    8.2      32.978
2013    9        8    10  28    2.45   422.3    8.2      32.931
2013    9        8    10  37    2.44   422.5    8.2      32.884
2013    9        8    10  47    2.43   422.7    8.1      32.838
2013    9        8    10  57    2.42   422.9    8.1      32.792
2013    9        8    11   6    2.41   423.1    8.1      32.747
2013    9        8    11  16    2.41   423.4    8.0      32.700
2013    9        8    11  26    2.40   423.6    8.0      32.653
2013    9        8    11  35    2.39   423.8    8.0      32.604
2013    9        8    11  45    2.38   424.0    7.9      32.553
2013    9        8    11  55    2.38   424.2    7.9      32.502
2013    9        8    12   5    2.37   424.4    7.9      32.450
2013    9        8    12  14    2.36   424.5    7.8      32.399
2013    9        8    12  24    2.35   424.7    7.8      32.348
2013    9        8    12  34    2.35   424.9    7.8      32.298
2013    9        8    12  44    2.34   425.0    7.8      32.249
2013    9        8    12  53    2.33   425.2    7.7      32.201
2013    9        8    13   3    2.33   425.3    7.7      32.154
2013    9        8    13  13    2.32   425.5    7.7      32.108
2013    9        8    13  22    2.31   425.7    7.6      32.063
2013    9        8    13  32    2.30   425.9    7.6      32.018
2013    9        8    13  42    2.30   426.1    7.6      31.972
2013    9        8    13  52    2.29   426.3    7.6      31.925
2013    9        8    14   1    2.28   426.5    7.5      31.875
2013    9        8    14  11    2.28   426.7    7.5      31.822
2013    9        8    14  21    2.27   426.9    7.5      31.767
2013    9        8    14  30    2.26   427.1    7.5      31.710
2013    9        8    14  40    2.26   427.3    7.4      31.650
2013    9        8    14  50    2.25   427.4    7.4      31.590
2013    9        8    15   0    2.24   427.6    7.4      31.530
2013    9        8    15   9    2.24   427.7    7.3      31.471
2013    9        8    15  19    2.23   427.9    7.3      31.413
2013    9        8    15  29    2.22   428.0    7.3      31.356
2013    9        8    15  38    2.22   428.1    7.3      31.300
2013    9        8    15  48    2.21   428.2    7.2      31.246
2013    9        8    15  58    2.21   428.3    7.2      31.194
2013    9        8    16   8    2.20   428.4    7.2      31.142
2013    9        8    16  17    2.19   428.5    7.2      31.092
2013    9        8    16  27    2.19   428.6    7.1      31.043
2013    9        8    16  37    2.18   428.7    7.1      30.996
2013    9        8    16  46    2.18   428.8    7.1      30.951
2013    9        8    16  56    2.17   428.9    7.1      30.907
2013    9        8    17   6    2.17   429.0    7.1      30.863
2013    9        8    17  16    2.16   429.1    7.0      30.820
2013    9        8    17  25    2.16   429.3    7.0      30.777
2013    9        8    17  35    2.15   429.4    7.0      30.733
2013    9        8    17  45    2.15   429.5    7.0      30.688
2013    9        8    17  54    2.14   429.6    7.0      30.644
2013    9        8    18   4    2.14   429.7    6.9      30.600
2013    9        8    18  14    2.13   429.8    6.9      30.556
2013    9        8    18  24    2.13   429.9    6.9      30.512
2013    9        8    18  33    2.12   430.0    6.9      30.467
2013    9        8    18  43    2.12   430.1    6.9      30.423
2013    9        8    18  53    2.11   430.2    6.8      30.378
2013    9        8    19   2    2.11   430.3    6.8      30.332
2013    9        8    19  12    2.10   430.4    6.8      30.285
2013    9        8    19  22    2.10   430.4    6.8      30.238
2013    9        8    19  32    2.09   430.5    6.8      30.190
2013    9        8    19  41    2.09   430.6    6.7      30.143
2013    9        8    19  51    2.08   430.6    6.7      30.096
2013    9        8    20   1    2.08   430.7    6.7      30.051
2013    9        8    20  10    2.07   430.7    6.7      30.006
2013    9        8    20  20    2.07   430.8    6.7      29.962
2013    9        8    20  30    2.06   430.8    6.7      29.919
2013    9        8    20  40    2.06   430.9    6.6      29.877
2013    9        8    20  49    2.05   430.9    6.6      29.835
2013    9        8    20  59    2.05   431.0    6.6      29.794
2013    9        8    21   9    2.04   431.1    6.6      29.754
2013    9        8    21  19    2.04   431.1    6.6      29.713
2013    9        8    21  28    2.04   431.2    6.6      29.671
2013    9        8    21  38    2.03   431.3    6.5      29.630
2013    9        8    21  48    2.03   431.4    6.5      29.586
2013    9        8    21  57    2.02   431.4    6.5      29.543
2013    9        8    22   7    2.02   431.5    6.5      29.499
2013    9        8    22  17    2.01   431.5    6.5      29.455
2013    9        8    22  27    2.01   431.6    6.5      29.410
2013    9        8    22  36    2.01   431.6    6.5      29.364
2013    9        8    22  46    2.00   431.7    6.4      29.318
2013    9        8    22  56    2.00   431.7    6.4      29.273
2013    9        8    23   5    1.99   431.8    6.4      29.228
2013    9        8    23  15    1.99   431.8    6.4      29.183
2013    9        8    23  25    1.99   431.8    6.4      29.139
2013    9        8    23  35    1.98   431.8    6.4      29.095
2013    9        8    23  44    1.98   431.9    6.3      29.051
2013    9        8    23  54    1.97   431.9    6.3      29.008
2013    9        9     0   4    1.97   431.9    6.3      28.966
2013    9        9     0  13    1.97   431.9    6.3      28.924
2013    9        9     0  23    1.96   431.9    6.3      28.882
2013    9        9     0  33    1.96   432.0    6.3      28.841
2013    9        9     0  43    1.95   432.0    6.3      28.800
2013    9        9     0  52    1.95   432.0    6.3      28.760
2013    9        9     1   2    1.95   432.0    6.2      28.719
2013    9        9     1  12    1.94   432.0    6.2      28.680
2013    9        9     1  21    1.94   432.0    6.2      28.640
2013    9        9     1  31    1.94   432.0    6.2      28.601
2013    9        9     1  41    1.93   432.0    6.2      28.562
2013    9        9     1  51    1.93   432.0    6.2      28.524
2013    9        9     2   0    1.93   432.0    6.2      28.486
2013    9        9     2  10    1.92   432.0    6.2      28.448
2013    9        9     2  20    1.92   432.0    6.1      28.411
2013    9        9     2  29    1.92   432.0    6.1      28.375
2013    9        9     2  39    1.91   432.0    6.1      28.338
2013    9        9     2  49    1.91   432.0    6.1      28.303
2013    9        9     2  59    1.91   432.0    6.1      28.267
2013    9        9     3   8    1.90   432.0    6.1      28.232
2013    9        9     3  18    1.90   432.0    6.1      28.197
2013    9        9     3  28    1.90   431.9    6.1      28.162
2013    9        9     3  37    1.89   431.9    6.1      28.127
2013    9        9     3  47    1.89   431.9    6.1      28.092
2013    9        9     3  57    1.89   431.9    6.0      28.057
2013    9        9     4   7    1.88   431.9    6.0      28.023
2013    9        9     4  16    1.88   431.9    6.0      27.988
2013    9        9     4  26    1.88   431.9    6.0      27.954
2013    9        9     4  36    1.87   431.8    6.0      27.920
2013    9        9     4  45    1.87   431.8    6.0      27.885
2013    9        9     4  55    1.87   431.8    6.0      27.851
2013    9        9     5   5    1.86   431.8    6.0      27.818
2013    9        9     5  15    1.86   431.8    6.0      27.784
2013    9        9     5  24    1.86   431.7    6.0      27.750
2013    9        9     5  34    1.86   431.7    6.0      27.716
2013    9        9     5  44    1.85   431.7    6.0      27.682
2013    9        9     5  53    1.85   431.6    5.9      27.649
2013    9        9     6   3    1.85   431.6    5.9      27.615
2013    9        9     6  13    1.84   431.6    5.9      27.581
2013    9        9     6  23    1.84   431.5    5.9      27.548
2013    9        9     6  32    1.84   431.5    5.9      27.514
2013    9        9     6  42    1.84   431.5    5.9      27.481
2013    9        9     6  52    1.83   431.4    5.9      27.448
2013    9        9     7   1    1.83   431.4    5.9      27.416
2013    9        9     7  11    1.83   431.3    5.9      27.383
2013    9        9     7  21    1.82   431.3    5.9      27.350
2013    9        9     7  31    1.82   431.2    5.9      27.318
2013    9        9     7  40    1.82   431.2    5.9      27.285
2013    9        9     7  50    1.82   431.1    5.9      27.253
2013    9        9     8   0    1.81   431.1    5.8      27.221
2013    9        9     8  10    1.81   431.0    5.8      27.188
2013    9        9     8  19    1.81   431.0    5.8      27.156
2013    9        9     8  29    1.80   430.9    5.8      27.124
2013    9        9     8  39    1.80   430.9    5.8      27.092
2013    9        9     8  48    1.80   430.8    5.8      27.059
2013    9        9     8  58    1.80   430.7    5.8      27.027
2013    9        9     9   8    1.79   430.7    5.8      26.995
2013    9        9     9  17    1.79   430.6    5.8      26.962
2013    9        9     9  27    1.79   430.5    5.8      26.930
2013    9        9     9  37    1.79   430.5    5.8      26.898
2013    9        9     9  47    1.78   430.4    5.8      26.865
2013    9        9     9  56    1.78   430.4    5.8      26.833
2013    9        9    10   6    1.78   430.3    5.8      26.801
2013    9        9    10  16    1.78   430.2    5.7      26.769
2013    9        9    10  26    1.77   430.1    5.7      26.737
2013    9        9    10  35    1.77   430.1    5.7      26.705
2013    9        9    10  45    1.77   430.0    5.7      26.673
2013    9        9    10  55    1.77   429.9    5.7      26.642
2013    9        9    11   4    1.76   429.9    5.7      26.610
2013    9        9    11  14    1.76   429.8    5.7      26.579
2013    9        9    11  24    1.76   429.7    5.7      26.548
2013    9        9    11  34    1.76   429.7    5.7      26.517
2013    9        9    11  43    1.75   429.6    5.7      26.487
2013    9        9    11  53    1.75   429.5    5.7      26.456
2013    9        9    12   3    1.75   429.4    5.7      26.426
2013    9        9    12  12    1.75   429.4    5.7      26.396
2013    9        9    12  22    1.74   429.3    5.7      26.366
2013    9        9    12  32    1.74   429.2    5.7      26.337
2013    9        9    12  42    1.74   429.1    5.7      26.307
2013    9        9    12  51    1.74   429.1    5.7      26.278
2013    9        9    13   1    1.73   429.0    5.7      26.249
2013    9        9    13  11    1.73   428.9    5.6      26.220
2013    9        9    13  20    1.73   428.8    5.6      26.191
2013    9        9    13  30    1.73   428.7    5.6      26.162
2013    9        9    13  40    1.72   428.7    5.6      26.133
2013    9        9    13  50    1.72   428.6    5.6      26.105
2013    9        9    13  59    1.72   428.5    5.6      26.077
2013    9        9    14   9    1.72   428.4    5.6      26.049
2013    9        9    14  19    1.71   428.3    5.6      26.021
2013    9        9    14  28    1.71   428.2    5.6      25.993
2013    9        9    14  38    1.71   428.1    5.6      25.965
2013    9        9    14  48    1.71   428.0    5.6      25.938
2013    9        9    14  58    1.70   427.9    5.6      25.910
2013    9        9    15   7    1.70   427.8    5.6      25.883
2013    9        9    15  17    1.70   427.7    5.6      25.855
2013    9        9    15  27    1.70   427.6    5.6      25.828
2013    9        9    15  36    1.70   427.5    5.6      25.800
2013    9        9    15  46    1.69   427.4    5.6      25.772
2013    9        9    15  56    1.69   427.3    5.6      25.744
2013    9        9    16   6    1.69   427.2    5.6      25.716
2013    9        9    16  15    1.69   427.1    5.6      25.687
2013    9        9    16  25    1.68   427.0    5.6      25.658
2013    9        9    16  35    1.68   426.9    5.6      25.629
2013    9        9    16  44    1.68   426.8    5.6      25.599
2013    9        9    16  54    1.68   426.7    5.6      25.569
2013    9        9    17   4    1.67   426.5    5.6      25.540
2013    9        9    17  14    1.67   426.4    5.5      25.509
2013    9        9    17  23    1.67   426.3    5.5      25.479
2013    9        9    17  33    1.67   426.2    5.5      25.448
2013    9        9    17  43    1.67   426.1    5.5      25.416
2013    9        9    17  52    1.66   426.0    5.5      25.385
2013    9        9    18   2    1.66   425.8    5.5      25.353
2013    9        9    18  12    1.66   425.7    5.5      25.321
2013    9        9    18  22    1.66   425.6    5.5      25.290
2013    9        9    18  31    1.65   425.5    5.5      25.257
2013    9        9    18  41    1.65   425.3    5.5      25.225
2013    9        9    18  51    1.65   425.2    5.5      25.193
2013    9        9    19   0    1.65   425.1    5.5      25.160
2013    9        9    19  10    1.65   425.0    5.5      25.128
2013    9        9    19  20    1.64   424.8    5.5      25.095
2013    9        9    19  30    1.64   424.7    5.5      25.063
2013    9        9    19  39    1.64   424.6    5.5      25.031
2013    9        9    19  49    1.64   424.4    5.5      24.998
2013    9        9    19  59    1.63   424.3    5.5      24.966
2013    9        9    20   9    1.63   424.2    5.5      24.933
2013    9        9    20  18    1.63   424.0    5.5      24.901
2013    9        9    20  28    1.63   423.9    5.5      24.869
2013    9        9    20  38    1.63   423.8    5.5      24.838
2013    9        9    20  47    1.62   423.6    5.5      24.806
2013    9        9    20  57    1.62   423.5    5.4      24.774
2013    9        9    21   7    1.62   423.4    5.4      24.743
2013    9        9    21  16    1.62   423.2    5.4      24.712
2013    9        9    21  26    1.61   423.1    5.4      24.681
2013    9        9    21  36    1.61   422.9    5.4      24.651
2013    9        9    21  46    1.61   422.8    5.4      24.621
2013    9        9    21  55    1.61   422.6    5.4      24.591
2013    9        9    22   5    1.61   422.5    5.4      24.561
2013    9        9    22  15    1.60   422.3    5.4      24.532
2013    9        9    22  25    1.60   422.2    5.4      24.503
2013    9        9    22  34    1.60   422.0    5.4      24.474
2013    9        9    22  44    1.60   421.9    5.4      24.446
2013    9        9    22  54    1.60   421.7    5.4      24.418
2013    9        9    23   3    1.59   421.6    5.4      24.390
2013    9        9    23  13    1.59   421.4    5.4      24.362
2013    9        9    23  23    1.59   421.3    5.4      24.334
2013    9        9    23  33    1.59   421.1    5.4      24.307
2013    9        9    23  42    1.59   420.9    5.4      24.280
2013    9        9    23  52    1.58   420.8    5.4      24.252
2013    9       10     0   2    1.58   420.6    5.4      24.225
2013    9       10     0  11    1.58   420.4    5.4      24.197
2013    9       10     0  21    1.58   420.3    5.4      24.169
2013    9       10     0  31    1.58   420.1    5.4      24.141
2013    9       10     0  41    1.57   419.9    5.4      24.113
2013    9       10     0  50    1.57   419.7    5.4      24.085
2013    9       10     1   0    1.57   419.6    5.4      24.057
2013    9       10     1  10    1.57   419.4    5.4      24.028
2013    9       10     1  19    1.57   419.2    5.4      23.999
2013    9       10     1  29    1.56   419.0    5.4      23.969
2013    9       10     1  39    1.56   418.9    5.4      23.939
2013    9       10     1  49    1.56   418.7    5.4      23.909
2013    9       10     1  58    1.56   418.5    5.4      23.878
2013    9       10     2   8    1.56   418.3    5.4      23.847
2013    9       10     2  18    1.56   418.2    5.4      23.816
2013    9       10     2  27    1.55   418.0    5.4      23.784
2013    9       10     2  37    1.55   417.8    5.4      23.752
2013    9       10     2  47    1.55   417.6    5.4      23.720
2013    9       10     2  57    1.55   417.5    5.4      23.688
2013    9       10     3   6    1.55   417.3    5.4      23.656
2013    9       10     3  16    1.54   417.1    5.4      23.623
2013    9       10     3  26    1.54   416.9    5.4      23.590
2013    9       10     3  35    1.54   416.7    5.4      23.557
2013    9       10     3  45    1.54   416.6    5.4      23.525
2013    9       10     3  55    1.54   416.4    5.4      23.491
2013    9       10     4   5    1.53   416.2    5.4      23.458
2013    9       10     4  14    1.53   416.0    5.4      23.425
2013    9       10     4  24    1.53   415.8    5.3      23.392
2013    9       10     4  34    1.53   415.6    5.3      23.358
2013    9       10     4  43    1.53   415.4    5.3      23.325
2013    9       10     4  53    1.52   415.3    5.3      23.292
2013    9       10     5   3    1.52   415.1    5.3      23.259
2013    9       10     5  13    1.52   414.9    5.3      23.226
2013    9       10     5  22    1.52   414.7    5.3      23.193
2013    9       10     5  32    1.52   414.5    5.3      23.160
2013    9       10     5  42    1.52   414.3    5.3      23.128
2013    9       10     5  51    1.51   414.1    5.3      23.095
2013    9       10     6   1    1.51   413.9    5.3      23.063
2013    9       10     6  11    1.51   413.7    5.3      23.031
2013    9       10     6  21    1.51   413.5    5.3      23.000
2013    9       10     6  30    1.51   413.3    5.3      22.968
2013    9       10     6  40    1.51   413.1    5.3      22.937
2013    9       10     6  50    1.50   412.9    5.3      22.906
2013    9       10     6  59    1.50   412.7    5.3      22.875
2013    9       10     7   9    1.50   412.5    5.3      22.845
2013    9       10     7  19    1.50   412.3    5.3      22.814
2013    9       10     7  29    1.50   412.1    5.3      22.784
2013    9       10     7  38    1.50   411.9    5.3      22.753
2013    9       10     7  48    1.49   411.7    5.3      22.723
2013    9       10     7  58    1.49   411.5    5.3      22.693
2013    9       10     8   7    1.49   411.3    5.3      22.663
2013    9       10     8  17    1.49   411.1    5.3      22.633
2013    9       10     8  27    1.49   410.9    5.3      22.603
2013    9       10     8  37    1.49   410.7    5.3      22.573
2013    9       10     8  46    1.49   410.4    5.3      22.542
2013    9       10     8  56    1.48   410.2    5.3      22.512
2013    9       10     9   6    1.48   410.0    5.3      22.481
2013    9       10     9  15    1.48   409.8    5.3      22.450
2013    9       10     9  25    1.48   409.6    5.3      22.419
2013    9       10     9  35    1.48   409.4    5.3      22.388
2013    9       10     9  45    1.48   409.1    5.3      22.357
2013    9       10     9  54    1.48   408.9    5.3      22.326
2013    9       10    10   4    1.47   408.7    5.3      22.295
2013    9       10    10  14    1.47   408.4    5.3      22.264
2013    9       10    10  24    1.47   408.2    5.3      22.233
2013    9       10    10  33    1.47   408.0    5.3      22.203
2013    9       10    10  43    1.47   407.7    5.3      22.173
2013    9       10    10  53    1.47   407.5    5.3      22.143
2013    9       10    11   2    1.47   407.3    5.3      22.113
2013    9       10    11  12    1.47   407.0    5.3      22.083
2013    9       10    11  22    1.46   406.8    5.3      22.053
2013    9       10    11  31    1.46   406.6    5.3      22.024
2013    9       10    11  41    1.46   406.3    5.3      21.995
2013    9       10    11  51    1.46   406.1    5.3      21.966
2013    9       10    12   1    1.46   405.8    5.3      21.937
2013    9       10    12  10    1.46   405.6    5.3      21.908
2013    9       10    12  20    1.46   405.4    5.3      21.879
2013    9       10    12  30    1.46   405.1    5.3      21.850
2013    9       10    12  40    1.46   404.9    5.3      21.822
2013    9       10    12  49    1.45   404.6    5.3      21.793
2013    9       10    12  59    1.45   404.4    5.3      21.765
2013    9       10    13   9    1.45   404.1    5.3      21.737
2013    9       10    13  18    1.45   403.9    5.3      21.709
2013    9       10    13  28    1.45   403.6    5.3      21.681
2013    9       10    13  38    1.45   403.4    5.3      21.652
2013    9       10    13  47    1.45   403.2    5.3      21.624
2013    9       10    13  57    1.45   402.9    5.3      21.596
2013    9       10    14   7    1.45   402.7    5.3      21.568
2013    9       10    14  17    1.45   402.4    5.3      21.539
2013    9       10    14  26    1.45   402.2    5.3      21.511
2013    9       10    14  36    1.45   401.9    5.3      21.482
2013    9       10    14  46    1.44   401.7    5.4      21.453
2013    9       10    14  55    1.44   401.4    5.4      21.424
2013    9       10    15   5    1.44   401.2    5.4      21.395
2013    9       10    15  15    1.44   400.9    5.4      21.366
2013    9       10    15  25    1.44   400.7    5.4      21.337
2013    9       10    15  34    1.44   400.4    5.4      21.307
2013    9       10    15  44    1.44   400.2    5.4      21.278
2013    9       10    15  54    1.44   399.9    5.4      21.249
2013    9       10    16   4    1.44   399.6    5.4      21.220
2013    9       10    16  13    1.44   399.4    5.4      21.191
2013    9       10    16  23    1.44   399.1    5.4      21.162
2013    9       10    16  33    1.44   398.8    5.4      21.134
2013    9       10    16  42    1.44   398.6    5.4      21.105
2013    9       10    16  52    1.44   398.3    5.4      21.077
2013    9       10    17   2    1.44   398.0    5.4      21.050
2013    9       10    17  12    1.44   397.7    5.4      21.023
2013    9       10    17  21    1.44   397.4    5.4      20.996
2013    9       10    17  31    1.44   397.1    5.4      20.970
2013    9       10    17  41    1.44   396.9    5.4      20.945
2013    9       10    17  50    1.44   396.6    5.4      20.920
2013    9       10    18   0    1.44   396.3    5.4      20.896
2013    9       10    18  10    1.44   396.0    5.4      20.872
2013    9       10    18  20    1.44   395.7    5.4      20.850
2013    9       10    18  29    1.44   395.4    5.4      20.827
2013    9       10    18  39    1.44   395.1    5.4      20.806
2013    9       10    18  49    1.44   394.8    5.5      20.785
2013    9       10    18  58    1.44   394.5    5.5      20.765
2013    9       10    19   8    1.44   394.2    5.5      20.746
2013    9       10    19  18    1.44   393.8    5.5      20.728
2013    9       10    19  28    1.44   393.5    5.5      20.710
2013    9       10    19  37    1.44   393.2    5.5      20.693
2013    9       10    19  47    1.44   392.9    5.5      20.677
2013    9       10    19  57    1.44   392.6    5.5      20.661
2013    9       10    20   6    1.44   392.3    5.5      20.647
2013    9       10    20  16    1.44   392.0    5.5      20.632
2013    9       10    20  26    1.44   391.7    5.6      20.618
2013    9       10    20  36    1.45   391.4    5.6      20.605
2013    9       10    20  45    1.45   391.1    5.6      20.591
2013    9       10    20  55    1.45   390.8    5.6      20.578
2013    9       10    21   5    1.45   390.5    5.6      20.565
2013    9       10    21  14    1.45   390.2    5.6      20.552
2013    9       10    21  24    1.45   389.9    5.6      20.540
2013    9       10    21  34    1.45   389.6    5.6      20.528
2013    9       10    21  44    1.46   389.3    5.7      20.516
2013    9       10    21  53    1.46   389.0    5.7      20.506
2013    9       10    22   3    1.46   388.7    5.7      20.496
2013    9       10    22  13    1.46   388.4    5.7      20.487
2013    9       10    22  22    1.46   388.1    5.7      20.479
2013    9       10    22  32    1.47   387.8    5.7      20.472
2013    9       10    22  42    1.47   387.5    5.8      20.466
2013    9       10    22  52    1.47   387.2    5.8      20.461
2013    9       10    23   1    1.47   386.9    5.8      20.458
2013    9       10    23  11    1.48   386.6    5.8      20.456
2013    9       10    23  21    1.48   386.3    5.8      20.456
2013    9       10    23  30    1.48   386.1    5.9      20.458
2013    9       10    23  40    1.48   385.8    5.9      20.461
2013    9       10    23  50    1.49   385.5    5.9      20.466
2013    9       11     0   0    1.49   385.3    5.9      20.474
2013    9       11     0   9    1.49   385.0    5.9      20.484
2013    9       11     0  19    1.50   384.8    6.0      20.496
2013    9       11     0  29    1.50   384.5    6.0      20.510
2013    9       11     0  38    1.50   384.3    6.0      20.527
2013    9       11     0  48    1.51   384.0    6.0      20.545
2013    9       11     0  58    1.51   383.8    6.0      20.565
2013    9       11     1   8    1.51   383.6    6.1      20.584
2013    9       11     1  17    1.52   383.3    6.1      20.605
2013    9       11     1  27    1.52   383.1    6.1      20.625
2013    9       11     1  37    1.53   382.9    6.1      20.646
2013    9       11     1  46    1.53   382.6    6.2      20.667
2013    9       11     1  56    1.53   382.4    6.2      20.688
2013    9       11     2   6    1.54   382.2    6.2      20.709
2013    9       11     2  16    1.54   382.0    6.2      20.730
2013    9       11     2  25    1.55   381.8    6.2      20.751
2013    9       11     2  35    1.55   381.5    6.3      20.772
2013    9       11     2  45    1.55   381.3    6.3      20.793
2013    9       11     2  55    1.56   381.1    6.3      20.815
2013    9       11     3   4    1.56   380.9    6.3      20.837
2013    9       11     3  14    1.57   380.7    6.3      20.859
2013    9       11     3  24    1.57   380.5    6.4      20.882
2013    9       11     3  33    1.58   380.3    6.4      20.905
2013    9       11     3  43    1.58   380.1    6.4      20.929
2013    9       11     3  53    1.59   379.9    6.4      20.954
2013    9       11     4   2    1.59   379.7    6.5      20.979
2013    9       11     4  12    1.60   379.6    6.5      21.005
2013    9       11     4  22    1.60   379.4    6.5      21.032
2013    9       11     4  32    1.61   379.2    6.5      21.060
2013    9       11     4  41    1.61   379.0    6.6      21.089
2013    9       11     4  51    1.62   378.8    6.6      21.119
2013    9       11     5   1    1.62   378.7    6.6      21.151
2013    9       11     5  11    1.63   378.5    6.6      21.184
2013    9       11     5  20    1.63   378.3    6.7      21.218
2013    9       11     5  30    1.64   378.2    6.7      21.253
2013    9       11     5  40    1.65   378.0    6.7      21.290
2013    9       11     5  49    1.65   377.9    6.8      21.328
2013    9       11     5  59    1.66   377.7    6.8      21.368
2013    9       11     6   9    1.67   377.6    6.8      21.410
2013    9       11     6  19    1.67   377.4    6.9      21.452
2013    9       11     6  28    1.68   377.3    6.9      21.496
2013    9       11     6  38    1.68   377.2    6.9      21.541
2013    9       11     6  48    1.69   377.1    7.0      21.587
2013    9       11     6  57    1.70   376.9    7.0      21.634
2013    9       11     7   7    1.71   376.8    7.0      21.682
2013    9       11     7  17    1.71   376.7    7.1      21.731
2013    9       11     7  27    1.72   376.6    7.1      21.780
2013    9       11     7  36    1.73   376.5    7.1      21.830
2013    9       11     7  46    1.73   376.5    7.2      21.880
2013    9       11     7  56    1.74   376.4    7.2      21.930
2013    9       11     8   5    1.75   376.3    7.3      21.981
2013    9       11     8  15    1.76   376.2    7.3      22.031
2013    9       11     8  25    1.76   376.1    7.3      22.081
2013    9       11     8  35    1.77   376.1    7.4      22.132
2013    9       11     8  44    1.78   376.0    7.4      22.182
2013    9       11     8  54    1.79   375.9    7.4      22.232
2013    9       11     9   4    1.79   375.9    7.5      22.282
2013    9       11     9  13    1.80   375.8    7.5      22.332
2013    9       11     9  23    1.81   375.8    7.6      22.382
2013    9       11     9  33    1.82   375.7    7.6      22.432
2013    9       11     9  43    1.82   375.7    7.7      22.483
2013    9       11     9  52    1.83   375.6    7.7      22.534
2013    9       11    10   2    1.84   375.6    7.7      22.586
2013    9       11    10  12    1.85   375.6    7.8      22.641
2013    9       11    10  21    1.86   375.6    7.8      22.698
2013    9       11    10  31    1.86   375.6    7.9      22.760
2013    9       11    10  41    1.87   375.6    7.9      22.826
2013    9       11    10  51    1.88   375.6    8.0      22.894
2013    9       11    11   0    1.89   375.6    8.0      22.965
2013    9       11    11  10    1.90   375.6    8.0      23.037
2013    9       11    11  20    1.90   375.7    8.1      23.109
2013    9       11    11  29    1.91   375.7    8.1      23.181
2013    9       11    11  39    1.92   375.7    8.2      23.252
2013    9       11    11  49    1.93   375.8    8.2      23.324
2013    9       11    11  59    1.94   375.8    8.2      23.396
2013    9       11    12   8    1.95   375.9    8.3      23.468
2013    9       11    12  18    1.95   375.9    8.3      23.540
2013    9       11    12  28    1.96   375.9    8.3      23.611
2013    9       11    12  37    1.97   376.0    8.4      23.683
2013    9       11    12  47    1.98   376.1    8.4      23.755
2013    9       11    12  57    1.99   376.1    8.4      23.827
2013    9       11    13   7    1.99   376.2    8.5      23.900
2013    9       11    13  16    2.00   376.2    8.5      23.974
2013    9       11    13  26    2.01   376.3    8.6      24.048
2013    9       11    13  36    2.02   376.4    8.6      24.122
2013    9       11    13  45    2.03   376.5    8.6      24.197
2013    9       11    13  55    2.03   376.5    8.7      24.272
2013    9       11    14   5    2.04   376.6    8.7      24.346
2013    9       11    14  15    2.05   376.7    8.7      24.420
2013    9       11    14  24    2.06   376.8    8.7      24.494
2013    9       11    14  34    2.06   376.9    8.8      24.566
2013    9       11    14  44    2.07   377.0    8.8      24.638
2013    9       11    14  53    2.08   377.1    8.8      24.708
2013    9       11    15   3    2.09   377.2    8.9      24.777
2013    9       11    15  13    2.09   377.3    8.9      24.845
2013    9       11    15  23    2.10   377.4    8.9      24.912
2013    9       11    15  32    2.11   377.5    8.9      24.977
2013    9       11    15  42    2.12   377.6    9.0      25.041
2013    9       11    15  52    2.12   377.6    9.0      25.104
2013    9       11    16   1    2.13   377.7    9.0      25.166
2013    9       11    16  11    2.14   377.8    9.0      25.226
2013    9       11    16  21    2.14   377.9    9.1      25.285
2013    9       11    16  31    2.15   378.0    9.1      25.344
2013    9       11    16  40    2.16   378.1    9.1      25.401
2013    9       11    16  50    2.16   378.2    9.1      25.457
2013    9       11    17   0    2.17   378.3    9.2      25.513
2013    9       11    17  10    2.18   378.4    9.2      25.569
2013    9       11    17  19    2.19   378.5    9.2      25.624
2013    9       11    17  29    2.19   378.6    9.2      25.679
2013    9       11    17  39    2.20   378.7    9.3      25.733
2013    9       11    17  48    2.21   378.8    9.3      25.788
2013    9       11    17  58    2.21   378.9    9.3      25.845
2013    9       11    18   8    2.22   379.0    9.4      25.905
2013    9       11    18  17    2.23   379.2    9.4      25.969
2013    9       11    18  27    2.23   379.3    9.4      26.038
2013    9       11    18  37    2.24   379.5    9.4      26.110
2013    9       11    18  47    2.25   379.6    9.5      26.185
2013    9       11    18  56    2.26   379.7    9.5      26.261
2013    9       11    19   6    2.26   379.9    9.5      26.338
2013    9       11    19  16    2.27   380.1    9.5      26.413
2013    9       11    19  26    2.28   380.2    9.6      26.487
2013    9       11    19  35    2.28   380.4    9.6      26.561
2013    9       11    19  45    2.29   380.5    9.6      26.635
2013    9       11    19  55    2.30   380.7    9.6      26.708
2013    9       11    20   4    2.30   380.8    9.6      26.780
2013    9       11    20  14    2.31   381.0    9.7      26.852
2013    9       11    20  24    2.32   381.1    9.7      26.923
2013    9       11    20  33    2.32   381.3    9.7      26.995
2013    9       11    20  43    2.33   381.5    9.7      27.066
2013    9       11    20  53    2.34   381.6    9.7      27.138
2013    9       11    21   3    2.34   381.8    9.7      27.210
2013    9       11    21  12    2.35   382.0    9.8      27.282
2013    9       11    21  22    2.36   382.1    9.8      27.355
2013    9       11    21  32    2.36   382.3    9.8      27.428
2013    9       11    21  42    2.37   382.5    9.8      27.503
2013    9       11    21  51    2.38   382.7    9.8      27.581
2013    9       11    22   1    2.38   382.9    9.9      27.663
2013    9       11    22  11    2.39   383.1    9.9      27.745
2013    9       11    22  20    2.40   383.3    9.9      27.829
2013    9       11    22  30    2.40   383.5    9.9      27.912
2013    9       11    22  40    2.41   383.7    9.9      27.992
2013    9       11    22  50    2.41   383.9    9.9      28.070
2013    9       11    22  59    2.42   384.1    9.9      28.145
2013    9       11    23   9    2.43   384.3   10.0      28.218
2013    9       11    23  19    2.43   384.5   10.0      28.289
2013    9       11    23  28    2.44   384.7   10.0      28.356
2013    9       11    23  38    2.44   384.9   10.0      28.422
2013    9       11    23  48    2.45   385.1   10.0      28.484
2013    9       11    23  58    2.45   385.3   10.0      28.545
2013    9       12     0   7    2.46   385.5   10.0      28.604
2013    9       12     0  17    2.46   385.7   10.0      28.661
2013    9       12     0  27    2.46   385.9   10.0      28.716
2013    9       12     0  36    2.47   386.1   10.0      28.769
2013    9       12     0  46    2.47   386.3   10.0      28.821
2013    9       12     0  56    2.48   386.5   10.0      28.871
2013    9       12     1   6    2.48   386.7   10.0      28.920
2013    9       12     1  15    2.49   386.9   10.0      28.968
2013    9       12     1  25    2.49   387.1   10.0      29.015
2013    9       12     1  35    2.49   387.3   10.0      29.060
2013    9       12     1  44    2.50   387.5   10.0      29.105
2013    9       12     1  54    2.50   387.7   10.0      29.149
2013    9       12     2   4    2.50   387.9   10.0      29.191
2013    9       12     2  14    2.51   388.1   10.0      29.234
2013    9       12     2  23    2.51   388.3   10.0      29.276
2013    9       12     2  33    2.52   388.5   10.0      29.317
2013    9       12     2  43    2.52   388.7   10.0      29.358
2013    9       12     2  52    2.52   388.9   10.0      29.399
2013    9       12     3   2    2.53   389.1   10.0      29.439
2013    9       12     3  12    2.53   389.3   10.0      29.480
2013    9       12     3  22    2.53   389.5   10.0      29.521
2013    9       12     3  31    2.54   389.7   10.0      29.562
2013    9       12     3  41    2.54   389.9   10.0      29.603
2013    9       12     3  51    2.54   390.1   10.0      29.645
2013    9       12     4   0    2.55   390.3   10.0      29.689
2013    9       12     4  10    2.55   390.5   10.0      29.733
2013    9       12     4  20    2.56   390.7   10.0      29.778
2013    9       12     4  30    2.56   390.9   10.0      29.824
2013    9       12     4  39    2.56   391.0   10.0      29.871
2013    9       12     4  49    2.57   391.2   10.0      29.918
2013    9       12     4  59    2.57   391.4   10.0      29.966
2013    9       12     5   8    2.58   391.6   10.0      30.015
2013    9       12     5  18    2.58   391.8   10.1      30.067
2013    9       12     5  28    2.59   392.0   10.1      30.122
2013    9       12     5  38    2.59   392.2   10.1      30.179
2013    9       12     5  47    2.59   392.5   10.1      30.239
2013    9       12     5  57    2.60   392.7   10.1      30.300
2013    9       12     6   7    2.60   392.9   10.1      30.359
2013    9       12     6  16    2.61   393.1   10.1      30.415
2013    9       12     6  26    2.61   393.4   10.1      30.470
2013    9       12     6  36    2.61   393.6   10.1      30.523
2013    9       12     6  46    2.62   393.8   10.1      30.573
2013    9       12     6  55    2.62   394.0   10.1      30.622
2013    9       12     7   5    2.62   394.3   10.1      30.668
2013    9       12     7  15    2.63   394.5   10.1      30.712
2013    9       12     7  25    2.63   394.7   10.1      30.755
2013    9       12     7  34    2.63   394.9   10.1      30.795
2013    9       12     7  44    2.63   395.2   10.1      30.834
2013    9       12     7  54    2.64   395.4   10.0      30.871
2013    9       12     8   3    2.64   395.6   10.0      30.906
2013    9       12     8  13    2.64   395.9   10.0      30.941
2013    9       12     8  23    2.64   396.1   10.0      30.974
2013    9       12     8  33    2.64   396.3   10.0      31.005
2013    9       12     8  42    2.65   396.6   10.0      31.036
2013    9       12     8  52    2.65   396.8   10.0      31.066
2013    9       12     9   2    2.65   397.0   10.0      31.095
2013    9       12     9  11    2.65   397.3   10.0      31.123
2013    9       12     9  21    2.65   397.5   10.0      31.151
2013    9       12     9  31    2.66   397.7   10.0      31.177
2013    9       12     9  41    2.66   398.0    9.9      31.204
2013    9       12     9  50    2.66   398.2    9.9      31.229
2013    9       12    10   0    2.66   398.4    9.9      31.255
2013    9       12    10  10    2.66   398.6    9.9      31.279
2013    9       12    10  19    2.66   398.9    9.9      31.304
2013    9       12    10  29    2.67   399.1    9.9      31.328
2013    9       12    10  39    2.67   399.3    9.9      31.351
2013    9       12    10  49    2.67   399.5    9.9      31.375
2013    9       12    10  58    2.67   399.8    9.9      31.398
2013    9       12    11   8    2.67   400.0    9.8      31.421
2013    9       12    11  18    2.68   400.2    9.8      31.444
2013    9       12    11  27    2.68   400.4    9.8      31.467
2013    9       12    11  37    2.68   400.6    9.8      31.491
2013    9       12    11  47    2.68   400.9    9.8      31.514
2013    9       12    11  57    2.68   401.1    9.8      31.537
2013    9       12    12   6    2.69   401.3    9.8      31.560
2013    9       12    12  16    2.69   401.5    9.8      31.582
2013    9       12    12  26    2.69   401.8    9.8      31.604
2013    9       12    12  35    2.69   402.0    9.7      31.626
2013    9       12    12  45    2.69   402.2    9.7      31.646
2013    9       12    12  55    2.70   402.4    9.7      31.667
2013    9       12    13   5    2.70   402.7    9.7      31.686
2013    9       12    13  14    2.70   402.9    9.7      31.705
2013    9       12    13  24    2.70   403.1    9.7      31.723
2013    9       12    13  34    2.70   403.3    9.7      31.741
2013    9       12    13  43    2.70   403.5    9.7      31.758
2013    9       12    13  53    2.71   403.8    9.6      31.774
2013    9       12    14   3    2.71   404.0    9.6      31.790
2013    9       12    14  13    2.71   404.2    9.6      31.805
2013    9       12    14  22    2.71   404.4    9.6      31.819
2013    9       12    14  32    2.71   404.7    9.6      31.833
2013    9       12    14  42    2.71   404.9    9.6      31.847
2013    9       12    14  51    2.71   405.1    9.6      31.860
2013    9       12    15   1    2.71   405.3    9.5      31.872
2013    9       12    15  11    2.72   405.6    9.5      31.884
2013    9       12    15  21    2.72   405.8    9.5      31.896
2013    9       12    15  30    2.72   406.0    9.5      31.908
2013    9       12    15  40    2.72   406.2    9.5      31.919
2013    9       12    15  50    2.72   406.4    9.5      31.931
2013    9       12    15  59    2.72   406.7    9.5      31.942
2013    9       12    16   9    2.72   406.9    9.4      31.953
2013    9       12    16  19    2.72   407.1    9.4      31.965
2013    9       12    16  29    2.72   407.3    9.4      31.976
2013    9       12    16  38    2.72   407.5    9.4      31.988
2013    9       12    16  48    2.72   407.8    9.4      32.000
2013    9       12    16  58    2.72   408.0    9.4      32.013
2013    9       12    17   7    2.72   408.2    9.4      32.026
2013    9       12    17  17    2.73   408.4    9.4      32.040
2013    9       12    17  27    2.73   408.6    9.3      32.054
2013    9       12    17  37    2.73   408.8    9.3      32.069
2013    9       12    17  46    2.73   409.0    9.3      32.085
2013    9       12    17  56    2.73   409.2    9.3      32.101
2013    9       12    18   6    2.73   409.4    9.3      32.119
2013    9       12    18  15    2.73   409.6    9.3      32.137
2013    9       12    18  25    2.73   409.8    9.3      32.156
2013    9       12    18  35    2.73   410.0    9.3      32.177
2013    9       12    18  45    2.74   410.2    9.3      32.198
2013    9       12    18  54    2.74   410.4    9.3      32.221
2013    9       12    19   4    2.74   410.7    9.3      32.245
2013    9       12    19  14    2.74   410.9    9.3      32.271
2013    9       12    19  24    2.74   411.1    9.3      32.298
2013    9       12    19  33    2.75   411.3    9.3      32.327
2013    9       12    19  43    2.75   411.5    9.3      32.361
2013    9       12    19  53    2.75   411.7    9.3      32.399
2013    9       12    20   2    2.75   411.9    9.3      32.442
2013    9       12    20  12    2.76   412.2    9.3      32.489
2013    9       12    20  22    2.76   412.4    9.3      32.538
2013    9       12    20  32    2.76   412.7    9.3      32.586
2013    9       12    20  41    2.76   412.9    9.3      32.632
2013    9       12    20  51    2.76   413.2    9.3      32.677
2013    9       12    21   1    2.77   413.4    9.3      32.721
2013    9       12    21  10    2.77   413.7    9.2      32.763
2013    9       12    21  20    2.77   413.9    9.2      32.803
2013    9       12    21  30    2.77   414.2    9.2      32.842
2013    9       12    21  40    2.77   414.4    9.2      32.879
2013    9       12    21  49    2.77   414.6    9.2      32.914
2013    9       12    21  59    2.78   414.9    9.2      32.949
2013    9       12    22   9    2.78   415.1    9.2      32.982
2013    9       12    22  18    2.78   415.4    9.2      33.013
2013    9       12    22  28    2.78   415.6    9.2      33.044
2013    9       12    22  38    2.78   415.9    9.2      33.074
2013    9       12    22  48    2.78   416.1    9.2      33.103
2013    9       12    22  57    2.78   416.4    9.2      33.132
2013    9       12    23   7    2.79   416.6    9.1      33.160
2013    9       12    23  17    2.79   416.8    9.1      33.188
2013    9       12    23  26    2.79   417.1    9.1      33.215
2013    9       12    23  36    2.79   417.3    9.1      33.242
2013    9       12    23  46    2.79   417.6    9.1      33.269
2013    9       12    23  56    2.79   417.8    9.1      33.296
2013    9       13     0   5    2.79   418.0    9.1      33.323
2013    9       13     0  15    2.79   418.3    9.1      33.350
2013    9       13     0  25    2.80   418.5    9.1      33.377
2013    9       13     0  34    2.80   418.7    9.1      33.405
2013    9       13     0  44    2.80   418.9    9.1      33.434
2013    9       13     0  54    2.80   419.2    9.1      33.463
2013    9       13     1   4    2.80   419.4    9.0      33.492
2013    9       13     1  13    2.80   419.6    9.0      33.523
2013    9       13     1  23    2.80   419.8    9.0      33.554
2013    9       13     1  33    2.81   420.0    9.0      33.587
2013    9       13     1  42    2.81   420.3    9.0      33.621
2013    9       13     1  52    2.81   420.5    9.0      33.657
2013    9       13     2   2    2.81   420.7    9.0      33.694
2013    9       13     2  12    2.81   420.9    9.0      33.734
2013    9       13     2  21    2.81   421.1    9.0      33.776
2013    9       13     2  31    2.82   421.3    9.0      33.822
2013    9       13     2  41    2.82   421.5    9.1      33.870
2013    9       13     2  50    2.82   421.7    9.1      33.923
2013    9       13     3   0    2.82   421.9    9.1      33.984
2013    9       13     3  10    2.83   422.1    9.1      34.052
2013    9       13     3  20    2.83   422.4    9.1      34.128
2013    9       13     3  29    2.83   422.6    9.1      34.212
2013    9       13     3  39    2.84   422.8    9.1      34.300
2013    9       13     3  49    2.84   423.1    9.2      34.391
2013    9       13     3  58    2.84   423.4    9.2      34.489
2013    9       13     4   8    2.85   423.6    9.2      34.595
2013    9       13     4  18    2.85   423.9    9.2      34.707
2013    9       13     4  28    2.85   424.3    9.2      34.826
2013    9       13     4  37    2.86   424.6    9.2      34.949
2013    9       13     4  47    2.86   425.0    9.3      35.071
2013    9       13     4  57    2.87   425.3    9.3      35.194
2013    9       13     5   6    2.87   425.7    9.3      35.318
2013    9       13     5  16    2.87   426.1    9.3      35.442
2013    9       13     5  26    2.88   426.5    9.3      35.566
2013    9       13     5  36    2.88   426.9    9.3      35.686
2013    9       13     5  45    2.88   427.3    9.3      35.802
2013    9       13     5  55    2.89   427.7    9.3      35.912
2013    9       13     6   5    2.89   428.2    9.3      36.019
2013    9       13     6  14    2.89   428.6    9.3      36.120
2013    9       13     6  24    2.89   429.1    9.3      36.215
2013    9       13     6  34    2.90   429.5    9.3      36.305
2013    9       13     6  44    2.90   429.9    9.3      36.389
2013    9       13     6  53    2.90   430.4    9.3      36.467
2013    9       13     7   3    2.90   430.8    9.3      36.540
2013    9       13     7  13    2.90   431.2    9.3      36.608
2013    9       13     7  23    2.90   431.7    9.3      36.672
2013    9       13     7  32    2.91   432.1    9.2      36.731
2013    9       13     7  42    2.91   432.5    9.2      36.788
2013    9       13     7  52    2.91   432.9    9.2      36.842
2013    9       13     8   1    2.91   433.3    9.2      36.893
2013    9       13     8  11    2.91   433.6    9.2      36.943
2013    9       13     8  21    2.91   434.0    9.2      36.992
2013    9       13     8  30    2.91   434.4    9.1      37.039
2013    9       13     8  40    2.91   434.8    9.1      37.087
2013    9       13     8  50    2.91   435.2    9.1      37.134
2013    9       13     9   0    2.91   435.6    9.1      37.181
2013    9       13     9   9    2.91   436.0    9.1      37.229
2013    9       13     9  19    2.91   436.3    9.1      37.277
2013    9       13     9  29    2.91   436.7    9.0      37.327
2013    9       13     9  39    2.91   437.1    9.0      37.378
2013    9       13     9  48    2.91   437.5    9.0      37.430
2013    9       13     9  58    2.91   437.9    9.0      37.485
2013    9       13    10   8    2.91   438.2    9.0      37.542
2013    9       13    10  17    2.91   438.6    9.0      37.602
2013    9       13    10  27    2.91   439.0    9.0      37.664
2013    9       13    10  37    2.91   439.3    8.9      37.731
2013    9       13    10  47    2.91   439.7    8.9      37.800
2013    9       13    10  56    2.91   440.0    8.9      37.872
2013    9       13    11   6    2.91   440.4    8.9      37.947
2013    9       13    11  16    2.91   440.8    8.9      38.031
2013    9       13    11  25    2.91   441.2    8.9      38.122
2013    9       13    11  35    2.91   441.6    8.9      38.220
2013    9       13    11  45    2.91   442.0    8.9      38.325
2013    9       13    11  55    2.91   442.5    8.9      38.432
2013    9       13    12   4    2.91   442.9    8.9      38.539
2013    9       13    12  14    2.91   443.4    8.9      38.648
2013    9       13    12  24    2.91   443.9    8.9      38.758
2013    9       13    12  33    2.91   444.4    8.9      38.868
2013    9       13    12  43    2.91   444.9    8.9      38.977
2013    9       13    12  53    2.91   445.4    8.9      39.083
2013    9       13    13   3    2.91   446.0    8.9      39.183
2013    9       13    13  12    2.90   446.5    8.9      39.281
2013    9       13    13  22    2.90   447.1    8.9      39.374
2013    9       13    13  32    2.90   447.7    8.8      39.465
2013    9       13    13  41    2.90   448.3    8.8      39.552
2013    9       13    13  51    2.90   448.8    8.8      39.636
2013    9       13    14   1    2.89   449.4    8.8      39.715
2013    9       13    14  11    2.89   450.0    8.8      39.790
2013    9       13    14  20    2.89   450.6    8.7      39.859
2013    9       13    14  30    2.88   451.2    8.7      39.923
2013    9       13    14  40    2.88   451.8    8.7      39.981
2013    9       13    14  49    2.87   452.3    8.6      40.034
2013    9       13    14  59    2.87   452.9    8.6      40.082
2013    9       13    15   9    2.87   453.5    8.6      40.126
2013    9       13    15  19    2.86   454.0    8.5      40.166
2013    9       13    15  28    2.86   454.6    8.5      40.202
2013    9       13    15  38    2.85   455.1    8.5      40.235
2013    9       13    15  48    2.85   455.6    8.4      40.265
2013    9       13    15  57    2.84   456.2    8.4      40.293
2013    9       13    16   7    2.83   456.7    8.3      40.316
2013    9       13    16  17    2.83   457.3    8.3      40.337
2013    9       13    16  27    2.82   457.9    8.2      40.355
2013    9       13    16  36    2.81   458.4    8.2      40.365
2013    9       13    16  46    2.81   458.9    8.2      40.368
2013    9       13    16  56    2.80   459.5    8.1      40.366
2013    9       13    17   5    2.79   460.0    8.1      40.357
2013    9       13    17  15    2.78   460.5    8.0      40.347
2013    9       13    17  25    2.78   461.0    8.0      40.336
2013    9       13    17  35    2.77   461.5    7.9      40.325
2013    9       13    17  44    2.76   461.9    7.9      40.314
2013    9       13    17  54    2.75   462.4    7.8      40.298
2013    9       13    18   4    2.74   462.9    7.8      40.281
2013    9       13    18  13    2.73   463.4    7.7      40.262
2013    9       13    18  23    2.72   463.8    7.7      40.241
2013    9       13    18  33    2.71   464.3    7.6      40.220
2013    9       13    18  43    2.70   464.8    7.6      40.200
2013    9       13    18  52    2.69   465.2    7.5      40.180
2013    9       13    19   2    2.69   465.7    7.5      40.159
2013    9       13    19  12    2.68   466.1    7.4      40.137
2013    9       13    19  21    2.67   466.6    7.4      40.114
2013    9       13    19  31    2.66   467.1    7.4      40.090
2013    9       13    19  41    2.65   467.5    7.3      40.063
2013    9       13    19  51    2.64   468.0    7.3      40.036
2013    9       13    20   0    2.63   468.5    7.2      40.005
2013    9       13    20  10    2.62   468.9    7.2      39.973
2013    9       13    20  20    2.61   469.3    7.2      39.939
2013    9       13    20  29    2.60   469.8    7.1      39.904
2013    9       13    20  39    2.59   470.2    7.1      39.868
2013    9       13    20  49    2.58   470.7    7.1      39.834
2013    9       13    20  59    2.57   471.1    7.0      39.800
2013    9       13    21   8    2.56   471.6    7.0      39.768
2013    9       13    21  18    2.55   472.0    6.9      39.736
2013    9       13    21  28    2.54   472.4    6.9      39.704
2013    9       13    21  37    2.53   472.9    6.9      39.670
2013    9       13    21  47    2.52   473.3    6.8      39.636
2013    9       13    21  57    2.51   473.7    6.8      39.599
2013    9       13    22   7    2.50   474.1    6.8      39.559
2013    9       13    22  16    2.49   474.5    6.7      39.517
2013    9       13    22  26    2.48   474.9    6.7      39.472
2013    9       13    22  36    2.47   475.3    6.6      39.424
2013    9       13    22  45    2.46   475.7    6.6      39.373
2013    9       13    22  55    2.45   476.1    6.6      39.319
2013    9       13    23   5    2.44   476.5    6.5      39.262
2013    9       13    23  15    2.43   476.9    6.5      39.201
2013    9       13    23  24    2.42   477.3    6.5      39.135
2013    9       13    23  34    2.41   477.7    6.4      39.065
2013    9       13    23  44    2.40   478.1    6.4      38.991
2013    9       13    23  53    2.39   478.5    6.3      38.905
2013    9       14     0   3    2.38   478.8    6.3      38.810
2013    9       14     0  13    2.37   479.2    6.2      38.706
2013    9       14     0  23    2.35   479.5    6.2      38.595
2013    9       14     0  32    2.34   479.8    6.2      38.480
2013    9       14     0  42    2.33   480.1    6.1      38.366
2013    9       14     0  52    2.32   480.4    6.1      38.251
2013    9       14     1   2    2.31   480.7    6.0      38.134
2013    9       14     1  11    2.30   480.9    6.0      38.011
2013    9       14     1  21    2.29   481.2    5.9      37.886
2013    9       14     1  31    2.28   481.4    5.9      37.757
2013    9       14     1  40    2.26   481.6    5.9      37.625
2013    9       14     1  50    2.25   481.8    5.8      37.495
2013    9       14     2   0    2.24   481.9    5.8      37.366
2013    9       14     2  10    2.23   482.1    5.8      37.237
2013    9       14     2  19    2.22   482.3    5.7      37.110
2013    9       14     2  29    2.21   482.4    5.7      36.984
2013    9       14     2  39    2.20   482.6    5.7      36.859
2013    9       14     2  48    2.19   482.7    5.6      36.736
2013    9       14     2  58    2.18   482.8    5.6      36.615
2013    9       14     3   8    2.17   482.9    5.6      36.497
2013    9       14     3  18    2.17   483.0    5.6      36.382
2013    9       14     3  27    2.16   483.2    5.5      36.271
2013    9       14     3  37    2.15   483.3    5.5      36.163
2013    9       14     3  47    2.14   483.3    5.5      36.056
2013    9       14     3  56    2.13   483.4    5.5      35.951
2013    9       14     4   6    2.12   483.5    5.4      35.845
2013    9       14     4  16    2.11   483.6    5.4      35.740
2013    9       14     4  26    2.10   483.7    5.4      35.634
2013    9       14     4  35    2.10   483.7    5.4      35.528
2013    9       14     4  45    2.09   483.8    5.3      35.420
2013    9       14     4  55    2.08   483.8    5.3      35.313
2013    9       14     5   4    2.07   483.9    5.3      35.204
2013    9       14     5  14    2.06   483.9    5.3      35.096
2013    9       14     5  24    2.05   483.9    5.2      34.986
2013    9       14     5  34    2.05   483.9    5.2      34.878
2013    9       14     5  43    2.04   483.9    5.2      34.768
2013    9       14     5  53    2.03   483.9    5.2      34.660
2013    9       14     6   3    2.02   483.9    5.2      34.551
2013    9       14     6  12    2.02   483.9    5.1      34.443
2013    9       14     6  22    2.01   483.8    5.1      34.335
2013    9       14     6  32    2.00   483.8    5.1      34.229
2013    9       14     6  42    1.99   483.8    5.1      34.123
2013    9       14     6  51    1.99   483.7    5.1      34.018
2013    9       14     7   1    1.98   483.6    5.1      33.914
2013    9       14     7  11    1.97   483.6    5.0      33.811
2013    9       14     7  20    1.97   483.5    5.0      33.709
2013    9       14     7  30    1.96   483.4    5.0      33.609
2013    9       14     7  40    1.95   483.3    5.0      33.510
2013    9       14     7  50    1.95   483.2    5.0      33.413
2013    9       14     7  59    1.94   483.2    5.0      33.318
2013    9       14     8   9    1.93   483.1    5.0      33.225
2013    9       14     8  19    1.93   483.0    4.9      33.133
2013    9       14     8  28    1.92   482.9    4.9      33.043
2013    9       14     8  38    1.92   482.8    4.9      32.954
2013    9       14     8  48    1.91   482.6    4.9      32.866
2013    9       14     8  58    1.91   482.5    4.9      32.777
2013    9       14     9   7    1.90   482.4    4.9      32.690
2013    9       14     9  17    1.90   482.3    4.9      32.602
2013    9       14     9  27    1.89   482.1    4.9      32.516
2013    9       14     9  36    1.89   482.0    4.8      32.430
2013    9       14     9  46    1.88   481.9    4.8      32.346
2013    9       14     9  56    1.88   481.7    4.8      32.262
2013    9       14    10   6    1.87   481.6    4.8      32.181
2013    9       14    10  15    1.87   481.4    4.8      32.103
2013    9       14    10  25    1.87   481.3    4.8      32.029
2013    9       14    10  35    1.86   481.1    4.8      31.959
2013    9       14    10  44    1.86   481.0    4.8      31.894
2013    9       14    10  54    1.85   480.8    4.8      31.831
2013    9       14    11   4    1.85   480.7    4.8      31.772
2013    9       14    11  14    1.85   480.5    4.8      31.713
2013    9       14    11  23    1.84   480.3    4.8      31.655
2013    9       14    11  33    1.84   480.2    4.8      31.596
2013    9       14    11  43    1.84   480.0    4.8      31.537
2013    9       14    11  52    1.83   479.9    4.8      31.477
2013    9       14    12   2    1.83   479.7    4.7      31.417
2013    9       14    12  12    1.82   479.5    4.7      31.356
2013    9       14    12  22    1.82   479.4    4.7      31.295
2013    9       14    12  31    1.82   479.2    4.7      31.233
2013    9       14    12  41    1.81   479.0    4.7      31.171
2013    9       14    12  51    1.81   478.9    4.7      31.108
2013    9       14    13   0    1.81   478.7    4.7      31.046
2013    9       14    13  10    1.80   478.5    4.7      30.983
2013    9       14    13  20    1.80   478.4    4.7      30.920
2013    9       14    13  30    1.80   478.2    4.7      30.856
2013    9       14    13  39    1.79   478.0    4.7      30.793
2013    9       14    13  49    1.79   477.9    4.7      30.729
2013    9       14    13  59    1.79   477.7    4.7      30.666
2013    9       14    14   8    1.79   477.5    4.7      30.602
2013    9       14    14  18    1.78   477.3    4.7      30.538
2013    9       14    14  28    1.78   477.2    4.7      30.474
2013    9       14    14  38    1.78   477.0    4.7      30.411
2013    9       14    14  47    1.77   476.8    4.7      30.347
2013    9       14    14  57    1.77   476.6    4.6      30.284
2013    9       14    15   7    1.77   476.4    4.6      30.221
2013    9       14    15  16    1.77   476.3    4.6      30.158
2013    9       14    15  26    1.76   476.1    4.6      30.096
2013    9       14    15  36    1.76   475.9    4.6      30.034
2013    9       14    15  46    1.76   475.7    4.6      29.973
2013    9       14    15  55    1.76   475.5    4.6      29.913
2013    9       14    16   5    1.75   475.3    4.6      29.853
2013    9       14    16  15    1.75   475.1    4.6      29.794
2013    9       14    16  25    1.75   474.9    4.6      29.736
2013    9       14    16  34    1.75   474.7    4.6      29.680
2013    9       14    16  44    1.75   474.5    4.6      29.624
2013    9       14    16  54    1.74   474.3    4.6      29.570
2013    9       14    17   3    1.74   474.1    4.6      29.517
2013    9       14    17  13    1.74   473.9    4.6      29.465
2013    9       14    17  23    1.74   473.7    4.6      29.414
2013    9       14    17  32    1.74   473.5    4.6      29.365
2013    9       14    17  42    1.73   473.3    4.6      29.317
2013    9       14    17  52    1.73   473.1    4.6      29.270
2013    9       14    18   2    1.73   472.9    4.6      29.223
2013    9       14    18  11    1.73   472.7    4.6      29.178
2013    9       14    18  21    1.73   472.5    4.6      29.133
2013    9       14    18  31    1.73   472.3    4.6      29.088
2013    9       14    18  41    1.72   472.0    4.6      29.044
2013    9       14    18  50    1.72   471.8    4.6      29.001
2013    9       14    19   0    1.72   471.6    4.6      28.958
2013    9       14    19  10    1.72   471.4    4.6      28.916
2013    9       14    19  19    1.72   471.2    4.6      28.873
2013    9       14    19  29    1.72   471.0    4.6      28.832
2013    9       14    19  39    1.71   470.8    4.6      28.789
2013    9       14    19  48    1.71   470.5    4.6      28.748
2013    9       14    19  58    1.71   470.3    4.6      28.706
2013    9       14    20   8    1.71   470.1    4.6      28.664
2013    9       14    20  18    1.71   469.9    4.6      28.622
2013    9       14    20  27    1.71   469.7    4.6      28.580
2013    9       14    20  37    1.71   469.5    4.6      28.538
2013    9       14    20  47    1.70   469.3    4.6      28.496
2013    9       14    20  57    1.70   469.0    4.6      28.453
2013    9       14    21   6    1.70   468.8    4.6      28.411
2013    9       14    21  16    1.70   468.6    4.6      28.369
2013    9       14    21  26    1.70   468.4    4.6      28.326
2013    9       14    21  35    1.70   468.2    4.6      28.284
2013    9       14    21  45    1.70   468.0    4.6      28.242
2013    9       14    21  55    1.70   467.8    4.6      28.200
2013    9       14    22   5    1.69   467.6    4.5      28.158
2013    9       14    22  14    1.69   467.4    4.5      28.117
2013    9       14    22  24    1.69   467.1    4.5      28.076
2013    9       14    22  34    1.69   466.9    4.5      28.035
2013    9       14    22  43    1.69   466.7    4.5      27.994
2013    9       14    22  53    1.69   466.5    4.5      27.954
2013    9       14    23   3    1.69   466.3    4.5      27.914
2013    9       14    23  13    1.69   466.1    4.5      27.875
2013    9       14    23  22    1.69   465.9    4.5      27.836
2013    9       14    23  32    1.68   465.7    4.5      27.797
2013    9       14    23  42    1.68   465.5    4.5      27.759
2013    9       14    23  51    1.68   465.3    4.5      27.721
2013    9       15     0   1    1.68   465.1    4.5      27.684
2013    9       15     0  11    1.68   464.9    4.5      27.648
2013    9       15     0  21    1.68   464.6    4.5      27.613
2013    9       15     0  30    1.68   464.4    4.5      27.578
2013    9       15     0  40    1.68   464.2    4.5      27.544
2013    9       15     0  50    1.68   464.0    4.5      27.511
2013    9       15     0  59    1.68   463.8    4.5      27.479
2013    9       15     1   9    1.67   463.6    4.6      27.447
2013    9       15     1  19    1.67   463.4    4.6      27.416
2013    9       15     1  29    1.67   463.2    4.6      27.385
2013    9       15     1  38    1.67   463.0    4.6      27.355
2013    9       15     1  48    1.67   462.7    4.6      27.325
2013    9       15     1  58    1.67   462.5    4.6      27.296
2013    9       15     2   7    1.67   462.3    4.6      27.268
2013    9       15     2  17    1.67   462.1    4.6      27.239
2013    9       15     2  27    1.67   461.9    4.6      27.211
2013    9       15     2  37    1.67   461.7    4.6      27.184
2013    9       15     2  46    1.67   461.5    4.6      27.156
2013    9       15     2  56    1.67   461.3    4.6      27.129
2013    9       15     3   6    1.67   461.1    4.6      27.102
2013    9       15     3  15    1.67   460.9    4.6      27.075
2013    9       15     3  25    1.67   460.6    4.6      27.048
2013    9       15     3  35    1.66   460.4    4.6      27.022
2013    9       15     3  45    1.66   460.2    4.6      26.995
2013    9       15     3  54    1.66   460.0    4.6      26.968
2013    9       15     4   4    1.66   459.8    4.6      26.940
2013    9       15     4  14    1.66   459.6    4.6      26.911
2013    9       15     4  23    1.66   459.4    4.6      26.883
2013    9       15     4  33    1.66   459.2    4.6      26.853
2013    9       15     4  43    1.66   459.0    4.6      26.824
2013    9       15     4  53    1.66   458.8    4.6      26.794
2013    9       15     5   2    1.66   458.6    4.6      26.763
2013    9       15     5  12    1.66   458.3    4.6      26.732
2013    9       15     5  22    1.66   458.1    4.6      26.701
2013    9       15     5  31    1.66   457.9    4.6      26.669
2013    9       15     5  41    1.66   457.7    4.6      26.637
2013    9       15     5  51    1.66   457.5    4.6      26.605
2013    9       15     6   1    1.65   457.3    4.6      26.573
2013    9       15     6  10    1.65   457.1    4.6      26.541
2013    9       15     6  20    1.65   456.9    4.6      26.508
2013    9       15     6  30    1.65   456.7    4.6      26.475
2013    9       15     6  39    1.65   456.5    4.6      26.442
2013    9       15     6  49    1.65   456.3    4.6      26.410
2013    9       15     6  59    1.65   456.1    4.6      26.377
2013    9       15     7   9    1.65   455.9    4.6      26.345
2013    9       15     7  18    1.65   455.7    4.6      26.312
2013    9       15     7  28    1.65   455.5    4.6      26.280
2013    9       15     7  38    1.65   455.3    4.6      26.249
2013    9       15     7  47    1.65   455.1    4.6      26.218
2013    9       15     7  57    1.65   454.9    4.6      26.188
2013    9       15     8   7    1.65   454.6    4.6      26.158
2013    9       15     8  17    1.65   454.4    4.6      26.130
2013    9       15     8  26    1.65   454.2    4.6      26.102
2013    9       15     8  36    1.65   454.0    4.6      26.076
2013    9       15     8  46    1.65   453.8    4.6      26.051
2013    9       15     8  55    1.65   453.6    4.6      26.027
2013    9       15     9   5    1.65   453.4    4.6      26.004
2013    9       15     9  15    1.65   453.2    4.6      25.983
2013    9       15     9  25    1.64   453.0    4.6      25.963
2013    9       15     9  34    1.64   452.8    4.6      25.944
2013    9       15     9  44    1.64   452.6    4.6      25.926
2013    9       15     9  54    1.64   452.4    4.6      25.909
2013    9       15    10   3    1.64   452.2    4.6      25.894
2013    9       15    10  13    1.64   452.0    4.6      25.879
2013    9       15    10  23    1.64   451.8    4.6      25.865
2013    9       15    10  33    1.64   451.6    4.6      25.853
2013    9       15    10  42    1.64   451.4    4.6      25.841
2013    9       15    10  52    1.64   451.2    4.6      25.830
2013    9       15    11   2    1.64   451.0    4.6      25.819
2013    9       15    11  11    1.64   450.8    4.7      25.808
2013    9       15    11  21    1.64   450.6    4.7      25.797
2013    9       15    11  31    1.64   450.3    4.7      25.787
2013    9       15    11  41    1.64   450.1    4.7      25.776
2013    9       15    11  50    1.64   449.9    4.7      25.765
2013    9       15    12   0    1.64   449.7    4.7      25.754
2013    9       15    12  10    1.64   449.5    4.7      25.743
2013    9       15    12  19    1.65   449.3    4.7      25.732
2013    9       15    12  29    1.65   449.1    4.7      25.720
2013    9       15    12  39    1.65   448.9    4.7      25.709
2013    9       15    12  49    1.65   448.7    4.7      25.698
2013    9       15    12  58    1.65   448.6    4.7      25.686
2013    9       15    13   8    1.65   448.4    4.7      25.674
2013    9       15    13  18    1.65   448.2    4.7      25.662
2013    9       15    13  27    1.65   448.0    4.7      25.651
2013    9       15    13  37    1.65   447.8    4.7      25.639
2013    9       15    13  47    1.65   447.6    4.7      25.627
2013    9       15    13  57    1.65   447.4    4.7      25.615
2013    9       15    14   6    1.65   447.2    4.7      25.603
2013    9       15    14  16    1.65   447.0    4.7      25.591
2013    9       15    14  26    1.65   446.8    4.7      25.579
2013    9       15    14  35    1.65   446.7    4.7      25.566
2013    9       15    14  45    1.65   446.5    4.8      25.553
2013    9       15    14  55    1.65   446.3    4.8      25.540
2013    9       15    15   5    1.65   446.1    4.8      25.527
2013    9       15    15  14    1.65   445.9    4.8      25.514
2013    9       15    15  24    1.65   445.7    4.8      25.501
2013    9       15    15  34    1.65   445.6    4.8      25.488
2013    9       15    15  43    1.65   445.4    4.8      25.475
2013    9       15    15  53    1.65   445.2    4.8      25.463
2013    9       15    16   3    1.65   445.0    4.8      25.451
2013    9       15    16  13    1.65   444.8    4.8      25.440
2013    9       15    16  22    1.65   444.7    4.8      25.429
2013    9       15    16  32    1.65   444.5    4.8      25.419
2013    9       15    16  42    1.65   444.3    4.8      25.409
2013    9       15    16  51    1.65   444.1    4.8      25.400
2013    9       15    17   1    1.65   444.0    4.8      25.392
2013    9       15    17  11    1.65   443.8    4.8      25.384
2013    9       15    17  21    1.65   443.6    4.8      25.377
2013    9       15    17  30    1.65   443.5    4.8      25.371
2013    9       15    17  40    1.65   443.3    4.8      25.365
2013    9       15    17  50    1.65   443.1    4.8      25.360
2013    9       15    18   0    1.65   443.0    4.8      25.356
2013    9       15    18   9    1.65   442.8    4.9      25.352
2013    9       15    18  19    1.66   442.6    4.9      25.348
2013    9       15    18  29    1.66   442.5    4.9      25.345
2013    9       15    18  38    1.66   442.3    4.9      25.342
2013    9       15    18  48    1.66   442.2    4.9      25.340
2013    9       15    18  58    1.66   442.0    4.9      25.338
2013    9       15    19   7    1.66   441.8    4.9      25.336
2013    9       15    19  17    1.66   441.7    4.9      25.335
2013    9       15    19  27    1.66   441.5    4.9      25.334
2013    9       15    19  37    1.66   441.4    4.9      25.333
2013    9       15    19  46    1.66   441.2    4.9      25.332
2013    9       15    19  56    1.66   441.1    4.9      25.332
2013    9       15    20   6    1.66   440.9    4.9      25.332
2013    9       15    20  16    1.66   440.8    4.9      25.331
2013    9       15    20  25    1.66   440.6    4.9      25.331
2013    9       15    20  35    1.66   440.5    5.0      25.331
2013    9       15    20  45    1.66   440.3    5.0      25.331
2013    9       15    20  54    1.67   440.2    5.0      25.332
2013    9       15    21   4    1.67   440.0    5.0      25.332
2013    9       15    21  14    1.67   439.9    5.0      25.331
2013    9       15    21  24    1.67   439.7    5.0      25.331
2013    9       15    21  33    1.67   439.6    5.0      25.330
2013    9       15    21  43    1.67   439.5    5.0      25.328
2013    9       15    21  53    1.67   439.3    5.0      25.327
2013    9       15    22   2    1.67   439.2    5.0      25.324
2013    9       15    22  12    1.67   439.0    5.0      25.322
2013    9       15    22  22    1.67   438.9    5.0      25.319
2013    9       15    22  32    1.67   438.8    5.0      25.315
2013    9       15    22  41    1.67   438.6    5.0      25.311
2013    9       15    22  51    1.67   438.5    5.0      25.307
2013    9       15    23   1    1.67   438.4    5.0      25.303
2013    9       15    23  10    1.67   438.2    5.0      25.298
2013    9       15    23  20    1.67   438.1    5.0      25.293
2013    9       15    23  30    1.67   438.0    5.0      25.287
2013    9       15    23  39    1.67   437.8    5.1      25.282
2013    9       15    23  49    1.67   437.7    5.1      25.276
2013    9       15    23  59    1.67   437.6    5.1      25.270
2013    9       16     0   9    1.67   437.4    5.1      25.264
