year    month   day   hour  minute  B_enl V_enl   n_enl       T_enl
[year] [month] [day] [hour][minute] [nT]  [km/s]  [cm-3]      [kK]
2013    9       20     0   7    1.76   384.1   10.0      26.023
2013    9       20     0  19    1.77   384.3   10.0      26.080
2013    9       20     0  31    1.77   384.5   10.0      26.136
2013    9       20     0  42    1.77   384.7   10.0      26.193
2013    9       20     0  54    1.78   384.9   10.0      26.251
2013    9       20     1   6    1.78   385.1   10.0      26.309
2013    9       20     1  17    1.78   385.4   10.0      26.368
2013    9       20     1  29    1.78   385.6   10.0      26.425
2013    9       20     1  41    1.79   385.8   10.0      26.480
2013    9       20     1  52    1.79   386.1   10.0      26.532
2013    9       20     2   4    1.79   386.3   10.0      26.583
2013    9       20     2  16    1.79   386.6   10.0      26.632
2013    9       20     2  27    1.79   386.8   10.0      26.679
2013    9       20     2  39    1.80   387.0   10.0      26.725
2013    9       20     2  51    1.80   387.3   10.0      26.770
2013    9       20     3   2    1.80   387.5   10.0      26.815
2013    9       20     3  14    1.80   387.7   10.0      26.859
2013    9       20     3  25    1.80   388.0   10.0      26.904
2013    9       20     3  37    1.81   388.2   10.0      26.948
2013    9       20     3  49    1.81   388.5   10.0      26.993
2013    9       20     4   0    1.81   388.7   10.0      27.038
2013    9       20     4  12    1.81   389.0   10.0      27.082
2013    9       20     4  24    1.81   389.2   10.0      27.128
2013    9       20     4  35    1.82   389.5   10.0      27.173
2013    9       20     4  47    1.82   389.7   10.0      27.219
2013    9       20     4  59    1.82   390.0   10.0      27.265
2013    9       20     5  10    1.82   390.2   10.0      27.312
2013    9       20     5  22    1.82   390.5   10.0      27.359
2013    9       20     5  34    1.83   390.7   10.0      27.408
2013    9       20     5  45    1.83   391.0   10.0      27.457
2013    9       20     5  57    1.83   391.2   10.0      27.508
2013    9       20     6   9    1.83   391.5   10.0      27.560
2013    9       20     6  20    1.83   391.8   10.0      27.612
2013    9       20     6  32    1.83   392.0   10.0      27.665
2013    9       20     6  44    1.83   392.3   10.0      27.716
2013    9       20     6  55    1.84   392.6   10.0      27.765
2013    9       20     7   7    1.84   392.8   10.0      27.814
2013    9       20     7  19    1.84   393.1   10.0      27.861
2013    9       20     7  30    1.84   393.4   10.0      27.907
2013    9       20     7  42    1.84   393.6   10.0      27.952
2013    9       20     7  54    1.84   393.9   10.0      27.997
2013    9       20     8   5    1.84   394.2   10.0      28.042
2013    9       20     8  17    1.84   394.5   10.0      28.087
2013    9       20     8  29    1.84   394.8   10.0      28.132
2013    9       20     8  40    1.84   395.0   10.0      28.177
2013    9       20     8  52    1.84   395.3   10.0      28.220
2013    9       20     9   4    1.84   395.6   10.0      28.259
2013    9       20     9  15    1.84   395.9    9.9      28.297
2013    9       20     9  27    1.84   396.2    9.9      28.333
2013    9       20     9  39    1.84   396.5    9.9      28.368
2013    9       20     9  50    1.84   396.8    9.9      28.401
2013    9       20    10   2    1.84   397.1    9.9      28.433
2013    9       20    10  13    1.84   397.4    9.9      28.465
2013    9       20    10  25    1.84   397.6    9.9      28.497
2013    9       20    10  37    1.84   397.9    9.8      28.528
2013    9       20    10  48    1.84   398.2    9.8      28.559
2013    9       20    11   0    1.84   398.5    9.8      28.590
2013    9       20    11  12    1.84   398.8    9.8      28.621
2013    9       20    11  23    1.84   399.1    9.8      28.652
2013    9       20    11  35    1.84   399.4    9.8      28.683
2013    9       20    11  47    1.84   399.7    9.8      28.714
2013    9       20    11  58    1.84   400.0    9.7      28.744
2013    9       20    12  10    1.84   400.3    9.7      28.775
2013    9       20    12  22    1.84   400.7    9.7      28.805
2013    9       20    12  33    1.84   401.0    9.7      28.835
2013    9       20    12  45    1.84   401.3    9.7      28.865
2013    9       20    12  57    1.84   401.6    9.7      28.894
2013    9       20    13   8    1.83   401.9    9.6      28.922
2013    9       20    13  20    1.83   402.2    9.6      28.950
2013    9       20    13  32    1.83   402.6    9.6      28.976
2013    9       20    13  43    1.83   402.9    9.6      29.001
2013    9       20    13  55    1.83   403.2    9.6      29.023
2013    9       20    14   7    1.83   403.6    9.5      29.044
2013    9       20    14  18    1.83   403.9    9.5      29.060
2013    9       20    14  30    1.82   404.2    9.5      29.074
2013    9       20    14  42    1.82   404.6    9.5      29.085
2013    9       20    14  53    1.82   404.9    9.4      29.093
2013    9       20    15   5    1.82   405.2    9.4      29.101
2013    9       20    15  17    1.81   405.5    9.4      29.107
2013    9       20    15  28    1.81   405.8    9.4      29.112
2013    9       20    15  40    1.81   406.1    9.3      29.117
2013    9       20    15  52    1.81   406.4    9.3      29.120
2013    9       20    16   3    1.80   406.6    9.3      29.123
2013    9       20    16  15    1.80   406.9    9.2      29.125
2013    9       20    16  27    1.80   407.2    9.2      29.126
2013    9       20    16  38    1.80   407.5    9.2      29.126
2013    9       20    16  50    1.79   407.8    9.2      29.125
2013    9       20    17   1    1.79   408.1    9.1      29.124
2013    9       20    17  13    1.79   408.4    9.1      29.121
2013    9       20    17  25    1.78   408.6    9.1      29.117
2013    9       20    17  36    1.78   408.9    9.0      29.113
2013    9       20    17  48    1.78   409.2    9.0      29.108
2013    9       20    18   0    1.77   409.4    9.0      29.103
2013    9       20    18  11    1.77   409.7    9.0      29.097
2013    9       20    18  23    1.77   410.0    8.9      29.092
2013    9       20    18  35    1.76   410.2    8.9      29.086
2013    9       20    18  46    1.76   410.5    8.9      29.081
2013    9       20    18  58    1.76   410.8    8.8      29.076
2013    9       20    19  10    1.75   411.0    8.8      29.070
2013    9       20    19  21    1.75   411.3    8.8      29.063
2013    9       20    19  33    1.75   411.5    8.8      29.055
2013    9       20    19  45    1.74   411.8    8.7      29.047
2013    9       20    19  56    1.74   412.1    8.7      29.038
2013    9       20    20   8    1.74   412.3    8.7      29.028
2013    9       20    20  20    1.73   412.6    8.7      29.017
2013    9       20    20  31    1.73   412.9    8.6      29.004
2013    9       20    20  43    1.73   413.2    8.6      28.991
2013    9       20    20  55    1.72   413.4    8.6      28.976
2013    9       20    21   6    1.72   413.7    8.6      28.959
2013    9       20    21  18    1.72   414.0    8.5      28.942
2013    9       20    21  30    1.71   414.2    8.5      28.923
2013    9       20    21  41    1.71   414.5    8.5      28.902
2013    9       20    21  53    1.70   414.7    8.4      28.880
2013    9       20    22   5    1.70   415.0    8.4      28.857
2013    9       20    22  16    1.70   415.2    8.4      28.835
2013    9       20    22  28    1.69   415.4    8.4      28.813
2013    9       20    22  40    1.69   415.7    8.3      28.791
2013    9       20    22  51    1.68   415.9    8.3      28.771
2013    9       20    23   3    1.68   416.1    8.3      28.750
2013    9       20    23  15    1.68   416.3    8.3      28.730
2013    9       20    23  26    1.67   416.5    8.2      28.709
2013    9       20    23  38    1.67   416.8    8.2      28.689
2013    9       20    23  50    1.66   417.0    8.2      28.668
2013    9       21     0   1    1.66   417.2    8.1      28.647
2013    9       21     0  13    1.66   417.4    8.1      28.625
2013    9       21     0  24    1.65   417.6    8.1      28.603
2013    9       21     0  36    1.65   417.8    8.1      28.580
2013    9       21     0  48    1.64   418.0    8.1      28.557
2013    9       21     0  59    1.64   418.2    8.0      28.534
2013    9       21     1  11    1.64   418.3    8.0      28.511
2013    9       21     1  23    1.63   418.5    8.0      28.488
2013    9       21     1  34    1.63   418.7    8.0      28.465
2013    9       21     1  46    1.62   418.9    7.9      28.443
2013    9       21     1  58    1.62   419.1    7.9      28.421
2013    9       21     2   9    1.62   419.2    7.9      28.400
2013    9       21     2  21    1.61   419.4    7.9      28.379
2013    9       21     2  33    1.61   419.6    7.8      28.356
2013    9       21     2  44    1.61   419.8    7.8      28.333
2013    9       21     2  56    1.60   419.9    7.8      28.309
2013    9       21     3   8    1.60   420.1    7.8      28.285
2013    9       21     3  19    1.59   420.3    7.8      28.259
2013    9       21     3  31    1.59   420.4    7.7      28.234
2013    9       21     3  43    1.59   420.6    7.7      28.207
2013    9       21     3  54    1.58   420.7    7.7      28.181
2013    9       21     4   6    1.58   420.9    7.7      28.153
2013    9       21     4  18    1.58   421.1    7.7      28.126
2013    9       21     4  29    1.57   421.2    7.6      28.098
2013    9       21     4  41    1.57   421.3    7.6      28.071
2013    9       21     4  53    1.57   421.5    7.6      28.043
2013    9       21     5   4    1.56   421.6    7.6      28.015
2013    9       21     5  16    1.56   421.8    7.6      27.987
2013    9       21     5  28    1.56   421.9    7.5      27.960
2013    9       21     5  39    1.55   422.1    7.5      27.933
2013    9       21     5  51    1.55   422.2    7.5      27.905
2013    9       21     6   3    1.55   422.3    7.5      27.878
2013    9       21     6  14    1.54   422.5    7.5      27.851
2013    9       21     6  26    1.54   422.6    7.4      27.825
2013    9       21     6  38    1.54   422.7    7.4      27.798
2013    9       21     6  49    1.53   422.8    7.4      27.771
2013    9       21     7   1    1.53   422.9    7.4      27.745
2013    9       21     7  12    1.53   423.1    7.4      27.720
2013    9       21     7  24    1.52   423.2    7.4      27.694
2013    9       21     7  36    1.52   423.3    7.3      27.670
2013    9       21     7  47    1.52   423.4    7.3      27.645
2013    9       21     7  59    1.51   423.5    7.3      27.622
2013    9       21     8  11    1.51   423.6    7.3      27.599
2013    9       21     8  22    1.51   423.7    7.3      27.576
2013    9       21     8  34    1.51   423.8    7.3      27.554
2013    9       21     8  46    1.50   423.9    7.3      27.533
2013    9       21     8  57    1.50   423.9    7.2      27.512
2013    9       21     9   9    1.50   424.0    7.2      27.492
2013    9       21     9  21    1.50   424.1    7.2      27.471
2013    9       21     9  32    1.49   424.2    7.2      27.451
2013    9       21     9  44    1.49   424.3    7.2      27.431
2013    9       21     9  56    1.49   424.4    7.2      27.410
2013    9       21    10   7    1.48   424.5    7.2      27.389
2013    9       21    10  19    1.48   424.5    7.2      27.367
2013    9       21    10  31    1.48   424.6    7.1      27.345
2013    9       21    10  42    1.48   424.7    7.1      27.322
2013    9       21    10  54    1.47   424.8    7.1      27.298
2013    9       21    11   6    1.47   424.8    7.1      27.274
2013    9       21    11  17    1.47   424.9    7.1      27.250
2013    9       21    11  29    1.47   425.0    7.1      27.225
2013    9       21    11  41    1.46   425.0    7.1      27.200
2013    9       21    11  52    1.46   425.1    7.0      27.175
2013    9       21    12   4    1.46   425.2    7.0      27.149
2013    9       21    12  16    1.46   425.2    7.0      27.123
2013    9       21    12  27    1.45   425.3    7.0      27.097
2013    9       21    12  39    1.45   425.4    7.0      27.070
2013    9       21    12  51    1.45   425.4    7.0      27.044
2013    9       21    13   2    1.45   425.5    7.0      27.017
2013    9       21    13  14    1.44   425.5    6.9      26.990
2013    9       21    13  26    1.44   425.6    6.9      26.964
2013    9       21    13  37    1.44   425.7    6.9      26.937
2013    9       21    13  49    1.44   425.7    6.9      26.910
2013    9       21    14   1    1.44   425.8    6.9      26.884
2013    9       21    14  12    1.43   425.8    6.9      26.858
2013    9       21    14  24    1.43   425.8    6.9      26.832
2013    9       21    14  35    1.43   425.9    6.9      26.806
2013    9       21    14  47    1.43   425.9    6.9      26.780
2013    9       21    14  58    1.42   426.0    6.8      26.757
2013    9       21    15   9    1.42   426.0    6.8      26.735
2013    9       21    15  19    1.42   426.0    6.8      26.714
2013    9       21    15  30    1.42   426.1    6.8      26.694
2013    9       21    15  40    1.42   426.1    6.8      26.674
2013    9       21    15  50    1.42   426.1    6.8      26.655
2013    9       21    16   0    1.41   426.1    6.8      26.637
2013    9       21    16  10    1.41   426.1    6.8      26.618
2013    9       21    16  21    1.41   426.2    6.8      26.601
2013    9       21    16  31    1.41   426.2    6.8      26.583
2013    9       21    16  41    1.41   426.2    6.8      26.566
2013    9       21    16  51    1.41   426.2    6.7      26.549
2013    9       21    17   1    1.40   426.2    6.7      26.532
2013    9       21    17  10    1.40   426.3    6.7      26.515
2013    9       21    17  20    1.40   426.3    6.7      26.499
2013    9       21    17  30    1.40   426.3    6.7      26.482
2013    9       21    17  40    1.40   426.3    6.7      26.465
2013    9       21    17  50    1.40   426.3    6.7      26.449
2013    9       21    18   0    1.39   426.3    6.7      26.432
2013    9       21    18  10    1.39   426.3    6.7      26.415
2013    9       21    18  20    1.39   426.3    6.7      26.398
2013    9       21    18  30    1.39   426.3    6.7      26.381
2013    9       21    18  40    1.39   426.3    6.7      26.364
2013    9       21    18  50    1.39   426.3    6.7      26.347
2013    9       21    19   0    1.39   426.3    6.7      26.330
2013    9       21    19  10    1.38   426.3    6.6      26.312
2013    9       21    19  20    1.38   426.3    6.6      26.295
2013    9       21    19  29    1.38   426.3    6.6      26.277
2013    9       21    19  39    1.38   426.3    6.6      26.259
2013    9       21    19  49    1.38   426.3    6.6      26.242
2013    9       21    19  59    1.38   426.3    6.6      26.224
2013    9       21    20   9    1.37   426.3    6.6      26.206
2013    9       21    20  19    1.37   426.3    6.6      26.188
2013    9       21    20  29    1.37   426.3    6.6      26.170
2013    9       21    20  39    1.37   426.3    6.6      26.152
2013    9       21    20  49    1.37   426.3    6.6      26.134
2013    9       21    20  59    1.37   426.3    6.6      26.116
2013    9       21    21   9    1.37   426.3    6.6      26.098
2013    9       21    21  19    1.37   426.2    6.6      26.080
2013    9       21    21  29    1.36   426.2    6.6      26.062
2013    9       21    21  40    1.36   426.2    6.5      26.045
2013    9       21    21  50    1.36   426.2    6.5      26.027
2013    9       21    22   0    1.36   426.2    6.5      26.010
2013    9       21    22   9    1.36   426.2    6.5      25.993
2013    9       21    22  19    1.36   426.1    6.5      25.977
2013    9       21    22  29    1.36   426.1    6.5      25.961
2013    9       21    22  39    1.36   426.1    6.5      25.944
2013    9       21    22  49    1.35   426.1    6.5      25.929
2013    9       21    22  59    1.35   426.1    6.5      25.913
2013    9       21    23   9    1.35   426.1    6.5      25.898
2013    9       21    23  19    1.35   426.0    6.5      25.882
2013    9       21    23  29    1.35   426.0    6.5      25.868
2013    9       21    23  39    1.35   426.0    6.5      25.853
2013    9       21    23  49    1.35   426.0    6.5      25.838
2013    9       21    23  59    1.35   425.9    6.5      25.824
2013    9       22     0   9    1.34   425.9    6.5      25.810
2013    9       22     0  19    1.34   425.9    6.5      25.795
2013    9       22     0  29    1.34   425.9    6.5      25.781
2013    9       22     0  39    1.34   425.8    6.5      25.767
2013    9       22     0  49    1.34   425.8    6.5      25.753
2013    9       22     0  59    1.34   425.8    6.5      25.739
2013    9       22     1  10    1.34   425.8    6.5      25.725
2013    9       22     1  20    1.34   425.7    6.4      25.711
2013    9       22     1  30    1.34   425.7    6.4      25.696
2013    9       22     1  40    1.33   425.7    6.4      25.682
2013    9       22     1  50    1.33   425.6    6.4      25.667
2013    9       22     2   0    1.33   425.6    6.4      25.652
2013    9       22     2  11    1.33   425.6    6.4      25.637
2013    9       22     2  21    1.33   425.5    6.4      25.622
2013    9       22     2  31    1.33   425.5    6.4      25.606
2013    9       22     2  41    1.33   425.5    6.4      25.591
2013    9       22     2  52    1.33   425.4    6.4      25.575
2013    9       22     3   2    1.33   425.4    6.4      25.560
2013    9       22     3  13    1.33   425.4    6.4      25.544
2013    9       22     3  23    1.32   425.3    6.4      25.528
2013    9       22     3  33    1.32   425.3    6.4      25.513
2013    9       22     3  44    1.32   425.3    6.4      25.497
2013    9       22     3  54    1.32   425.2    6.4      25.481
2013    9       22     4   5    1.32   425.2    6.4      25.465
2013    9       22     4  15    1.32   425.1    6.4      25.450
2013    9       22     4  26    1.32   425.1    6.4      25.434
2013    9       22     4  36    1.32   425.1    6.4      25.418
2013    9       22     4  47    1.32   425.0    6.4      25.403
2013    9       22     4  58    1.31   425.0    6.4      25.388
2013    9       22     5   8    1.31   424.9    6.4      25.372
2013    9       22     5  19    1.31   424.9    6.4      25.357
2013    9       22     5  30    1.31   424.8    6.4      25.342
2013    9       22     5  40    1.31   424.8    6.4      25.327
2013    9       22     5  51    1.31   424.7    6.4      25.312
2013    9       22     6   2    1.31   424.7    6.4      25.297
2013    9       22     6  13    1.31   424.6    6.3      25.283
2013    9       22     6  23    1.31   424.6    6.3      25.268
2013    9       22     6  34    1.31   424.5    6.3      25.253
2013    9       22     6  45    1.30   424.5    6.3      25.239
2013    9       22     6  56    1.30   424.4    6.3      25.224
2013    9       22     7   7    1.30   424.4    6.3      25.210
2013    9       22     7  18    1.30   424.3    6.3      25.195
2013    9       22     7  29    1.30   424.3    6.3      25.181
2013    9       22     7  40    1.30   424.2    6.3      25.166
2013    9       22     7  51    1.30   424.2    6.3      25.151
2013    9       22     8   2    1.30   424.1    6.3      25.136
2013    9       22     8  13    1.30   424.1    6.3      25.121
2013    9       22     8  25    1.30   424.0    6.3      25.106
2013    9       22     8  36    1.30   424.0    6.3      25.091
2013    9       22     8  47    1.29   423.9    6.3      25.075
2013    9       22     8  58    1.29   423.9    6.3      25.059
2013    9       22     9  10    1.29   423.8    6.3      25.043
2013    9       22     9  21    1.29   423.7    6.3      25.027
2013    9       22     9  32    1.29   423.7    6.3      25.010
2013    9       22     9  44    1.29   423.6    6.3      24.994
2013    9       22     9  55    1.29   423.6    6.3      24.977
2013    9       22    10   7    1.29   423.5    6.3      24.960
2013    9       22    10  18    1.29   423.5    6.3      24.943
2013    9       22    10  30    1.29   423.4    6.3      24.926
2013    9       22    10  41    1.28   423.3    6.3      24.909
2013    9       22    10  53    1.28   423.3    6.3      24.891
2013    9       22    11   4    1.28   423.2    6.3      24.874
2013    9       22    11  16    1.28   423.1    6.3      24.857
2013    9       22    11  28    1.28   423.1    6.3      24.839
2013    9       22    11  39    1.28   423.0    6.3      24.822
2013    9       22    11  51    1.28   423.0    6.3      24.805
2013    9       22    12   3    1.28   422.9    6.3      24.787
2013    9       22    12  14    1.28   422.8    6.3      24.770
2013    9       22    12  26    1.28   422.8    6.3      24.753
2013    9       22    12  38    1.27   422.7    6.3      24.735
2013    9       22    12  49    1.27   422.6    6.3      24.718
2013    9       22    13   1    1.27   422.5    6.3      24.701
2013    9       22    13  13    1.27   422.5    6.2      24.684
2013    9       22    13  24    1.27   422.4    6.2      24.666
2013    9       22    13  36    1.27   422.3    6.2      24.649
2013    9       22    13  47    1.27   422.3    6.2      24.632
2013    9       22    13  59    1.27   422.2    6.2      24.614
2013    9       22    14  11    1.27   422.1    6.2      24.597
2013    9       22    14  22    1.27   422.0    6.2      24.579
2013    9       22    14  34    1.27   422.0    6.2      24.562
2013    9       22    14  46    1.26   421.9    6.2      24.545
2013    9       22    14  57    1.26   421.8    6.2      24.527
2013    9       22    15   9    1.26   421.7    6.2      24.509
2013    9       22    15  21    1.26   421.7    6.2      24.492
2013    9       22    15  32    1.26   421.6    6.2      24.474
2013    9       22    15  44    1.26   421.5    6.2      24.457
2013    9       22    15  56    1.26   421.4    6.2      24.439
2013    9       22    16   7    1.26   421.4    6.2      24.422
2013    9       22    16  19    1.26   421.3    6.2      24.404
2013    9       22    16  30    1.26   421.2    6.2      24.386
2013    9       22    16  42    1.25   421.1    6.2      24.369
2013    9       22    16  54    1.25   421.0    6.2      24.351
2013    9       22    17   5    1.25   421.0    6.2      24.334
2013    9       22    17  17    1.25   420.9    6.2      24.316
2013    9       22    17  29    1.25   420.8    6.2      24.299
2013    9       22    17  40    1.25   420.7    6.2      24.281
2013    9       22    17  52    1.25   420.6    6.2      24.263
2013    9       22    18   4    1.25   420.6    6.2      24.245
2013    9       22    18  15    1.25   420.5    6.2      24.228
2013    9       22    18  27    1.25   420.4    6.2      24.210
2013    9       22    18  39    1.25   420.3    6.2      24.192
2013    9       22    18  50    1.24   420.2    6.2      24.173
2013    9       22    19   2    1.24   420.2    6.2      24.155
2013    9       22    19  14    1.24   420.1    6.2      24.137
2013    9       22    19  25    1.24   420.0    6.2      24.118
2013    9       22    19  37    1.24   419.9    6.2      24.099
2013    9       22    19  49    1.24   419.8    6.2      24.081
2013    9       22    20   0    1.24   419.7    6.2      24.062
2013    9       22    20  12    1.24   419.7    6.2      24.043
2013    9       22    20  24    1.24   419.6    6.2      24.024
2013    9       22    20  35    1.24   419.5    6.2      24.005
2013    9       22    20  47    1.23   419.4    6.2      23.985
2013    9       22    20  59    1.23   419.3    6.2      23.966
2013    9       22    21  10    1.23   419.2    6.2      23.947
2013    9       22    21  22    1.23   419.1    6.2      23.927
2013    9       22    21  33    1.23   419.0    6.1      23.908
2013    9       22    21  45    1.23   418.9    6.1      23.888
2013    9       22    21  57    1.23   418.9    6.1      23.869
2013    9       22    22   8    1.23   418.8    6.1      23.849
2013    9       22    22  20    1.23   418.7    6.1      23.829
2013    9       22    22  32    1.23   418.6    6.1      23.810
2013    9       22    22  43    1.22   418.5    6.1      23.790
2013    9       22    22  55    1.22   418.4    6.1      23.771
2013    9       22    23   7    1.22   418.3    6.1      23.751
2013    9       22    23  18    1.22   418.2    6.1      23.731
2013    9       22    23  30    1.22   418.1    6.1      23.711
2013    9       22    23  42    1.22   418.0    6.1      23.692
2013    9       22    23  53    1.22   417.9    6.1      23.672
2013    9       23     0   5    1.22   417.9    6.1      23.652
2013    9       23     0  17    1.22   417.8    6.1      23.633
2013    9       23     0  28    1.22   417.7    6.1      23.613
2013    9       23     0  40    1.22   417.6    6.1      23.593
2013    9       23     0  52    1.21   417.5    6.1      23.573
2013    9       23     1   3    1.21   417.4    6.1      23.553
2013    9       23     1  15    1.21   417.3    6.1      23.533
2013    9       23     1  27    1.21   417.2    6.1      23.513
2013    9       23     1  38    1.21   417.1    6.1      23.493
2013    9       23     1  50    1.21   417.0    6.1      23.472
2013    9       23     2   1    1.21   416.9    6.1      23.451
2013    9       23     2  13    1.21   416.9    6.1      23.430
2013    9       23     2  25    1.21   416.8    6.1      23.410
2013    9       23     2  36    1.20   416.7    6.1      23.388
2013    9       23     2  48    1.20   416.6    6.1      23.367
2013    9       23     3   0    1.20   416.5    6.1      23.345
2013    9       23     3  11    1.20   416.4    6.1      23.324
2013    9       23     3  23    1.20   416.3    6.1      23.302
2013    9       23     3  35    1.20   416.2    6.1      23.280
2013    9       23     3  46    1.20   416.1    6.1      23.258
2013    9       23     3  58    1.20   416.0    6.1      23.236
2013    9       23     4  10    1.20   415.9    6.1      23.213
2013    9       23     4  21    1.20   415.8    6.1      23.191
2013    9       23     4  33    1.19   415.7    6.1      23.169
2013    9       23     4  44    1.19   415.6    6.1      23.147
2013    9       23     4  56    1.19   415.5    6.1      23.124
2013    9       23     5   8    1.19   415.4    6.0      23.102
2013    9       23     5  19    1.19   415.2    6.0      23.079
2013    9       23     5  31    1.19   415.1    6.0      23.057
2013    9       23     5  43    1.19   415.0    6.0      23.035
2013    9       23     5  54    1.19   414.9    6.0      23.012
2013    9       23     6   6    1.18   414.8    6.0      22.990
2013    9       23     6  18    1.18   414.7    6.0      22.968
2013    9       23     6  29    1.18   414.6    6.0      22.945
2013    9       23     6  41    1.18   414.5    6.0      22.923
2013    9       23     6  53    1.18   414.4    6.0      22.900
2013    9       23     7   4    1.18   414.3    6.0      22.878
2013    9       23     7  16    1.18   414.2    6.0      22.855
2013    9       23     7  28    1.18   414.1    6.0      22.832
2013    9       23     7  39    1.18   414.0    6.0      22.809
2013    9       23     7  51    1.17   413.9    6.0      22.786
2013    9       23     8   3    1.17   413.8    6.0      22.763
2013    9       23     8  14    1.17   413.7    6.0      22.740
2013    9       23     8  26    1.17   413.5    6.0      22.717
2013    9       23     8  38    1.17   413.4    6.0      22.693
2013    9       23     8  49    1.17   413.3    6.0      22.670
2013    9       23     9   1    1.17   413.2    6.0      22.646
2013    9       23     9  12    1.17   413.1    6.0      22.622
2013    9       23     9  24    1.17   413.0    6.0      22.598
2013    9       23     9  36    1.16   412.9    6.0      22.573
2013    9       23     9  47    1.16   412.8    6.0      22.549
2013    9       23     9  59    1.16   412.7    6.0      22.524
2013    9       23    10  11    1.16   412.5    6.0      22.499
2013    9       23    10  22    1.16   412.4    6.0      22.474
2013    9       23    10  34    1.16   412.3    6.0      22.449
2013    9       23    10  46    1.16   412.2    6.0      22.424
2013    9       23    10  57    1.16   412.1    5.9      22.399
2013    9       23    11   9    1.15   412.0    5.9      22.374
2013    9       23    11  21    1.15   411.8    5.9      22.348
2013    9       23    11  32    1.15   411.7    5.9      22.323
2013    9       23    11  44    1.15   411.6    5.9      22.298
2013    9       23    11  55    1.15   411.5    5.9      22.272
2013    9       23    12   7    1.15   411.3    5.9      22.247
2013    9       23    12  19    1.15   411.2    5.9      22.222
2013    9       23    12  30    1.14   411.1    5.9      22.196
2013    9       23    12  42    1.14   411.0    5.9      22.171
2013    9       23    12  54    1.14   410.8    5.9      22.146
2013    9       23    13   5    1.14   410.7    5.9      22.121
2013    9       23    13  17    1.14   410.6    5.9      22.095
2013    9       23    13  29    1.14   410.5    5.9      22.070
2013    9       23    13  40    1.14   410.3    5.9      22.045
2013    9       23    13  52    1.14   410.2    5.9      22.020
2013    9       23    14   4    1.13   410.1    5.9      21.995
2013    9       23    14  15    1.13   409.9    5.9      21.969
2013    9       23    14  27    1.13   409.8    5.9      21.944
2013    9       23    14  39    1.13   409.7    5.9      21.918
2013    9       23    14  50    1.13   409.5    5.9      21.893
2013    9       23    15   2    1.13   409.4    5.9      21.867
2013    9       23    15  13    1.13   409.3    5.9      21.842
2013    9       23    15  25    1.12   409.1    5.9      21.816
2013    9       23    15  37    1.12   409.0    5.9      21.790
2013    9       23    15  48    1.12   408.9    5.9      21.764
2013    9       23    16   0    1.12   408.7    5.9      21.738
2013    9       23    16  12    1.12   408.6    5.9      21.711
2013    9       23    16  23    1.12   408.4    5.8      21.685
2013    9       23    16  35    1.12   408.3    5.8      21.658
2013    9       23    16  47    1.11   408.2    5.8      21.631
2013    9       23    16  58    1.11   408.0    5.8      21.604
2013    9       23    17  10    1.11   407.9    5.8      21.577
2013    9       23    17  22    1.11   407.7    5.8      21.550
2013    9       23    17  33    1.11   407.6    5.8      21.523
2013    9       23    17  45    1.11   407.4    5.8      21.495
2013    9       23    17  57    1.11   407.3    5.8      21.467
2013    9       23    18   8    1.10   407.2    5.8      21.439
2013    9       23    18  20    1.10   407.0    5.8      21.411
2013    9       23    18  32    1.10   406.9    5.8      21.383
2013    9       23    18  43    1.10   406.7    5.8      21.355
2013    9       23    18  55    1.10   406.6    5.8      21.327
2013    9       23    19   6    1.10   406.4    5.8      21.299
2013    9       23    19  18    1.10   406.3    5.8      21.270
2013    9       23    19  30    1.09   406.1    5.8      21.242
2013    9       23    19  41    1.09   406.0    5.8      21.214
2013    9       23    19  53    1.09   405.8    5.8      21.185
2013    9       23    20   5    1.09   405.7    5.8      21.157
2013    9       23    20  16    1.09   405.5    5.8      21.128
2013    9       23    20  28    1.09   405.4    5.8      21.100
2013    9       23    20  40    1.09   405.2    5.8      21.071
2013    9       23    20  51    1.08   405.0    5.8      21.043
2013    9       23    21   3    1.08   404.9    5.8      21.015
2013    9       23    21  14    1.08   404.7    5.8      20.986
2013    9       23    21  26    1.08   404.6    5.8      20.958
2013    9       23    21  38    1.08   404.4    5.8      20.930
2013    9       23    21  49    1.08   404.3    5.7      20.901
2013    9       23    22   1    1.07   404.1    5.7      20.873
2013    9       23    22  13    1.07   403.9    5.7      20.845
2013    9       23    22  24    1.07   403.8    5.7      20.817
2013    9       23    22  36    1.07   403.6    5.7      20.789
2013    9       23    22  48    1.07   403.4    5.7      20.760
2013    9       23    22  59    1.07   403.3    5.7      20.732
2013    9       23    23  11    1.07   403.1    5.7      20.704
2013    9       23    23  23    1.06   402.9    5.7      20.675
2013    9       23    23  34    1.06   402.8    5.7      20.646
2013    9       23    23  46    1.06   402.6    5.7      20.618
2013    9       23    23  58    1.06   402.4    5.7      20.589
2013    9       24     0   9    1.06   402.2    5.7      20.559
2013    9       24     0  21    1.06   402.1    5.7      20.530
2013    9       24     0  33    1.05   401.9    5.7      20.500
2013    9       24     0  44    1.05   401.7    5.7      20.470
2013    9       24     0  56    1.05   401.5    5.7      20.440
2013    9       24     1   8    1.05   401.4    5.7      20.409
2013    9       24     1  19    1.05   401.2    5.7      20.378
2013    9       24     1  31    1.05   401.0    5.7      20.347
2013    9       24     1  42    1.05   400.8    5.7      20.315
2013    9       24     1  54    1.04   400.6    5.7      20.284
2013    9       24     2   6    1.04   400.5    5.7      20.252
2013    9       24     2  17    1.04   400.3    5.7      20.220
2013    9       24     2  29    1.04   400.1    5.7      20.188
2013    9       24     2  41    1.04   399.9    5.7      20.155
2013    9       24     2  52    1.04   399.7    5.7      20.123
2013    9       24     3   4    1.03   399.5    5.7      20.090
2013    9       24     3  15    1.03   399.3    5.7      20.057
2013    9       24     3  27    1.03   399.1    5.7      20.024
2013    9       24     3  39    1.03   398.9    5.6      19.992
2013    9       24     3  50    1.03   398.8    5.6      19.959
2013    9       24     4   2    1.03   398.6    5.6      19.926
2013    9       24     4  14    1.03   398.4    5.6      19.893
2013    9       24     4  25    1.02   398.2    5.6      19.860
2013    9       24     4  37    1.02   398.0    5.6      19.827
2013    9       24     4  49    1.02   397.8    5.6      19.795
2013    9       24     5   0    1.02   397.6    5.6      19.762
2013    9       24     5  12    1.02   397.4    5.6      19.730
2013    9       24     5  24    1.02   397.2    5.6      19.697
2013    9       24     5  35    1.01   397.0    5.6      19.665
2013    9       24     5  47    1.01   396.8    5.6      19.632
2013    9       24     5  59    1.01   396.6    5.6      19.600
2013    9       24     6  10    1.01   396.4    5.6      19.568
2013    9       24     6  22    1.01   396.1    5.6      19.536
2013    9       24     6  34    1.01   395.9    5.6      19.503
2013    9       24     6  45    1.00   395.7    5.6      19.471
2013    9       24     6  57    1.00   395.5    5.6      19.439
2013    9       24     7   8    1.00   395.3    5.6      19.407
2013    9       24     7  20    1.00   395.1    5.6      19.374
2013    9       24     7  32    1.00   394.9    5.6      19.342
2013    9       24     7  43    1.00   394.7    5.6      19.309
2013    9       24     7  55    1.00   394.5    5.6      19.277
2013    9       24     8   7    0.99   394.2    5.6      19.244
2013    9       24     8  18    0.99   394.0    5.6      19.212
2013    9       24     8  30    0.99   393.8    5.6      19.179
2013    9       24     8  42    0.99   393.6    5.6      19.146
2013    9       24     8  53    0.99   393.4    5.6      19.113
2013    9       24     9   5    0.99   393.1    5.6      19.080
2013    9       24     9  17    0.99   392.9    5.6      19.046
2013    9       24     9  28    0.98   392.7    5.6      19.013
2013    9       24     9  40    0.98   392.5    5.6      18.979
2013    9       24     9  51    0.98   392.2    5.6      18.945
2013    9       24    10   3    0.98   392.0    5.6      18.911
2013    9       24    10  15    0.98   391.8    5.6      18.877
2013    9       24    10  26    0.98   391.5    5.5      18.842
2013    9       24    10  38    0.97   391.3    5.5      18.808
2013    9       24    10  50    0.97   391.1    5.5      18.773
2013    9       24    11   1    0.97   390.8    5.5      18.738
2013    9       24    11  13    0.97   390.6    5.5      18.703
2013    9       24    11  25    0.97   390.4    5.5      18.668
2013    9       24    11  36    0.97   390.1    5.5      18.632
2013    9       24    11  48    0.97   389.9    5.5      18.597
2013    9       24    12   0    0.96   389.6    5.5      18.561
2013    9       24    12  11    0.96   389.4    5.5      18.526
2013    9       24    12  23    0.96   389.1    5.5      18.490
2013    9       24    12  34    0.96   388.9    5.5      18.454
2013    9       24    12  46    0.96   388.6    5.5      18.418
2013    9       24    12  58    0.96   388.4    5.5      18.383
2013    9       24    13   9    0.96   388.1    5.5      18.347
2013    9       24    13  21    0.95   387.9    5.5      18.311
2013    9       24    13  33    0.95   387.6    5.5      18.275
2013    9       24    13  44    0.95   387.4    5.5      18.239
2013    9       24    13  56    0.95   387.1    5.5      18.203
2013    9       24    14   8    0.95   386.9    5.5      18.168
2013    9       24    14  19    0.95   386.6    5.5      18.132
2013    9       24    14  31    0.95   386.4    5.5      18.097
2013    9       24    14  43    0.94   386.1    5.5      18.062
2013    9       24    14  54    0.94   385.9    5.5      18.028
2013    9       24    15   6    0.94   385.6    5.5      17.993
2013    9       24    15  18    0.94   385.3    5.5      17.959
2013    9       24    15  29    0.94   385.1    5.5      17.925
2013    9       24    15  41    0.94   384.8    5.5      17.891
2013    9       24    15  52    0.94   384.6    5.5      17.858
2013    9       24    16   4    0.93   384.3    5.5      17.825
2013    9       24    16  16    0.93   384.0    5.5      17.792
2013    9       24    16  27    0.93   383.8    5.5      17.759
2013    9       24    16  39    0.93   383.5    5.5      17.726
2013    9       24    16  51    0.93   383.3    5.5      17.694
2013    9       24    17   2    0.93   383.0    5.5      17.661
2013    9       24    17  14    0.93   382.7    5.5      17.629
2013    9       24    17  26    0.93   382.5    5.5      17.596
2013    9       24    17  37    0.92   382.2    5.5      17.564
2013    9       24    17  49    0.92   382.0    5.5      17.531
2013    9       24    18   0    0.92   381.7    5.5      17.499
2013    9       24    18  12    0.92   381.4    5.5      17.466
2013    9       24    18  24    0.92   381.2    5.5      17.433
2013    9       24    18  35    0.92   380.9    5.5      17.401
2013    9       24    18  47    0.92   380.6    5.5      17.368
2013    9       24    18  59    0.92   380.4    5.5      17.334
2013    9       24    19  10    0.92   380.1    5.5      17.301
2013    9       24    19  22    0.91   379.8    5.5      17.268
2013    9       24    19  34    0.91   379.6    5.5      17.234
2013    9       24    19  45    0.91   379.3    5.5      17.200
2013    9       24    19  57    0.91   379.0    5.5      17.167
2013    9       24    20   9    0.91   378.7    5.5      17.133
2013    9       24    20  20    0.91   378.5    5.5      17.099
2013    9       24    20  32    0.91   378.2    5.5      17.064
2013    9       24    20  43    0.91   377.9    5.5      17.030
2013    9       24    20  55    0.90   377.6    5.5      16.996
2013    9       24    21   7    0.90   377.4    5.5      16.962
2013    9       24    21  18    0.90   377.1    5.5      16.927
2013    9       24    21  30    0.90   376.8    5.5      16.893
2013    9       24    21  42    0.90   376.5    5.5      16.859
2013    9       24    21  53    0.90   376.2    5.5      16.825
2013    9       24    22   5    0.90   376.0    5.5      16.790
2013    9       24    22  17    0.90   375.7    5.5      16.757
2013    9       24    22  28    0.89   375.4    5.5      16.723
2013    9       24    22  40    0.89   375.1    5.5      16.690
2013    9       24    22  52    0.89   374.8    5.5      16.657
2013    9       24    23   3    0.89   374.5    5.5      16.624
2013    9       24    23  15    0.89   374.3    5.5      16.591
2013    9       24    23  26    0.89   374.0    5.5      16.559
2013    9       24    23  38    0.89   373.7    5.5      16.527
2013    9       24    23  50    0.89   373.4    5.5      16.495
2013    9       25     0   1    0.89   373.1    5.5      16.463
2013    9       25     0  13    0.89   372.9    5.5      16.432
2013    9       25     0  25    0.88   372.6    5.5      16.401
2013    9       25     0  36    0.88   372.3    5.5      16.370
2013    9       25     0  48    0.88   372.0    5.5      16.339
2013    9       25     1   0    0.88   371.7    5.5      16.308
2013    9       25     1  11    0.88   371.4    5.5      16.278
2013    9       25     1  23    0.88   371.1    5.5      16.248
2013    9       25     1  34    0.88   370.9    5.5      16.218
2013    9       25     1  46    0.88   370.6    5.5      16.189
2013    9       25     1  58    0.88   370.3    5.5      16.160
2013    9       25     2   9    0.88   370.0    5.5      16.132
2013    9       25     2  21    0.88   369.7    5.5      16.104
2013    9       25     2  33    0.87   369.4    5.5      16.076
2013    9       25     2  44    0.87   369.1    5.5      16.049
2013    9       25     2  56    0.87   368.8    5.5      16.022
2013    9       25     3   8    0.87   368.5    5.5      15.995
2013    9       25     3  19    0.87   368.2    5.5      15.969
2013    9       25     3  31    0.87   368.0    5.5      15.943
2013    9       25     3  43    0.87   367.7    5.5      15.918
2013    9       25     3  54    0.87   367.4    5.5      15.892
2013    9       25     4   6    0.87   367.1    5.5      15.867
2013    9       25     4  17    0.87   366.8    5.5      15.841
2013    9       25     4  29    0.87   366.5    5.5      15.816
2013    9       25     4  41    0.87   366.2    5.5      15.790
2013    9       25     4  52    0.87   365.9    5.5      15.764
2013    9       25     5   4    0.87   365.6    5.5      15.738
2013    9       25     5  16    0.87   365.3    5.5      15.712
2013    9       25     5  27    0.86   365.0    5.5      15.686
2013    9       25     5  39    0.86   364.7    5.5      15.659
2013    9       25     5  51    0.86   364.4    5.6      15.632
2013    9       25     6   2    0.86   364.1    5.6      15.606
2013    9       25     6  14    0.86   363.8    5.6      15.579
2013    9       25     6  26    0.86   363.5    5.6      15.553
2013    9       25     6  37    0.86   363.2    5.6      15.526
2013    9       25     6  49    0.86   362.9    5.6      15.500
2013    9       25     7   0    0.86   362.6    5.6      15.473
2013    9       25     7  12    0.86   362.3    5.6      15.447
2013    9       25     7  24    0.86   362.0    5.6      15.420
2013    9       25     7  35    0.86   361.7    5.6      15.394
2013    9       25     7  47    0.86   361.4    5.6      15.368
2013    9       25     7  59    0.86   361.1    5.6      15.342
2013    9       25     8  10    0.86   360.8    5.6      15.316
2013    9       25     8  22    0.86   360.5    5.6      15.290
2013    9       25     8  34    0.86   360.2    5.6      15.265
2013    9       25     8  45    0.86   359.9    5.6      15.241
2013    9       25     8  57    0.85   359.6    5.6      15.216
2013    9       25     9   8    0.85   359.3    5.6      15.192
2013    9       25     9  20    0.85   359.0    5.6      15.169
2013    9       25     9  32    0.85   358.6    5.6      15.147
2013    9       25     9  43    0.85   358.3    5.6      15.125
2013    9       25     9  55    0.85   358.0    5.6      15.103
2013    9       25    10   7    0.85   357.7    5.7      15.082
2013    9       25    10  18    0.85   357.4    5.7      15.062
2013    9       25    10  30    0.85   357.1    5.7      15.043
2013    9       25    10  42    0.85   356.8    5.7      15.024
2013    9       25    10  53    0.85   356.5    5.7      15.006
2013    9       25    11   5    0.85   356.2    5.7      14.988
2013    9       25    11  17    0.85   355.9    5.7      14.971
2013    9       25    11  28    0.85   355.6    5.7      14.954
2013    9       25    11  40    0.85   355.3    5.7      14.937
2013    9       25    11  51    0.85   355.0    5.7      14.920
2013    9       25    12   3    0.85   354.7    5.7      14.904
2013    9       25    12  15    0.85   354.4    5.8      14.888
2013    9       25    12  26    0.85   354.1    5.8      14.872
2013    9       25    12  38    0.85   353.8    5.8      14.856
2013    9       25    12  50    0.85   353.5    5.8      14.840
2013    9       25    13   1    0.85   353.2    5.8      14.825
2013    9       25    13  13    0.85   352.9    5.8      14.809
2013    9       25    13  25    0.85   352.6    5.8      14.794
2013    9       25    13  36    0.85   352.3    5.8      14.779
2013    9       25    13  48    0.85   352.0    5.8      14.765
2013    9       25    13  59    0.85   351.7    5.9      14.750
2013    9       25    14  11    0.85   351.4    5.9      14.735
2013    9       25    14  23    0.85   351.1    5.9      14.721
2013    9       25    14  34    0.85   350.8    5.9      14.707
2013    9       25    14  46    0.85   350.5    5.9      14.692
2013    9       25    14  58    0.85   350.2    5.9      14.678
2013    9       25    15   9    0.85   349.9    5.9      14.663
2013    9       25    15  21    0.85   349.6    5.9      14.649
2013    9       25    15  33    0.85   349.3    5.9      14.634
2013    9       25    15  44    0.85   349.0    6.0      14.620
2013    9       25    15  56    0.85   348.7    6.0      14.605
2013    9       25    16   7    0.85   348.4    6.0      14.590
2013    9       25    16  19    0.86   348.1    6.0      14.576
2013    9       25    16  31    0.86   347.8    6.0      14.561
2013    9       25    16  42    0.86   347.6    6.0      14.546
2013    9       25    16  54    0.86   347.3    6.0      14.532
2013    9       25    17   6    0.86   347.0    6.0      14.518
2013    9       25    17  17    0.86   346.7    6.0      14.503
2013    9       25    17  29    0.86   346.4    6.1      14.489
2013    9       25    17  41    0.86   346.1    6.1      14.475
2013    9       25    17  52    0.86   345.8    6.1      14.461
2013    9       25    18   4    0.86   345.5    6.1      14.448
2013    9       25    18  15    0.86   345.2    6.1      14.435
2013    9       25    18  27    0.86   345.0    6.1      14.422
2013    9       25    18  39    0.86   344.7    6.1      14.409
2013    9       25    18  50    0.86   344.4    6.1      14.397
2013    9       25    19   2    0.86   344.1    6.1      14.384
2013    9       25    19  14    0.86   343.8    6.1      14.373
2013    9       25    19  25    0.86   343.5    6.2      14.361
2013    9       25    19  37    0.86   343.3    6.2      14.350
2013    9       25    19  49    0.86   343.0    6.2      14.339
2013    9       25    20   0    0.86   342.7    6.2      14.328
2013    9       25    20  12    0.86   342.4    6.2      14.317
2013    9       25    20  23    0.87   342.2    6.2      14.307
2013    9       25    20  35    0.87   341.9    6.2      14.297
2013    9       25    20  47    0.87   341.6    6.2      14.287
2013    9       25    20  58    0.87   341.4    6.3      14.277
2013    9       25    21  10    0.87   341.1    6.3      14.268
2013    9       25    21  22    0.87   340.8    6.3      14.258
2013    9       25    21  33    0.87   340.6    6.3      14.248
2013    9       25    21  45    0.87   340.3    6.3      14.239
2013    9       25    21  57    0.87   340.1    6.3      14.230
2013    9       25    22   8    0.87   339.8    6.3      14.220
2013    9       25    22  20    0.87   339.5    6.3      14.211
2013    9       25    22  32    0.87   339.3    6.3      14.202
2013    9       25    22  43    0.87   339.0    6.4      14.192
2013    9       25    22  55    0.88   338.8    6.4      14.183
2013    9       25    23   6    0.88   338.5    6.4      14.173
2013    9       25    23  18    0.88   338.3    6.4      14.164
2013    9       25    23  30    0.88   338.0    6.4      14.154
2013    9       25    23  41    0.88   337.7    6.4      14.145
2013    9       25    23  53    0.88   337.5    6.4      14.135
2013    9       26     0   5    0.88   337.2    6.4      14.126
2013    9       26     0  16    0.88   337.0    6.4      14.116
2013    9       26     0  28    0.88   336.7    6.5      14.107
2013    9       26     0  39    0.88   336.5    6.5      14.097
2013    9       26     0  51    0.88   336.2    6.5      14.088
2013    9       26     1   3    0.88   336.0    6.5      14.079
2013    9       26     1  14    0.89   335.8    6.5      14.069
2013    9       26     1  26    0.89   335.5    6.5      14.060
2013    9       26     1  38    0.89   335.3    6.5      14.051
2013    9       26     1  49    0.89   335.0    6.5      14.042
2013    9       26     2   1    0.89   334.8    6.5      14.032
2013    9       26     2  13    0.89   334.5    6.5      14.023
2013    9       26     2  24    0.89   334.3    6.6      14.014
2013    9       26     2  36    0.89   334.0    6.6      14.005
2013    9       26     2  48    0.89   333.8    6.6      13.996
2013    9       26     2  59    0.89   333.6    6.6      13.987
2013    9       26     3  11    0.89   333.3    6.6      13.978
2013    9       26     3  22    0.89   333.1    6.6      13.969
2013    9       26     3  34    0.90   332.8    6.6      13.960
2013    9       26     3  46    0.90   332.6    6.6      13.952
2013    9       26     3  57    0.90   332.4    6.6      13.943
2013    9       26     4   9    0.90   332.1    6.6      13.934
2013    9       26     4  21    0.90   331.9    6.6      13.926
2013    9       26     4  32    0.90   331.6    6.7      13.917
2013    9       26     4  44    0.90   331.4    6.7      13.908
2013    9       26     4  55    0.90   331.2    6.7      13.900
2013    9       26     5   7    0.90   330.9    6.7      13.892
2013    9       26     5  19    0.90   330.7    6.7      13.883
2013    9       26     5  30    0.90   330.4    6.7      13.875
2013    9       26     5  42    0.90   330.2    6.7      13.867
2013    9       26     5  54    0.91   330.0    6.7      13.859
2013    9       26     6   5    0.91   329.7    6.7      13.851
2013    9       26     6  17    0.91   329.5    6.7      13.844
2013    9       26     6  29    0.91   329.3    6.7      13.836
2013    9       26     6  40    0.91   329.0    6.8      13.829
2013    9       26     6  52    0.91   328.8    6.8      13.822
2013    9       26     7   3    0.91   328.6    6.8      13.815
2013    9       26     7  15    0.91   328.4    6.8      13.808
2013    9       26     7  27    0.91   328.1    6.8      13.802
2013    9       26     7  38    0.91   327.9    6.8      13.795
2013    9       26     7  50    0.91   327.7    6.8      13.789
2013    9       26     8   2    0.92   327.5    6.8      13.783
2013    9       26     8  13    0.92   327.2    6.8      13.777
2013    9       26     8  25    0.92   327.0    6.9      13.772
2013    9       26     8  37    0.92   326.8    6.9      13.766
2013    9       26     8  48    0.92   326.6    6.9      13.761
2013    9       26     9   0    0.92   326.3    6.9      13.756
2013    9       26     9  11    0.92   326.1    6.9      13.751
2013    9       26     9  23    0.92   325.9    6.9      13.746
2013    9       26     9  35    0.92   325.7    6.9      13.741
2013    9       26     9  46    0.93   325.4    6.9      13.737
2013    9       26     9  58    0.93   325.2    6.9      13.732
2013    9       26    10  10    0.93   325.0    7.0      13.728
2013    9       26    10  21    0.93   324.8    7.0      13.724
2013    9       26    10  33    0.93   324.6    7.0      13.719
2013    9       26    10  45    0.93   324.4    7.0      13.715
2013    9       26    10  56    0.93   324.1    7.0      13.711
2013    9       26    11   8    0.93   323.9    7.0      13.706
2013    9       26    11  19    0.94   323.7    7.0      13.702
2013    9       26    11  31    0.94   323.5    7.1      13.698
2013    9       26    11  43    0.94   323.3    7.1      13.693
2013    9       26    11  54    0.94   323.1    7.1      13.689
2013    9       26    12   6    0.94   322.8    7.1      13.685
2013    9       26    12  18    0.94   322.6    7.1      13.680
2013    9       26    12  29    0.94   322.4    7.1      13.676
2013    9       26    12  41    0.94   322.2    7.1      13.671
2013    9       26    12  52    0.95   322.0    7.1      13.667
2013    9       26    13   4    0.95   321.8    7.2      13.663
2013    9       26    13  16    0.95   321.5    7.2      13.658
2013    9       26    13  27    0.95   321.3    7.2      13.654
2013    9       26    13  39    0.95   321.1    7.2      13.649
2013    9       26    13  51    0.95   320.9    7.2      13.645
2013    9       26    14   2    0.96   320.7    7.2      13.640
2013    9       26    14  14    0.96   320.5    7.2      13.636
2013    9       26    14  26    0.96   320.2    7.3      13.632
2013    9       26    14  37    0.96   320.0    7.3      13.627
2013    9       26    14  49    0.96   319.8    7.3      13.623
2013    9       26    15   0    0.96   319.6    7.3      13.619
2013    9       26    15  12    0.97   319.4    7.3      13.614
2013    9       26    15  24    0.97   319.2    7.3      13.610
2013    9       26    15  35    0.97   319.0    7.3      13.606
2013    9       26    15  47    0.97   318.8    7.3      13.602
2013    9       26    15  59    0.97   318.5    7.4      13.598
2013    9       26    16  10    0.98   318.3    7.4      13.594
2013    9       26    16  22    0.98   318.1    7.4      13.590
2013    9       26    16  34    0.98   317.9    7.4      13.586
2013    9       26    16  45    0.98   317.7    7.4      13.582
2013    9       26    16  57    0.98   317.5    7.4      13.578
2013    9       26    17   8    0.99   317.3    7.5      13.574
2013    9       26    17  20    0.99   317.1    7.5      13.571
2013    9       26    17  32    0.99   316.8    7.5      13.567
2013    9       26    17  43    0.99   316.6    7.5      13.563
2013    9       26    17  55    1.00   316.4    7.5      13.560
2013    9       26    18   7    1.00   316.2    7.5      13.557
2013    9       26    18  18    1.00   316.0    7.5      13.553
2013    9       26    18  30    1.00   315.8    7.6      13.550
2013    9       26    18  42    1.00   315.6    7.6      13.547
2013    9       26    18  53    1.01   315.4    7.6      13.544
2013    9       26    19   5    1.01   315.2    7.6      13.540
2013    9       26    19  16    1.01   314.9    7.6      13.537
2013    9       26    19  28    1.01   314.7    7.6      13.535
2013    9       26    19  40    1.02   314.5    7.7      13.532
2013    9       26    19  51    1.02   314.3    7.7      13.529
2013    9       26    20   3    1.02   314.1    7.7      13.526
2013    9       26    20  15    1.02   313.9    7.7      13.523
2013    9       26    20  26    1.03   313.7    7.7      13.521
2013    9       26    20  38    1.03   313.5    7.8      13.518
2013    9       26    20  49    1.03   313.3    7.8      13.516
2013    9       26    21   1    1.03   313.0    7.8      13.513
2013    9       26    21  13    1.04   312.8    7.8      13.511
2013    9       26    21  24    1.04   312.6    7.8      13.509
2013    9       26    21  36    1.04   312.4    7.8      13.507
2013    9       26    21  48    1.04   312.2    7.9      13.504
2013    9       26    21  59    1.05   312.0    7.9      13.502
2013    9       26    22  11    1.05   311.8    7.9      13.500
2013    9       26    22  23    1.05   311.6    7.9      13.498
2013    9       26    22  34    1.05   311.4    7.9      13.496
2013    9       26    22  46    1.06   311.1    8.0      13.495
2013    9       26    22  57    1.06   310.9    8.0      13.493
2013    9       26    23   9    1.06   310.7    8.0      13.491
2013    9       26    23  21    1.06   310.5    8.0      13.490
2013    9       26    23  32    1.07   310.3    8.1      13.488
2013    9       26    23  44    1.07   310.1    8.1      13.487
2013    9       26    23  56    1.07   309.9    8.1      13.485
2013    9       27     0   7    1.07   309.7    8.1      13.484
2013    9       27     0  19    1.08   309.5    8.1      13.483
2013    9       27     0  31    1.08   309.3    8.2      13.483
2013    9       27     0  42    1.08   309.1    8.2      13.482
2013    9       27     0  54    1.08   308.9    8.2      13.481
2013    9       27     1   5    1.09   308.6    8.2      13.481
2013    9       27     1  17    1.09   308.4    8.3      13.481
2013    9       27     1  29    1.09   308.2    8.3      13.482
2013    9       27     1  40    1.09   308.0    8.3      13.483
2013    9       27     1  52    1.10   307.8    8.3      13.484
2013    9       27     2   4    1.10   307.6    8.4      13.485
2013    9       27     2  15    1.10   307.4    8.4      13.487
2013    9       27     2  27    1.10   307.2    8.4      13.490
2013    9       27     2  39    1.11   307.0    8.5      13.493
2013    9       27     2  50    1.11   306.8    8.5      13.497
2013    9       27     3   2    1.11   306.6    8.5      13.501
2013    9       27     3  13    1.12   306.4    8.5      13.506
2013    9       27     3  25    1.12   306.2    8.6      13.512
2013    9       27     3  37    1.12   306.0    8.6      13.519
2013    9       27     3  48    1.13   305.9    8.6      13.527
2013    9       27     4   0    1.13   305.7    8.7      13.535
2013    9       27     4  12    1.13   305.5    8.7      13.545
2013    9       27     4  23    1.14   305.3    8.8      13.556
2013    9       27     4  35    1.14   305.1    8.8      13.568
2013    9       27     4  47    1.14   304.9    8.8      13.581
2013    9       27     4  58    1.15   304.8    8.9      13.595
2013    9       27     5  10    1.15   304.6    8.9      13.610
2013    9       27     5  21    1.15   304.4    9.0      13.626
2013    9       27     5  33    1.16   304.3    9.0      13.644
2013    9       27     5  45    1.16   304.1    9.1      13.663
2013    9       27     5  56    1.17   304.0    9.1      13.683
2013    9       27     6   8    1.17   303.8    9.2      13.704
2013    9       27     6  20    1.18   303.7    9.2      13.727
2013    9       27     6  31    1.18   303.5    9.3      13.751
2013    9       27     6  43    1.18   303.4    9.3      13.776
2013    9       27     6  54    1.19   303.2    9.4      13.803
2013    9       27     7   6    1.19   303.1    9.4      13.831
2013    9       27     7  18    1.20   303.0    9.5      13.860
2013    9       27     7  29    1.20   302.9    9.5      13.891
2013    9       27     7  41    1.21   302.7    9.6      13.923
2013    9       27     7  53    1.21   302.6    9.6      13.956
2013    9       27     8   4    1.21   302.5    9.7      13.989
2013    9       27     8  16    1.22   302.4    9.7      14.023
2013    9       27     8  28    1.22   302.2    9.8      14.057
2013    9       27     8  39    1.23   302.1    9.8      14.091
2013    9       27     8  51    1.23   302.0    9.9      14.125
2013    9       27     9   2    1.24   301.9    9.9      14.158
2013    9       27     9  14    1.24   301.8   10.0      14.192
2013    9       27     9  26    1.25   301.7   10.0      14.225
2013    9       27     9  37    1.25   301.5   10.1      14.258
2013    9       27     9  49    1.26   301.4   10.1      14.291
2013    9       27    10   1    1.26   301.3   10.2      14.324
2013    9       27    10  12    1.27   301.2   10.2      14.357
2013    9       27    10  24    1.27   301.1   10.3      14.390
2013    9       27    10  36    1.28   301.0   10.3      14.423
2013    9       27    10  47    1.28   300.9   10.4      14.457
2013    9       27    10  59    1.29   300.8   10.4      14.490
2013    9       27    11  10    1.29   300.7   10.5      14.524
2013    9       27    11  22    1.30   300.6   10.5      14.559
2013    9       27    11  34    1.30   300.5   10.6      14.594
2013    9       27    11  45    1.31   300.4   10.7      14.631
2013    9       27    11  57    1.31   300.3   10.7      14.668
2013    9       27    12   9    1.32   300.3   10.8      14.708
2013    9       27    12  20    1.33   300.2   10.9      14.749
2013    9       27    12  32    1.33   300.1   10.9      14.791
2013    9       27    12  43    1.34   300.1   11.0      14.836
2013    9       27    12  55    1.35   300.0   11.1      14.883
2013    9       27    13   7    1.35   300.0   11.1      14.933
2013    9       27    13  18    1.36   300.0   11.2      14.985
2013    9       27    13  30    1.37   300.0   11.3      15.039
2013    9       27    13  42    1.37   299.9   11.3      15.094
2013    9       27    13  53    1.38   299.9   11.4      15.149
2013    9       27    14   5    1.39   299.9   11.5      15.203
2013    9       27    14  17    1.39   299.9   11.5      15.258
2013    9       27    14  28    1.40   299.9   11.6      15.312
2013    9       27    14  40    1.41   299.9   11.7      15.367
2013    9       27    14  51    1.41   299.9   11.7      15.422
2013    9       27    15   3    1.42   299.9   11.8      15.477
2013    9       27    15  15    1.42   299.9   11.8      15.531
2013    9       27    15  26    1.43   299.9   11.9      15.584
2013    9       27    15  38    1.44   300.0   11.9      15.637
2013    9       27    15  50    1.44   300.0   12.0      15.689
2013    9       27    16   1    1.45   300.0   12.0      15.740
2013    9       27    16  13    1.45   300.0   12.1      15.789
2013    9       27    16  25    1.46   300.0   12.1      15.838
2013    9       27    16  36    1.47   300.0   12.2      15.885
2013    9       27    16  48    1.47   300.0   12.2      15.932
2013    9       27    16  59    1.48   300.1   12.3      15.977
2013    9       27    17  11    1.48   300.1   12.3      16.021
2013    9       27    17  23    1.49   300.1   12.4      16.065
2013    9       27    17  34    1.49   300.1   12.4      16.107
2013    9       27    17  46    1.50   300.1   12.5      16.149
2013    9       27    17  58    1.50   300.1   12.5      16.189
2013    9       27    18   9    1.51   300.2   12.5      16.230
2013    9       27    18  21    1.52   300.2   12.6      16.269
2013    9       27    18  33    1.52   300.2   12.6      16.308
2013    9       27    18  44    1.53   300.2   12.7      16.347
2013    9       27    18  56    1.53   300.2   12.7      16.386
2013    9       27    19   7    1.54   300.3   12.8      16.425
2013    9       27    19  19    1.55   300.3   12.8      16.465
2013    9       27    19  31    1.55   300.3   12.9      16.505
2013    9       27    19  42    1.56   300.4   12.9      16.547
2013    9       27    19  54    1.56   300.4   13.0      16.590
2013    9       27    20   6    1.57   300.5   13.0      16.634
2013    9       27    20  17    1.57   300.5   13.1      16.680
2013    9       27    20  29    1.58   300.6   13.1      16.728
2013    9       27    20  41    1.59   300.7   13.2      16.778
2013    9       27    20  52    1.59   300.7   13.2      16.830
2013    9       27    21   4    1.60   300.8   13.3      16.883
2013    9       27    21  15    1.60   300.9   13.3      16.934
2013    9       27    21  27    1.61   301.0   13.3      16.985
2013    9       27    21  39    1.61   301.1   13.4      17.035
2013    9       27    21  50    1.62   301.1   13.4      17.083
2013    9       27    22   2    1.62   301.2   13.4      17.131
2013    9       27    22  14    1.63   301.3   13.5      17.177
2013    9       27    22  25    1.63   301.4   13.5      17.222
2013    9       27    22  37    1.63   301.5   13.5      17.266
2013    9       27    22  48    1.64   301.6   13.6      17.309
2013    9       27    23   0    1.64   301.6   13.6      17.352
2013    9       27    23  12    1.65   301.7   13.6      17.393
2013    9       27    23  23    1.65   301.8   13.6      17.434
2013    9       27    23  35    1.65   301.9   13.7      17.474
2013    9       27    23  47    1.66   302.0   13.7      17.513
2013    9       27    23  58    1.66   302.1   13.7      17.552
2013    9       28     0  10    1.67   302.2   13.7      17.590
2013    9       28     0  22    1.67   302.3   13.8      17.627
2013    9       28     0  33    1.67   302.3   13.8      17.664
2013    9       28     0  45    1.68   302.4   13.8      17.700
2013    9       28     0  56    1.68   302.5   13.8      17.735
2013    9       28     1   8    1.68   302.6   13.8      17.770
2013    9       28     1  20    1.69   302.7   13.9      17.805
2013    9       28     1  31    1.69   302.8   13.9      17.839
2013    9       28     1  43    1.70   302.9   13.9      17.873
2013    9       28     1  55    1.70   302.9   13.9      17.906
2013    9       28     2   6    1.70   303.0   13.9      17.940
2013    9       28     2  18    1.71   303.1   14.0      17.973
2013    9       28     2  30    1.71   303.2   14.0      18.006
2013    9       28     2  41    1.71   303.3   14.0      18.038
2013    9       28     2  53    1.72   303.4   14.0      18.072
2013    9       28     3   4    1.72   303.5   14.1      18.105
2013    9       28     3  16    1.72   303.5   14.1      18.139
2013    9       28     3  28    1.73   303.6   14.1      18.174
2013    9       28     3  39    1.73   303.7   14.1      18.210
2013    9       28     3  51    1.74   303.8   14.2      18.246
2013    9       28     4   3    1.74   303.9   14.2      18.283
2013    9       28     4  14    1.74   304.0   14.2      18.322
2013    9       28     4  26    1.75   304.2   14.2      18.363
2013    9       28     4  38    1.75   304.3   14.2      18.404
2013    9       28     4  49    1.75   304.4   14.3      18.446
2013    9       28     5   1    1.76   304.5   14.3      18.488
2013    9       28     5  12    1.76   304.6   14.3      18.528
2013    9       28     5  24    1.76   304.8   14.3      18.567
2013    9       28     5  36    1.77   304.9   14.3      18.605
2013    9       28     5  47    1.77   305.0   14.4      18.642
2013    9       28     5  59    1.77   305.1   14.4      18.678
2013    9       28     6  11    1.77   305.2   14.4      18.713
2013    9       28     6  22    1.78   305.3   14.4      18.747
2013    9       28     6  34    1.78   305.5   14.4      18.780
2013    9       28     6  46    1.78   305.6   14.4      18.812
2013    9       28     6  57    1.78   305.7   14.4      18.844
2013    9       28     7   9    1.79   305.8   14.4      18.875
2013    9       28     7  20    1.79   305.9   14.4      18.905
2013    9       28     7  32    1.79   306.0   14.4      18.934
2013    9       28     7  44    1.79   306.2   14.5      18.963
2013    9       28     7  55    1.80   306.3   14.5      18.991
2013    9       28     8   7    1.80   306.4   14.5      19.019
2013    9       28     8  19    1.80   306.5   14.5      19.046
2013    9       28     8  30    1.80   306.6   14.5      19.073
2013    9       28     8  42    1.80   306.7   14.5      19.099
2013    9       28     8  53    1.81   306.8   14.5      19.125
2013    9       28     9   5    1.81   307.0   14.5      19.151
2013    9       28     9  17    1.81   307.1   14.5      19.176
2013    9       28     9  28    1.81   307.2   14.5      19.201
2013    9       28     9  40    1.81   307.3   14.5      19.226
2013    9       28     9  52    1.82   307.4   14.5      19.250
2013    9       28    10   3    1.82   307.5   14.5      19.275
2013    9       28    10  15    1.82   307.6   14.5      19.300
2013    9       28    10  27    1.82   307.7   14.6      19.325
2013    9       28    10  38    1.83   307.8   14.6      19.350
2013    9       28    10  50    1.83   308.0   14.6      19.376
2013    9       28    11   1    1.83   308.1   14.6      19.402
2013    9       28    11  13    1.83   308.2   14.6      19.429
2013    9       28    11  25    1.83   308.3   14.6      19.456
2013    9       28    11  36    1.84   308.4   14.6      19.484
2013    9       28    11  48    1.84   308.6   14.6      19.511
2013    9       28    12   0    1.84   308.7   14.6      19.538
2013    9       28    12  11    1.84   308.8   14.6      19.564
2013    9       28    12  23    1.84   308.9   14.6      19.590
2013    9       28    12  35    1.84   309.1   14.6      19.615
2013    9       28    12  46    1.85   309.2   14.6      19.639
2013    9       28    12  58    1.85   309.3   14.6      19.664
2013    9       28    13   9    1.85   309.4   14.6      19.687
2013    9       28    13  21    1.85   309.5   14.6      19.711
2013    9       28    13  33    1.85   309.7   14.6      19.734
2013    9       28    13  44    1.85   309.8   14.6      19.757
2013    9       28    13  56    1.85   309.9   14.6      19.779
2013    9       28    14   8    1.86   310.0   14.6      19.801
2013    9       28    14  19    1.86   310.2   14.6      19.823
2013    9       28    14  31    1.86   310.3   14.6      19.845
2013    9       28    14  42    1.86   310.4   14.6      19.866
2013    9       28    14  54    1.86   310.5   14.6      19.887
2013    9       28    15   6    1.86   310.6   14.6      19.908
2013    9       28    15  17    1.86   310.8   14.6      19.929
2013    9       28    15  29    1.86   310.9   14.6      19.950
2013    9       28    15  41    1.87   311.0   14.6      19.970
2013    9       28    15  52    1.87   311.1   14.6      19.991
2013    9       28    16   4    1.87   311.3   14.6      20.011
2013    9       28    16  16    1.87   311.4   14.6      20.031
2013    9       28    16  27    1.87   311.5   14.6      20.051
2013    9       28    16  39    1.87   311.6   14.6      20.071
2013    9       28    16  50    1.87   311.7   14.6      20.090
2013    9       28    17   2    1.87   311.9   14.6      20.110
2013    9       28    17  14    1.87   312.0   14.6      20.129
2013    9       28    17  25    1.88   312.1   14.6      20.147
2013    9       28    17  37    1.88   312.2   14.6      20.166
2013    9       28    17  49    1.88   312.3   14.6      20.184
2013    9       28    18   0    1.88   312.5   14.6      20.202
2013    9       28    18  12    1.88   312.6   14.6      20.219
2013    9       28    18  24    1.88   312.7   14.6      20.237
2013    9       28    18  35    1.88   312.8   14.6      20.254
2013    9       28    18  47    1.88   312.9   14.6      20.271
2013    9       28    18  58    1.88   313.1   14.6      20.288
2013    9       28    19  10    1.88   313.2   14.6      20.305
2013    9       28    19  22    1.88   313.3   14.5      20.322
2013    9       28    19  33    1.89   313.4   14.5      20.339
2013    9       28    19  45    1.89   313.5   14.5      20.356
2013    9       28    19  57    1.89   313.6   14.5      20.373
2013    9       28    20   8    1.89   313.8   14.5      20.390
2013    9       28    20  20    1.89   313.9   14.5      20.407
2013    9       28    20  32    1.89   314.0   14.5      20.425
2013    9       28    20  43    1.89   314.1   14.5      20.443
2013    9       28    20  55    1.89   314.2   14.5      20.462
2013    9       28    21   6    1.89   314.4   14.5      20.481
2013    9       28    21  18    1.89   314.5   14.5      20.501
2013    9       28    21  30    1.89   314.6   14.5      20.522
2013    9       28    21  41    1.90   314.7   14.5      20.543
2013    9       28    21  53    1.90   314.9   14.5      20.566
2013    9       28    22   5    1.90   315.0   14.5      20.589
2013    9       28    22  16    1.90   315.1   14.5      20.613
2013    9       28    22  28    1.90   315.3   14.5      20.637
2013    9       28    22  40    1.90   315.4   14.5      20.662
2013    9       28    22  51    1.90   315.5   14.5      20.685
2013    9       28    23   3    1.90   315.7   14.5      20.709
2013    9       28    23  14    1.90   315.8   14.5      20.731
2013    9       28    23  26    1.90   315.9   14.5      20.754
2013    9       28    23  38    1.90   316.1   14.5      20.775
2013    9       28    23  49    1.90   316.2   14.5      20.795
2013    9       29     0   1    1.90   316.3   14.5      20.815
2013    9       29     0  13    1.91   316.5   14.5      20.834
2013    9       29     0  24    1.91   316.6   14.5      20.853
2013    9       29     0  36    1.91   316.7   14.5      20.871
2013    9       29     0  47    1.91   316.8   14.5      20.888
2013    9       29     0  59    1.91   317.0   14.5      20.905
2013    9       29     1  11    1.91   317.1   14.5      20.921
2013    9       29     1  22    1.91   317.2   14.5      20.936
2013    9       29     1  34    1.91   317.4   14.5      20.951
2013    9       29     1  46    1.91   317.5   14.5      20.966
2013    9       29     1  57    1.91   317.6   14.4      20.980
2013    9       29     2   9    1.91   317.8   14.4      20.993
2013    9       29     2  21    1.91   317.9   14.4      21.006
2013    9       29     2  32    1.91   318.0   14.4      21.019
2013    9       29     2  44    1.91   318.1   14.4      21.031
2013    9       29     2  55    1.91   318.3   14.4      21.043
2013    9       29     3   7    1.91   318.4   14.4      21.054
2013    9       29     3  19    1.91   318.5   14.4      21.065
2013    9       29     3  30    1.91   318.7   14.4      21.076
2013    9       29     3  42    1.91   318.8   14.3      21.087
2013    9       29     3  54    1.91   318.9   14.3      21.097
2013    9       29     4   5    1.91   319.1   14.3      21.108
2013    9       29     4  17    1.91   319.2   14.3      21.118
2013    9       29     4  29    1.91   319.3   14.3      21.129
2013    9       29     4  40    1.91   319.5   14.3      21.140
2013    9       29     4  52    1.91   319.6   14.3      21.151
2013    9       29     5   3    1.91   319.8   14.3      21.162
2013    9       29     5  15    1.91   319.9   14.2      21.174
2013    9       29     5  27    1.91   320.0   14.2      21.186
2013    9       29     5  38    1.91   320.2   14.2      21.199
2013    9       29     5  50    1.90   320.3   14.2      21.212
2013    9       29     6   2    1.90   320.5   14.2      21.225
2013    9       29     6  13    1.90   320.6   14.2      21.236
2013    9       29     6  25    1.90   320.8   14.2      21.247
2013    9       29     6  36    1.90   320.9   14.1      21.258
2013    9       29     6  48    1.90   321.1   14.1      21.267
2013    9       29     7   0    1.90   321.2   14.1      21.275
2013    9       29     7  11    1.90   321.3   14.1      21.283
2013    9       29     7  23    1.90   321.5   14.1      21.290
2013    9       29     7  35    1.90   321.6   14.0      21.296
2013    9       29     7  46    1.90   321.8   14.0      21.301
2013    9       29     7  58    1.90   321.9   14.0      21.305
2013    9       29     8  10    1.89   322.1   14.0      21.309
2013    9       29     8  21    1.89   322.2   13.9      21.312
2013    9       29     8  33    1.89   322.3   13.9      21.314
2013    9       29     8  44    1.89   322.5   13.9      21.316
2013    9       29     8  56    1.89   322.6   13.9      21.316
2013    9       29     9   8    1.89   322.7   13.8      21.316
2013    9       29     9  19    1.88   322.9   13.8      21.316
2013    9       29     9  31    1.88   323.0   13.8      21.314
2013    9       29     9  43    1.88   323.2   13.8      21.313
2013    9       29     9  54    1.88   323.3   13.7      21.310
2013    9       29    10   6    1.88   323.4   13.7      21.307
2013    9       29    10  18    1.87   323.6   13.7      21.303
2013    9       29    10  29    1.87   323.7   13.7      21.298
2013    9       29    10  41    1.87   323.9   13.6      21.293
2013    9       29    10  52    1.87   324.0   13.6      21.287
2013    9       29    11   4    1.87   324.1   13.6      21.281
2013    9       29    11  16    1.86   324.3   13.5      21.274
2013    9       29    11  27    1.86   324.4   13.5      21.266
2013    9       29    11  39    1.86   324.5   13.5      21.258
2013    9       29    11  51    1.86   324.7   13.4      21.249
2013    9       29    12   2    1.85   324.8   13.4      21.239
2013    9       29    12  14    1.85   325.0   13.4      21.229
2013    9       29    12  26    1.85   325.1   13.3      21.218
2013    9       29    12  37    1.85   325.2   13.3      21.207
2013    9       29    12  49    1.84   325.4   13.3      21.195
2013    9       29    13   0    1.84   325.5   13.2      21.183
2013    9       29    13  12    1.84   325.7   13.2      21.170
2013    9       29    13  24    1.83   325.8   13.2      21.156
2013    9       29    13  35    1.83   325.9   13.1      21.141
2013    9       29    13  47    1.83   326.0   13.1      21.125
2013    9       29    13  59    1.82   326.2   13.1      21.108
2013    9       29    14  10    1.82   326.3   13.0      21.091
2013    9       29    14  22    1.82   326.4   13.0      21.073
2013    9       29    14  34    1.82   326.5   12.9      21.054
2013    9       29    14  45    1.81   326.6   12.9      21.035
2013    9       29    14  57    1.81   326.7   12.9      21.016
2013    9       29    15   8    1.81   326.8   12.8      20.997
2013    9       29    15  20    1.80   326.9   12.8      20.977
2013    9       29    15  32    1.80   327.0   12.8      20.958
2013    9       29    15  43    1.80   327.1   12.7      20.938
2013    9       29    15  55    1.79   327.2   12.7      20.918
2013    9       29    16   7    1.79   327.3   12.7      20.898
2013    9       29    16  18    1.79   327.4   12.6      20.878
2013    9       29    16  30    1.78   327.5   12.6      20.858
2013    9       29    16  41    1.78   327.6   12.6      20.837
2013    9       29    16  53    1.78   327.7   12.5      20.816
2013    9       29    17   5    1.77   327.8   12.5      20.794
2013    9       29    17  16    1.77   327.9   12.5      20.772
2013    9       29    17  28    1.77   328.0   12.4      20.749
2013    9       29    17  40    1.76   328.1   12.4      20.726
2013    9       29    17  51    1.76   328.2   12.4      20.702
2013    9       29    18   3    1.76   328.3   12.3      20.678
2013    9       29    18  15    1.75   328.4   12.3      20.654
2013    9       29    18  26    1.75   328.5   12.2      20.629
2013    9       29    18  38    1.75   328.6   12.2      20.604
2013    9       29    18  49    1.74   328.7   12.2      20.578
2013    9       29    19   1    1.74   328.8   12.1      20.552
2013    9       29    19  13    1.74   328.9   12.1      20.526
2013    9       29    19  24    1.73   329.0   12.1      20.499
2013    9       29    19  36    1.73   329.1   12.0      20.472
2013    9       29    19  48    1.73   329.1   12.0      20.445
2013    9       29    19  59    1.72   329.2   12.0      20.418
2013    9       29    20  11    1.72   329.3   12.0      20.392
2013    9       29    20  23    1.72   329.4   11.9      20.365
2013    9       29    20  34    1.71   329.5   11.9      20.338
2013    9       29    20  46    1.71   329.5   11.9      20.310
2013    9       29    20  57    1.71   329.6   11.8      20.283
2013    9       29    21   9    1.70   329.7   11.8      20.255
2013    9       29    21  21    1.70   329.7   11.8      20.227
2013    9       29    21  32    1.70   329.8   11.7      20.199
2013    9       29    21  44    1.69   329.8   11.7      20.171
2013    9       29    21  56    1.69   329.9   11.7      20.144
2013    9       29    22   7    1.69   329.9   11.7      20.116
2013    9       29    22  19    1.68   329.9   11.6      20.090
2013    9       29    22  30    1.68   330.0   11.6      20.063
2013    9       29    22  42    1.68   330.0   11.6      20.037
2013    9       29    22  54    1.68   330.0   11.6      20.012
2013    9       29    23   5    1.67   330.1   11.5      19.987
2013    9       29    23  17    1.67   330.1   11.5      19.962
2013    9       29    23  29    1.67   330.2   11.5      19.938
2013    9       29    23  40    1.66   330.2   11.5      19.914
2013    9       29    23  52    1.66   330.3   11.4      19.890
2013    9       30     0   4    1.66   330.3   11.4      19.866
