year    month   day   hour  minute  B_enl V_enl   n_enl       T_enl
[year] [month] [day] [hour][minute] [nT]  [km/s]  [cm-3]      [kK]
2013    9        8     0   3    2.46   377.2   11.2      29.745
2013    9        8     0  13    2.46   377.5   11.2      29.778
2013    9        8     0  23    2.46   377.8   11.2      29.810
2013    9        8     0  33    2.46   378.0   11.2      29.841
2013    9        8     0  42    2.46   378.3   11.2      29.870
2013    9        8     0  52    2.46   378.6   11.1      29.898
2013    9        8     1   2    2.46   378.8   11.1      29.926
2013    9        8     1  11    2.46   379.1   11.1      29.953
2013    9        8     1  21    2.46   379.3   11.1      29.980
2013    9        8     1  31    2.46   379.6   11.1      30.007
2013    9        8     1  40    2.46   379.8   11.1      30.035
2013    9        8     1  50    2.46   380.1   11.1      30.062
2013    9        8     2   0    2.46   380.3   11.0      30.090
2013    9        8     2   9    2.46   380.6   11.0      30.118
2013    9        8     2  19    2.46   380.9   11.0      30.145
2013    9        8     2  29    2.46   381.1   11.0      30.173
2013    9        8     2  39    2.46   381.4   11.0      30.202
2013    9        8     2  48    2.46   381.7   11.0      30.232
2013    9        8     2  58    2.46   381.9   11.0      30.263
2013    9        8     3   8    2.46   382.2   10.9      30.295
2013    9        8     3  17    2.46   382.5   10.9      30.326
2013    9        8     3  27    2.45   382.8   10.9      30.355
2013    9        8     3  37    2.45   383.1   10.9      30.382
2013    9        8     3  46    2.45   383.3   10.9      30.406
2013    9        8     3  56    2.45   383.6   10.8      30.429
2013    9        8     4   6    2.45   383.9   10.8      30.450
2013    9        8     4  15    2.45   384.1   10.8      30.469
2013    9        8     4  25    2.45   384.4   10.8      30.489
2013    9        8     4  35    2.44   384.6   10.8      30.508
2013    9        8     4  45    2.44   384.9   10.7      30.527
2013    9        8     4  54    2.44   385.2   10.7      30.546
2013    9        8     5   4    2.44   385.4   10.7      30.564
2013    9        8     5  14    2.44   385.7   10.7      30.583
2013    9        8     5  23    2.44   385.9   10.6      30.602
2013    9        8     5  33    2.43   386.2   10.6      30.620
2013    9        8     5  43    2.43   386.5   10.6      30.638
2013    9        8     5  52    2.43   386.7   10.6      30.656
2013    9        8     6   2    2.43   387.0   10.5      30.673
2013    9        8     6  12    2.43   387.3   10.5      30.689
2013    9        8     6  21    2.42   387.6   10.5      30.705
2013    9        8     6  31    2.42   387.8   10.5      30.719
2013    9        8     6  41    2.42   388.1   10.5      30.733
2013    9        8     6  50    2.42   388.4   10.4      30.746
2013    9        8     7   0    2.41   388.7   10.4      30.758
2013    9        8     7  10    2.41   389.0   10.4      30.769
2013    9        8     7  19    2.41   389.3   10.3      30.777
2013    9        8     7  29    2.40   389.6   10.3      30.784
2013    9        8     7  39    2.40   389.9   10.3      30.789
2013    9        8     7  49    2.40   390.2   10.3      30.791
2013    9        8     7  58    2.39   390.5   10.2      30.790
2013    9        8     8   8    2.39   390.8   10.2      30.787
2013    9        8     8  18    2.39   391.1   10.1      30.781
2013    9        8     8  27    2.38   391.3   10.1      30.771
2013    9        8     8  37    2.38   391.6   10.1      30.756
2013    9        8     8  47    2.37   391.9   10.0      30.739
2013    9        8     8  56    2.37   392.1   10.0      30.719
2013    9        8     9   6    2.37   392.3   10.0      30.696
2013    9        8     9  16    2.36   392.6    9.9      30.672
2013    9        8     9  25    2.36   392.8    9.9      30.649
2013    9        8     9  35    2.35   393.1    9.8      30.626
2013    9        8     9  45    2.35   393.3    9.8      30.602
2013    9        8     9  55    2.34   393.5    9.8      30.579
2013    9        8    10   4    2.34   393.7    9.7      30.556
2013    9        8    10  14    2.33   394.0    9.7      30.532
2013    9        8    10  24    2.33   394.2    9.7      30.509
2013    9        8    10  33    2.32   394.4    9.6      30.485
2013    9        8    10  43    2.32   394.6    9.6      30.461
2013    9        8    10  53    2.31   394.9    9.6      30.434
2013    9        8    11   2    2.31   395.1    9.5      30.407
2013    9        8    11  12    2.30   395.3    9.5      30.379
2013    9        8    11  22    2.30   395.5    9.4      30.350
2013    9        8    11  31    2.29   395.6    9.4      30.321
2013    9        8    11  41    2.29   395.8    9.4      30.292
2013    9        8    11  51    2.28   396.0    9.3      30.263
2013    9        8    12   0    2.27   396.2    9.3      30.236
2013    9        8    12  10    2.27   396.4    9.3      30.208
2013    9        8    12  20    2.26   396.5    9.2      30.180
2013    9        8    12  30    2.26   396.7    9.2      30.153
2013    9        8    12  39    2.25   396.9    9.2      30.127
2013    9        8    12  49    2.25   397.1    9.2      30.099
2013    9        8    12  59    2.24   397.3    9.1      30.072
2013    9        8    13   8    2.24   397.5    9.1      30.043
2013    9        8    13  18    2.23   397.7    9.1      30.014
2013    9        8    13  28    2.23   397.8    9.0      29.983
2013    9        8    13  37    2.22   398.0    9.0      29.952
2013    9        8    13  47    2.22   398.2    9.0      29.920
2013    9        8    13  57    2.21   398.4    8.9      29.887
2013    9        8    14   6    2.21   398.6    8.9      29.854
2013    9        8    14  16    2.20   398.8    8.9      29.822
2013    9        8    14  26    2.20   399.0    8.9      29.788
2013    9        8    14  35    2.19   399.2    8.8      29.755
2013    9        8    14  45    2.19   399.3    8.8      29.721
2013    9        8    14  55    2.18   399.5    8.8      29.686
2013    9        8    15   4    2.18   399.7    8.7      29.650
2013    9        8    15  14    2.17   399.9    8.7      29.612
2013    9        8    15  24    2.16   400.1    8.7      29.573
2013    9        8    15  34    2.16   400.2    8.6      29.533
2013    9        8    15  43    2.15   400.4    8.6      29.489
2013    9        8    15  53    2.15   400.5    8.6      29.442
2013    9        8    16   3    2.14   400.7    8.5      29.393
2013    9        8    16  12    2.13   400.8    8.5      29.341
2013    9        8    16  22    2.13   400.9    8.5      29.286
2013    9        8    16  32    2.12   401.1    8.4      29.233
2013    9        8    16  41    2.12   401.2    8.4      29.179
2013    9        8    16  51    2.11   401.3    8.4      29.126
2013    9        8    17   1    2.10   401.4    8.3      29.072
2013    9        8    17  10    2.10   401.5    8.3      29.019
2013    9        8    17  20    2.09   401.6    8.3      28.966
2013    9        8    17  30    2.09   401.7    8.2      28.913
2013    9        8    17  40    2.08   401.8    8.2      28.860
2013    9        8    17  49    2.07   401.9    8.2      28.809
2013    9        8    17  59    2.07   402.0    8.1      28.757
2013    9        8    18   9    2.06   402.1    8.1      28.706
2013    9        8    18  18    2.06   402.2    8.1      28.655
2013    9        8    18  28    2.05   402.3    8.1      28.605
2013    9        8    18  38    2.05   402.4    8.0      28.554
2013    9        8    18  47    2.04   402.4    8.0      28.505
2013    9        8    18  57    2.04   402.5    8.0      28.455
2013    9        8    19   7    2.03   402.6    8.0      28.406
2013    9        8    19  16    2.03   402.7    7.9      28.358
2013    9        8    19  26    2.02   402.7    7.9      28.310
2013    9        8    19  36    2.02   402.8    7.9      28.263
2013    9        8    19  45    2.01   402.9    7.9      28.217
2013    9        8    19  55    2.01   402.9    7.9      28.172
2013    9        8    20   5    2.00   403.0    7.8      28.127
2013    9        8    20  15    2.00   403.0    7.8      28.083
2013    9        8    20  24    1.99   403.1    7.8      28.039
2013    9        8    20  34    1.99   403.2    7.8      27.995
2013    9        8    20  44    1.98   403.2    7.7      27.951
2013    9        8    20  53    1.98   403.3    7.7      27.907
2013    9        8    21   3    1.97   403.3    7.7      27.863
2013    9        8    21  13    1.97   403.4    7.7      27.818
2013    9        8    21  22    1.97   403.4    7.7      27.774
2013    9        8    21  32    1.96   403.5    7.6      27.729
2013    9        8    21  42    1.96   403.5    7.6      27.684
2013    9        8    21  51    1.95   403.6    7.6      27.639
2013    9        8    22   1    1.95   403.6    7.6      27.595
2013    9        8    22  11    1.94   403.6    7.6      27.550
2013    9        8    22  20    1.94   403.7    7.6      27.505
2013    9        8    22  30    1.93   403.7    7.5      27.461
2013    9        8    22  40    1.93   403.7    7.5      27.417
2013    9        8    22  50    1.92   403.7    7.5      27.372
2013    9        8    22  59    1.92   403.7    7.5      27.329
2013    9        8    23   9    1.92   403.7    7.5      27.285
2013    9        8    23  19    1.91   403.8    7.4      27.242
2013    9        8    23  28    1.91   403.8    7.4      27.199
2013    9        8    23  38    1.90   403.8    7.4      27.156
2013    9        8    23  48    1.90   403.8    7.4      27.114
2013    9        8    23  57    1.90   403.8    7.4      27.073
2013    9        9     0   7    1.89   403.8    7.4      27.032
2013    9        9     0  17    1.89   403.8    7.3      26.991
2013    9        9     0  26    1.88   403.8    7.3      26.950
2013    9        9     0  36    1.88   403.8    7.3      26.910
2013    9        9     0  46    1.88   403.8    7.3      26.869
2013    9        9     0  55    1.87   403.8    7.3      26.829
2013    9        9     1   5    1.87   403.8    7.3      26.790
2013    9        9     1  15    1.87   403.8    7.3      26.751
2013    9        9     1  25    1.86   403.8    7.2      26.712
2013    9        9     1  34    1.86   403.8    7.2      26.674
2013    9        9     1  44    1.86   403.8    7.2      26.635
2013    9        9     1  54    1.85   403.8    7.2      26.597
2013    9        9     2   3    1.85   403.8    7.2      26.559
2013    9        9     2  13    1.85   403.8    7.2      26.521
2013    9        9     2  23    1.84   403.8    7.2      26.483
2013    9        9     2  32    1.84   403.8    7.2      26.446
2013    9        9     2  42    1.84   403.8    7.1      26.408
2013    9        9     2  52    1.83   403.8    7.1      26.371
2013    9        9     3   1    1.83   403.8    7.1      26.334
2013    9        9     3  11    1.83   403.8    7.1      26.297
2013    9        9     3  21    1.82   403.8    7.1      26.261
2013    9        9     3  30    1.82   403.7    7.1      26.225
2013    9        9     3  40    1.82   403.7    7.1      26.189
2013    9        9     3  50    1.81   403.7    7.1      26.154
2013    9        9     4   0    1.81   403.7    7.0      26.120
2013    9        9     4   9    1.81   403.7    7.0      26.086
2013    9        9     4  19    1.81   403.6    7.0      26.053
2013    9        9     4  29    1.80   403.6    7.0      26.020
2013    9        9     4  38    1.80   403.6    7.0      25.988
2013    9        9     4  48    1.80   403.6    7.0      25.956
2013    9        9     4  58    1.79   403.5    7.0      25.924
2013    9        9     5   7    1.79   403.5    7.0      25.894
2013    9        9     5  17    1.79   403.5    7.0      25.863
2013    9        9     5  27    1.79   403.4    7.0      25.832
2013    9        9     5  36    1.78   403.4    7.0      25.802
2013    9        9     5  46    1.78   403.3    6.9      25.772
2013    9        9     5  56    1.78   403.3    6.9      25.741
2013    9        9     6   5    1.78   403.3    6.9      25.711
2013    9        9     6  15    1.77   403.2    6.9      25.680
2013    9        9     6  25    1.77   403.2    6.9      25.649
2013    9        9     6  35    1.77   403.1    6.9      25.617
2013    9        9     6  44    1.77   403.1    6.9      25.586
2013    9        9     6  54    1.76   403.0    6.9      25.554
2013    9        9     7   4    1.76   403.0    6.9      25.522
2013    9        9     7  13    1.76   402.9    6.9      25.490
2013    9        9     7  23    1.76   402.9    6.9      25.458
2013    9        9     7  33    1.75   402.8    6.9      25.426
2013    9        9     7  42    1.75   402.8    6.9      25.395
2013    9        9     7  52    1.75   402.7    6.8      25.363
2013    9        9     8   2    1.75   402.7    6.8      25.331
2013    9        9     8  11    1.75   402.6    6.8      25.299
2013    9        9     8  21    1.74   402.6    6.8      25.267
2013    9        9     8  31    1.74   402.5    6.8      25.235
2013    9        9     8  40    1.74   402.4    6.8      25.203
2013    9        9     8  50    1.74   402.4    6.8      25.171
2013    9        9     9   0    1.73   402.3    6.8      25.139
2013    9        9     9   9    1.73   402.3    6.8      25.108
2013    9        9     9  19    1.73   402.2    6.8      25.076
2013    9        9     9  29    1.73   402.1    6.8      25.044
2013    9        9     9  38    1.73   402.1    6.8      25.013
2013    9        9     9  48    1.72   402.0    6.8      24.982
2013    9        9     9  58    1.72   401.9    6.8      24.951
2013    9        9    10   7    1.72   401.9    6.7      24.921
2013    9        9    10  17    1.72   401.8    6.7      24.891
2013    9        9    10  27    1.71   401.7    6.7      24.861
2013    9        9    10  36    1.71   401.6    6.7      24.831
2013    9        9    10  46    1.71   401.6    6.7      24.802
2013    9        9    10  56    1.71   401.5    6.7      24.774
2013    9        9    11   6    1.71   401.4    6.7      24.745
2013    9        9    11  15    1.70   401.3    6.7      24.718
2013    9        9    11  25    1.70   401.3    6.7      24.691
2013    9        9    11  35    1.70   401.2    6.7      24.664
2013    9        9    11  44    1.70   401.1    6.7      24.638
2013    9        9    11  54    1.70   401.0    6.7      24.613
2013    9        9    12   4    1.70   400.9    6.7      24.588
2013    9        9    12  13    1.69   400.8    6.7      24.564
2013    9        9    12  23    1.69   400.8    6.7      24.540
2013    9        9    12  33    1.69   400.7    6.7      24.517
2013    9        9    12  42    1.69   400.6    6.7      24.495
2013    9        9    12  52    1.69   400.5    6.7      24.473
2013    9        9    13   2    1.69   400.4    6.7      24.451
2013    9        9    13  11    1.68   400.4    6.7      24.430
2013    9        9    13  21    1.68   400.3    6.7      24.409
2013    9        9    13  31    1.68   400.2    6.7      24.388
2013    9        9    13  41    1.68   400.1    6.7      24.367
2013    9        9    13  50    1.68   400.0    6.7      24.346
2013    9        9    14   0    1.68   399.9    6.7      24.326
2013    9        9    14  10    1.68   399.8    6.7      24.305
2013    9        9    14  19    1.68   399.8    6.7      24.285
2013    9        9    14  29    1.67   399.7    6.7      24.264
2013    9        9    14  39    1.67   399.6    6.7      24.243
2013    9        9    14  48    1.67   399.5    6.7      24.222
2013    9        9    14  58    1.67   399.4    6.7      24.201
2013    9        9    15   8    1.67   399.3    6.7      24.180
2013    9        9    15  17    1.67   399.2    6.7      24.158
2013    9        9    15  27    1.67   399.1    6.7      24.135
2013    9        9    15  37    1.67   399.0    6.6      24.113
2013    9        9    15  46    1.66   398.9    6.6      24.090
2013    9        9    15  56    1.66   398.8    6.6      24.067
2013    9        9    16   6    1.66   398.7    6.6      24.044
2013    9        9    16  15    1.66   398.6    6.6      24.021
2013    9        9    16  25    1.66   398.5    6.6      23.997
2013    9        9    16  35    1.66   398.4    6.6      23.973
2013    9        9    16  44    1.66   398.3    6.6      23.949
2013    9        9    16  54    1.65   398.2    6.6      23.925
2013    9        9    17   4    1.65   398.1    6.6      23.901
2013    9        9    17  14    1.65   398.0    6.6      23.877
2013    9        9    17  23    1.65   397.9    6.6      23.852
2013    9        9    17  33    1.65   397.8    6.6      23.828
2013    9        9    17  43    1.65   397.7    6.6      23.803
2013    9        9    17  52    1.65   397.6    6.6      23.779
2013    9        9    18   2    1.65   397.5    6.6      23.754
2013    9        9    18  12    1.64   397.4    6.6      23.730
2013    9        9    18  21    1.64   397.3    6.6      23.705
2013    9        9    18  31    1.64   397.2    6.6      23.681
2013    9        9    18  41    1.64   397.1    6.6      23.657
2013    9        9    18  50    1.64   396.9    6.6      23.632
2013    9        9    19   0    1.64   396.8    6.6      23.609
2013    9        9    19  10    1.64   396.7    6.6      23.585
2013    9        9    19  19    1.64   396.6    6.6      23.561
2013    9        9    19  29    1.64   396.5    6.6      23.538
2013    9        9    19  39    1.63   396.4    6.6      23.515
2013    9        9    19  48    1.63   396.3    6.6      23.492
2013    9        9    19  58    1.63   396.1    6.6      23.470
2013    9        9    20   8    1.63   396.0    6.6      23.447
2013    9        9    20  18    1.63   395.9    6.6      23.426
2013    9        9    20  27    1.63   395.8    6.6      23.404
2013    9        9    20  37    1.63   395.7    6.6      23.383
2013    9        9    20  47    1.63   395.6    6.6      23.362
2013    9        9    20  56    1.63   395.4    6.6      23.342
2013    9        9    21   6    1.63   395.3    6.6      23.321
2013    9        9    21  16    1.63   395.2    6.6      23.301
2013    9        9    21  25    1.63   395.1    6.6      23.281
2013    9        9    21  35    1.62   395.0    6.6      23.261
2013    9        9    21  45    1.62   394.8    6.6      23.241
2013    9        9    21  54    1.62   394.7    6.6      23.221
2013    9        9    22   4    1.62   394.6    6.6      23.201
2013    9        9    22  14    1.62   394.5    6.6      23.181
2013    9        9    22  23    1.62   394.3    6.6      23.161
2013    9        9    22  33    1.62   394.2    6.6      23.141
2013    9        9    22  43    1.62   394.1    6.6      23.120
2013    9        9    22  52    1.62   393.9    6.6      23.100
2013    9        9    23   2    1.62   393.8    6.6      23.080
2013    9        9    23  12    1.62   393.7    6.6      23.061
2013    9        9    23  22    1.62   393.5    6.6      23.041
2013    9        9    23  31    1.62   393.4    6.6      23.022
2013    9        9    23  41    1.62   393.3    6.6      23.003
2013    9        9    23  51    1.62   393.1    6.6      22.984
2013    9       10     0   0    1.62   393.0    6.6      22.965
2013    9       10     0  10    1.62   392.9    6.6      22.947
2013    9       10     0  20    1.62   392.7    6.6      22.929
2013    9       10     0  29    1.62   392.6    6.6      22.912
2013    9       10     0  39    1.62   392.4    6.6      22.894
2013    9       10     0  49    1.62   392.3    6.6      22.877
2013    9       10     0  58    1.61   392.1    6.6      22.860
2013    9       10     1   8    1.61   392.0    6.6      22.844
2013    9       10     1  18    1.61   391.9    6.6      22.827
2013    9       10     1  27    1.61   391.7    6.6      22.811
2013    9       10     1  37    1.61   391.6    6.6      22.794
2013    9       10     1  47    1.61   391.4    6.6      22.778
2013    9       10     1  56    1.61   391.3    6.6      22.762
2013    9       10     2   6    1.61   391.1    6.6      22.746
2013    9       10     2  16    1.61   391.0    6.6      22.730
2013    9       10     2  25    1.61   390.8    6.6      22.715
2013    9       10     2  35    1.61   390.7    6.6      22.699
2013    9       10     2  45    1.61   390.5    6.6      22.683
2013    9       10     2  55    1.61   390.3    6.6      22.667
2013    9       10     3   4    1.61   390.2    6.7      22.651
2013    9       10     3  14    1.61   390.0    6.7      22.635
2013    9       10     3  24    1.62   389.9    6.7      22.618
2013    9       10     3  33    1.62   389.7    6.7      22.602
2013    9       10     3  43    1.62   389.5    6.7      22.586
2013    9       10     3  53    1.62   389.4    6.7      22.570
2013    9       10     4   2    1.62   389.2    6.7      22.553
2013    9       10     4  12    1.62   389.0    6.7      22.537
2013    9       10     4  22    1.62   388.8    6.7      22.520
2013    9       10     4  31    1.62   388.7    6.7      22.504
2013    9       10     4  41    1.62   388.5    6.7      22.487
2013    9       10     4  51    1.62   388.3    6.7      22.471
2013    9       10     5   0    1.62   388.1    6.7      22.455
2013    9       10     5  10    1.62   388.0    6.7      22.438
2013    9       10     5  20    1.62   387.8    6.7      22.422
2013    9       10     5  30    1.62   387.6    6.7      22.406
2013    9       10     5  39    1.62   387.4    6.7      22.390
2013    9       10     5  49    1.62   387.3    6.7      22.375
2013    9       10     5  59    1.62   387.1    6.7      22.360
2013    9       10     6   8    1.62   386.9    6.7      22.345
2013    9       10     6  18    1.62   386.7    6.7      22.331
2013    9       10     6  28    1.63   386.5    6.7      22.318
2013    9       10     6  37    1.63   386.3    6.8      22.305
2013    9       10     6  47    1.63   386.1    6.8      22.293
2013    9       10     6  57    1.63   385.9    6.8      22.283
2013    9       10     7   6    1.63   385.7    6.8      22.273
2013    9       10     7  16    1.63   385.6    6.8      22.264
2013    9       10     7  26    1.64   385.4    6.8      22.257
2013    9       10     7  35    1.64   385.2    6.8      22.252
2013    9       10     7  45    1.64   385.0    6.8      22.248
2013    9       10     7  55    1.64   384.8    6.9      22.246
2013    9       10     8   4    1.64   384.6    6.9      22.247
2013    9       10     8  14    1.65   384.4    6.9      22.250
2013    9       10     8  24    1.65   384.2    6.9      22.256
2013    9       10     8  33    1.65   384.0    7.0      22.264
2013    9       10     8  43    1.66   383.8    7.0      22.276
2013    9       10     8  53    1.66   383.6    7.0      22.290
2013    9       10     9   3    1.67   383.4    7.0      22.310
2013    9       10     9  12    1.67   383.3    7.1      22.335
2013    9       10     9  22    1.67   383.1    7.1      22.364
2013    9       10     9  32    1.68   382.9    7.1      22.397
2013    9       10     9  41    1.68   382.8    7.2      22.434
2013    9       10     9  51    1.69   382.7    7.2      22.476
2013    9       10    10   1    1.69   382.5    7.3      22.524
2013    9       10    10  10    1.70   382.4    7.3      22.577
2013    9       10    10  20    1.70   382.3    7.3      22.635
2013    9       10    10  30    1.71   382.2    7.4      22.696
2013    9       10    10  39    1.71   382.1    7.4      22.757
2013    9       10    10  49    1.72   382.0    7.4      22.816
2013    9       10    10  59    1.72   381.9    7.5      22.874
2013    9       10    11   8    1.73   381.8    7.5      22.930
2013    9       10    11  18    1.73   381.7    7.5      22.984
2013    9       10    11  28    1.74   381.7    7.5      23.037
2013    9       10    11  37    1.74   381.6    7.6      23.088
2013    9       10    11  47    1.75   381.5    7.6      23.137
2013    9       10    11  57    1.75   381.4    7.6      23.184
2013    9       10    12   6    1.76   381.3    7.6      23.230
2013    9       10    12  16    1.76   381.2    7.7      23.274
2013    9       10    12  26    1.77   381.2    7.7      23.317
2013    9       10    12  36    1.77   381.1    7.7      23.359
2013    9       10    12  45    1.78   381.0    7.7      23.399
2013    9       10    12  55    1.78   380.9    7.8      23.439
2013    9       10    13   5    1.78   380.8    7.8      23.478
2013    9       10    13  14    1.79   380.8    7.8      23.517
2013    9       10    13  24    1.79   380.7    7.8      23.555
2013    9       10    13  34    1.80   380.6    7.9      23.592
2013    9       10    13  43    1.80   380.5    7.9      23.629
2013    9       10    13  53    1.81   380.5    7.9      23.667
2013    9       10    14   3    1.81   380.4    7.9      23.704
2013    9       10    14  12    1.82   380.3    8.0      23.742
2013    9       10    14  22    1.83   380.3    8.0      23.780
2013    9       10    14  32    1.83   380.2    8.0      23.820
2013    9       10    14  41    1.84   380.1    8.0      23.860
2013    9       10    14  51    1.84   380.1    8.1      23.902
2013    9       10    15   1    1.85   380.0    8.1      23.947
2013    9       10    15  10    1.85   379.9    8.1      23.993
2013    9       10    15  20    1.86   379.9    8.2      24.042
2013    9       10    15  30    1.87   379.8    8.2      24.095
2013    9       10    15  40    1.87   379.8    8.3      24.151
2013    9       10    15  49    1.88   379.8    8.3      24.210
2013    9       10    15  59    1.89   379.7    8.4      24.274
2013    9       10    16   9    1.90   379.7    8.4      24.342
2013    9       10    16  18    1.90   379.7    8.5      24.416
2013    9       10    16  28    1.91   379.7    8.5      24.497
2013    9       10    16  38    1.92   379.7    8.6      24.584
2013    9       10    16  47    1.93   379.7    8.6      24.679
2013    9       10    16  57    1.94   379.7    8.7      24.783
2013    9       10    17   7    1.95   379.8    8.8      24.895
2013    9       10    17  16    1.96   379.8    8.8      25.016
2013    9       10    17  26    1.97   379.9    8.9      25.150
2013    9       10    17  36    1.98   380.0    9.0      25.294
2013    9       10    17  45    1.99   380.2    9.1      25.447
2013    9       10    17  55    2.00   380.3    9.1      25.605
2013    9       10    18   5    2.01   380.5    9.2      25.766
2013    9       10    18  14    2.02   380.7    9.2      25.923
2013    9       10    18  24    2.03   380.8    9.3      26.076
2013    9       10    18  34    2.04   381.0    9.3      26.222
2013    9       10    18  44    2.05   381.2    9.4      26.364
2013    9       10    18  53    2.06   381.4    9.4      26.500
2013    9       10    19   3    2.06   381.6    9.5      26.630
2013    9       10    19  13    2.07   381.7    9.5      26.755
2013    9       10    19  22    2.08   381.9    9.6      26.874
2013    9       10    19  32    2.09   382.1    9.6      26.989
2013    9       10    19  42    2.10   382.3    9.6      27.100
2013    9       10    19  51    2.11   382.5    9.7      27.206
2013    9       10    20   1    2.12   382.7    9.7      27.309
2013    9       10    20  11    2.12   382.9    9.7      27.408
2013    9       10    20  20    2.13   383.0    9.7      27.504
2013    9       10    20  30    2.14   383.2    9.8      27.596
2013    9       10    20  40    2.15   383.4    9.8      27.686
2013    9       10    20  49    2.15   383.6    9.8      27.773
2013    9       10    20  59    2.16   383.8    9.8      27.857
2013    9       10    21   9    2.17   384.0    9.8      27.939
2013    9       10    21  18    2.17   384.2    9.9      28.018
2013    9       10    21  28    2.18   384.4    9.9      28.095
2013    9       10    21  38    2.19   384.6    9.9      28.171
2013    9       10    21  47    2.20   384.8    9.9      28.245
2013    9       10    21  57    2.20   385.0    9.9      28.318
2013    9       10    22   7    2.21   385.2    9.9      28.389
2013    9       10    22  17    2.22   385.4   10.0      28.460
2013    9       10    22  26    2.22   385.6   10.0      28.530
2013    9       10    22  36    2.23   385.8   10.0      28.600
2013    9       10    22  46    2.23   386.0   10.0      28.670
2013    9       10    22  55    2.24   386.2   10.0      28.740
2013    9       10    23   5    2.25   386.3   10.0      28.810
2013    9       10    23  15    2.25   386.5   10.1      28.882
2013    9       10    23  24    2.26   386.7   10.1      28.954
2013    9       10    23  34    2.27   386.9   10.1      29.027
2013    9       10    23  44    2.27   387.1   10.1      29.101
2013    9       10    23  53    2.28   387.3   10.2      29.178
2013    9       11     0   3    2.28   387.5   10.2      29.257
2013    9       11     0  13    2.29   387.7   10.2      29.342
2013    9       11     0  22    2.30   387.9   10.3      29.429
2013    9       11     0  32    2.30   388.1   10.3      29.519
2013    9       11     0  42    2.31   388.4   10.3      29.616
2013    9       11     0  51    2.32   388.6   10.4      29.720
2013    9       11     1   1    2.33   388.8   10.4      29.829
2013    9       11     1  11    2.33   389.1   10.4      29.945
2013    9       11     1  20    2.34   389.4   10.5      30.066
2013    9       11     1  30    2.35   389.7   10.5      30.188
2013    9       11     1  40    2.36   389.9   10.5      30.307
2013    9       11     1  50    2.36   390.2   10.6      30.426
2013    9       11     1  59    2.37   390.5   10.6      30.544
2013    9       11     2   9    2.38   390.8   10.6      30.662
2013    9       11     2  19    2.39   391.1   10.6      30.779
2013    9       11     2  28    2.39   391.4   10.7      30.897
2013    9       11     2  38    2.40   391.7   10.7      31.014
2013    9       11     2  48    2.41   392.0   10.7      31.132
2013    9       11     2  57    2.41   392.3   10.7      31.255
2013    9       11     3   7    2.42   392.6   10.8      31.383
2013    9       11     3  17    2.43   393.0   10.8      31.516
2013    9       11     3  26    2.44   393.3   10.8      31.653
2013    9       11     3  36    2.44   393.6   10.9      31.791
2013    9       11     3  46    2.45   394.0   10.9      31.935
2013    9       11     3  55    2.46   394.4   10.9      32.084
2013    9       11     4   5    2.47   394.8   10.9      32.238
2013    9       11     4  15    2.47   395.2   11.0      32.396
2013    9       11     4  25    2.48   395.7   11.0      32.557
2013    9       11     4  34    2.49   396.1   11.0      32.710
2013    9       11     4  44    2.49   396.6   11.0      32.858
2013    9       11     4  54    2.50   397.0   11.0      32.997
2013    9       11     5   3    2.51   397.5   11.0      33.130
2013    9       11     5  13    2.51   397.9   11.0      33.255
2013    9       11     5  23    2.51   398.4   11.0      33.373
2013    9       11     5  32    2.52   398.8   11.0      33.482
2013    9       11     5  42    2.52   399.3   11.0      33.584
2013    9       11     5  52    2.53   399.7   11.0      33.679
2013    9       11     6   1    2.53   400.1   11.0      33.768
2013    9       11     6  11    2.53   400.5   11.0      33.851
2013    9       11     6  21    2.53   401.0   10.9      33.930
2013    9       11     6  30    2.54   401.4   10.9      34.003
2013    9       11     6  40    2.54   401.8   10.9      34.073
2013    9       11     6  50    2.54   402.1   10.9      34.139
2013    9       11     6  59    2.54   402.5   10.9      34.202
2013    9       11     7   9    2.54   402.9   10.8      34.263
2013    9       11     7  19    2.55   403.3   10.8      34.322
2013    9       11     7  28    2.55   403.6   10.8      34.379
2013    9       11     7  38    2.55   404.0   10.8      34.435
2013    9       11     7  48    2.55   404.4   10.8      34.489
2013    9       11     7  58    2.55   404.7   10.7      34.542
2013    9       11     8   7    2.55   405.1   10.7      34.595
2013    9       11     8  17    2.56   405.4   10.7      34.646
2013    9       11     8  27    2.56   405.8   10.7      34.697
2013    9       11     8  36    2.56   406.1   10.7      34.747
2013    9       11     8  46    2.56   406.5   10.7      34.797
2013    9       11     8  56    2.56   406.8   10.6      34.847
2013    9       11     9   5    2.56   407.2   10.6      34.897
2013    9       11     9  15    2.56   407.5   10.6      34.947
2013    9       11     9  25    2.57   407.9   10.6      34.998
2013    9       11     9  34    2.57   408.2   10.6      35.051
2013    9       11     9  44    2.57   408.5   10.6      35.105
2013    9       11     9  54    2.57   408.9   10.6      35.161
2013    9       11    10   3    2.58   409.2   10.6      35.219
2013    9       11    10  13    2.58   409.6   10.6      35.284
2013    9       11    10  23    2.58   409.9   10.6      35.354
2013    9       11    10  32    2.58   410.3   10.6      35.431
2013    9       11    10  42    2.59   410.6   10.6      35.512
2013    9       11    10  52    2.59   411.0   10.6      35.598
2013    9       11    11   1    2.59   411.3   10.6      35.690
2013    9       11    11  11    2.60   411.7   10.6      35.790
2013    9       11    11  21    2.60   412.1   10.6      35.897
2013    9       11    11  31    2.61   412.6   10.6      36.011
2013    9       11    11  40    2.61   413.0   10.6      36.129
2013    9       11    11  50    2.61   413.4   10.6      36.244
2013    9       11    12   0    2.61   413.9   10.6      36.354
2013    9       11    12   9    2.62   414.4   10.6      36.459
2013    9       11    12  19    2.62   414.8   10.6      36.558
2013    9       11    12  29    2.62   415.3   10.5      36.651
2013    9       11    12  38    2.62   415.8   10.5      36.738
2013    9       11    12  48    2.62   416.2   10.5      36.817
2013    9       11    12  58    2.62   416.7   10.5      36.889
2013    9       11    13   7    2.62   417.2   10.5      36.956
2013    9       11    13  17    2.62   417.6   10.4      37.015
2013    9       11    13  27    2.62   418.1   10.4      37.069
2013    9       11    13  36    2.62   418.5   10.4      37.118
2013    9       11    13  46    2.62   419.0   10.4      37.162
2013    9       11    13  56    2.62   419.5   10.3      37.202
2013    9       11    14   5    2.62   419.9   10.3      37.239
2013    9       11    14  15    2.62   420.4   10.3      37.273
2013    9       11    14  25    2.61   420.8   10.2      37.304
2013    9       11    14  34    2.61   421.2   10.2      37.334
2013    9       11    14  44    2.61   421.7   10.2      37.363
2013    9       11    14  54    2.61   422.1   10.1      37.390
2013    9       11    15   4    2.61   422.6   10.1      37.416
2013    9       11    15  13    2.61   423.0   10.1      37.440
2013    9       11    15  23    2.60   423.5   10.0      37.460
2013    9       11    15  33    2.60   423.9   10.0      37.477
2013    9       11    15  42    2.60   424.4    9.9      37.489
2013    9       11    15  52    2.60   424.9    9.9      37.495
2013    9       11    16   2    2.59   425.3    9.8      37.494
2013    9       11    16  11    2.59   425.8    9.8      37.487
2013    9       11    16  21    2.58   426.2    9.7      37.475
2013    9       11    16  31    2.58   426.6    9.7      37.456
2013    9       11    16  40    2.58   427.1    9.6      37.429
2013    9       11    16  50    2.57   427.5    9.6      37.396
2013    9       11    17   0    2.57   427.9    9.5      37.359
2013    9       11    17   9    2.56   428.3    9.4      37.317
2013    9       11    17  19    2.56   428.7    9.4      37.277
2013    9       11    17  29    2.55   429.0    9.3      37.241
2013    9       11    17  39    2.55   429.4    9.3      37.207
2013    9       11    17  48    2.55   429.8    9.3      37.176
2013    9       11    17  58    2.54   430.1    9.2      37.147
2013    9       11    18   8    2.54   430.5    9.2      37.121
2013    9       11    18  17    2.53   430.8    9.1      37.098
2013    9       11    18  27    2.53   431.2    9.1      37.077
2013    9       11    18  37    2.53   431.5    9.1      37.058
2013    9       11    18  46    2.52   431.9    9.0      37.041
2013    9       11    18  56    2.52   432.2    9.0      37.025
2013    9       11    19   6    2.52   432.5    8.9      37.011
2013    9       11    19  15    2.51   432.8    8.9      36.997
2013    9       11    19  25    2.51   433.2    8.9      36.985
2013    9       11    19  35    2.51   433.5    8.9      36.973
2013    9       11    19  44    2.50   433.8    8.8      36.961
2013    9       11    19  54    2.50   434.1    8.8      36.949
2013    9       11    20   4    2.50   434.4    8.8      36.937
2013    9       11    20  13    2.49   434.7    8.7      36.924
2013    9       11    20  23    2.49   435.0    8.7      36.910
2013    9       11    20  33    2.49   435.4    8.7      36.894
2013    9       11    20  42    2.48   435.7    8.6      36.877
2013    9       11    20  52    2.48   436.0    8.6      36.858
2013    9       11    21   2    2.48   436.4    8.6      36.837
2013    9       11    21  11    2.47   436.7    8.6      36.815
2013    9       11    21  21    2.47   437.0    8.5      36.792
2013    9       11    21  31    2.46   437.3    8.5      36.768
2013    9       11    21  40    2.46   437.7    8.5      36.745
2013    9       11    21  50    2.46   438.0    8.4      36.722
2013    9       11    22   0    2.45   438.3    8.4      36.699
2013    9       11    22  10    2.45   438.6    8.4      36.675
2013    9       11    22  19    2.44   439.0    8.3      36.652
2013    9       11    22  29    2.44   439.3    8.3      36.627
2013    9       11    22  39    2.43   439.6    8.3      36.599
2013    9       11    22  48    2.43   440.0    8.2      36.571
2013    9       11    22  58    2.42   440.4    8.2      36.537
2013    9       11    23   8    2.42   440.8    8.2      36.497
2013    9       11    23  17    2.41   441.2    8.1      36.450
2013    9       11    23  27    2.41   441.6    8.1      36.394
2013    9       11    23  37    2.40   442.0    8.0      36.331
2013    9       11    23  46    2.39   442.4    8.0      36.261
2013    9       11    23  56    2.39   442.7    7.9      36.181
2013    9       12     0   6    2.38   443.1    7.9      36.093
2013    9       12     0  15    2.37   443.4    7.8      36.001
2013    9       12     0  25    2.37   443.7    7.8      35.901
2013    9       12     0  35    2.36   444.0    7.8      35.808
2013    9       12     0  45    2.35   444.3    7.7      35.718
2013    9       12     0  54    2.35   444.5    7.7      35.634
2013    9       12     1   4    2.34   444.8    7.6      35.553
2013    9       12     1  14    2.34   445.1    7.6      35.478
2013    9       12     1  23    2.33   445.3    7.6      35.408
2013    9       12     1  33    2.32   445.5    7.5      35.343
2013    9       12     1  43    2.32   445.8    7.5      35.282
2013    9       12     1  52    2.31   446.0    7.5      35.226
2013    9       12     2   2    2.31   446.2    7.5      35.173
2013    9       12     2  12    2.31   446.4    7.4      35.123
2013    9       12     2  21    2.30   446.6    7.4      35.077
2013    9       12     2  31    2.30   446.8    7.4      35.033
2013    9       12     2  41    2.29   446.9    7.4      34.992
2013    9       12     2  50    2.29   447.1    7.3      34.954
2013    9       12     3   0    2.28   447.3    7.3      34.917
2013    9       12     3  10    2.28   447.4    7.3      34.883
2013    9       12     3  19    2.28   447.6    7.3      34.849
2013    9       12     3  29    2.27   447.8    7.3      34.816
2013    9       12     3  39    2.27   448.0    7.2      34.782
2013    9       12     3  48    2.26   448.2    7.2      34.747
2013    9       12     3  58    2.26   448.4    7.2      34.712
2013    9       12     4   8    2.26   448.5    7.2      34.675
2013    9       12     4  18    2.25   448.7    7.2      34.638
2013    9       12     4  27    2.25   448.9    7.2      34.599
2013    9       12     4  37    2.24   449.1    7.1      34.560
2013    9       12     4  47    2.24   449.2    7.1      34.522
2013    9       12     4  56    2.23   449.4    7.1      34.483
2013    9       12     5   6    2.23   449.5    7.1      34.444
2013    9       12     5  16    2.23   449.7    7.1      34.406
2013    9       12     5  25    2.22   449.8    7.0      34.369
2013    9       12     5  35    2.22   449.9    7.0      34.332
2013    9       12     5  45    2.21   450.0    7.0      34.296
2013    9       12     5  54    2.21   450.2    7.0      34.262
2013    9       12     6   4    2.21   450.3    7.0      34.230
2013    9       12     6  14    2.20   450.5    7.0      34.199
2013    9       12     6  23    2.20   450.6    6.9      34.170
2013    9       12     6  33    2.19   450.8    6.9      34.141
2013    9       12     6  43    2.19   451.0    6.9      34.112
2013    9       12     6  52    2.19   451.2    6.9      34.082
2013    9       12     7   2    2.18   451.3    6.9      34.053
2013    9       12     7  12    2.18   451.5    6.9      34.024
2013    9       12     7  21    2.18   451.6    6.9      33.996
2013    9       12     7  31    2.17   451.8    6.8      33.968
2013    9       12     7  41    2.17   452.0    6.8      33.941
2013    9       12     7  51    2.17   452.1    6.8      33.915
2013    9       12     8   0    2.16   452.3    6.8      33.891
2013    9       12     8  10    2.16   452.4    6.8      33.868
2013    9       12     8  20    2.16   452.6    6.8      33.846
2013    9       12     8  29    2.16   452.7    6.8      33.826
2013    9       12     8  39    2.15   452.9    6.8      33.808
2013    9       12     8  49    2.15   453.0    6.8      33.791
2013    9       12     8  58    2.15   453.2    6.7      33.776
2013    9       12     9   8    2.15   453.3    6.7      33.764
2013    9       12     9  18    2.14   453.5    6.7      33.753
2013    9       12     9  27    2.14   453.6    6.7      33.743
2013    9       12     9  37    2.14   453.8    6.7      33.735
2013    9       12     9  47    2.14   453.9    6.7      33.728
2013    9       12     9  56    2.13   454.1    6.7      33.721
2013    9       12    10   6    2.13   454.2    6.7      33.714
2013    9       12    10  16    2.13   454.4    6.7      33.707
2013    9       12    10  25    2.13   454.5    6.7      33.700
2013    9       12    10  35    2.13   454.6    6.6      33.692
2013    9       12    10  45    2.12   454.8    6.6      33.683
2013    9       12    10  54    2.12   454.9    6.6      33.674
2013    9       12    11   4    2.12   455.1    6.6      33.663
2013    9       12    11  14    2.12   455.2    6.6      33.652
2013    9       12    11  24    2.11   455.3    6.6      33.640
2013    9       12    11  33    2.11   455.5    6.6      33.627
2013    9       12    11  43    2.11   455.6    6.6      33.614
2013    9       12    11  53    2.11   455.8    6.6      33.601
2013    9       12    12   2    2.11   455.9    6.6      33.587
2013    9       12    12  12    2.10   456.1    6.5      33.574
2013    9       12    12  22    2.10   456.2    6.5      33.560
2013    9       12    12  31    2.10   456.3    6.5      33.546
2013    9       12    12  41    2.10   456.5    6.5      33.532
2013    9       12    12  51    2.10   456.6    6.5      33.519
2013    9       12    13   0    2.09   456.7    6.5      33.505
2013    9       12    13  10    2.09   456.9    6.5      33.492
2013    9       12    13  20    2.09   457.0    6.5      33.480
2013    9       12    13  29    2.09   457.2    6.5      33.469
2013    9       12    13  39    2.09   457.3    6.4      33.458
2013    9       12    13  49    2.09   457.4    6.4      33.448
2013    9       12    13  58    2.08   457.6    6.4      33.439
2013    9       12    14   8    2.08   457.7    6.4      33.431
2013    9       12    14  18    2.08   457.8    6.4      33.423
2013    9       12    14  27    2.08   458.0    6.4      33.417
2013    9       12    14  37    2.08   458.1    6.4      33.413
2013    9       12    14  47    2.08   458.2    6.4      33.409
2013    9       12    14  57    2.07   458.3    6.4      33.408
2013    9       12    15   6    2.07   458.5    6.4      33.408
2013    9       12    15  16    2.07   458.6    6.4      33.410
2013    9       12    15  26    2.07   458.7    6.4      33.412
2013    9       12    15  35    2.07   458.9    6.4      33.415
2013    9       12    15  45    2.07   459.0    6.4      33.417
2013    9       12    15  55    2.07   459.1    6.3      33.420
2013    9       12    16   4    2.06   459.3    6.3      33.422
2013    9       12    16  14    2.06   459.4    6.3      33.425
2013    9       12    16  24    2.06   459.5    6.3      33.428
2013    9       12    16  33    2.06   459.7    6.3      33.431
2013    9       12    16  43    2.06   459.8    6.3      33.435
2013    9       12    16  53    2.06   460.0    6.3      33.438
2013    9       12    17   2    2.06   460.1    6.3      33.440
2013    9       12    17  12    2.05   460.2    6.3      33.441
2013    9       12    17  22    2.05   460.4    6.3      33.441
2013    9       12    17  31    2.05   460.5    6.3      33.440
2013    9       12    17  41    2.05   460.6    6.3      33.438
2013    9       12    17  51    2.05   460.8    6.3      33.436
2013    9       12    18   0    2.05   460.9    6.3      33.433
2013    9       12    18  10    2.04   461.0    6.2      33.429
2013    9       12    18  20    2.04   461.2    6.2      33.425
2013    9       12    18  30    2.04   461.3    6.2      33.421
2013    9       12    18  39    2.04   461.4    6.2      33.416
2013    9       12    18  49    2.04   461.6    6.2      33.411
2013    9       12    18  59    2.04   461.7    6.2      33.406
2013    9       12    19   8    2.03   461.8    6.2      33.401
2013    9       12    19  18    2.03   461.9    6.2      33.396
2013    9       12    19  28    2.03   462.1    6.2      33.391
2013    9       12    19  37    2.03   462.2    6.2      33.387
2013    9       12    19  47    2.03   462.3    6.2      33.382
2013    9       12    19  57    2.03   462.4    6.2      33.378
2013    9       12    20   6    2.02   462.6    6.2      33.374
2013    9       12    20  16    2.02   462.7    6.1      33.370
2013    9       12    20  26    2.02   462.8    6.1      33.366
2013    9       12    20  35    2.02   462.9    6.1      33.362
2013    9       12    20  45    2.02   463.0    6.1      33.359
2013    9       12    20  55    2.02   463.2    6.1      33.357
2013    9       12    21   4    2.02   463.3    6.1      33.355
2013    9       12    21  14    2.01   463.4    6.1      33.353
2013    9       12    21  24    2.01   463.5    6.1      33.351
2013    9       12    21  33    2.01   463.6    6.1      33.350
2013    9       12    21  43    2.01   463.8    6.1      33.349
2013    9       12    21  53    2.01   463.9    6.1      33.349
2013    9       12    22   3    2.01   464.0    6.1      33.349
2013    9       12    22  12    2.01   464.1    6.1      33.350
2013    9       12    22  22    2.00   464.2    6.1      33.351
2013    9       12    22  32    2.00   464.3    6.1      33.354
2013    9       12    22  41    2.00   464.4    6.0      33.356
2013    9       12    22  51    2.00   464.6    6.0      33.359
2013    9       12    23   1    2.00   464.7    6.0      33.360
2013    9       12    23  10    2.00   464.8    6.0      33.360
2013    9       12    23  20    2.00   464.9    6.0      33.359
2013    9       12    23  30    1.99   465.0    6.0      33.358
2013    9       12    23  39    1.99   465.1    6.0      33.355
2013    9       12    23  49    1.99   465.3    6.0      33.351
2013    9       12    23  59    1.99   465.4    6.0      33.347
2013    9       13     0   8    1.99   465.5    6.0      33.342
2013    9       13     0  18    1.99   465.6    6.0      33.336
2013    9       13     0  28    1.99   465.7    6.0      33.330
2013    9       13     0  37    1.98   465.8    6.0      33.323
2013    9       13     0  47    1.98   465.9    6.0      33.316
2013    9       13     0  57    1.98   466.1    5.9      33.308
2013    9       13     1   6    1.98   466.2    5.9      33.300
2013    9       13     1  16    1.98   466.3    5.9      33.292
2013    9       13     1  26    1.98   466.4    5.9      33.284
2013    9       13     1  36    1.97   466.5    5.9      33.275
2013    9       13     1  45    1.97   466.6    5.9      33.267
2013    9       13     1  55    1.97   466.7    5.9      33.258
2013    9       13     2   5    1.97   466.8    5.9      33.249
2013    9       13     2  14    1.97   466.9    5.9      33.240
2013    9       13     2  24    1.97   467.0    5.9      33.230
2013    9       13     2  34    1.96   467.1    5.9      33.221
2013    9       13     2  43    1.96   467.2    5.9      33.212
2013    9       13     2  53    1.96   467.3    5.8      33.202
2013    9       13     3   3    1.96   467.4    5.8      33.193
2013    9       13     3  12    1.96   467.5    5.8      33.183
2013    9       13     3  22    1.96   467.6    5.8      33.174
2013    9       13     3  32    1.95   467.7    5.8      33.164
2013    9       13     3  41    1.95   467.8    5.8      33.155
2013    9       13     3  51    1.95   467.9    5.8      33.146
2013    9       13     4   1    1.95   468.0    5.8      33.136
2013    9       13     4  10    1.95   468.1    5.8      33.127
2013    9       13     4  20    1.95   468.2    5.8      33.118
2013    9       13     4  30    1.94   468.3    5.8      33.108
2013    9       13     4  39    1.94   468.4    5.8      33.099
2013    9       13     4  49    1.94   468.5    5.8      33.089
2013    9       13     4  59    1.94   468.6    5.7      33.080
2013    9       13     5   9    1.94   468.6    5.7      33.070
2013    9       13     5  18    1.94   468.7    5.7      33.060
2013    9       13     5  28    1.93   468.8    5.7      33.050
2013    9       13     5  38    1.93   468.9    5.7      33.040
2013    9       13     5  47    1.93   469.0    5.7      33.029
2013    9       13     5  57    1.93   469.1    5.7      33.019
2013    9       13     6   7    1.93   469.1    5.7      33.007
2013    9       13     6  16    1.93   469.2    5.7      32.996
2013    9       13     6  26    1.92   469.3    5.7      32.984
2013    9       13     6  36    1.92   469.4    5.7      32.971
2013    9       13     6  45    1.92   469.4    5.7      32.958
2013    9       13     6  55    1.92   469.5    5.7      32.945
2013    9       13     7   5    1.92   469.6    5.7      32.931
2013    9       13     7  14    1.91   469.6    5.6      32.917
2013    9       13     7  24    1.91   469.7    5.6      32.903
2013    9       13     7  34    1.91   469.8    5.6      32.889
2013    9       13     7  43    1.91   469.8    5.6      32.874
2013    9       13     7  53    1.91   469.9    5.6      32.860
2013    9       13     8   3    1.91   470.0    5.6      32.845
2013    9       13     8  12    1.90   470.0    5.6      32.830
2013    9       13     8  22    1.90   470.1    5.6      32.816
2013    9       13     8  32    1.90   470.1    5.6      32.801
2013    9       13     8  42    1.90   470.2    5.6      32.787
2013    9       13     8  51    1.90   470.3    5.6      32.772
2013    9       13     9   1    1.89   470.3    5.6      32.757
2013    9       13     9  11    1.89   470.4    5.6      32.743
2013    9       13     9  20    1.89   470.4    5.6      32.729
2013    9       13     9  30    1.89   470.5    5.5      32.714
2013    9       13     9  40    1.89   470.5    5.5      32.700
2013    9       13     9  49    1.89   470.6    5.5      32.686
2013    9       13     9  59    1.88   470.7    5.5      32.671
2013    9       13    10   9    1.88   470.7    5.5      32.657
2013    9       13    10  18    1.88   470.8    5.5      32.642
2013    9       13    10  28    1.88   470.8    5.5      32.628
2013    9       13    10  38    1.88   470.9    5.5      32.613
2013    9       13    10  47    1.87   470.9    5.5      32.598
2013    9       13    10  57    1.87   470.9    5.5      32.582
2013    9       13    11   7    1.87   471.0    5.5      32.567
2013    9       13    11  16    1.87   471.0    5.5      32.551
2013    9       13    11  26    1.87   471.1    5.5      32.535
2013    9       13    11  36    1.86   471.1    5.5      32.518
2013    9       13    11  45    1.86   471.2    5.5      32.502
2013    9       13    11  55    1.86   471.2    5.4      32.485
2013    9       13    12   5    1.86   471.3    5.4      32.468
2013    9       13    12  15    1.86   471.3    5.4      32.450
2013    9       13    12  24    1.86   471.3    5.4      32.433
2013    9       13    12  34    1.85   471.4    5.4      32.415
2013    9       13    12  44    1.85   471.4    5.4      32.396
2013    9       13    12  53    1.85   471.4    5.4      32.378
2013    9       13    13   3    1.85   471.5    5.4      32.359
2013    9       13    13  13    1.85   471.5    5.4      32.340
2013    9       13    13  22    1.84   471.5    5.4      32.320
2013    9       13    13  32    1.84   471.6    5.4      32.300
2013    9       13    13  42    1.84   471.6    5.4      32.281
2013    9       13    13  51    1.84   471.6    5.4      32.260
2013    9       13    14   1    1.84   471.7    5.4      32.240
2013    9       13    14  11    1.83   471.7    5.4      32.219
2013    9       13    14  20    1.83   471.7    5.3      32.198
2013    9       13    14  30    1.83   471.7    5.3      32.177
2013    9       13    14  40    1.83   471.7    5.3      32.156
2013    9       13    14  49    1.83   471.8    5.3      32.135
2013    9       13    14  59    1.82   471.8    5.3      32.114
2013    9       13    15   9    1.82   471.8    5.3      32.092
2013    9       13    15  18    1.82   471.8    5.3      32.071
2013    9       13    15  28    1.82   471.8    5.3      32.049
2013    9       13    15  38    1.82   471.8    5.3      32.028
2013    9       13    15  48    1.82   471.8    5.3      32.007
2013    9       13    15  57    1.81   471.8    5.3      31.986
2013    9       13    16   7    1.81   471.8    5.3      31.965
2013    9       13    16  17    1.81   471.8    5.3      31.944
2013    9       13    16  26    1.81   471.8    5.3      31.923
2013    9       13    16  36    1.81   471.8    5.3      31.903
2013    9       13    16  46    1.80   471.8    5.3      31.882
2013    9       13    16  55    1.80   471.8    5.3      31.862
2013    9       13    17   5    1.80   471.8    5.3      31.841
2013    9       13    17  15    1.80   471.8    5.2      31.821
2013    9       13    17  24    1.80   471.8    5.2      31.801
2013    9       13    17  34    1.80   471.8    5.2      31.781
2013    9       13    17  44    1.79   471.8    5.2      31.761
2013    9       13    17  53    1.79   471.8    5.2      31.741
2013    9       13    18   3    1.79   471.8    5.2      31.721
2013    9       13    18  13    1.79   471.8    5.2      31.700
2013    9       13    18  22    1.79   471.8    5.2      31.680
2013    9       13    18  32    1.78   471.8    5.2      31.659
2013    9       13    18  42    1.78   471.8    5.2      31.637
2013    9       13    18  51    1.78   471.8    5.2      31.616
2013    9       13    19   1    1.78   471.8    5.2      31.594
2013    9       13    19  11    1.78   471.8    5.2      31.572
2013    9       13    19  21    1.78   471.8    5.2      31.549
2013    9       13    19  30    1.77   471.8    5.2      31.526
2013    9       13    19  40    1.77   471.8    5.2      31.503
2013    9       13    19  50    1.77   471.7    5.2      31.479
2013    9       13    19  59    1.77   471.7    5.2      31.455
2013    9       13    20   9    1.77   471.7    5.2      31.431
2013    9       13    20  19    1.76   471.7    5.1      31.406
2013    9       13    20  28    1.76   471.7    5.1      31.381
2013    9       13    20  38    1.76   471.7    5.1      31.356
2013    9       13    20  48    1.76   471.7    5.1      31.331
2013    9       13    20  57    1.76   471.6    5.1      31.305
2013    9       13    21   7    1.75   471.6    5.1      31.280
2013    9       13    21  17    1.75   471.6    5.1      31.253
2013    9       13    21  26    1.75   471.6    5.1      31.227
2013    9       13    21  36    1.75   471.6    5.1      31.201
2013    9       13    21  46    1.75   471.5    5.1      31.174
2013    9       13    21  55    1.75   471.5    5.1      31.147
2013    9       13    22   5    1.74   471.5    5.1      31.120
2013    9       13    22  15    1.74   471.5    5.1      31.093
2013    9       13    22  24    1.74   471.4    5.1      31.066
2013    9       13    22  34    1.74   471.4    5.1      31.038
2013    9       13    22  44    1.74   471.4    5.1      31.010
2013    9       13    22  53    1.73   471.3    5.1      30.983
2013    9       13    23   3    1.73   471.3    5.1      30.955
2013    9       13    23  13    1.73   471.2    5.0      30.927
2013    9       13    23  22    1.73   471.2    5.0      30.899
2013    9       13    23  32    1.73   471.2    5.0      30.872
2013    9       13    23  42    1.72   471.1    5.0      30.844
2013    9       13    23  52    1.72   471.1    5.0      30.816
2013    9       14     0   1    1.72   471.0    5.0      30.789
2013    9       14     0  11    1.72   471.0    5.0      30.761
2013    9       14     0  21    1.72   470.9    5.0      30.734
2013    9       14     0  30    1.71   470.9    5.0      30.707
2013    9       14     0  40    1.71   470.8    5.0      30.680
2013    9       14     0  50    1.71   470.8    5.0      30.653
2013    9       14     0  59    1.71   470.7    5.0      30.626
2013    9       14     1   9    1.71   470.6    5.0      30.599
2013    9       14     1  19    1.71   470.6    5.0      30.572
2013    9       14     1  28    1.70   470.5    5.0      30.544
2013    9       14     1  38    1.70   470.5    5.0      30.517
2013    9       14     1  48    1.70   470.4    5.0      30.490
2013    9       14     1  57    1.70   470.3    5.0      30.462
2013    9       14     2   7    1.70   470.3    5.0      30.434
2013    9       14     2  17    1.69   470.2    5.0      30.405
2013    9       14     2  26    1.69   470.2    5.0      30.376
2013    9       14     2  36    1.69   470.1    5.0      30.347
2013    9       14     2  46    1.69   470.0    4.9      30.317
2013    9       14     2  56    1.69   470.0    4.9      30.287
2013    9       14     3   5    1.69   469.9    4.9      30.256
2013    9       14     3  15    1.68   469.8    4.9      30.225
2013    9       14     3  25    1.68   469.8    4.9      30.194
2013    9       14     3  34    1.68   469.7    4.9      30.163
2013    9       14     3  44    1.68   469.6    4.9      30.131
2013    9       14     3  54    1.68   469.6    4.9      30.099
2013    9       14     4   3    1.67   469.5    4.9      30.066
2013    9       14     4  13    1.67   469.4    4.9      30.034
2013    9       14     4  23    1.67   469.3    4.9      30.002
2013    9       14     4  32    1.67   469.3    4.9      29.969
2013    9       14     4  42    1.67   469.2    4.9      29.936
2013    9       14     4  52    1.66   469.1    4.9      29.904
2013    9       14     5   1    1.66   469.0    4.9      29.871
2013    9       14     5  11    1.66   468.9    4.9      29.838
2013    9       14     5  21    1.66   468.9    4.9      29.805
2013    9       14     5  30    1.66   468.8    4.9      29.773
2013    9       14     5  40    1.65   468.7    4.9      29.740
2013    9       14     5  50    1.65   468.6    4.9      29.707
2013    9       14     5  59    1.65   468.5    4.8      29.674
2013    9       14     6   9    1.65   468.4    4.8      29.641
2013    9       14     6  19    1.65   468.3    4.8      29.607
2013    9       14     6  28    1.65   468.3    4.8      29.574
2013    9       14     6  38    1.64   468.2    4.8      29.541
2013    9       14     6  48    1.64   468.1    4.8      29.507
2013    9       14     6  58    1.64   468.0    4.8      29.474
2013    9       14     7   7    1.64   467.9    4.8      29.440
2013    9       14     7  17    1.64   467.8    4.8      29.406
2013    9       14     7  27    1.63   467.7    4.8      29.372
2013    9       14     7  36    1.63   467.6    4.8      29.338
2013    9       14     7  46    1.63   467.4    4.8      29.304
2013    9       14     7  56    1.63   467.3    4.8      29.269
2013    9       14     8   5    1.63   467.2    4.8      29.235
2013    9       14     8  15    1.62   467.1    4.8      29.201
2013    9       14     8  25    1.62   467.0    4.8      29.166
2013    9       14     8  34    1.62   466.9    4.8      29.131
2013    9       14     8  44    1.62   466.8    4.8      29.097
2013    9       14     8  54    1.62   466.7    4.8      29.062
2013    9       14     9   3    1.61   466.5    4.8      29.027
2013    9       14     9  13    1.61   466.4    4.8      28.993
2013    9       14     9  23    1.61   466.3    4.8      28.958
2013    9       14     9  32    1.61   466.2    4.8      28.924
2013    9       14     9  42    1.61   466.1    4.8      28.889
2013    9       14     9  52    1.61   465.9    4.7      28.855
2013    9       14    10   1    1.60   465.8    4.7      28.820
2013    9       14    10  11    1.60   465.7    4.7      28.786
2013    9       14    10  21    1.60   465.6    4.7      28.752
2013    9       14    10  31    1.60   465.4    4.7      28.717
2013    9       14    10  40    1.60   465.3    4.7      28.683
2013    9       14    10  50    1.60   465.2    4.7      28.648
2013    9       14    11   0    1.59   465.1    4.7      28.614
2013    9       14    11   9    1.59   464.9    4.7      28.579
2013    9       14    11  19    1.59   464.8    4.7      28.545
2013    9       14    11  29    1.59   464.7    4.7      28.510
2013    9       14    11  38    1.59   464.5    4.7      28.475
2013    9       14    11  48    1.59   464.4    4.7      28.440
2013    9       14    11  58    1.58   464.3    4.7      28.405
2013    9       14    12   7    1.58   464.1    4.7      28.370
2013    9       14    12  17    1.58   464.0    4.7      28.335
2013    9       14    12  27    1.58   463.9    4.7      28.299
2013    9       14    12  36    1.58   463.7    4.7      28.263
2013    9       14    12  46    1.58   463.6    4.7      28.227
2013    9       14    12  56    1.57   463.4    4.7      28.191
2013    9       14    13   5    1.57   463.3    4.7      28.155
2013    9       14    13  15    1.57   463.2    4.7      28.119
2013    9       14    13  25    1.57   463.0    4.7      28.082
2013    9       14    13  34    1.57   462.9    4.7      28.045
2013    9       14    13  44    1.57   462.7    4.7      28.007
2013    9       14    13  54    1.56   462.6    4.7      27.970
2013    9       14    14   4    1.56   462.4    4.7      27.932
2013    9       14    14  13    1.56   462.3    4.7      27.894
2013    9       14    14  23    1.56   462.1    4.7      27.856
2013    9       14    14  33    1.56   461.9    4.7      27.817
2013    9       14    14  42    1.56   461.8    4.6      27.778
2013    9       14    14  52    1.55   461.6    4.6      27.739
2013    9       14    15   2    1.55   461.5    4.6      27.699
2013    9       14    15  11    1.55   461.3    4.6      27.660
2013    9       14    15  21    1.55   461.1    4.6      27.619
2013    9       14    15  31    1.55   461.0    4.6      27.579
2013    9       14    15  40    1.54   460.8    4.6      27.539
2013    9       14    15  50    1.54   460.6    4.6      27.499
2013    9       14    16   0    1.54   460.5    4.6      27.459
2013    9       14    16   9    1.54   460.3    4.6      27.418
2013    9       14    16  19    1.54   460.1    4.6      27.378
2013    9       14    16  29    1.54   459.9    4.6      27.338
2013    9       14    16  38    1.54   459.8    4.6      27.299
2013    9       14    16  48    1.53   459.6    4.6      27.259
2013    9       14    16  58    1.53   459.4    4.6      27.220
2013    9       14    17   7    1.53   459.2    4.6      27.182
2013    9       14    17  17    1.53   459.0    4.6      27.144
2013    9       14    17  27    1.53   458.9    4.6      27.106
2013    9       14    17  37    1.53   458.7    4.6      27.069
2013    9       14    17  46    1.52   458.5    4.6      27.033
2013    9       14    17  56    1.52   458.3    4.6      26.996
2013    9       14    18   6    1.52   458.1    4.6      26.961
2013    9       14    18  15    1.52   458.0    4.6      26.925
2013    9       14    18  25    1.52   457.8    4.6      26.890
2013    9       14    18  35    1.52   457.6    4.6      26.855
2013    9       14    18  44    1.52   457.4    4.6      26.820
2013    9       14    18  54    1.52   457.2    4.6      26.785
2013    9       14    19   4    1.51   457.0    4.6      26.750
2013    9       14    19  13    1.51   456.9    4.6      26.715
2013    9       14    19  23    1.51   456.7    4.6      26.679
2013    9       14    19  33    1.51   456.5    4.6      26.644
2013    9       14    19  42    1.51   456.3    4.6      26.608
2013    9       14    19  52    1.51   456.1    4.6      26.572
2013    9       14    20   2    1.51   455.9    4.6      26.536
2013    9       14    20  11    1.51   455.7    4.6      26.500
2013    9       14    20  21    1.50   455.5    4.6      26.465
2013    9       14    20  31    1.50   455.3    4.6      26.428
2013    9       14    20  40    1.50   455.1    4.6      26.393
2013    9       14    20  50    1.50   454.9    4.6      26.357
2013    9       14    21   0    1.50   454.7    4.6      26.322
2013    9       14    21   9    1.50   454.5    4.6      26.286
2013    9       14    21  19    1.50   454.3    4.6      26.252
2013    9       14    21  29    1.50   454.1    4.6      26.218
2013    9       14    21  39    1.49   453.9    4.6      26.185
2013    9       14    21  48    1.49   453.7    4.6      26.152
2013    9       14    21  58    1.49   453.5    4.6      26.119
2013    9       14    22   8    1.49   453.3    4.6      26.085
2013    9       14    22  17    1.49   453.1    4.6      26.051
2013    9       14    22  27    1.49   452.9    4.6      26.016
2013    9       14    22  37    1.49   452.7    4.6      25.981
2013    9       14    22  46    1.49   452.5    4.6      25.945
2013    9       14    22  56    1.48   452.3    4.6      25.909
2013    9       14    23   6    1.48   452.1    4.6      25.871
2013    9       14    23  15    1.48   451.9    4.6      25.834
2013    9       14    23  25    1.48   451.7    4.5      25.795
2013    9       14    23  35    1.48   451.5    4.5      25.756
2013    9       14    23  44    1.48   451.3    4.5      25.717
2013    9       14    23  54    1.48   451.1    4.5      25.678
2013    9       15     0   4    1.48   450.9    4.5      25.638
2013    9       15     0  13    1.47   450.7    4.5      25.598
2013    9       15     0  23    1.47   450.5    4.5      25.558
2013    9       15     0  33    1.47   450.3    4.5      25.518
2013    9       15     0  43    1.47   450.0    4.5      25.479
2013    9       15     0  52    1.47   449.8    4.5      25.439
2013    9       15     1   2    1.47   449.6    4.5      25.400
2013    9       15     1  12    1.47   449.4    4.5      25.361
2013    9       15     1  21    1.47   449.2    4.5      25.322
2013    9       15     1  31    1.47   448.9    4.5      25.284
2013    9       15     1  41    1.46   448.7    4.5      25.245
2013    9       15     1  50    1.46   448.5    4.5      25.207
2013    9       15     2   0    1.46   448.3    4.5      25.169
2013    9       15     2  10    1.46   448.1    4.5      25.131
2013    9       15     2  19    1.46   447.8    4.5      25.092
2013    9       15     2  29    1.46   447.6    4.5      25.054
2013    9       15     2  39    1.46   447.4    4.5      25.016
2013    9       15     2  48    1.46   447.2    4.5      24.977
2013    9       15     2  58    1.46   446.9    4.5      24.939
2013    9       15     3   8    1.45   446.7    4.5      24.901
2013    9       15     3  17    1.45   446.5    4.5      24.863
2013    9       15     3  27    1.45   446.2    4.5      24.825
2013    9       15     3  37    1.45   446.0    4.5      24.787
2013    9       15     3  46    1.45   445.8    4.5      24.750
2013    9       15     3  56    1.45   445.5    4.5      24.713
2013    9       15     4   6    1.45   445.3    4.5      24.678
2013    9       15     4  15    1.45   445.0    4.5      24.642
2013    9       15     4  25    1.45   444.8    4.5      24.608
2013    9       15     4  35    1.45   444.6    4.5      24.575
2013    9       15     4  44    1.45   444.3    4.5      24.543
2013    9       15     4  54    1.44   444.1    4.5      24.513
2013    9       15     5   4    1.44   443.9    4.5      24.484
2013    9       15     5  14    1.44   443.6    4.5      24.455
2013    9       15     5  23    1.44   443.4    4.5      24.427
2013    9       15     5  33    1.44   443.2    4.5      24.399
2013    9       15     5  43    1.44   443.0    4.5      24.370
2013    9       15     5  52    1.44   442.8    4.5      24.341
2013    9       15     6   2    1.44   442.5    4.5      24.312
2013    9       15     6  12    1.44   442.3    4.5      24.282
2013    9       15     6  21    1.44   442.1    4.5      24.251
2013    9       15     6  31    1.44   441.9    4.5      24.221
2013    9       15     6  41    1.44   441.6    4.5      24.190
2013    9       15     6  50    1.43   441.4    4.5      24.158
2013    9       15     7   0    1.43   441.2    4.5      24.126
2013    9       15     7  10    1.43   440.9    4.5      24.094
2013    9       15     7  19    1.43   440.7    4.5      24.062
2013    9       15     7  29    1.43   440.5    4.5      24.030
2013    9       15     7  39    1.43   440.2    4.5      23.998
2013    9       15     7  48    1.43   440.0    4.5      23.966
2013    9       15     7  58    1.43   439.8    4.5      23.934
2013    9       15     8   8    1.43   439.5    4.5      23.901
2013    9       15     8  17    1.43   439.3    4.5      23.870
2013    9       15     8  27    1.43   439.0    4.5      23.839
2013    9       15     8  37    1.43   438.8    4.5      23.810
2013    9       15     8  47    1.43   438.5    4.5      23.780
2013    9       15     8  56    1.42   438.3    4.5      23.751
2013    9       15     9   6    1.42   438.1    4.5      23.721
2013    9       15     9  16    1.42   437.8    4.5      23.691
2013    9       15     9  25    1.42   437.6    4.5      23.661
2013    9       15     9  35    1.42   437.3    4.5      23.630
2013    9       15     9  45    1.42   437.1    4.5      23.598
2013    9       15     9  54    1.42   436.9    4.5      23.566
2013    9       15    10   4    1.42   436.6    4.5      23.533
2013    9       15    10  14    1.42   436.4    4.5      23.500
2013    9       15    10  23    1.42   436.1    4.5      23.466
2013    9       15    10  33    1.42   435.9    4.5      23.432
2013    9       15    10  43    1.41   435.6    4.5      23.397
2013    9       15    10  52    1.41   435.4    4.5      23.362
2013    9       15    11   2    1.41   435.1    4.5      23.327
2013    9       15    11  12    1.41   434.9    4.5      23.291
2013    9       15    11  21    1.41   434.6    4.5      23.256
2013    9       15    11  31    1.41   434.4    4.5      23.220
2013    9       15    11  41    1.41   434.1    4.5      23.185
2013    9       15    11  50    1.41   433.8    4.5      23.150
2013    9       15    12   0    1.41   433.6    4.5      23.116
2013    9       15    12  10    1.41   433.3    4.5      23.082
2013    9       15    12  20    1.41   433.1    4.5      23.048
2013    9       15    12  29    1.41   432.8    4.5      23.016
2013    9       15    12  39    1.41   432.6    4.5      22.983
2013    9       15    12  49    1.40   432.3    4.5      22.952
2013    9       15    12  58    1.40   432.1    4.5      22.921
2013    9       15    13   8    1.40   431.8    4.5      22.890
2013    9       15    13  18    1.40   431.6    4.5      22.859
2013    9       15    13  27    1.40   431.3    4.5      22.829
2013    9       15    13  37    1.40   431.1    4.5      22.798
2013    9       15    13  47    1.40   430.8    4.5      22.768
2013    9       15    13  56    1.40   430.6    4.5      22.738
2013    9       15    14   6    1.40   430.3    4.5      22.708
2013    9       15    14  16    1.40   430.0    4.6      22.679
2013    9       15    14  25    1.40   429.8    4.6      22.649
2013    9       15    14  35    1.40   429.5    4.6      22.620
2013    9       15    14  45    1.40   429.3    4.6      22.591
2013    9       15    14  54    1.40   429.0    4.6      22.562
2013    9       15    15   4    1.40   428.7    4.6      22.533
2013    9       15    15  14    1.39   428.5    4.6      22.504
2013    9       15    15  23    1.39   428.2    4.6      22.476
2013    9       15    15  33    1.39   427.9    4.6      22.448
2013    9       15    15  43    1.39   427.7    4.6      22.422
2013    9       15    15  53    1.39   427.4    4.6      22.396
2013    9       15    16   2    1.39   427.1    4.6      22.372
2013    9       15    16  12    1.39   426.8    4.6      22.348
2013    9       15    16  22    1.39   426.6    4.6      22.325
2013    9       15    16  31    1.39   426.3    4.6      22.301
2013    9       15    16  41    1.39   426.0    4.6      22.278
2013    9       15    16  51    1.39   425.8    4.6      22.256
2013    9       15    17   0    1.39   425.5    4.6      22.233
2013    9       15    17  10    1.39   425.2    4.6      22.211
2013    9       15    17  20    1.39   425.0    4.6      22.189
2013    9       15    17  29    1.39   424.7    4.6      22.168
2013    9       15    17  39    1.39   424.4    4.6      22.146
2013    9       15    17  49    1.39   424.2    4.6      22.124
2013    9       15    17  58    1.39   423.9    4.6      22.103
2013    9       15    18   8    1.39   423.7    4.6      22.081
2013    9       15    18  18    1.39   423.4    4.6      22.060
2013    9       15    18  27    1.39   423.1    4.6      22.038
2013    9       15    18  37    1.38   422.9    4.6      22.016
2013    9       15    18  47    1.38   422.6    4.6      21.994
2013    9       15    18  56    1.38   422.3    4.6      21.972
2013    9       15    19   6    1.38   422.1    4.6      21.949
2013    9       15    19  16    1.38   421.8    4.6      21.927
2013    9       15    19  25    1.38   421.5    4.6      21.904
2013    9       15    19  35    1.38   421.2    4.6      21.882
2013    9       15    19  45    1.38   421.0    4.6      21.859
2013    9       15    19  54    1.38   420.7    4.6      21.836
2013    9       15    20   4    1.38   420.4    4.6      21.814
2013    9       15    20  14    1.38   420.1    4.7      21.791
2013    9       15    20  24    1.38   419.9    4.7      21.768
2013    9       15    20  33    1.38   419.6    4.7      21.746
2013    9       15    20  43    1.38   419.3    4.7      21.723
2013    9       15    20  53    1.38   419.1    4.7      21.701
2013    9       15    21   2    1.38   418.8    4.7      21.678
2013    9       15    21  12    1.38   418.5    4.7      21.655
2013    9       15    21  22    1.38   418.2    4.7      21.631
2013    9       15    21  31    1.38   418.0    4.7      21.607
2013    9       15    21  41    1.38   417.7    4.7      21.582
2013    9       15    21  51    1.38   417.4    4.7      21.557
2013    9       15    22   0    1.38   417.1    4.7      21.532
2013    9       15    22  10    1.38   416.8    4.7      21.507
2013    9       15    22  20    1.38   416.6    4.7      21.481
2013    9       15    22  29    1.38   416.3    4.7      21.455
2013    9       15    22  39    1.38   416.0    4.7      21.429
2013    9       15    22  49    1.37   415.7    4.7      21.403
2013    9       15    22  59    1.37   415.4    4.7      21.377
2013    9       15    23   8    1.37   415.1    4.7      21.352
2013    9       15    23  18    1.37   414.9    4.7      21.327
2013    9       15    23  28    1.37   414.6    4.7      21.302
2013    9       15    23  37    1.37   414.3    4.7      21.278
2013    9       15    23  47    1.37   414.0    4.7      21.255
2013    9       15    23  57    1.37   413.7    4.7      21.233
2013    9       16     0   6    1.37   413.4    4.7      21.211
2013    9       16     0  16    1.37   413.2    4.7      21.191
2013    9       16     0  26    1.37   412.9    4.7      21.171
2013    9       16     0  35    1.37   412.6    4.7      21.152
2013    9       16     0  45    1.37   412.4    4.7      21.133
2013    9       16     0  55    1.37   412.1    4.7      21.115
2013    9       16     1   4    1.37   411.8    4.7      21.098
2013    9       16     1  14    1.37   411.5    4.8      21.081
2013    9       16     1  24    1.37   411.3    4.8      21.064
2013    9       16     1  33    1.37   411.0    4.8      21.047
2013    9       16     1  43    1.37   410.7    4.8      21.030
2013    9       16     1  53    1.37   410.4    4.8      21.014
2013    9       16     2   2    1.37   410.2    4.8      20.997
2013    9       16     2  12    1.37   409.9    4.8      20.981
2013    9       16     2  22    1.37   409.6    4.8      20.964
2013    9       16     2  31    1.37   409.3    4.8      20.948
2013    9       16     2  41    1.37   409.1    4.8      20.932
2013    9       16     2  51    1.37   408.8    4.8      20.915
2013    9       16     3   0    1.37   408.5    4.8      20.899
2013    9       16     3  10    1.37   408.2    4.8      20.884
2013    9       16     3  20    1.37   407.9    4.8      20.868
2013    9       16     3  30    1.37   407.7    4.8      20.853
2013    9       16     3  39    1.38   407.4    4.8      20.838
2013    9       16     3  49    1.38   407.1    4.8      20.824
2013    9       16     3  59    1.38   406.8    4.9      20.810
2013    9       16     4   8    1.38   406.5    4.9      20.796
2013    9       16     4  18    1.38   406.3    4.9      20.783
2013    9       16     4  28    1.38   406.0    4.9      20.769
2013    9       16     4  37    1.38   405.7    4.9      20.756
2013    9       16     4  47    1.38   405.4    4.9      20.742
2013    9       16     4  57    1.38   405.1    4.9      20.729
2013    9       16     5   6    1.38   404.9    4.9      20.715
2013    9       16     5  16    1.38   404.6    4.9      20.702
2013    9       16     5  26    1.38   404.3    4.9      20.688
2013    9       16     5  35    1.38   404.0    4.9      20.674
2013    9       16     5  45    1.38   403.8    4.9      20.660
2013    9       16     5  55    1.38   403.5    4.9      20.646
2013    9       16     6   4    1.38   403.2    4.9      20.632
2013    9       16     6  14    1.38   402.9    5.0      20.618
2013    9       16     6  24    1.38   402.7    5.0      20.604
2013    9       16     6  33    1.38   402.4    5.0      20.590
2013    9       16     6  43    1.38   402.1    5.0      20.575
2013    9       16     6  53    1.38   401.9    5.0      20.561
2013    9       16     7   3    1.38   401.6    5.0      20.547
2013    9       16     7  12    1.38   401.3    5.0      20.533
2013    9       16     7  22    1.38   401.0    5.0      20.519
2013    9       16     7  32    1.39   400.8    5.0      20.505
2013    9       16     7  41    1.39   400.5    5.0      20.491
2013    9       16     7  51    1.39   400.2    5.0      20.477
2013    9       16     8   1    1.39   400.0    5.0      20.463
2013    9       16     8  10    1.39   399.7    5.0      20.449
2013    9       16     8  20    1.39   399.4    5.0      20.434
2013    9       16     8  30    1.39   399.2    5.1      20.420
2013    9       16     8  39    1.39   398.9    5.1      20.405
2013    9       16     8  49    1.39   398.7    5.1      20.390
2013    9       16     8  59    1.39   398.4    5.1      20.375
2013    9       16     9   8    1.39   398.1    5.1      20.359
2013    9       16     9  18    1.39   397.8    5.1      20.344
2013    9       16     9  28    1.39   397.6    5.1      20.328
2013    9       16     9  37    1.39   397.3    5.1      20.312
2013    9       16     9  47    1.39   397.0    5.1      20.297
2013    9       16     9  57    1.39   396.8    5.1      20.281
2013    9       16    10   6    1.39   396.5    5.1      20.266
2013    9       16    10  16    1.40   396.2    5.1      20.251
2013    9       16    10  26    1.40   396.0    5.1      20.236
2013    9       16    10  36    1.40   395.7    5.2      20.221
2013    9       16    10  45    1.40   395.4    5.2      20.207
2013    9       16    10  55    1.40   395.2    5.2      20.193
2013    9       16    11   5    1.40   394.9    5.2      20.179
2013    9       16    11  14    1.40   394.6    5.2      20.166
2013    9       16    11  24    1.40   394.4    5.2      20.154
2013    9       16    11  34    1.40   394.1    5.2      20.142
2013    9       16    11  43    1.40   393.9    5.2      20.130
2013    9       16    11  53    1.40   393.6    5.2      20.119
2013    9       16    12   3    1.41   393.3    5.2      20.108
2013    9       16    12  12    1.41   393.1    5.2      20.098
2013    9       16    12  22    1.41   392.8    5.3      20.088
2013    9       16    12  32    1.41   392.6    5.3      20.078
2013    9       16    12  41    1.41   392.3    5.3      20.069
2013    9       16    12  51    1.41   392.0    5.3      20.060
2013    9       16    13   1    1.41   391.8    5.3      20.051
2013    9       16    13  10    1.41   391.5    5.3      20.043
2013    9       16    13  20    1.41   391.3    5.3      20.035
2013    9       16    13  30    1.42   391.0    5.3      20.027
2013    9       16    13  39    1.42   390.7    5.3      20.019
2013    9       16    13  49    1.42   390.5    5.4      20.011
2013    9       16    13  59    1.42   390.2    5.4      20.003
2013    9       16    14   9    1.42   390.0    5.4      19.996
2013    9       16    14  18    1.42   389.7    5.4      19.988
2013    9       16    14  28    1.42   389.4    5.4      19.981
2013    9       16    14  38    1.42   389.2    5.4      19.974
2013    9       16    14  47    1.42   388.9    5.4      19.967
2013    9       16    14  57    1.43   388.7    5.4      19.961
2013    9       16    15   7    1.43   388.4    5.4      19.954
2013    9       16    15  16    1.43   388.1    5.5      19.948
2013    9       16    15  26    1.43   387.9    5.5      19.941
2013    9       16    15  36    1.43   387.6    5.5      19.935
2013    9       16    15  45    1.43   387.4    5.5      19.928
2013    9       16    15  55    1.43   387.1    5.5      19.922
2013    9       16    16   5    1.44   386.9    5.5      19.916
2013    9       16    16  14    1.44   386.6    5.5      19.910
2013    9       16    16  24    1.44   386.4    5.5      19.903
2013    9       16    16  34    1.44   386.1    5.5      19.897
2013    9       16    16  43    1.44   385.9    5.6      19.891
2013    9       16    16  53    1.44   385.6    5.6      19.885
2013    9       16    17   3    1.45   385.4    5.6      19.879
2013    9       16    17  12    1.45   385.1    5.6      19.873
2013    9       16    17  22    1.45   384.9    5.6      19.866
2013    9       16    17  32    1.45   384.6    5.6      19.861
2013    9       16    17  41    1.45   384.4    5.6      19.855
2013    9       16    17  51    1.45   384.1    5.6      19.849
2013    9       16    18   1    1.46   383.9    5.7      19.843
2013    9       16    18  10    1.46   383.6    5.7      19.838
2013    9       16    18  20    1.46   383.4    5.7      19.833
2013    9       16    18  30    1.46   383.1    5.7      19.828
2013    9       16    18  40    1.46   382.9    5.7      19.823
2013    9       16    18  49    1.46   382.6    5.7      19.819
2013    9       16    18  59    1.47   382.4    5.7      19.814
2013    9       16    19   9    1.47   382.1    5.8      19.811
2013    9       16    19  18    1.47   381.9    5.8      19.807
2013    9       16    19  28    1.47   381.7    5.8      19.804
2013    9       16    19  38    1.47   381.4    5.8      19.802
2013    9       16    19  47    1.48   381.2    5.8      19.800
2013    9       16    19  57    1.48   380.9    5.8      19.798
2013    9       16    20   7    1.48   380.7    5.8      19.797
2013    9       16    20  16    1.48   380.5    5.9      19.797
2013    9       16    20  26    1.49   380.2    5.9      19.797
2013    9       16    20  36    1.49   380.0    5.9      19.798
2013    9       16    20  45    1.49   379.7    5.9      19.799
2013    9       16    20  55    1.49   379.5    5.9      19.801
2013    9       16    21   5    1.50   379.3    5.9      19.803
2013    9       16    21  14    1.50   379.0    6.0      19.806
2013    9       16    21  24    1.50   378.8    6.0      19.810
2013    9       16    21  34    1.50   378.5    6.0      19.815
2013    9       16    21  43    1.51   378.3    6.0      19.820
2013    9       16    21  53    1.51   378.1    6.0      19.826
2013    9       16    22   3    1.51   377.8    6.1      19.832
2013    9       16    22  13    1.52   377.6    6.1      19.839
2013    9       16    22  22    1.52   377.4    6.1      19.847
2013    9       16    22  32    1.52   377.1    6.1      19.855
2013    9       16    22  42    1.53   376.9    6.1      19.863
2013    9       16    22  51    1.53   376.7    6.2      19.873
2013    9       16    23   1    1.53   376.5    6.2      19.883
2013    9       16    23  11    1.54   376.2    6.2      19.893
2013    9       16    23  20    1.54   376.0    6.2      19.904
2013    9       16    23  30    1.54   375.8    6.2      19.915
2013    9       16    23  40    1.55   375.5    6.3      19.927
2013    9       16    23  49    1.55   375.3    6.3      19.939
2013    9       16    23  59    1.56   375.1    6.3      19.951
2013    9       17     0   9    1.56   374.9    6.3      19.966
2013    9       17     0  18    1.56   374.6    6.4      19.981
2013    9       17     0  28    1.57   374.4    6.4      19.996
2013    9       17     0  38    1.57   374.2    6.4      20.012
2013    9       17     0  47    1.58   373.9    6.4      20.028
2013    9       17     0  57    1.58   373.7    6.5      20.044
2013    9       17     1   7    1.59   373.5    6.5      20.061
2013    9       17     1  16    1.59   373.3    6.5      20.077
2013    9       17     1  26    1.60   373.0    6.5      20.094
2013    9       17     1  36    1.60   372.8    6.6      20.110
2013    9       17     1  46    1.61   372.6    6.6      20.127
2013    9       17     1  55    1.61   372.3    6.6      20.143
2013    9       17     2   5    1.62   372.1    6.6      20.160
2013    9       17     2  15    1.62   371.9    6.7      20.177
2013    9       17     2  24    1.63   371.6    6.7      20.194
2013    9       17     2  34    1.63   371.4    6.7      20.212
2013    9       17     2  44    1.64   371.1    6.8      20.229
2013    9       17     2  53    1.65   370.9    6.8      20.248
2013    9       17     3   3    1.65   370.7    6.8      20.267
2013    9       17     3  13    1.66   370.4    6.8      20.287
2013    9       17     3  22    1.66   370.2    6.9      20.308
2013    9       17     3  32    1.67   369.9    6.9      20.331
2013    9       17     3  42    1.68   369.7    6.9      20.356
2013    9       17     3  51    1.68   369.4    7.0      20.383
2013    9       17     4   1    1.69   369.2    7.0      20.412
2013    9       17     4  11    1.70   368.9    7.1      20.444
2013    9       17     4  20    1.70   368.7    7.1      20.481
2013    9       17     4  30    1.71   368.4    7.1      20.520
2013    9       17     4  40    1.72   368.2    7.2      20.564
2013    9       17     4  49    1.73   368.0    7.2      20.613
2013    9       17     4  59    1.74   367.8    7.3      20.666
2013    9       17     5   9    1.75   367.6    7.3      20.724
2013    9       17     5  19    1.76   367.5    7.4      20.788
2013    9       17     5  28    1.77   367.3    7.4      20.857
2013    9       17     5  38    1.78   367.2    7.5      20.930
2013    9       17     5  48    1.79   367.0    7.6      21.006
2013    9       17     5  57    1.80   366.9    7.6      21.084
2013    9       17     6   7    1.81   366.8    7.7      21.162
2013    9       17     6  17    1.82   366.6    7.7      21.242
2013    9       17     6  26    1.83   366.5    7.8      21.324
2013    9       17     6  36    1.84   366.4    7.9      21.411
2013    9       17     6  46    1.86   366.3    7.9      21.501
2013    9       17     6  55    1.87   366.2    8.0      21.595
2013    9       17     7   5    1.88   366.2    8.1      21.693
2013    9       17     7  15    1.90   366.1    8.2      21.797
2013    9       17     7  24    1.91   366.1    8.2      21.907
2013    9       17     7  34    1.92   366.1    8.3      22.025
2013    9       17     7  44    1.94   366.2    8.4      22.148
2013    9       17     7  53    1.95   366.2    8.4      22.275
2013    9       17     8   3    1.96   366.2    8.5      22.402
2013    9       17     8  13    1.98   366.2    8.6      22.528
2013    9       17     8  22    1.99   366.2    8.6      22.649
2013    9       17     8  32    2.00   366.3    8.7      22.767
2013    9       17     8  42    2.02   366.3    8.7      22.882
2013    9       17     8  51    2.03   366.3    8.8      22.996
2013    9       17     9   1    2.04   366.4    8.8      23.107
2013    9       17     9  11    2.05   366.4    8.9      23.216
2013    9       17     9  20    2.06   366.4    8.9      23.324
2013    9       17     9  30    2.08   366.5    9.0      23.431
2013    9       17     9  40    2.09   366.5    9.0      23.536
2013    9       17     9  50    2.10   366.6    9.1      23.641
2013    9       17     9  59    2.11   366.6    9.1      23.745
2013    9       17    10   9    2.13   366.6    9.2      23.850
2013    9       17    10  19    2.14   366.7    9.2      23.953
2013    9       17    10  28    2.15   366.7    9.3      24.058
2013    9       17    10  38    2.16   366.8    9.3      24.162
2013    9       17    10  48    2.18   366.8    9.4      24.268
2013    9       17    10  57    2.19   366.9    9.5      24.374
2013    9       17    11   7    2.20   366.9    9.5      24.483
2013    9       17    11  17    2.22   367.0    9.6      24.592
2013    9       17    11  26    2.23   367.0    9.6      24.705
2013    9       17    11  36    2.25   367.1    9.7      24.821
2013    9       17    11  46    2.26   367.2    9.8      24.942
2013    9       17    11  55    2.28   367.3    9.9      25.068
2013    9       17    12   5    2.29   367.4    9.9      25.201
2013    9       17    12  15    2.31   367.5   10.0      25.338
2013    9       17    12  24    2.32   367.6   10.1      25.484
2013    9       17    12  34    2.34   367.8   10.2      25.640
2013    9       17    12  44    2.36   367.9   10.3      25.806
2013    9       17    12  53    2.37   368.1   10.4      25.981
2013    9       17    13   3    2.39   368.3   10.5      26.168
2013    9       17    13  13    2.41   368.5   10.6      26.360
2013    9       17    13  23    2.43   368.7   10.7      26.557
2013    9       17    13  32    2.45   369.0   10.8      26.761
2013    9       17    13  42    2.47   369.3   10.9      26.985
2013    9       17    13  52    2.50   369.6   11.1      27.226
2013    9       17    14   1    2.52   370.1   11.2      27.485
2013    9       17    14  11    2.54   370.5   11.3      27.756
2013    9       17    14  21    2.56   370.9   11.4      28.039
2013    9       17    14  30    2.59   371.4   11.5      28.321
2013    9       17    14  40    2.61   371.8   11.6      28.602
2013    9       17    14  50    2.63   372.3   11.7      28.878
2013    9       17    14  59    2.65   372.8   11.8      29.150
2013    9       17    15   9    2.67   373.3   11.9      29.414
2013    9       17    15  19    2.69   373.7   12.0      29.668
2013    9       17    15  28    2.71   374.2   12.0      29.908
2013    9       17    15  38    2.73   374.7   12.1      30.140
2013    9       17    15  48    2.75   375.1   12.1      30.360
2013    9       17    15  57    2.77   375.6   12.2      30.571
2013    9       17    16   7    2.78   376.0   12.2      30.773
2013    9       17    16  17    2.80   376.5   12.3      30.968
2013    9       17    16  26    2.82   376.9   12.3      31.156
2013    9       17    16  36    2.83   377.4   12.3      31.338
2013    9       17    16  46    2.85   377.8   12.4      31.513
2013    9       17    16  56    2.86   378.3   12.4      31.683
2013    9       17    17   5    2.88   378.7   12.4      31.849
2013    9       17    17  15    2.89   379.2   12.5      32.011
2013    9       17    17  25    2.90   379.6   12.5      32.169
2013    9       17    17  34    2.92   380.0   12.5      32.324
2013    9       17    17  44    2.93   380.5   12.5      32.476
2013    9       17    17  54    2.95   380.9   12.6      32.626
2013    9       17    18   3    2.96   381.3   12.6      32.774
2013    9       17    18  13    2.97   381.8   12.6      32.921
2013    9       17    18  23    2.98   382.2   12.6      33.065
2013    9       17    18  32    3.00   382.6   12.6      33.210
2013    9       17    18  42    3.01   383.0   12.7      33.354
2013    9       17    18  52    3.02   383.5   12.7      33.499
2013    9       17    19   1    3.04   383.9   12.7      33.644
2013    9       17    19  11    3.05   384.3   12.7      33.791
2013    9       17    19  21    3.06   384.7   12.8      33.940
2013    9       17    19  30    3.08   385.1   12.8      34.091
2013    9       17    19  40    3.09   385.5   12.9      34.245
2013    9       17    19  50    3.10   386.0   12.9      34.410
2013    9       17    19  59    3.12   386.4   12.9      34.585
2013    9       17    20   9    3.13   386.9   13.0      34.771
2013    9       17    20  19    3.15   387.3   13.1      34.970
2013    9       17    20  29    3.16   387.8   13.1      35.183
2013    9       17    20  38    3.18   388.3   13.2      35.400
2013    9       17    20  48    3.20   388.8   13.3      35.628
2013    9       17    20  58    3.22   389.3   13.4      35.881
2013    9       17    21   7    3.24   389.9   13.5      36.163
2013    9       17    21  17    3.26   390.6   13.6      36.471
2013    9       17    21  27    3.28   391.3   13.7      36.810
2013    9       17    21  36    3.30   392.1   13.8      37.160
2013    9       17    21  46    3.32   392.8   13.9      37.515
2013    9       17    21  56    3.34   393.6   14.0      37.873
2013    9       17    22   5    3.36   394.5   14.1      38.232
2013    9       17    22  15    3.38   395.4   14.1      38.589
2013    9       17    22  25    3.40   396.3   14.2      38.950
2013    9       17    22  34    3.41   397.1   14.2      39.291
2013    9       17    22  44    3.43   398.0   14.3      39.619
2013    9       17    22  54    3.45   398.9   14.3      39.930
2013    9       17    23   3    3.46   399.8   14.3      40.229
2013    9       17    23  13    3.47   400.6   14.3      40.516
2013    9       17    23  23    3.48   401.4   14.3      40.794
2013    9       17    23  32    3.49   402.3   14.3      41.064
2013    9       17    23  42    3.50   403.1   14.3      41.328
2013    9       17    23  52    3.51   403.9   14.2      41.587
2013    9       18     0   2    3.52   404.7   14.2      41.840
