year    month   day   hour  minute  B_enl V_enl   n_enl       T_enl
[year] [month] [day] [hour][minute] [nT]  [km/s]  [cm-3]      [kK]
2013    9       17     0   2    1.20   469.3    4.3      25.867
2013    9       17     0  13    1.20   469.1    4.3      25.826
2013    9       17     0  24    1.20   468.9    4.3      25.786
2013    9       17     0  35    1.20   468.6    4.2      25.746
2013    9       17     0  46    1.20   468.4    4.2      25.706
2013    9       17     0  57    1.20   468.2    4.2      25.666
2013    9       17     1   8    1.20   468.0    4.2      25.626
2013    9       17     1  19    1.19   467.8    4.2      25.586
2013    9       17     1  30    1.19   467.5    4.2      25.545
2013    9       17     1  41    1.19   467.3    4.2      25.506
2013    9       17     1  52    1.19   467.1    4.2      25.466
2013    9       17     2   3    1.19   466.8    4.2      25.428
2013    9       17     2  14    1.19   466.6    4.2      25.389
2013    9       17     2  25    1.19   466.4    4.2      25.351
2013    9       17     2  36    1.19   466.1    4.2      25.314
2013    9       17     2  47    1.19   465.9    4.2      25.279
2013    9       17     2  58    1.19   465.6    4.2      25.245
2013    9       17     3   9    1.18   465.4    4.2      25.214
2013    9       17     3  20    1.18   465.1    4.2      25.183
2013    9       17     3  31    1.18   464.9    4.3      25.155
2013    9       17     3  43    1.18   464.6    4.3      25.127
2013    9       17     3  54    1.18   464.4    4.3      25.099
2013    9       17     4   5    1.18   464.1    4.3      25.071
2013    9       17     4  16    1.18   463.9    4.3      25.042
2013    9       17     4  27    1.18   463.6    4.3      25.012
2013    9       17     4  38    1.18   463.4    4.3      24.982
2013    9       17     4  49    1.18   463.1    4.3      24.951
2013    9       17     5   1    1.18   462.9    4.3      24.920
2013    9       17     5  12    1.18   462.6    4.3      24.888
2013    9       17     5  23    1.18   462.4    4.3      24.857
2013    9       17     5  34    1.17   462.1    4.3      24.826
2013    9       17     5  45    1.17   461.9    4.3      24.795
2013    9       17     5  57    1.17   461.7    4.3      24.764
2013    9       17     6   8    1.17   461.4    4.3      24.734
2013    9       17     6  19    1.17   461.2    4.3      24.701
2013    9       17     6  30    1.17   460.9    4.3      24.668
2013    9       17     6  41    1.17   460.7    4.3      24.633
2013    9       17     6  52    1.17   460.5    4.3      24.598
2013    9       17     7   4    1.17   460.2    4.3      24.561
2013    9       17     7  15    1.17   460.0    4.3      24.523
2013    9       17     7  26    1.17   459.8    4.3      24.485
2013    9       17     7  37    1.17   459.6    4.3      24.446
2013    9       17     7  48    1.16   459.3    4.3      24.406
2013    9       17     7  59    1.16   459.1    4.3      24.366
2013    9       17     8  10    1.16   458.9    4.3      24.325
2013    9       17     8  21    1.16   458.6    4.3      24.284
2013    9       17     8  32    1.16   458.4    4.3      24.242
2013    9       17     8  43    1.16   458.2    4.3      24.201
2013    9       17     8  54    1.16   457.9    4.3      24.160
2013    9       17     9   5    1.16   457.7    4.3      24.119
2013    9       17     9  16    1.16   457.4    4.3      24.077
2013    9       17     9  26    1.16   457.2    4.3      24.037
2013    9       17     9  37    1.15   456.9    4.3      23.997
2013    9       17     9  48    1.15   456.7    4.3      23.958
2013    9       17    10   0    1.15   456.4    4.3      23.919
2013    9       17    10  11    1.15   456.1    4.3      23.881
2013    9       17    10  22    1.15   455.9    4.3      23.843
2013    9       17    10  33    1.15   455.6    4.3      23.807
2013    9       17    10  44    1.15   455.3    4.3      23.771
2013    9       17    10  55    1.15   455.1    4.3      23.735
2013    9       17    11   6    1.15   454.8    4.3      23.700
2013    9       17    11  18    1.15   454.5    4.3      23.665
2013    9       17    11  29    1.15   454.3    4.3      23.630
2013    9       17    11  40    1.15   454.0    4.3      23.596
2013    9       17    11  51    1.14   453.7    4.3      23.563
2013    9       17    12   2    1.14   453.4    4.3      23.531
2013    9       17    12  13    1.14   453.1    4.3      23.501
2013    9       17    12  25    1.14   452.8    4.3      23.472
2013    9       17    12  36    1.14   452.5    4.3      23.445
2013    9       17    12  47    1.14   452.2    4.3      23.419
2013    9       17    12  58    1.14   451.9    4.3      23.394
2013    9       17    13   9    1.14   451.6    4.3      23.370
2013    9       17    13  21    1.14   451.4    4.3      23.346
2013    9       17    13  32    1.14   451.1    4.3      23.323
2013    9       17    13  43    1.14   450.8    4.3      23.300
2013    9       17    13  54    1.14   450.5    4.3      23.277
2013    9       17    14   5    1.14   450.3    4.3      23.253
2013    9       17    14  16    1.14   450.0    4.3      23.229
2013    9       17    14  28    1.14   449.8    4.3      23.205
2013    9       17    14  39    1.14   449.5    4.3      23.180
2013    9       17    14  50    1.13   449.2    4.3      23.155
2013    9       17    15   1    1.13   449.0    4.3      23.129
2013    9       17    15  12    1.13   448.7    4.3      23.102
2013    9       17    15  23    1.13   448.4    4.3      23.075
2013    9       17    15  34    1.13   448.2    4.3      23.047
2013    9       17    15  45    1.13   447.9    4.3      23.019
2013    9       17    15  56    1.13   447.6    4.3      22.990
2013    9       17    16   7    1.13   447.4    4.3      22.961
2013    9       17    16  18    1.13   447.1    4.3      22.932
2013    9       17    16  28    1.13   446.8    4.3      22.903
2013    9       17    16  39    1.13   446.6    4.3      22.872
2013    9       17    16  50    1.13   446.3    4.3      22.842
2013    9       17    17   1    1.13   446.0    4.3      22.811
2013    9       17    17  12    1.12   445.8    4.3      22.780
2013    9       17    17  24    1.12   445.5    4.3      22.748
2013    9       17    17  35    1.12   445.2    4.3      22.716
2013    9       17    17  46    1.12   444.9    4.4      22.684
2013    9       17    17  57    1.12   444.6    4.4      22.652
2013    9       17    18   8    1.12   444.3    4.4      22.619
2013    9       17    18  19    1.12   444.1    4.4      22.587
2013    9       17    18  30    1.12   443.8    4.4      22.554
2013    9       17    18  42    1.12   443.5    4.4      22.521
2013    9       17    18  53    1.12   443.2    4.4      22.488
2013    9       17    19   4    1.12   442.9    4.4      22.455
2013    9       17    19  15    1.12   442.6    4.4      22.422
2013    9       17    19  26    1.12   442.3    4.4      22.389
2013    9       17    19  37    1.11   442.0    4.4      22.357
2013    9       17    19  49    1.11   441.6    4.4      22.325
2013    9       17    20   0    1.11   441.3    4.4      22.295
2013    9       17    20  11    1.11   441.0    4.4      22.265
2013    9       17    20  22    1.11   440.7    4.4      22.237
2013    9       17    20  33    1.11   440.4    4.4      22.209
2013    9       17    20  45    1.11   440.1    4.4      22.183
2013    9       17    20  56    1.11   439.8    4.4      22.157
2013    9       17    21   7    1.11   439.5    4.4      22.133
2013    9       17    21  18    1.11   439.2    4.4      22.109
2013    9       17    21  29    1.11   438.9    4.4      22.085
2013    9       17    21  40    1.11   438.6    4.4      22.062
2013    9       17    21  51    1.11   438.3    4.4      22.039
2013    9       17    22   2    1.11   438.0    4.4      22.016
2013    9       17    22  14    1.11   437.7    4.4      21.993
2013    9       17    22  25    1.11   437.4    4.4      21.970
2013    9       17    22  36    1.11   437.1    4.4      21.947
2013    9       17    22  47    1.11   436.8    4.4      21.924
2013    9       17    22  58    1.11   436.4    4.4      21.901
2013    9       17    23   8    1.10   436.1    4.4      21.880
2013    9       17    23  20    1.10   435.8    4.4      21.858
2013    9       17    23  30    1.10   435.5    4.4      21.837
2013    9       17    23  41    1.10   435.2    4.4      21.817
2013    9       17    23  52    1.10   434.9    4.5      21.798
2013    9       18     0   3    1.10   434.6    4.5      21.777
2013    9       18     0  14    1.10   434.3    4.5      21.756
2013    9       18     0  25    1.10   434.0    4.5      21.735
2013    9       18     0  36    1.10   433.7    4.5      21.714
2013    9       18     0  47    1.10   433.4    4.5      21.693
2013    9       18     0  59    1.10   433.1    4.5      21.672
2013    9       18     1  10    1.10   432.8    4.5      21.651
2013    9       18     1  21    1.10   432.5    4.5      21.629
2013    9       18     1  32    1.10   432.2    4.5      21.607
2013    9       18     1  43    1.10   431.9    4.5      21.585
2013    9       18     1  54    1.10   431.6    4.5      21.562
2013    9       18     2   5    1.10   431.3    4.5      21.539
2013    9       18     2  17    1.10   430.9    4.5      21.516
2013    9       18     2  28    1.10   430.6    4.5      21.492
2013    9       18     2  39    1.09   430.3    4.5      21.467
2013    9       18     2  50    1.09   430.0    4.5      21.442
2013    9       18     3   1    1.09   429.7    4.5      21.416
2013    9       18     3  13    1.09   429.4    4.5      21.390
2013    9       18     3  24    1.09   429.1    4.5      21.364
2013    9       18     3  35    1.09   428.8    4.5      21.337
2013    9       18     3  46    1.09   428.5    4.5      21.310
2013    9       18     3  57    1.09   428.2    4.5      21.283
2013    9       18     4   9    1.09   427.9    4.5      21.255
2013    9       18     4  20    1.09   427.6    4.5      21.228
2013    9       18     4  31    1.09   427.2    4.6      21.201
2013    9       18     4  42    1.09   426.9    4.6      21.173
2013    9       18     4  53    1.09   426.6    4.6      21.146
2013    9       18     5   4    1.09   426.3    4.6      21.119
2013    9       18     5  15    1.09   426.0    4.6      21.091
2013    9       18     5  26    1.09   425.7    4.6      21.064
2013    9       18     5  37    1.09   425.4    4.6      21.037
2013    9       18     5  48    1.09   425.1    4.6      21.011
2013    9       18     6   0    1.09   424.7    4.6      20.984
2013    9       18     6  10    1.08   424.4    4.6      20.959
2013    9       18     6  21    1.08   424.1    4.6      20.934
2013    9       18     6  32    1.08   423.8    4.6      20.909
2013    9       18     6  43    1.08   423.5    4.6      20.886
2013    9       18     6  54    1.08   423.1    4.6      20.863
2013    9       18     7   5    1.08   422.8    4.6      20.841
2013    9       18     7  16    1.08   422.5    4.6      20.820
2013    9       18     7  27    1.08   422.2    4.6      20.799
2013    9       18     7  38    1.08   421.8    4.6      20.779
2013    9       18     7  49    1.08   421.5    4.6      20.760
2013    9       18     8   0    1.08   421.2    4.7      20.741
2013    9       18     8  11    1.08   420.9    4.7      20.723
2013    9       18     8  23    1.08   420.6    4.7      20.706
2013    9       18     8  34    1.08   420.2    4.7      20.689
2013    9       18     8  45    1.08   419.9    4.7      20.672
2013    9       18     8  56    1.08   419.6    4.7      20.655
2013    9       18     9   7    1.08   419.3    4.7      20.638
2013    9       18     9  18    1.08   418.9    4.7      20.622
2013    9       18     9  29    1.08   418.6    4.7      20.605
2013    9       18     9  41    1.08   418.3    4.7      20.588
2013    9       18     9  52    1.08   418.0    4.7      20.571
2013    9       18    10   3    1.08   417.7    4.7      20.553
2013    9       18    10  14    1.08   417.3    4.8      20.536
2013    9       18    10  25    1.08   417.0    4.8      20.517
2013    9       18    10  37    1.08   416.7    4.8      20.499
2013    9       18    10  48    1.08   416.4    4.8      20.480
2013    9       18    10  59    1.08   416.1    4.8      20.461
2013    9       18    11  10    1.08   415.7    4.8      20.441
2013    9       18    11  21    1.08   415.4    4.8      20.421
2013    9       18    11  33    1.08   415.1    4.8      20.400
2013    9       18    11  44    1.08   414.8    4.8      20.380
2013    9       18    11  55    1.08   414.5    4.8      20.359
2013    9       18    12   6    1.08   414.1    4.8      20.338
2013    9       18    12  17    1.08   413.8    4.8      20.317
2013    9       18    12  28    1.08   413.5    4.8      20.296
2013    9       18    12  39    1.08   413.2    4.9      20.274
2013    9       18    12  50    1.08   412.9    4.9      20.253
2013    9       18    13   1    1.08   412.5    4.9      20.232
2013    9       18    13  12    1.08   412.2    4.9      20.211
2013    9       18    13  23    1.08   411.9    4.9      20.190
2013    9       18    13  34    1.08   411.6    4.9      20.169
2013    9       18    13  45    1.07   411.2    4.9      20.149
2013    9       18    13  56    1.07   410.9    4.9      20.129
2013    9       18    14   7    1.07   410.6    4.9      20.109
2013    9       18    14  18    1.07   410.3    4.9      20.090
2013    9       18    14  29    1.07   410.0    4.9      20.071
2013    9       18    14  40    1.07   409.6    4.9      20.052
2013    9       18    14  51    1.07   409.3    5.0      20.034
2013    9       18    15   2    1.07   409.0    5.0      20.016
2013    9       18    15  13    1.07   408.6    5.0      19.999
2013    9       18    15  24    1.07   408.3    5.0      19.982
2013    9       18    15  35    1.07   408.0    5.0      19.966
2013    9       18    15  47    1.07   407.7    5.0      19.950
2013    9       18    15  58    1.07   407.3    5.0      19.935
2013    9       18    16   9    1.07   407.0    5.0      19.920
2013    9       18    16  20    1.07   406.7    5.0      19.905
2013    9       18    16  31    1.07   406.3    5.1      19.891
2013    9       18    16  42    1.07   406.0    5.1      19.878
2013    9       18    16  54    1.07   405.7    5.1      19.864
2013    9       18    17   5    1.08   405.4    5.1      19.851
2013    9       18    17  16    1.08   405.0    5.1      19.838
2013    9       18    17  27    1.08   404.7    5.1      19.825
2013    9       18    17  38    1.08   404.4    5.1      19.813
2013    9       18    17  49    1.08   404.0    5.1      19.800
2013    9       18    18   1    1.08   403.7    5.2      19.788
2013    9       18    18  12    1.08   403.4    5.2      19.776
2013    9       18    18  23    1.08   403.1    5.2      19.763
2013    9       18    18  34    1.08   402.7    5.2      19.751
2013    9       18    18  45    1.08   402.4    5.2      19.739
2013    9       18    18  57    1.08   402.1    5.2      19.727
2013    9       18    19   8    1.08   401.8    5.2      19.716
2013    9       18    19  19    1.08   401.4    5.2      19.704
2013    9       18    19  30    1.08   401.1    5.3      19.693
2013    9       18    19  41    1.08   400.8    5.3      19.681
2013    9       18    19  52    1.08   400.5    5.3      19.670
2013    9       18    20   3    1.08   400.1    5.3      19.659
2013    9       18    20  14    1.08   399.8    5.3      19.649
2013    9       18    20  25    1.08   399.5    5.3      19.638
2013    9       18    20  36    1.08   399.2    5.3      19.628
2013    9       18    20  47    1.08   398.8    5.4      19.618
2013    9       18    20  58    1.08   398.5    5.4      19.609
2013    9       18    21   9    1.08   398.2    5.4      19.599
2013    9       18    21  20    1.08   397.9    5.4      19.591
2013    9       18    21  31    1.08   397.6    5.4      19.582
2013    9       18    21  42    1.08   397.3    5.4      19.575
2013    9       18    21  51    1.08   397.0    5.4      19.570
2013    9       18    21  59    1.09   396.8    5.5      19.566
2013    9       18    22   8    1.09   396.5    5.5      19.562
2013    9       18    22  17    1.09   396.3    5.5      19.558
2013    9       18    22  25    1.09   396.0    5.5      19.556
2013    9       18    22  33    1.09   395.8    5.5      19.553
2013    9       18    22  42    1.09   395.5    5.5      19.551
2013    9       18    22  50    1.09   395.3    5.5      19.550
2013    9       18    22  58    1.09   395.1    5.5      19.549
2013    9       18    23   6    1.09   394.8    5.6      19.548
2013    9       18    23  15    1.09   394.6    5.6      19.548
2013    9       18    23  23    1.09   394.4    5.6      19.549
2013    9       18    23  31    1.09   394.2    5.6      19.549
2013    9       18    23  39    1.09   393.9    5.6      19.551
2013    9       18    23  47    1.09   393.7    5.6      19.553
2013    9       18    23  55    1.10   393.5    5.6      19.555
2013    9       19     0   3    1.10   393.2    5.7      19.558
2013    9       19     0  11    1.10   393.0    5.7      19.561
2013    9       19     0  20    1.10   392.8    5.7      19.565
2013    9       19     0  28    1.10   392.6    5.7      19.570
2013    9       19     0  36    1.10   392.4    5.7      19.575
2013    9       19     0  44    1.10   392.1    5.7      19.581
2013    9       19     0  52    1.10   391.9    5.8      19.588
2013    9       19     1   0    1.10   391.7    5.8      19.595
2013    9       19     1   9    1.11   391.5    5.8      19.603
2013    9       19     1  17    1.11   391.2    5.8      19.611
2013    9       19     1  26    1.11   391.0    5.8      19.621
2013    9       19     1  34    1.11   390.8    5.9      19.631
2013    9       19     1  43    1.11   390.6    5.9      19.641
2013    9       19     1  51    1.11   390.4    5.9      19.653
2013    9       19     2   0    1.11   390.1    5.9      19.665
2013    9       19     2   8    1.12   389.9    5.9      19.677
2013    9       19     2  17    1.12   389.7    6.0      19.691
2013    9       19     2  25    1.12   389.5    6.0      19.705
2013    9       19     2  34    1.12   389.3    6.0      19.720
2013    9       19     2  43    1.12   389.1    6.0      19.735
2013    9       19     2  52    1.12   388.9    6.1      19.752
2013    9       19     3   0    1.13   388.7    6.1      19.769
2013    9       19     3   9    1.13   388.5    6.1      19.788
2013    9       19     3  18    1.13   388.3    6.1      19.807
2013    9       19     3  28    1.13   388.1    6.2      19.827
2013    9       19     3  37    1.13   387.9    6.2      19.849
2013    9       19     3  46    1.14   387.7    6.2      19.872
2013    9       19     3  55    1.14   387.5    6.2      19.897
2013    9       19     4   5    1.14   387.3    6.3      19.922
2013    9       19     4  14    1.14   387.1    6.3      19.948
2013    9       19     4  24    1.14   386.9    6.3      19.975
2013    9       19     4  33    1.15   386.7    6.4      20.002
2013    9       19     4  43    1.15   386.5    6.4      20.030
2013    9       19     4  53    1.15   386.3    6.4      20.058
2013    9       19     5   3    1.15   386.1    6.4      20.087
2013    9       19     5  13    1.15   386.0    6.5      20.116
2013    9       19     5  23    1.16   385.8    6.5      20.146
2013    9       19     5  33    1.16   385.6    6.5      20.175
2013    9       19     5  43    1.16   385.4    6.5      20.206
2013    9       19     5  53    1.16   385.2    6.6      20.237
2013    9       19     6   3    1.17   385.0    6.6      20.268
2013    9       19     6  13    1.17   384.8    6.6      20.300
2013    9       19     6  24    1.17   384.6    6.7      20.333
2013    9       19     6  34    1.17   384.5    6.7      20.367
2013    9       19     6  45    1.18   384.3    6.7      20.401
2013    9       19     6  55    1.18   384.1    6.8      20.437
2013    9       19     7   6    1.18   383.9    6.8      20.474
2013    9       19     7  17    1.19   383.8    6.8      20.511
2013    9       19     7  28    1.19   383.6    6.9      20.551
2013    9       19     7  38    1.19   383.4    6.9      20.591
2013    9       19     7  49    1.19   383.3    6.9      20.633
2013    9       19     8   0    1.20   383.1    7.0      20.675
2013    9       19     8  11    1.20   382.9    7.0      20.719
2013    9       19     8  22    1.21   382.8    7.0      20.764
2013    9       19     8  33    1.21   382.6    7.1      20.810
2013    9       19     8  45    1.21   382.5    7.1      20.856
2013    9       19     8  56    1.22   382.3    7.2      20.904
2013    9       19     9   7    1.22   382.2    7.2      20.953
2013    9       19     9  18    1.23   382.1    7.3      21.004
2013    9       19     9  29    1.23   382.0    7.3      21.055
2013    9       19     9  40    1.24   381.8    7.3      21.109
2013    9       19     9  52    1.24   381.7    7.4      21.165
2013    9       19    10   3    1.24   381.6    7.4      21.224
2013    9       19    10  14    1.25   381.6    7.5      21.285
2013    9       19    10  25    1.25   381.5    7.5      21.349
2013    9       19    10  37    1.26   381.4    7.6      21.415
2013    9       19    10  48    1.26   381.4    7.6      21.482
2013    9       19    10  59    1.27   381.3    7.7      21.549
2013    9       19    11  10    1.27   381.3    7.7      21.616
2013    9       19    11  21    1.28   381.2    7.7      21.683
2013    9       19    11  33    1.28   381.1    7.8      21.751
2013    9       19    11  44    1.29   381.1    7.8      21.818
2013    9       19    11  55    1.29   381.1    7.9      21.886
2013    9       19    12   6    1.30   381.0    7.9      21.954
2013    9       19    12  18    1.30   381.0    8.0      22.022
2013    9       19    12  29    1.31   381.0    8.0      22.090
2013    9       19    12  40    1.31   380.9    8.0      22.159
2013    9       19    12  51    1.31   380.9    8.1      22.227
2013    9       19    13   2    1.32   380.9    8.1      22.295
2013    9       19    13  14    1.32   380.9    8.1      22.361
2013    9       19    13  25    1.33   380.9    8.2      22.427
2013    9       19    13  36    1.33   380.8    8.2      22.491
2013    9       19    13  47    1.34   380.8    8.2      22.555
2013    9       19    13  58    1.34   380.8    8.3      22.618
2013    9       19    14   9    1.35   380.8    8.3      22.681
2013    9       19    14  21    1.35   380.8    8.3      22.743
2013    9       19    14  32    1.36   380.8    8.4      22.805
2013    9       19    14  43    1.36   380.8    8.4      22.867
2013    9       19    14  54    1.37   380.8    8.5      22.931
2013    9       19    15   5    1.37   380.8    8.5      22.994
2013    9       19    15  16    1.38   380.8    8.5      23.059
2013    9       19    15  28    1.38   380.8    8.6      23.125
2013    9       19    15  39    1.39   380.8    8.6      23.192
2013    9       19    15  50    1.39   380.9    8.6      23.259
2013    9       19    16   1    1.40   380.9    8.7      23.329
2013    9       19    16  12    1.40   380.9    8.7      23.400
2013    9       19    16  23    1.41   381.0    8.7      23.473
2013    9       19    16  35    1.41   381.0    8.8      23.546
2013    9       19    16  46    1.42   381.1    8.8      23.619
2013    9       19    16  57    1.43   381.2    8.9      23.692
2013    9       19    17   8    1.43   381.2    8.9      23.766
2013    9       19    17  19    1.44   381.3    8.9      23.840
2013    9       19    17  31    1.44   381.4    9.0      23.918
2013    9       19    17  42    1.45   381.5    9.0      23.996
2013    9       19    17  53    1.45   381.6    9.0      24.075
2013    9       19    18   4    1.46   381.7    9.1      24.154
2013    9       19    18  15    1.47   381.8    9.1      24.234
2013    9       19    18  27    1.47   381.9    9.1      24.312
2013    9       19    18  38    1.48   382.0    9.2      24.390
2013    9       19    18  49    1.48   382.1    9.2      24.466
2013    9       19    19   0    1.49   382.2    9.2      24.540
2013    9       19    19  12    1.49   382.3    9.2      24.613
2013    9       19    19  23    1.50   382.5    9.3      24.685
2013    9       19    19  34    1.51   382.6    9.3      24.756
2013    9       19    19  45    1.51   382.7    9.3      24.826
2013    9       19    19  56    1.52   382.8    9.3      24.895
2013    9       19    20   8    1.52   382.9    9.4      24.964
2013    9       19    20  19    1.53   383.1    9.4      25.031
2013    9       19    20  30    1.53   383.2    9.4      25.096
2013    9       19    20  41    1.54   383.3    9.4      25.160
2013    9       19    20  52    1.54   383.4    9.4      25.222
2013    9       19    21   3    1.55   383.5    9.4      25.283
2013    9       19    21  15    1.55   383.7    9.5      25.342
2013    9       19    21  26    1.56   383.8    9.5      25.400
2013    9       19    21  37    1.56   383.9    9.5      25.458
2013    9       19    21  48    1.57   384.0    9.5      25.514
2013    9       19    21  59    1.57   384.1    9.5      25.569
2013    9       19    22  10    1.58   384.3    9.5      25.624
2013    9       19    22  22    1.58   384.4    9.6      25.679
2013    9       19    22  33    1.59   384.5    9.6      25.734
2013    9       19    22  44    1.59   384.6    9.6      25.789
2013    9       19    22  55    1.60   384.8    9.6      25.845
2013    9       19    23   6    1.60   384.9    9.6      25.902
2013    9       19    23  17    1.61   385.0    9.6      25.960
2013    9       19    23  28    1.61   385.2    9.7      26.020
2013    9       19    23  40    1.62   385.3    9.7      26.081
2013    9       19    23  51    1.62   385.5    9.7      26.145
2013    9       20     0   2    1.63   385.6    9.7      26.209
2013    9       20     0  13    1.63   385.8    9.7      26.273
2013    9       20     0  24    1.64   385.9    9.7      26.337
2013    9       20     0  36    1.64   386.1    9.8      26.402
2013    9       20     0  47    1.65   386.2    9.8      26.468
2013    9       20     0  58    1.65   386.4    9.8      26.534
2013    9       20     1   9    1.66   386.6    9.8      26.603
2013    9       20     1  20    1.66   386.7    9.8      26.674
2013    9       20     1  32    1.67   386.9    9.9      26.748
2013    9       20     1  43    1.67   387.1    9.9      26.824
2013    9       20     1  54    1.68   387.3    9.9      26.903
2013    9       20     2   5    1.68   387.5    9.9      26.983
2013    9       20     2  17    1.69   387.7    9.9      27.065
2013    9       20     2  28    1.70   387.9   10.0      27.149
2013    9       20     2  39    1.70   388.1   10.0      27.231
2013    9       20     2  50    1.71   388.4   10.0      27.312
2013    9       20     3   1    1.71   388.6   10.0      27.389
2013    9       20     3  13    1.72   388.8   10.0      27.463
2013    9       20     3  24    1.72   389.0   10.0      27.533
2013    9       20     3  35    1.72   389.2   10.0      27.601
2013    9       20     3  46    1.73   389.5   10.0      27.665
2013    9       20     3  57    1.73   389.7   10.0      27.728
2013    9       20     4   8    1.74   389.9   10.0      27.788
2013    9       20     4  20    1.74   390.1   10.0      27.847
2013    9       20     4  31    1.74   390.3   10.0      27.904
2013    9       20     4  42    1.75   390.6   10.0      27.959
2013    9       20     4  53    1.75   390.8   10.0      28.013
2013    9       20     5   4    1.75   391.0   10.0      28.066
2013    9       20     5  15    1.76   391.2   10.0      28.117
2013    9       20     5  27    1.76   391.4   10.0      28.168
2013    9       20     5  38    1.76   391.7   10.0      28.217
2013    9       20     5  49    1.77   391.9   10.0      28.266
2013    9       20     6   0    1.77   392.1   10.0      28.314
2013    9       20     6  11    1.77   392.3   10.0      28.361
2013    9       20     6  22    1.78   392.5   10.0      28.408
2013    9       20     6  33    1.78   392.8   10.0      28.454
2013    9       20     6  45    1.78   393.0   10.0      28.500
2013    9       20     6  56    1.78   393.2   10.0      28.546
2013    9       20     7   7    1.79   393.4   10.0      28.592
2013    9       20     7  18    1.79   393.6   10.0      28.638
2013    9       20     7  29    1.79   393.8   10.0      28.684
2013    9       20     7  41    1.80   394.0   10.0      28.731
2013    9       20     7  52    1.80   394.2   10.0      28.779
2013    9       20     8   3    1.80   394.4   10.0      28.828
2013    9       20     8  14    1.81   394.7   10.0      28.879
2013    9       20     8  25    1.81   394.9   10.0      28.932
2013    9       20     8  37    1.81   395.1   10.0      28.987
2013    9       20     8  48    1.82   395.3   10.0      29.045
2013    9       20     8  59    1.82   395.5   10.0      29.103
2013    9       20     9  10    1.82   395.8   10.0      29.162
2013    9       20     9  22    1.83   396.0   10.0      29.223
2013    9       20     9  33    1.83   396.2   10.0      29.285
2013    9       20     9  44    1.83   396.5   10.0      29.348
2013    9       20     9  55    1.84   396.8   10.0      29.411
2013    9       20    10   6    1.84   397.1   10.0      29.470
2013    9       20    10  18    1.84   397.3   10.0      29.525
2013    9       20    10  29    1.84   397.6   10.0      29.576
2013    9       20    10  40    1.85   397.9   10.0      29.623
2013    9       20    10  51    1.85   398.1   10.0      29.666
2013    9       20    11   2    1.85   398.4   10.0      29.705
2013    9       20    11  13    1.85   398.7   10.0      29.741
2013    9       20    11  25    1.85   398.9   10.0      29.775
2013    9       20    11  36    1.86   399.2   10.0      29.805
2013    9       20    11  47    1.86   399.5    9.9      29.834
2013    9       20    11  58    1.86   399.7    9.9      29.861
2013    9       20    12   9    1.86   400.0    9.9      29.887
2013    9       20    12  20    1.86   400.2    9.9      29.912
2013    9       20    12  31    1.86   400.5    9.9      29.935
2013    9       20    12  43    1.86   400.7    9.9      29.958
2013    9       20    12  54    1.86   401.0    9.8      29.979
2013    9       20    13   5    1.86   401.2    9.8      30.000
2013    9       20    13  16    1.86   401.5    9.8      30.020
2013    9       20    13  27    1.87   401.7    9.8      30.039
2013    9       20    13  38    1.87   402.0    9.8      30.058
2013    9       20    13  50    1.87   402.2    9.7      30.075
2013    9       20    14   1    1.87   402.4    9.7      30.092
2013    9       20    14  12    1.87   402.7    9.7      30.108
2013    9       20    14  23    1.87   402.9    9.7      30.123
2013    9       20    14  34    1.87   403.2    9.7      30.137
2013    9       20    14  45    1.87   403.4    9.6      30.151
2013    9       20    14  57    1.87   403.7    9.6      30.165
2013    9       20    15   8    1.87   403.9    9.6      30.178
2013    9       20    15  19    1.87   404.2    9.6      30.191
2013    9       20    15  30    1.87   404.5    9.6      30.205
2013    9       20    15  41    1.87   404.7    9.5      30.219
2013    9       20    15  53    1.87   405.0    9.5      30.235
2013    9       20    16   4    1.87   405.3    9.5      30.249
2013    9       20    16  15    1.87   405.6    9.5      30.262
2013    9       20    16  26    1.87   405.9    9.4      30.272
2013    9       20    16  38    1.87   406.2    9.4      30.279
2013    9       20    16  49    1.87   406.5    9.4      30.283
2013    9       20    17   0    1.87   406.8    9.3      30.280
2013    9       20    17  11    1.87   407.1    9.3      30.273
2013    9       20    17  22    1.86   407.4    9.3      30.261
2013    9       20    17  34    1.86   407.7    9.2      30.244
2013    9       20    17  45    1.86   407.9    9.2      30.226
2013    9       20    17  56    1.86   408.1    9.2      30.208
2013    9       20    18   7    1.86   408.4    9.1      30.188
2013    9       20    18  18    1.86   408.6    9.1      30.168
2013    9       20    18  29    1.85   408.9    9.1      30.147
2013    9       20    18  40    1.85   409.1    9.1      30.125
2013    9       20    18  52    1.85   409.3    9.0      30.101
2013    9       20    19   3    1.85   409.5    9.0      30.077
2013    9       20    19  14    1.85   409.8    9.0      30.052
2013    9       20    19  25    1.84   410.0    8.9      30.026
2013    9       20    19  36    1.84   410.2    8.9      29.999
2013    9       20    19  47    1.84   410.4    8.9      29.972
2013    9       20    19  59    1.84   410.5    8.8      29.945
2013    9       20    20  10    1.84   410.7    8.8      29.918
2013    9       20    20  21    1.83   410.9    8.8      29.890
2013    9       20    20  32    1.83   411.1    8.7      29.862
2013    9       20    20  43    1.83   411.2    8.7      29.835
2013    9       20    20  54    1.83   411.4    8.7      29.807
2013    9       20    21   5    1.82   411.6    8.7      29.780
2013    9       20    21  17    1.82   411.8    8.6      29.753
2013    9       20    21  28    1.82   412.0    8.6      29.726
2013    9       20    21  39    1.82   412.2    8.6      29.697
2013    9       20    21  50    1.81   412.4    8.5      29.667
2013    9       20    22   1    1.81   412.7    8.5      29.636
2013    9       20    22  13    1.81   412.9    8.5      29.603
2013    9       20    22  24    1.81   413.1    8.5      29.569
2013    9       20    22  35    1.80   413.3    8.4      29.534
2013    9       20    22  46    1.80   413.5    8.4      29.499
2013    9       20    22  57    1.80   413.7    8.4      29.462
2013    9       20    23   9    1.79   414.0    8.3      29.424
2013    9       20    23  20    1.79   414.2    8.3      29.386
2013    9       20    23  31    1.78   414.5    8.3      29.346
2013    9       20    23  42    1.78   414.7    8.2      29.305
2013    9       20    23  53    1.78   414.9    8.2      29.261
2013    9       21     0   5    1.77   415.2    8.2      29.215
2013    9       21     0  16    1.77   415.4    8.1      29.165
2013    9       21     0  27    1.76   415.6    8.1      29.111
2013    9       21     0  38    1.76   415.8    8.1      29.055
2013    9       21     0  49    1.76   415.9    8.0      28.996
2013    9       21     1   1    1.75   416.1    8.0      28.939
2013    9       21     1  12    1.75   416.2    8.0      28.885
2013    9       21     1  23    1.74   416.4    7.9      28.834
2013    9       21     1  34    1.74   416.5    7.9      28.786
2013    9       21     1  45    1.74   416.6    7.9      28.741
2013    9       21     1  56    1.73   416.8    7.8      28.697
2013    9       21     2   7    1.73   416.9    7.8      28.655
2013    9       21     2  19    1.73   417.0    7.8      28.615
2013    9       21     2  30    1.72   417.1    7.8      28.576
2013    9       21     2  41    1.72   417.2    7.8      28.538
2013    9       21     2  52    1.72   417.3    7.7      28.502
2013    9       21     3   3    1.71   417.4    7.7      28.465
2013    9       21     3  14    1.71   417.5    7.7      28.430
2013    9       21     3  26    1.70   417.6    7.7      28.394
2013    9       21     3  37    1.70   417.7    7.6      28.358
2013    9       21     3  48    1.70   417.8    7.6      28.322
2013    9       21     3  59    1.69   417.9    7.6      28.287
2013    9       21     4  10    1.69   418.0    7.6      28.251
2013    9       21     4  21    1.69   418.1    7.6      28.216
2013    9       21     4  32    1.68   418.2    7.6      28.181
2013    9       21     4  44    1.68   418.3    7.5      28.145
2013    9       21     4  55    1.67   418.4    7.5      28.108
2013    9       21     5   6    1.67   418.5    7.5      28.070
2013    9       21     5  17    1.67   418.6    7.5      28.032
2013    9       21     5  28    1.66   418.7    7.5      27.993
2013    9       21     5  40    1.66   418.8    7.4      27.954
2013    9       21     5  51    1.66   418.9    7.4      27.914
2013    9       21     6   2    1.65   419.1    7.4      27.873
2013    9       21     6  13    1.65   419.2    7.4      27.831
2013    9       21     6  24    1.64   419.3    7.3      27.789
2013    9       21     6  36    1.64   419.3    7.3      27.746
2013    9       21     6  47    1.64   419.4    7.3      27.704
2013    9       21     6  58    1.63   419.5    7.3      27.662
2013    9       21     7   9    1.63   419.6    7.3      27.620
2013    9       21     7  20    1.62   419.6    7.3      27.579
2013    9       21     7  32    1.62   419.7    7.2      27.539
2013    9       21     7  43    1.62   419.8    7.2      27.499
2013    9       21     7  54    1.61   419.9    7.2      27.461
2013    9       21     8   5    1.61   419.9    7.2      27.424
2013    9       21     8  16    1.61   420.0    7.2      27.388
2013    9       21     8  27    1.60   420.1    7.1      27.354
2013    9       21     8  39    1.60   420.1    7.1      27.322
2013    9       21     8  50    1.60   420.2    7.1      27.291
2013    9       21     9   1    1.60   420.2    7.1      27.262
2013    9       21     9  12    1.59   420.3    7.1      27.236
2013    9       21     9  23    1.59   420.3    7.1      27.211
2013    9       21     9  34    1.59   420.4    7.1      27.188
2013    9       21     9  45    1.58   420.4    7.1      27.167
2013    9       21     9  57    1.58   420.4    7.1      27.147
2013    9       21    10   8    1.58   420.5    7.0      27.129
2013    9       21    10  19    1.58   420.5    7.0      27.111
2013    9       21    10  30    1.57   420.5    7.0      27.094
2013    9       21    10  41    1.57   420.6    7.0      27.077
2013    9       21    10  52    1.57   420.6    7.0      27.060
2013    9       21    11   3    1.57   420.6    7.0      27.042
2013    9       21    11  15    1.56   420.7    7.0      27.024
2013    9       21    11  26    1.56   420.7    7.0      27.004
2013    9       21    11  37    1.56   420.7    7.0      26.985
2013    9       21    11  48    1.56   420.8    7.0      26.964
2013    9       21    11  59    1.55   420.8    7.0      26.943
2013    9       21    12  10    1.55   420.8    6.9      26.922
2013    9       21    12  22    1.55   420.9    6.9      26.900
2013    9       21    12  33    1.55   420.9    6.9      26.878
2013    9       21    12  44    1.54   420.9    6.9      26.855
2013    9       21    12  55    1.54   421.0    6.9      26.832
2013    9       21    13   6    1.54   421.0    6.9      26.809
2013    9       21    13  18    1.54   421.0    6.9      26.786
2013    9       21    13  29    1.53   421.1    6.9      26.762
2013    9       21    13  40    1.53   421.1    6.9      26.739
2013    9       21    13  51    1.53   421.1    6.9      26.715
2013    9       21    14   3    1.53   421.1    6.8      26.692
2013    9       21    14  14    1.53   421.2    6.8      26.668
2013    9       21    14  25    1.52   421.2    6.8      26.645
2013    9       21    14  36    1.52   421.2    6.8      26.622
2013    9       21    14  47    1.52   421.3    6.8      26.600
2013    9       21    14  59    1.52   421.3    6.8      26.578
2013    9       21    15  10    1.52   421.3    6.8      26.556
2013    9       21    15  21    1.51   421.3    6.8      26.536
2013    9       21    15  32    1.51   421.3    6.8      26.516
2013    9       21    15  43    1.51   421.4    6.8      26.496
2013    9       21    15  54    1.51   421.4    6.7      26.478
2013    9       21    16   5    1.51   421.4    6.7      26.460
2013    9       21    16  16    1.50   421.4    6.7      26.444
2013    9       21    16  28    1.50   421.4    6.7      26.428
2013    9       21    16  39    1.50   421.4    6.7      26.413
2013    9       21    16  50    1.50   421.4    6.7      26.399
2013    9       21    17   1    1.50   421.4    6.7      26.385
2013    9       21    17  12    1.50   421.4    6.7      26.373
2013    9       21    17  23    1.49   421.4    6.7      26.361
2013    9       21    17  34    1.49   421.4    6.7      26.349
2013    9       21    17  46    1.49   421.4    6.7      26.338
2013    9       21    17  57    1.49   421.4    6.7      26.328
2013    9       21    18   8    1.49   421.4    6.7      26.317
2013    9       21    18  19    1.49   421.4    6.7      26.307
2013    9       21    18  30    1.48   421.4    6.7      26.297
2013    9       21    18  41    1.48   421.4    6.7      26.288
2013    9       21    18  52    1.48   421.4    6.7      26.278
2013    9       21    19   4    1.48   421.4    6.7      26.268
2013    9       21    19  15    1.48   421.4    6.7      26.258
2013    9       21    19  26    1.48   421.4    6.6      26.248
2013    9       21    19  37    1.48   421.4    6.6      26.237
2013    9       21    19  48    1.47   421.4    6.6      26.226
2013    9       21    20   0    1.47   421.4    6.6      26.214
2013    9       21    20  11    1.47   421.4    6.6      26.202
2013    9       21    20  22    1.47   421.4    6.6      26.190
2013    9       21    20  33    1.47   421.4    6.6      26.177
2013    9       21    20  44    1.47   421.4    6.6      26.164
2013    9       21    20  56    1.46   421.4    6.6      26.151
2013    9       21    21   7    1.46   421.4    6.6      26.137
2013    9       21    21  18    1.46   421.4    6.6      26.123
2013    9       21    21  29    1.46   421.4    6.6      26.109
2013    9       21    21  40    1.46   421.4    6.6      26.095
2013    9       21    21  52    1.46   421.4    6.6      26.081
2013    9       21    22   3    1.45   421.4    6.6      26.067
2013    9       21    22  14    1.45   421.4    6.6      26.053
2013    9       21    22  25    1.45   421.4    6.6      26.039
2013    9       21    22  36    1.45   421.4    6.6      26.025
2013    9       21    22  47    1.45   421.4    6.6      26.011
2013    9       21    22  58    1.45   421.4    6.5      25.998
2013    9       21    23  10    1.45   421.4    6.5      25.985
2013    9       21    23  21    1.44   421.4    6.5      25.972
2013    9       21    23  32    1.44   421.4    6.5      25.959
2013    9       21    23  43    1.44   421.4    6.5      25.947
2013    9       21    23  54    1.44   421.4    6.5      25.934
2013    9       22     0   5    1.44   421.3    6.5      25.923
2013    9       22     0  16    1.44   421.3    6.5      25.911
2013    9       22     0  27    1.44   421.3    6.5      25.900
2013    9       22     0  38    1.43   421.3    6.5      25.890
2013    9       22     0  50    1.43   421.3    6.5      25.879
2013    9       22     1   1    1.43   421.3    6.5      25.869
2013    9       22     1  12    1.43   421.3    6.5      25.859
2013    9       22     1  23    1.43   421.3    6.5      25.849
2013    9       22     1  34    1.43   421.3    6.5      25.839
2013    9       22     1  45    1.43   421.2    6.5      25.829
2013    9       22     1  57    1.43   421.2    6.5      25.819
2013    9       22     2   8    1.42   421.2    6.5      25.809
2013    9       22     2  19    1.42   421.2    6.5      25.799
2013    9       22     2  30    1.42   421.2    6.5      25.789
2013    9       22     2  41    1.42   421.2    6.5      25.778
2013    9       22     2  52    1.42   421.1    6.5      25.766
2013    9       22     3   4    1.42   421.1    6.4      25.754
2013    9       22     3  15    1.42   421.1    6.4      25.742
2013    9       22     3  26    1.41   421.1    6.4      25.729
2013    9       22     3  37    1.41   421.0    6.4      25.716
2013    9       22     3  48    1.41   421.0    6.4      25.702
2013    9       22     4   0    1.41   421.0    6.4      25.688
2013    9       22     4  11    1.41   421.0    6.4      25.673
2013    9       22     4  22    1.41   420.9    6.4      25.658
2013    9       22     4  33    1.41   420.9    6.4      25.643
2013    9       22     4  44    1.40   420.9    6.4      25.628
2013    9       22     4  55    1.40   420.9    6.4      25.612
2013    9       22     5   7    1.40   420.8    6.4      25.596
2013    9       22     5  18    1.40   420.8    6.4      25.579
2013    9       22     5  29    1.40   420.8    6.4      25.563
2013    9       22     5  40    1.40   420.7    6.4      25.546
2013    9       22     5  51    1.40   420.7    6.4      25.529
2013    9       22     6   2    1.39   420.7    6.4      25.511
2013    9       22     6  13    1.39   420.6    6.4      25.494
2013    9       22     6  24    1.39   420.6    6.3      25.476
2013    9       22     6  35    1.39   420.6    6.3      25.458
2013    9       22     6  46    1.39   420.5    6.3      25.439
2013    9       22     6  57    1.39   420.5    6.3      25.420
2013    9       22     7   9    1.38   420.4    6.3      25.401
2013    9       22     7  20    1.38   420.4    6.3      25.381
2013    9       22     7  31    1.38   420.3    6.3      25.361
2013    9       22     7  42    1.38   420.3    6.3      25.340
2013    9       22     7  53    1.38   420.2    6.3      25.319
2013    9       22     8   4    1.38   420.2    6.3      25.298
2013    9       22     8  15    1.37   420.1    6.3      25.276
2013    9       22     8  26    1.37   420.1    6.3      25.253
2013    9       22     8  38    1.37   420.0    6.3      25.230
2013    9       22     8  49    1.37   419.9    6.3      25.207
2013    9       22     9   0    1.37   419.9    6.2      25.183
2013    9       22     9  11    1.37   419.8    6.2      25.159
2013    9       22     9  22    1.36   419.8    6.2      25.134
2013    9       22     9  33    1.36   419.7    6.2      25.109
2013    9       22     9  45    1.36   419.6    6.2      25.084
2013    9       22     9  56    1.36   419.5    6.2      25.057
2013    9       22    10   7    1.36   419.5    6.2      25.031
2013    9       22    10  18    1.36   419.4    6.2      25.004
2013    9       22    10  29    1.35   419.3    6.2      24.977
2013    9       22    10  41    1.35   419.2    6.2      24.949
2013    9       22    10  52    1.35   419.2    6.2      24.921
2013    9       22    11   3    1.35   419.1    6.2      24.893
2013    9       22    11  14    1.35   419.0    6.2      24.864
2013    9       22    11  25    1.34   418.9    6.1      24.836
2013    9       22    11  36    1.34   418.8    6.1      24.807
2013    9       22    11  47    1.34   418.7    6.1      24.778
2013    9       22    11  58    1.34   418.7    6.1      24.749
2013    9       22    12  10    1.34   418.6    6.1      24.719
2013    9       22    12  21    1.34   418.5    6.1      24.690
2013    9       22    12  32    1.33   418.4    6.1      24.661
2013    9       22    12  43    1.33   418.3    6.1      24.632
2013    9       22    12  54    1.33   418.2    6.1      24.603
2013    9       22    13   5    1.33   418.1    6.1      24.574
2013    9       22    13  16    1.33   418.0    6.1      24.545
2013    9       22    13  27    1.33   417.9    6.1      24.517
2013    9       22    13  38    1.32   417.8    6.0      24.488
2013    9       22    13  49    1.32   417.8    6.0      24.460
2013    9       22    14   0    1.32   417.7    6.0      24.431
2013    9       22    14  11    1.32   417.6    6.0      24.403
2013    9       22    14  22    1.32   417.5    6.0      24.374
2013    9       22    14  33    1.32   417.4    6.0      24.346
2013    9       22    14  45    1.32   417.3    6.0      24.318
2013    9       22    14  56    1.31   417.2    6.0      24.290
2013    9       22    15   7    1.31   417.1    6.0      24.262
2013    9       22    15  18    1.31   417.0    6.0      24.235
2013    9       22    15  29    1.31   416.9    6.0      24.207
2013    9       22    15  40    1.31   416.8    6.0      24.180
2013    9       22    15  51    1.31   416.7    6.0      24.152
2013    9       22    16   2    1.31   416.6    6.0      24.125
2013    9       22    16  14    1.30   416.5    6.0      24.098
2013    9       22    16  25    1.30   416.4    6.0      24.070
2013    9       22    16  36    1.30   416.4    6.0      24.043
2013    9       22    16  47    1.30   416.3    6.0      24.015
2013    9       22    16  58    1.30   416.2    6.0      23.988
2013    9       22    17   9    1.30   416.1    6.0      23.960
2013    9       22    17  21    1.30   416.0    5.9      23.932
2013    9       22    17  32    1.29   415.8    5.9      23.904
2013    9       22    17  43    1.29   415.7    5.9      23.876
2013    9       22    17  54    1.29   415.6    5.9      23.848
2013    9       22    18   5    1.29   415.5    5.9      23.819
2013    9       22    18  16    1.29   415.4    5.9      23.790
2013    9       22    18  27    1.29   415.3    5.9      23.761
2013    9       22    18  39    1.29   415.2    5.9      23.731
2013    9       22    18  50    1.29   415.1    5.9      23.701
2013    9       22    19   1    1.29   415.0    5.9      23.670
2013    9       22    19  12    1.28   414.9    5.9      23.639
2013    9       22    19  23    1.28   414.8    5.9      23.608
2013    9       22    19  34    1.28   414.7    5.9      23.576
2013    9       22    19  45    1.28   414.6    5.9      23.544
2013    9       22    19  56    1.28   414.5    5.9      23.511
2013    9       22    20   7    1.28   414.4    5.9      23.478
2013    9       22    20  18    1.28   414.2    5.9      23.445
2013    9       22    20  29    1.28   414.1    5.9      23.411
2013    9       22    20  40    1.28   414.0    5.9      23.377
2013    9       22    20  51    1.27   413.9    5.9      23.343
2013    9       22    21   2    1.27   413.8    5.9      23.309
2013    9       22    21  13    1.27   413.7    5.9      23.274
2013    9       22    21  24    1.27   413.6    5.9      23.239
2013    9       22    21  35    1.27   413.5    5.9      23.203
2013    9       22    21  46    1.27   413.3    5.9      23.167
2013    9       22    21  57    1.27   413.2    5.9      23.131
2013    9       22    22   8    1.27   413.1    5.9      23.095
2013    9       22    22  19    1.26   413.0    5.9      23.059
2013    9       22    22  30    1.26   412.9    5.9      23.023
2013    9       22    22  42    1.26   412.7    5.9      22.987
2013    9       22    22  53    1.26   412.6    5.9      22.951
2013    9       22    23   4    1.26   412.5    5.9      22.916
2013    9       22    23  15    1.26   412.4    5.9      22.880
2013    9       22    23  26    1.26   412.3    5.9      22.844
2013    9       22    23  37    1.26   412.1    5.9      22.809
2013    9       22    23  48    1.25   412.0    5.9      22.774
2013    9       23     0   0    1.25   411.9    5.9      22.739
2013    9       23     0  11    1.25   411.8    5.9      22.704
2013    9       23     0  22    1.25   411.6    5.9      22.669
2013    9       23     0  33    1.25   411.5    5.9      22.635
2013    9       23     0  44    1.25   411.4    5.9      22.601
2013    9       23     0  55    1.25   411.2    5.9      22.567
2013    9       23     1   7    1.24   411.1    5.9      22.534
2013    9       23     1  18    1.24   411.0    5.9      22.501
2013    9       23     1  29    1.24   410.8    5.9      22.468
2013    9       23     1  40    1.24   410.7    5.9      22.435
2013    9       23     1  51    1.24   410.6    5.9      22.403
2013    9       23     2   2    1.24   410.4    5.9      22.372
2013    9       23     2  13    1.24   410.3    5.9      22.341
2013    9       23     2  24    1.23   410.1    5.9      22.311
2013    9       23     2  35    1.23   410.0    5.9      22.280
2013    9       23     2  46    1.23   409.9    5.9      22.251
2013    9       23     2  57    1.23   409.7    5.9      22.221
2013    9       23     3   8    1.23   409.6    5.9      22.192
2013    9       23     3  19    1.23   409.4    5.9      22.163
2013    9       23     3  30    1.23   409.3    5.9      22.135
2013    9       23     3  41    1.23   409.1    5.9      22.106
2013    9       23     3  52    1.22   409.0    5.9      22.078
2013    9       23     4   3    1.22   408.8    5.9      22.049
2013    9       23     4  13    1.22   408.7    5.9      22.021
2013    9       23     4  24    1.22   408.5    5.9      21.992
2013    9       23     4  35    1.22   408.4    5.9      21.964
2013    9       23     4  46    1.22   408.2    5.9      21.934
2013    9       23     4  57    1.22   408.1    5.9      21.905
2013    9       23     5   8    1.22   407.9    5.9      21.875
2013    9       23     5  20    1.21   407.8    5.9      21.845
2013    9       23     5  31    1.21   407.6    5.9      21.814
2013    9       23     5  42    1.21   407.5    5.9      21.784
2013    9       23     5  53    1.21   407.3    5.8      21.753
2013    9       23     6   4    1.21   407.1    5.8      21.722
2013    9       23     6  15    1.21   407.0    5.8      21.690
2013    9       23     6  26    1.21   406.8    5.8      21.659
2013    9       23     6  37    1.21   406.6    5.8      21.626
2013    9       23     6  49    1.20   406.5    5.8      21.594
2013    9       23     7   0    1.20   406.3    5.8      21.562
2013    9       23     7  11    1.20   406.1    5.8      21.530
2013    9       23     7  22    1.20   406.0    5.8      21.497
2013    9       23     7  33    1.20   405.8    5.8      21.465
2013    9       23     7  44    1.20   405.6    5.8      21.432
2013    9       23     7  56    1.20   405.4    5.8      21.400
2013    9       23     8   7    1.19   405.2    5.8      21.368
2013    9       23     8  18    1.19   405.1    5.8      21.337
2013    9       23     8  29    1.19   404.9    5.8      21.305
2013    9       23     8  40    1.19   404.7    5.8      21.275
2013    9       23     8  51    1.19   404.5    5.8      21.244
2013    9       23     9   2    1.19   404.4    5.8      21.214
2013    9       23     9  13    1.19   404.2    5.8      21.184
2013    9       23     9  24    1.19   404.0    5.8      21.155
2013    9       23     9  35    1.19   403.8    5.8      21.125
2013    9       23     9  46    1.18   403.6    5.8      21.096
2013    9       23     9  57    1.18   403.5    5.8      21.067
2013    9       23    10   8    1.18   403.3    5.8      21.038
2013    9       23    10  19    1.18   403.1    5.8      21.008
2013    9       23    10  30    1.18   402.9    5.8      20.979
2013    9       23    10  41    1.18   402.7    5.8      20.950
2013    9       23    10  52    1.18   402.5    5.8      20.921
2013    9       23    11   2    1.18   402.4    5.8      20.891
2013    9       23    11  13    1.18   402.2    5.8      20.862
2013    9       23    11  24    1.17   402.0    5.8      20.832
2013    9       23    11  35    1.17   401.8    5.8      20.803
2013    9       23    11  46    1.17   401.6    5.8      20.773
2013    9       23    11  56    1.17   401.4    5.8      20.743
2013    9       23    12   7    1.17   401.3    5.8      20.712
2013    9       23    12  18    1.17   401.1    5.8      20.681
2013    9       23    12  30    1.17   400.9    5.8      20.650
2013    9       23    12  41    1.17   400.7    5.8      20.618
2013    9       23    12  52    1.17   400.5    5.8      20.586
2013    9       23    13   3    1.16   400.3    5.8      20.554
2013    9       23    13  14    1.16   400.1    5.8      20.522
2013    9       23    13  25    1.16   399.9    5.8      20.489
2013    9       23    13  36    1.16   399.7    5.8      20.456
2013    9       23    13  47    1.16   399.5    5.7      20.423
2013    9       23    13  58    1.16   399.3    5.7      20.390
2013    9       23    14  10    1.16   399.1    5.7      20.357
2013    9       23    14  21    1.16   398.9    5.7      20.323
2013    9       23    14  32    1.15   398.7    5.7      20.290
2013    9       23    14  43    1.15   398.5    5.7      20.256
2013    9       23    14  54    1.15   398.3    5.7      20.223
2013    9       23    15   5    1.15   398.1    5.7      20.189
2013    9       23    15  17    1.15   397.9    5.7      20.156
2013    9       23    15  28    1.15   397.7    5.7      20.123
2013    9       23    15  39    1.15   397.5    5.7      20.090
2013    9       23    15  50    1.15   397.3    5.7      20.058
2013    9       23    16   1    1.15   397.1    5.7      20.026
2013    9       23    16  12    1.15   396.9    5.7      19.994
2013    9       23    16  23    1.14   396.7    5.7      19.963
2013    9       23    16  34    1.14   396.5    5.7      19.932
2013    9       23    16  45    1.14   396.3    5.7      19.901
2013    9       23    16  56    1.14   396.0    5.7      19.871
2013    9       23    17   7    1.14   395.8    5.7      19.841
2013    9       23    17  18    1.14   395.6    5.7      19.812
2013    9       23    17  29    1.14   395.4    5.7      19.783
2013    9       23    17  40    1.14   395.2    5.7      19.754
2013    9       23    17  51    1.14   395.0    5.7      19.726
2013    9       23    18   2    1.14   394.8    5.7      19.698
2013    9       23    18  13    1.14   394.6    5.7      19.671
2013    9       23    18  24    1.14   394.4    5.7      19.644
2013    9       23    18  35    1.13   394.2    5.7      19.619
2013    9       23    18  46    1.13   393.9    5.7      19.593
2013    9       23    18  56    1.13   393.7    5.7      19.569
2013    9       23    19   7    1.13   393.5    5.7      19.544
2013    9       23    19  18    1.13   393.3    5.7      19.521
2013    9       23    19  29    1.13   393.1    5.7      19.497
2013    9       23    19  40    1.13   392.8    5.7      19.475
2013    9       23    19  51    1.13   392.6    5.7      19.452
2013    9       23    20   2    1.13   392.4    5.7      19.430
2013    9       23    20  14    1.13   392.2    5.7      19.409
2013    9       23    20  25    1.13   392.0    5.7      19.387
2013    9       23    20  36    1.13   391.7    5.7      19.366
2013    9       23    20  47    1.13   391.5    5.7      19.345
2013    9       23    20  58    1.13   391.3    5.7      19.324
2013    9       23    21   9    1.13   391.1    5.7      19.302
2013    9       23    21  20    1.13   390.8    5.8      19.281
2013    9       23    21  31    1.13   390.6    5.8      19.259
2013    9       23    21  43    1.13   390.4    5.8      19.236
2013    9       23    21  54    1.12   390.2    5.8      19.214
2013    9       23    22   5    1.12   389.9    5.8      19.191
2013    9       23    22  16    1.12   389.7    5.8      19.168
2013    9       23    22  27    1.12   389.4    5.8      19.145
2013    9       23    22  38    1.12   389.2    5.8      19.122
2013    9       23    22  50    1.12   389.0    5.8      19.099
2013    9       23    23   1    1.12   388.7    5.8      19.075
2013    9       23    23  12    1.12   388.5    5.8      19.052
2013    9       23    23  23    1.12   388.3    5.8      19.028
2013    9       23    23  34    1.12   388.0    5.8      19.005
2013    9       23    23  45    1.12   387.8    5.8      18.981
2013    9       23    23  56    1.12   387.6    5.8      18.957
2013    9       24     0   7    1.12   387.3    5.8      18.933
2013    9       24     0  18    1.12   387.1    5.8      18.909
2013    9       24     0  29    1.12   386.9    5.8      18.885
2013    9       24     0  40    1.12   386.6    5.8      18.861
2013    9       24     0  51    1.12   386.4    5.8      18.837
2013    9       24     1   2    1.12   386.1    5.8      18.813
2013    9       24     1  13    1.12   385.9    5.8      18.790
2013    9       24     1  24    1.12   385.6    5.8      18.766
2013    9       24     1  35    1.12   385.4    5.8      18.743
2013    9       24     1  46    1.12   385.2    5.8      18.721
2013    9       24     1  56    1.12   384.9    5.8      18.699
2013    9       24     2   7    1.12   384.7    5.8      18.677
2013    9       24     2  18    1.12   384.4    5.8      18.657
2013    9       24     2  29    1.12   384.2    5.8      18.637
2013    9       24     2  40    1.12   383.9    5.8      18.618
2013    9       24     2  51    1.12   383.7    5.8      18.598
2013    9       24     3   2    1.12   383.4    5.8      18.580
2013    9       24     3  13    1.12   383.2    5.8      18.562
2013    9       24     3  24    1.12   382.9    5.9      18.546
2013    9       24     3  35    1.12   382.7    5.9      18.529
2013    9       24     3  46    1.12   382.4    5.9      18.514
2013    9       24     3  58    1.12   382.2    5.9      18.499
2013    9       24     4   9    1.12   381.9    5.9      18.485
2013    9       24     4  20    1.12   381.7    5.9      18.471
2013    9       24     4  31    1.12   381.4    5.9      18.457
2013    9       24     4  42    1.12   381.1    5.9      18.444
2013    9       24     4  53    1.12   380.9    5.9      18.431
2013    9       24     5   4    1.12   380.6    5.9      18.419
2013    9       24     5  16    1.12   380.4    6.0      18.407
2013    9       24     5  27    1.12   380.1    6.0      18.395
2013    9       24     5  38    1.12   379.8    6.0      18.384
2013    9       24     5  49    1.12   379.6    6.0      18.372
2013    9       24     6   0    1.12   379.3    6.0      18.362
2013    9       24     6  11    1.12   379.1    6.0      18.352
2013    9       24     6  22    1.12   378.8    6.0      18.342
2013    9       24     6  33    1.12   378.5    6.0      18.333
2013    9       24     6  45    1.12   378.3    6.0      18.324
2013    9       24     6  56    1.12   378.0    6.1      18.316
2013    9       24     7   7    1.13   377.8    6.1      18.308
2013    9       24     7  18    1.13   377.5    6.1      18.301
2013    9       24     7  29    1.13   377.3    6.1      18.293
2013    9       24     7  40    1.13   377.0    6.1      18.286
2013    9       24     7  51    1.13   376.8    6.1      18.280
2013    9       24     8   2    1.13   376.5    6.1      18.273
2013    9       24     8  13    1.13   376.3    6.2      18.267
2013    9       24     8  24    1.13   376.0    6.2      18.260
2013    9       24     8  34    1.13   375.8    6.2      18.255
2013    9       24     8  45    1.13   375.5    6.2      18.249
2013    9       24     8  56    1.14   375.3    6.2      18.243
2013    9       24     9   7    1.14   375.1    6.2      18.238
2013    9       24     9  18    1.14   374.8    6.2      18.233
2013    9       24     9  29    1.14   374.6    6.2      18.228
2013    9       24     9  40    1.14   374.3    6.3      18.223
2013    9       24     9  51    1.14   374.1    6.3      18.218
2013    9       24    10   1    1.14   373.8    6.3      18.213
2013    9       24    10  13    1.14   373.6    6.3      18.209
2013    9       24    10  24    1.14   373.3    6.3      18.205
2013    9       24    10  35    1.15   373.1    6.3      18.201
2013    9       24    10  46    1.15   372.9    6.3      18.197
2013    9       24    10  57    1.15   372.6    6.4      18.194
2013    9       24    11   8    1.15   372.4    6.4      18.191
2013    9       24    11  19    1.15   372.1    6.4      18.189
2013    9       24    11  30    1.15   371.9    6.4      18.187
2013    9       24    11  42    1.15   371.6    6.4      18.186
2013    9       24    11  53    1.16   371.4    6.4      18.185
2013    9       24    12   4    1.16   371.2    6.5      18.185
2013    9       24    12  15    1.16   370.9    6.5      18.185
2013    9       24    12  26    1.16   370.7    6.5      18.186
2013    9       24    12  37    1.16   370.4    6.5      18.187
2013    9       24    12  48    1.16   370.2    6.5      18.189
2013    9       24    13   0    1.16   370.0    6.5      18.191
2013    9       24    13  11    1.17   369.8    6.6      18.194
2013    9       24    13  22    1.17   369.5    6.6      18.198
2013    9       24    13  33    1.17   369.3    6.6      18.203
2013    9       24    13  44    1.17   369.1    6.6      18.208
2013    9       24    13  55    1.17   368.9    6.6      18.213
2013    9       24    14   6    1.18   368.6    6.7      18.219
2013    9       24    14  17    1.18   368.4    6.7      18.226
2013    9       24    14  28    1.18   368.2    6.7      18.233
2013    9       24    14  39    1.18   368.0    6.7      18.240
2013    9       24    14  50    1.19   367.8    6.7      18.248
2013    9       24    15   1    1.19   367.6    6.8      18.257
2013    9       24    15  12    1.19   367.4    6.8      18.265
2013    9       24    15  23    1.19   367.2    6.8      18.274
2013    9       24    15  34    1.19   367.0    6.8      18.284
2013    9       24    15  45    1.20   366.8    6.8      18.293
2013    9       24    15  56    1.20   366.6    6.9      18.302
2013    9       24    16   7    1.20   366.4    6.9      18.312
2013    9       24    16  18    1.20   366.2    6.9      18.322
2013    9       24    16  29    1.21   366.0    6.9      18.331
2013    9       24    16  40    1.21   365.8    7.0      18.341
2013    9       24    16  50    1.21   365.6    7.0      18.350
2013    9       24    17   1    1.21   365.4    7.0      18.360
2013    9       24    17  12    1.21   365.2    7.0      18.369
2013    9       24    17  23    1.22   365.0    7.0      18.378
2013    9       24    17  34    1.22   364.8    7.1      18.387
2013    9       24    17  45    1.22   364.7    7.1      18.397
2013    9       24    17  56    1.22   364.5    7.1      18.406
2013    9       24    18   8    1.23   364.3    7.1      18.414
2013    9       24    18  19    1.23   364.1    7.1      18.423
2013    9       24    18  30    1.23   363.9    7.2      18.432
2013    9       24    18  41    1.23   363.7    7.2      18.441
2013    9       24    18  52    1.24   363.5    7.2      18.450
2013    9       24    19   3    1.24   363.3    7.2      18.459
2013    9       24    19  14    1.24   363.1    7.2      18.467
2013    9       24    19  26    1.24   363.0    7.3      18.476
2013    9       24    19  37    1.25   362.8    7.3      18.485
2013    9       24    19  48    1.25   362.6    7.3      18.495
2013    9       24    19  59    1.25   362.4    7.3      18.504
2013    9       24    20  10    1.25   362.2    7.3      18.514
2013    9       24    20  21    1.26   362.0    7.4      18.523
2013    9       24    20  33    1.26   361.9    7.4      18.533
2013    9       24    20  44    1.26   361.7    7.4      18.544
2013    9       24    20  55    1.26   361.5    7.4      18.554
2013    9       24    21   6    1.27   361.3    7.4      18.565
2013    9       24    21  17    1.27   361.2    7.5      18.577
2013    9       24    21  28    1.27   361.0    7.5      18.588
2013    9       24    21  39    1.27   360.8    7.5      18.600
2013    9       24    21  50    1.28   360.6    7.5      18.613
2013    9       24    22   1    1.28   360.5    7.5      18.625
2013    9       24    22  12    1.28   360.3    7.6      18.639
2013    9       24    22  23    1.29   360.1    7.6      18.652
2013    9       24    22  34    1.29   360.0    7.6      18.666
2013    9       24    22  45    1.29   359.8    7.6      18.681
2013    9       24    22  56    1.29   359.7    7.7      18.696
2013    9       24    23   7    1.30   359.5    7.7      18.711
2013    9       24    23  18    1.30   359.3    7.7      18.726
2013    9       24    23  29    1.30   359.2    7.7      18.743
2013    9       24    23  39    1.31   359.0    7.7      18.759
2013    9       24    23  50    1.31   358.9    7.8      18.776
2013    9       25     0   1    1.31   358.7    7.8      18.793
2013    9       25     0  12    1.32   358.6    7.8      18.810
2013    9       25     0  23    1.32   358.4    7.8      18.828
2013    9       25     0  34    1.32   358.3    7.9      18.846
2013    9       25     0  45    1.33   358.1    7.9      18.865
2013    9       25     0  56    1.33   358.0    7.9      18.883
2013    9       25     1   7    1.33   357.8    7.9      18.902
2013    9       25     1  18    1.34   357.7    8.0      18.921
2013    9       25     1  29    1.34   357.5    8.0      18.940
2013    9       25     1  40    1.34   357.4    8.0      18.960
2013    9       25     1  52    1.35   357.2    8.0      18.979
2013    9       25     2   3    1.35   357.1    8.1      18.998
2013    9       25     2  14    1.35   356.9    8.1      19.017
2013    9       25     2  25    1.36   356.8    8.1      19.036
2013    9       25     2  36    1.36   356.6    8.1      19.055
2013    9       25     2  47    1.36   356.5    8.2      19.074
2013    9       25     2  58    1.37   356.3    8.2      19.093
2013    9       25     3  10    1.37   356.2    8.2      19.111
2013    9       25     3  21    1.37   356.0    8.2      19.129
2013    9       25     3  32    1.38   355.8    8.3      19.148
2013    9       25     3  43    1.38   355.7    8.3      19.166
2013    9       25     3  54    1.39   355.5    8.3      19.184
2013    9       25     4   5    1.39   355.4    8.3      19.201
2013    9       25     4  16    1.39   355.2    8.4      19.219
2013    9       25     4  27    1.40   355.1    8.4      19.238
2013    9       25     4  39    1.40   354.9    8.4      19.256
2013    9       25     4  50    1.40   354.8    8.5      19.275
2013    9       25     5   1    1.41   354.6    8.5      19.295
2013    9       25     5  12    1.41   354.5    8.5      19.315
2013    9       25     5  23    1.42   354.3    8.5      19.336
2013    9       25     5  34    1.42   354.1    8.6      19.358
2013    9       25     5  45    1.43   354.0    8.6      19.382
2013    9       25     5  56    1.43   353.8    8.7      19.407
2013    9       25     6   7    1.44   353.7    8.7      19.435
2013    9       25     6  17    1.44   353.6    8.7      19.465
2013    9       25     6  28    1.45   353.4    8.8      19.497
2013    9       25     6  39    1.45   353.3    8.8      19.531
2013    9       25     6  50    1.46   353.2    8.9      19.569
2013    9       25     7   1    1.46   353.0    8.9      19.610
2013    9       25     7  12    1.47   352.9    8.9      19.656
2013    9       25     7  23    1.48   352.8    9.0      19.705
2013    9       25     7  34    1.48   352.7    9.0      19.758
2013    9       25     7  44    1.49   352.7    9.1      19.813
2013    9       25     7  55    1.50   352.6    9.1      19.871
2013    9       25     8   7    1.50   352.5    9.2      19.931
2013    9       25     8  18    1.51   352.5    9.2      19.995
2013    9       25     8  29    1.52   352.4    9.3      20.061
2013    9       25     8  40    1.52   352.4    9.3      20.130
2013    9       25     8  51    1.53   352.3    9.4      20.200
2013    9       25     9   2    1.54   352.3    9.4      20.268
2013    9       25     9  13    1.54   352.2    9.5      20.334
2013    9       25     9  24    1.55   352.2    9.5      20.398
2013    9       25     9  35    1.55   352.2    9.6      20.461
2013    9       25     9  47    1.56   352.1    9.6      20.522
2013    9       25     9  58    1.57   352.1    9.6      20.581
2013    9       25    10   9    1.57   352.1    9.7      20.639
2013    9       25    10  20    1.58   352.0    9.7      20.696
2013    9       25    10  31    1.58   352.0    9.8      20.752
2013    9       25    10  42    1.59   352.0    9.8      20.807
2013    9       25    10  54    1.59   351.9    9.8      20.861
2013    9       25    11   5    1.60   351.9    9.9      20.914
2013    9       25    11  16    1.61   351.9    9.9      20.968
2013    9       25    11  27    1.61   351.8   10.0      21.020
2013    9       25    11  38    1.62   351.8   10.0      21.073
2013    9       25    11  49    1.62   351.8   10.0      21.127
2013    9       25    12   0    1.63   351.8   10.1      21.181
2013    9       25    12  11    1.64   351.7   10.1      21.236
2013    9       25    12  22    1.64   351.7   10.2      21.294
2013    9       25    12  33    1.65   351.7   10.2      21.353
2013    9       25    12  44    1.66   351.7   10.3      21.416
2013    9       25    12  55    1.66   351.7   10.3      21.481
2013    9       25    13   6    1.67   351.7   10.4      21.553
2013    9       25    13  17    1.68   351.7   10.5      21.629
2013    9       25    13  28    1.69   351.7   10.5      21.712
2013    9       25    13  39    1.69   351.8   10.6      21.800
2013    9       25    13  50    1.70   351.9   10.7      21.896
2013    9       25    14   1    1.71   351.9   10.8      22.000
2013    9       25    14  12    1.72   352.0   10.8      22.112
2013    9       25    14  22    1.73   352.1   10.9      22.231
2013    9       25    14  33    1.74   352.3   11.0      22.361
2013    9       25    14  44    1.75   352.4   11.1      22.494
2013    9       25    14  55    1.76   352.6   11.2      22.632
2013    9       25    15   6    1.77   352.7   11.3      22.772
2013    9       25    15  17    1.78   352.9   11.4      22.919
2013    9       25    15  28    1.79   353.2   11.5      23.075
2013    9       25    15  39    1.80   353.4   11.5      23.239
2013    9       25    15  50    1.81   353.7   11.6      23.409
2013    9       25    16   1    1.82   354.0   11.7      23.584
2013    9       25    16  13    1.83   354.2   11.8      23.752
2013    9       25    16  24    1.83   354.5   11.8      23.911
2013    9       25    16  35    1.84   354.7   11.9      24.061
2013    9       25    16  46    1.85   355.0   11.9      24.203
2013    9       25    16  57    1.86   355.2   12.0      24.337
2013    9       25    17   8    1.87   355.5   12.0      24.465
2013    9       25    17  19    1.87   355.7   12.1      24.585
2013    9       25    17  31    1.88   356.0   12.1      24.700
2013    9       25    17  42    1.89   356.2   12.1      24.809
2013    9       25    17  53    1.89   356.5   12.1      24.913
2013    9       25    18   4    1.90   356.7   12.2      25.013
2013    9       25    18  15    1.90   357.0   12.2      25.109
2013    9       25    18  26    1.91   357.2   12.2      25.201
2013    9       25    18  37    1.91   357.4   12.2      25.291
2013    9       25    18  49    1.92   357.7   12.2      25.377
2013    9       25    19   0    1.93   357.9   12.3      25.462
2013    9       25    19  11    1.93   358.1   12.3      25.545
2013    9       25    19  22    1.94   358.4   12.3      25.627
2013    9       25    19  33    1.94   358.6   12.3      25.709
2013    9       25    19  44    1.95   358.9   12.3      25.791
2013    9       25    19  55    1.95   359.1   12.4      25.873
2013    9       25    20   6    1.96   359.3   12.4      25.958
2013    9       25    20  17    1.96   359.6   12.4      26.043
2013    9       25    20  28    1.97   359.8   12.4      26.134
2013    9       25    20  39    1.97   360.1   12.5      26.228
2013    9       25    20  50    1.98   360.4   12.5      26.327
2013    9       25    21   0    1.98   360.6   12.6      26.429
2013    9       25    21  11    1.99   360.9   12.6      26.541
2013    9       25    21  22    2.00   361.2   12.7      26.659
2013    9       25    21  33    2.00   361.5   12.7      26.787
2013    9       25    21  44    2.01   361.9   12.8      26.920
2013    9       25    21  55    2.02   362.2   12.8      27.064
2013    9       25    22   6    2.02   362.6   12.9      27.212
2013    9       25    22  17    2.03   362.9   12.9      27.367
2013    9       25    22  28    2.04   363.3   13.0      27.528
2013    9       25    22  39    2.05   363.7   13.1      27.698
2013    9       25    22  50    2.05   364.2   13.1      27.872
2013    9       25    23   1    2.06   364.6   13.2      28.057
2013    9       25    23  12    2.07   365.1   13.3      28.248
2013    9       25    23  23    2.08   365.6   13.3      28.442
2013    9       25    23  34    2.08   366.1   13.4      28.633
2013    9       25    23  45    2.09   366.6   13.5      28.826
2013    9       25    23  56    2.10   367.1   13.5      29.018
2013    9       26     0   8    2.10   367.7   13.5      29.210
2013    9       26     0  19    2.11   368.3   13.6      29.400
2013    9       26     0  30    2.12   368.8   13.6      29.581
2013    9       26     0  41    2.12   369.4   13.6      29.751
2013    9       26     0  52    2.13   369.9   13.6      29.911
2013    9       26     1   3    2.13   370.5   13.6      30.064
2013    9       26     1  15    2.13   371.0   13.6      30.209
2013    9       26     1  26    2.13   371.5   13.6      30.347
2013    9       26     1  37    2.14   372.0   13.6      30.480
2013    9       26     1  48    2.14   372.5   13.5      30.608
2013    9       26     1  59    2.14   373.0   13.5      30.733
2013    9       26     2  10    2.14   373.4   13.5      30.853
2013    9       26     2  21    2.14   373.9   13.5      30.972
2013    9       26     2  32    2.14   374.4   13.4      31.088
2013    9       26     2  43    2.15   374.8   13.4      31.202
2013    9       26     2  54    2.15   375.3   13.4      31.313
2013    9       26     3   5    2.15   375.8   13.3      31.423
2013    9       26     3  16    2.15   376.2   13.3      31.528
2013    9       26     3  27    2.15   376.7   13.3      31.632
2013    9       26     3  38    2.15   377.2   13.2      31.732
2013    9       26     3  49    2.15   377.6   13.2      31.830
2013    9       26     4   0    2.15   378.1   13.2      31.924
2013    9       26     4  11    2.15   378.6   13.2      32.017
2013    9       26     4  22    2.15   379.1   13.1      32.106
2013    9       26     4  33    2.15   379.6   13.1      32.194
2013    9       26     4  44    2.15   380.1   13.1      32.281
2013    9       26     4  55    2.15   380.6   13.0      32.367
2013    9       26     5   5    2.15   381.1   13.0      32.451
2013    9       26     5  16    2.15   381.6   13.0      32.538
2013    9       26     5  27    2.15   382.1   13.0      32.624
2013    9       26     5  38    2.15   382.7   13.0      32.714
2013    9       26     5  49    2.15   383.2   13.0      32.805
2013    9       26     6   0    2.15   383.8   12.9      32.893
2013    9       26     6  11    2.15   384.3   12.9      32.980
2013    9       26     6  22    2.15   384.9   12.9      33.067
2013    9       26     6  34    2.15   385.5   12.9      33.157
2013    9       26     6  45    2.15   386.0   12.9      33.244
2013    9       26     6  56    2.15   386.6   12.9      33.334
2013    9       26     7   7    2.15   387.2   12.9      33.430
2013    9       26     7  18    2.15   387.8   12.8      33.529
2013    9       26     7  29    2.15   388.4   12.8      33.634
2013    9       26     7  40    2.14   389.0   12.8      33.739
2013    9       26     7  52    2.14   389.6   12.7      33.838
2013    9       26     8   3    2.14   390.2   12.7      33.929
2013    9       26     8  14    2.14   390.8   12.6      34.016
2013    9       26     8  25    2.13   391.4   12.6      34.095
2013    9       26     8  36    2.13   391.9   12.5      34.172
2013    9       26     8  47    2.13   392.4   12.5      34.247
2013    9       26     8  58    2.12   393.0   12.4      34.319
2013    9       26     9  10    2.12   393.5   12.3      34.387
2013    9       26     9  21    2.11   394.0   12.3      34.453
2013    9       26     9  32    2.11   394.4   12.2      34.516
2013    9       26     9  43    2.10   394.9   12.2      34.575
2013    9       26     9  54    2.10   395.4   12.1      34.630
2013    9       26    10   5    2.09   395.8   12.0      34.682
2013    9       26    10  16    2.09   396.3   12.0      34.727
2013    9       26    10  27    2.08   396.8   11.9      34.766
2013    9       26    10  38    2.08   397.3   11.8      34.796
2013    9       26    10  49    2.07   397.7   11.7      34.819
2013    9       26    11   0    2.07   398.2   11.7      34.833
2013    9       26    11  11    2.06   398.6   11.6      34.837
2013    9       26    11  22    2.05   399.1   11.5      34.832
2013    9       26    11  33    2.05   399.5   11.4      34.819
2013    9       26    11  43    2.04   400.0   11.4      34.800
2013    9       26    11  54    2.03   400.4   11.3      34.776
2013    9       26    12   5    2.02   400.9   11.2      34.750
2013    9       26    12  16    2.02   401.4   11.1      34.719
2013    9       26    12  27    2.01   401.8   11.0      34.686
2013    9       26    12  38    2.00   402.4   11.0      34.649
2013    9       26    12  49    1.99   402.9   10.9      34.609
2013    9       26    13   0    1.98   403.4   10.8      34.565
2013    9       26    13  11    1.98   404.0   10.7      34.518
2013    9       26    13  22    1.97   404.5   10.6      34.469
2013    9       26    13  33    1.96   405.1   10.6      34.414
2013    9       26    13  44    1.95   405.7   10.5      34.353
2013    9       26    13  55    1.94   406.2   10.4      34.284
2013    9       26    14   6    1.93   406.7   10.3      34.209
2013    9       26    14  17    1.92   407.3   10.2      34.128
2013    9       26    14  29    1.91   407.8   10.1      34.038
2013    9       26    14  40    1.90   408.2   10.0      33.943
2013    9       26    14  51    1.88   408.7    9.9      33.845
2013    9       26    15   2    1.88   409.0    9.8      33.743
2013    9       26    15  13    1.87   409.4    9.7      33.645
2013    9       26    15  24    1.86   409.7    9.7      33.553
2013    9       26    15  35    1.85   410.0    9.6      33.464
2013    9       26    15  47    1.84   410.3    9.5      33.379
2013    9       26    15  58    1.83   410.6    9.4      33.296
2013    9       26    16   9    1.82   410.9    9.4      33.214
2013    9       26    16  20    1.81   411.2    9.3      33.134
2013    9       26    16  31    1.80   411.5    9.2      33.055
2013    9       26    16  42    1.79   411.8    9.2      32.976
2013    9       26    16  53    1.79   412.0    9.1      32.896
2013    9       26    17   4    1.78   412.3    9.0      32.814
2013    9       26    17  15    1.77   412.5    9.0      32.731
2013    9       26    17  26    1.76   412.8    8.9      32.644
2013    9       26    17  37    1.75   413.0    8.9      32.555
2013    9       26    17  48    1.74   413.2    8.8      32.459
2013    9       26    17  59    1.74   413.4    8.7      32.360
2013    9       26    18  10    1.73   413.6    8.7      32.256
2013    9       26    18  21    1.72   413.8    8.6      32.147
2013    9       26    18  32    1.71   414.0    8.5      32.030
2013    9       26    18  43    1.70   414.2    8.5      31.912
2013    9       26    18  54    1.69   414.3    8.4      31.789
2013    9       26    19   5    1.68   414.5    8.4      31.667
2013    9       26    19  16    1.67   414.7    8.3      31.543
2013    9       26    19  27    1.67   414.8    8.3      31.423
2013    9       26    19  37    1.66   415.0    8.2      31.299
2013    9       26    19  48    1.65   415.2    8.1      31.176
2013    9       26    19  59    1.64   415.4    8.1      31.048
2013    9       26    20  10    1.63   415.6    8.0      30.917
2013    9       26    20  21    1.62   415.8    8.0      30.776
2013    9       26    20  32    1.61   416.0    7.9      30.630
2013    9       26    20  43    1.60   416.3    7.8      30.481
2013    9       26    20  54    1.59   416.4    7.8      30.320
2013    9       26    21   6    1.58   416.6    7.7      30.151
2013    9       26    21  17    1.57   416.7    7.6      29.977
2013    9       26    21  28    1.57   416.8    7.6      29.795
2013    9       26    21  39    1.56   416.9    7.5      29.614
2013    9       26    21  50    1.55   417.0    7.4      29.438
2013    9       26    22   1    1.54   417.0    7.4      29.265
2013    9       26    22  12    1.53   417.0    7.3      29.096
2013    9       26    22  23    1.52   417.0    7.3      28.932
2013    9       26    22  35    1.52   417.0    7.2      28.772
2013    9       26    22  46    1.51   417.0    7.2      28.619
2013    9       26    22  57    1.50   417.0    7.2      28.470
2013    9       26    23   8    1.50   417.0    7.1      28.327
2013    9       26    23  19    1.49   416.9    7.1      28.191
2013    9       26    23  30    1.48   416.9    7.1      28.063
2013    9       26    23  42    1.48   416.8    7.0      27.939
2013    9       26    23  53    1.47   416.8    7.0      27.823
2013    9       27     0   4    1.46   416.7    7.0      27.710
